#
# Generated with CP2K Atom Code
#
 Rn ccGRB-VAL-0
   1
  1  0  1  8  1  1
   71.3019119579        0.0003314690    0.0000445143
   25.5016093064       -0.0018664922   -0.0001977621
   9.12082242055        0.0092654787    0.0003705845
   3.26212360278       -0.0816318836    0.0090115527
   1.16672048958        0.6707227389   -0.2007107032
  0.417285445480       -0.8769235763    0.4635325654
  0.149244951610       -0.5669534510    0.7143907728
  0.533784626862E-01    0.0120850839   -0.0172794139

 Rn ccGRB-VAL-1
   1
  1  0  1  8  2  2
   71.3019119579        0.0003314690   -0.0037133236    0.0000445143    0.0013834545
   25.5016093064       -0.0018664922    0.0189673132   -0.0001977621   -0.0067459622
   9.12082242055        0.0092654787   -0.0693618153    0.0003705845    0.0247170117
   3.26212360278       -0.0816318836    0.2770860057    0.0090115527   -0.0977106393
   1.16672048958        0.6707227389   -1.3352944910   -0.2007107032    0.5914869901
  0.417285445480       -0.8769235763    2.9950929262    0.4635325654   -1.9323878288
  0.149244951610       -0.5669534510   -1.9816669054    0.7143907728    1.4342524836
  0.533784626862E-01    0.0120850839   -0.0711329190   -0.0172794139    0.0042969196

 Rn ccGRB-VAL-2
   1
  1  0  1  8  3  3
   71.3019119579        0.0003314690   -0.0037133236   -0.0333766152    0.0000445143    0.0013834545    0.0174015294
   25.5016093064       -0.0018664922    0.0189673132    0.1682297522   -0.0001977621   -0.0067459622   -0.0845772481
   9.12082242055        0.0092654787   -0.0693618153   -0.5807602275    0.0003705845    0.0247170117    0.3043733795
   3.26212360278       -0.0816318836    0.2770860057    1.6524505327    0.0090115527   -0.0977106393   -0.9971432945
   1.16672048958        0.6707227389   -1.3352944910   -2.5324854316   -0.2007107032    0.5914869901    2.1461560816
  0.417285445480       -0.8769235763    2.9950929262    0.6430429166    0.4635325654   -1.9323878288   -1.1550596097
  0.149244951610       -0.5669534510   -1.9816669054    1.2900574552    0.7143907728    1.4342524836   -0.0683039987
  0.533784626862E-01    0.0120850839   -0.0711329190   -1.2640807950   -0.0172794139    0.0042969196    0.5057040302

 Rn ccGRB-VAL-3
   1
  1  0  1  8  4  4
   71.3019119579        0.0003314690   -0.0037133236   -0.0333766152    0.0304672391    0.0000445143    0.0013834545    0.0174015294   -0.0029843588
   25.5016093064       -0.0018664922    0.0189673132    0.1682297522   -0.1551142725   -0.0001977621   -0.0067459622   -0.0845772481    0.0158187093
   9.12082242055        0.0092654787   -0.0693618153   -0.5807602275    0.5524661817    0.0003705845    0.0247170117    0.3043733795   -0.0713968533
   3.26212360278       -0.0816318836    0.2770860057    1.6524505327   -1.7352224927    0.0090115527   -0.0977106393   -0.9971432945    0.3657607617
   1.16672048958        0.6707227389   -1.3352944910   -2.5324854316    3.6232756210   -0.2007107032    0.5914869901    2.1461560816   -1.3068331708
  0.417285445480       -0.8769235763    2.9950929262    0.6430429166   -4.0459177778    0.4635325654   -1.9323878288   -1.1550596097    1.7792687807
  0.149244951610       -0.5669534510   -1.9816669054    1.2900574552    3.6529800943    0.7143907728    1.4342524836   -0.0683039987   -2.1013193116
  0.533784626862E-01    0.0120850839   -0.0711329190   -1.2640807950   -1.9880467530   -0.0172794139    0.0042969196    0.5057040302    1.6158635850

 Rn ccGRB-POL-1
   1
  2  2  2  2  1
  0.117253986861       -1.6970387654
  0.103795651296        0.7048172954

 Rn ccGRB-POL-2
   1
  3  2  3  2  2  1
  0.117253986861       -1.6970387654    8.6345769075   -1.8685458502
  0.103795651296        0.7048172954   -8.7714931183    0.8823604593

 Rn ccGRB-EXT
   1
  1  0  1  1  2  1
  0.114173596145E-01    1.0000000000   11.3321082776   11.3321082776

