AT QZVPP-MOLOPT-PBE-Q25
 2
 1 0 2 11 2 2 1
      9090.43687749823948     5.63757088496619E-05    -2.95528834705423E-04    -4.94722152656098E-04     2.76448251193851E-04    -6.83683098990697E-06
      1372.98476347880660    -3.68017975147551E-04     3.21981328433586E-03     3.84975139447313E-04    -2.62528461239992E-04     3.36042138421622E-05
       308.03292655671851     2.14567626026751E-03    -1.00700431261321E-02     4.61762978834815E-04    -7.96319689541318E-06    -1.50488005529991E-04
        47.98902032697829    -2.24119644825760E-03     4.15687533351690E-02     4.89628526995385E-03    -1.39875519340138E-03     7.16669084690953E-03
        24.01307087570532    -9.69151880375736E-02     8.75974765010764E-02    -1.39428596935454E-01     5.96990796654578E-02    -2.85557514607790E-02
        15.03561842904967     4.35766154349060E-01    -4.77257694077346E-01     5.36357148609481E-01    -1.92466004573431E-01     1.06012193999043E-01
         9.04857538630902    -3.65842233886577E-01    -1.73613256850045E-01    -6.13259122956037E-01     8.09533195929627E-02    -2.23602695565172E-01
         5.72000349032834    -4.38105396656591E-01     5.89592751953062E-01    -5.37154675181990E-02     4.95384396159912E-02     1.24092524756176E-02
         2.38151692382456     6.64455709170288E-01     6.20064941548440E-01     4.51133389403145E-01     3.13306914637384E-01     6.89818723423492E-01
         1.52227576346659    -1.17274572135875E-01    -1.41781134349762E-02     3.29622927296924E-01     1.81921936575430E-01     6.26717613651134E-01
         0.87159651299720    -1.40263844787231E-01     1.64081458314869E-02    -4.13688666522180E-02     9.05056044853934E-01     2.62902272802075E-01
 1 0 4 6 5 4 3 4 1
         2.98768055633440    -4.65709075316138E-02    -3.95883628574352E-01    -3.02953236533085E-01    -1.29099009315976E-01    -3.16522452938002E-01    -3.95531482142932E-01    -1.29268870847651E-01     1.34537246969101E-01    -4.97604425684803E-03     1.82126041503787E-01    -2.36324238901196E-02    -1.16792963312139E-01     9.87355112571059E-01     5.23548653650797E-02     5.85302844219243E-02     1.15558310331877E-01    -3.63385557624297E-02
         1.12498758078591     9.26328829055084E-01    -6.79581948108270E-02    -5.65469908775522E-02     2.49048062363681E-01     2.33614231160168E-01    -2.90442147238127E-02    -3.77703252523748E-01    -1.05748233930470E-01    -1.91190741849736E-01     3.91730632101149E-01    -2.22464681040834E-01    -1.85581234226539E-01    -6.08391053823388E-02     9.87574395574880E-01     1.08755114833142E-02     7.72643511315698E-03     1.55591949572440E-01
         0.50703275787560     1.64930385766198E-01     7.90399831905835E-01     2.75749442227308E-01    -2.61076147399879E-01    -2.79693567411941E-01     8.14852020861657E-01     3.52917698762666E-01    -4.86864820980883E-02    -3.07410208413337E-02     8.39994689423581E-01    -1.55337920769145E-01    -1.35249489695660E-01    -5.79046573479618E-02    -4.10075073631078E-02     9.78427408665446E-01    -5.66115820408955E-02     8.51106397494998E-01
         0.23639044640307     1.84866702424522E-01    -4.48534917913335E-01     7.38590789529499E-01    -1.93914504234896E-01    -4.07391750730327E-01    -4.18790173315344E-01     7.95970887801257E-01    -3.39983243943162E-01    -5.93586330747563E-02     1.92896159238406E-01     9.43342151942841E-01    -2.19740138109338E-01    -1.18900606330894E-01    -1.85686122731986E-02     4.56873522027704E-02     9.91466712931627E-01     4.60003472480062E-01
         0.11791390012145    -2.67493464010547E-01     4.31363160175685E-02     4.49160285320489E-01     7.46699339669614E-01     1.77168567766404E-01    -5.35821795422031E-02     2.42255072387231E-01     7.82216251276560E-01     4.82118473414051E-01     2.43137705897389E-01     9.12185864687570E-02     8.58728139350942E-01     5.96201457021037E-02     1.78659818895525E-02     2.03004978893318E-02     1.12756110826187E-02    -1.57118547620579E-01
         0.05619574885334    -8.25564529909926E-02    -1.04315040914510E-01     2.85871829883883E-01    -5.07922252780545E-01     7.54753400897549E-01     2.17072589835017E-02    -1.54342915737510E-01    -4.90811365736577E-01     8.52358292694179E-01    -1.07057304010529E-01    -1.66150108191623E-01    -3.84612583194239E-01    -1.95862103044383E-02    -1.40036348662590E-01    -1.91406088361447E-01    -1.57583513026761E-02    -1.17469664323685E-01
H QZVPP-MOLOPT-PBE-AE
 2
 1 0 0 4 1
       190.54117440353127     1.96600972886938E-02
        28.48589623081718     5.38615245148400E-01
         6.82683105625948     8.41690491707832E-01
         1.91976916792120    -3.26222996883324E-02
 1 0 3 4 3 3 2 1
         3.13044722440195    -3.66327628299461E-01     2.56023465069061E-01     1.80301571342015E-01     9.57864765395543E-01    -2.86990854469403E-01     7.09708425215968E-03     9.99207337838246E-01    -1.14391682399844E-02     5.85140484472903E-01
         0.96627664577475     8.95826280526715E-01     1.78507674168198E-01     3.15139388181339E-01     2.45050348375012E-01     8.29767518144689E-01     5.01170647875718E-01     1.62635846128724E-02     9.81329325317073E-01     6.84086073735301E-01
         0.31928820204257    -2.30012077387642E-01     6.10224429055026E-01     6.40105374762635E-01    -1.47922353363481E-01    -4.66731275488582E-01     8.51205422301253E-01    -4.48915950780499E-03     1.60295348734119E-01    -4.27324109791794E-01
         0.10666805621490    -1.01949929465328E-01    -7.28157360590113E-01     6.77084646545968E-01     2.37570063441528E-02     1.06226323308904E-01    -1.55650063115620E-01     3.60560573643188E-02    -1.05675455413839E-01    -8.38508338830758E-02
CL QZVPP-MOLOPT-PBE-AE
 3
 1 0 0 10 1
   1467458.93775052158162     5.00027973996311E-05
    219756.22561595341540     2.92119625382510E-04
     50010.78269045410707     1.28590722749441E-03
     14164.71914344428478     6.48940441751174E-03
      4620.77877126598923     1.97871266811614E-02
      1667.78852683964556     6.65018359892871E-02
       650.34523295930057     1.78047411514083E-01
       269.43766657761569     4.24217234215202E-01
       117.09536851846944     6.88319212568402E-01
        52.76000788002602     5.56504843396412E-01
 1 0 1 8 2 2
      2501.95646798690223    -3.82883357554072E-02     8.37909091563773E-02     4.17887012633053E-04     1.59916949870661E-03
       592.94635448432632    -4.07348538060098E-02     1.30718267465741E-01     3.99041739687339E-03    -2.59213449401013E-02
       192.18114183797039     2.20528820527411E-01    -1.98966788392605E-01     2.18359541428443E-02     3.32964376441369E-02
        72.87930898689872     7.33114974004280E-01    -3.92594344886566E-01     8.68350005331845E-02    -2.17375228769997E-01
        30.43574290352728     6.34280900802578E-01     5.37964084760841E-01     2.47733889523512E-01    -2.17956740087419E-01
        13.46035723428640     7.71650835004062E-03     6.98209154610030E-01     5.32066586940945E-01    -4.48983934995352E-01
         5.97563269106637     1.31312121901711E-02     1.06376827476728E-02     7.10008437176348E-01     6.90916424895068E-01
         3.08191027511841    -9.07739768895670E-02     7.18273987087124E-02     3.78665897473595E-01    -4.73822396122835E-01
 1 0 4 6 6 4 4 2 1
         9.78337990819075     8.91563859098250E-01     4.20492586467600E-01    -1.05500184052396E-01    -6.37580026009099E-03    -1.27727899356303E-01    -2.85396905660188E-02    -1.53857744271598E-02     1.06253051057092E-01    -1.15431250361608E-01    -2.24073346383234E-02     3.39725575429827E-02     1.01895475255016E-01     3.78215008137413E-02    -4.46426713878059E-02    -6.35534933198293E-02     3.84866238399188E-02    -6.11006722560778E-02
         4.33269446539561    -4.29731410091877E-01     7.82174610574314E-01    -3.34369761244485E-01    -2.72432075009675E-01    -1.25354633131214E-01    -4.23985492338584E-02     7.30865995598478E-02    -1.69780800664228E-01     9.20852072943818E-03     3.68926930660954E-02     9.84874476080405E-01    -1.38014851189017E-01    -4.74208272594507E-02     1.83642605819759E-02     4.69010615356294E-02    -6.41463169582076E-02    -1.95982450216892E-02
         1.89618722201134    -1.08607609504601E-01     3.85249243565499E-01     8.24406939689850E-01     3.51646048346057E-01    -1.90711290748148E-01     1.07175344599850E-02     9.91627029311956E-01     8.56131566559374E-02    -7.28575131920513E-02     2.31284362812144E-02     7.90619312155555E-02     7.33791834593761E-01    -6.62746105231222E-01     4.37386186866967E-02     6.43881756150717E-01    -4.40208755319482E-01     7.22168984314687E-01
         0.75937665037877    -8.64870311670285E-02     5.72642042507304E-02    -4.40832017733930E-01     8.81987013108728E-01    -1.10544464050763E-01     6.91864630354049E-02    -7.17104623334244E-02     9.75883878241501E-01     2.82742999161818E-02    -5.63192675837824E-03     1.32325112586378E-01     6.30921978952516E-01     7.45720946790107E-01     7.09504044527997E-02     7.55448939940310E-01     4.62184592162924E-01     6.65787803325587E-01
         0.29257745973674     3.21350778484430E-02     2.43787785919905E-01     5.55589531759151E-02     1.28047138769592E-01     9.55294229503361E-01     8.63997700254051E-02     6.90556986584205E-02    -6.16188331121305E-03     9.83715665542611E-01     1.12973648641345E-01    -3.38233190166359E-02    -5.85726486891373E-02    -1.98834428606854E-02     9.93139085193975E-01    -8.21528343028837E-02     7.63814987833132E-01     1.70005500533451E-01
         0.10605356801669     1.16840788925550E-02     1.61310253462363E-02    -3.26472144512038E-04    -8.82496986965603E-02    -8.24248737035741E-02     9.92482391084379E-01    -3.44438923863824E-02     1.29554489179424E-02    -1.13078139742878E-01     9.92374501940459E-01    -6.29554636350571E-02     1.75001307873770E-01     2.43581082505283E-02    -6.63137740448836E-02    -4.15371998214924E-02    -5.99362050420123E-02     4.66830318968192E-02
