AT TZVPP-MOLOPT-PBE-Q25
 2
 1 0 2 9 2 2 1
      3635.84418769147578     4.59322412817880E-04     4.16459190597728E-04    -2.77613694386004E-04     3.18253969531816E-04     3.05820182525159E-05
       537.95866107552229    -1.90495009298436E-03    -2.97926574531327E-03     9.83841436662810E-04    -1.12243033790367E-03    -1.12050381509147E-04
        91.81692727859040     1.11655024718362E-02     1.06915333183183E-02    -4.82098752044800E-03     6.23184344711626E-03     1.23816713324252E-03
        19.92815867266629    -5.54274008160909E-01    -1.18602086139107E-01     2.22935508562353E-01    -3.12299160408380E-01    -2.53966604481776E-02
        16.73946136224546     7.59541703910882E-01    -7.64630944259071E-02    -3.35188683394509E-01     4.94025406722374E-01     5.39011474349734E-02
         8.03692164867477     2.82938218857344E-03     9.15014259964833E-01     2.69251420982290E-02    -2.79577245436596E-01    -1.40565668327736E-01
         5.43780359343632    -3.34954872230254E-01    -3.51462841658835E-02     4.47898032574253E-01    -3.83873725159321E-01     6.93581817791419E-02
         2.28070878073815     5.29257681600858E-02    -3.05006469718369E-01     1.95034292538612E-01    -2.64042830931919E-01     6.93363288113226E-01
         0.94420679367580     2.72819880199407E-02    -2.20109695850068E-01     7.73658860535675E-01     6.02600070787135E-01    -7.00803978013510E-01
 1 0 3 5 4 3 2 2
         2.03068630769631     7.64429556665038E-01    -3.73097255462702E-01    -1.46195660356729E-01    -1.28595865402783E-03    -5.07848407443870E-01    -2.83471849083421E-01     3.18600727869347E-01     2.62668559012566E-01     3.59696998781323E-01     8.79906332192564E-02     4.15801341519313E-02
         1.06828034773011     6.06143594267689E-01     5.24644068926763E-01    -1.43303331721178E-02     2.69602644496725E-01     5.71183663111730E-01     7.63687623541095E-03    -5.17771238957584E-01     4.87078648404140E-01    -7.44374862711747E-01     1.93949320346358E-01     2.50671257260223E-02
         0.56497351771133     3.61514699042354E-02    -1.91872474065931E-01     8.69630913960832E-01     4.49930399998066E-01     2.90313059146988E-01     4.87437338083278E-01     3.53891286157576E-01     7.07924390575573E-01     3.51467079014294E-02     2.05409755279024E-01     4.89953315997321E-01
         0.25121989487570    -1.60788166552790E-01    -4.01323498273092E-01    -4.59752925796590E-01     7.53496674736994E-01    -5.46946041540158E-01     6.82799956764253E-01    -4.74544299164696E-01     4.05519942117107E-01     5.46651048779947E-01     3.03716617354271E-01     7.81748196896905E-01
         0.09928262039134    -1.45181378783559E-01     6.22632670469383E-01    -1.03878732901203E-01     3.96381327396468E-01     1.80021035946523E-01     4.64515284337999E-01     5.29126814687627E-01     1.67798248347832E-01     1.28302270525706E-01    -9.05651344824238E-01     3.82698623519096E-01
H TZVPP-MOLOPT-PBE-AE
 1
 1 0 2 5 3 2 1
        34.17773832674855    -4.67038702307212E-01     3.25930727691839E-01    -1.51283436822271E-01    -1.00054440080746E-01     7.49322156514700E-02     1.29694886730211E-02
         4.94770130521271    -8.38132979846024E-02     2.28656356488893E-01    -2.28133785557746E-02     1.35570007424312E-01    -4.78523016653350E-02    -4.42398660674758E-02
         1.06512662518152     8.14717082181122E-01     2.11440298046549E-01     2.96545250287854E-01     9.76472815332876E-01     6.34720246090092E-02     9.35175251752971E-01
         0.29382327136550    -1.33307568322592E-01     8.19165770735029E-01     3.66068869122815E-01    -2.64980945419224E-02     9.79893619096044E-01     2.87655408521357E-01
         0.09137129667664    -3.05475612542697E-01    -3.54606643763996E-01     8.68704419864991E-01     1.31941555275947E-01    -1.66958430843673E-01    -2.01435451376045E-01
CL TZVPP-MOLOPT-PBE-AE
 3
 1 0 0 7 1
     69508.00450217274192     8.54639670881115E-04
     10426.07404861877149     6.36610882195957E-03
      2373.21372557596396     3.32269466123591E-02
       671.48082610673112     1.29170911439118E-01
       218.35953271185565     3.78680461942424E-01
        77.68193958237838     7.12972790189941E-01
        28.63569494373375     5.74839539435266E-01
 1 0 1 5 1 1
       666.45268090401123     1.43814656418117E-03     5.81778333606563E-03
       157.54073854080110     2.68716178613030E-02     4.29983499959330E-02
        50.27147981024441     2.23252919385808E-01     2.08198314680469E-01
        18.56181800307728     1.26049949313096E-01     5.59198731644810E-01
         7.67698456608668    -9.66201527711407E-01     8.01291167794660E-01
 1 0 3 5 3 4 3 1
         7.92291630827550    -3.55714849236007E-02    -2.05335282550433E-02    -6.21248979322774E-03     1.19403838140099E-01     1.05841381548266E-01    -1.46122271693981E-02     1.83454633514441E-02    -6.37399836508334E-02     8.49429480795528E-02     1.55420574128900E-02     9.92703827764435E-03
         3.21359254353200     9.59549625721583E-01    -2.59950857602373E-02    -1.29366285576508E-01     9.67663531581177E-01     2.77689868599939E-03     2.12406118864077E-01    -7.59992235115857E-02     9.93189642383517E-01     9.67974271551950E-02     3.26871756359324E-02     7.10821712077589E-02
         1.26147295769703     2.42813469124242E-01     1.04956178351874E-01    -5.23619012807165E-02    -7.82419592685200E-03     9.92946336504231E-01    -1.67130180932761E-02     4.83191202192999E-02    -8.82726077217294E-02     9.57739641027515E-01    -9.19882652581050E-02     1.80157385026295E-01
         0.41296442360435    -1.45904199321127E-02     9.89285109716447E-01    -9.35576426318929E-02    -2.17443131180686E-01     2.49858269018969E-02     9.66832988440933E-01    -1.25324606655998E-01    -3.65554258774248E-02     3.24811484808539E-02     9.74023579148050E-01     9.80783981908141E-01
         0.13005620364658     1.37214882924396E-01     9.59260238559098E-02     9.85764154311841E-01     4.50253233824506E-02    -4.71505255802842E-02     1.40088439832982E-01     9.87849466056347E-01    -1.95754006656028E-02     2.55136647045343E-01     2.03730752020278E-01    -2.13278292454652E-02
