1 s 1 6
         CASE (1)
             2.709496091e-1
         CASE (2)
             8.518186635e-1
             1.516232927e-1
         CASE (3)
             2.227660584e+0
             4.057711562e-1
             1.098175104e-1
         CASE (4)
             5.216844534e+0
             9.546182760e-1
             2.652034102e-1
             8.801862774e-2
         CASE (5)
             1.130563696e+1
             2.071728178e+0
             5.786484833e-1
             1.975724573e-1
             7.445271746e-2
         CASE (6)
             2.310303149e+1
             4.235915534e+0
             1.185056519e+0
             4.070988982e-1
             1.580884151e-1
             6.510953954e-2

