2 p 1 6
         CASE (1)
             1.759666885e-1
         CASE (2)
             4.323908358e-1
             1.069439065e-1
         CASE (3)
             9.192379002e-1
             2.359194503e-1
             8.009805746e-2
         CASE (4)
             1.798260992e+0
             4.662622228e-1
             1.643718620e-1
             6.543927065e-2
         CASE (5)
             3.320386533e+0
             8.643257633e-1
             3.079819284e-1
             1.273309895e-1
             5.606243164e-2
         CASE (6)
             5.868285913e+0
             1.530329631e+0
             5.475665231e-1
             2.288932733e-1
             1.046655969e-1
             4.948220127e-2
