2 s 1 6
         CASE (1)
             1.012151084e-1
         CASE (2)
             1.292278611e-1
             4.908584205e-2
         CASE (3)
             2.581578398e+0
             1.567622104e-1
             6.018332272e-2
         CASE (4)
             1.161525551e+1
             2.000243111e+0
             1.607280687e-1
             6.125744532e-2
         CASE (5)
             8.984956862e+0
             1.673710636e+0
             1.944726668e-1
             8.806345634e-2
             4.249068522e-2
         CASE (6)
             2.768496241e+1
             5.077140627e+0
             1.426786050e+0
             2.040335729e-1
             9.260298399e-2
             4.416183978e-2
