4 f 1 6
         CASE (1)
             1.033434062e-1
         CASE (2)
             2.006693538e-1
             6.865384900e-2
         CASE (3)
             3.483826963e-1
             1.249380537e-1
             5.349995725e-2
         CASE (4)
             5.691670217e-1
             2.074585819e-1
             9.298346885e-2
             4.473508853e-2
         CASE (5)
             8.925960415e-1
             3.277589120e-1
             1.492869962e-1
             7.506099109e-2
             3.892475795e-2
         CASE (6)
             1.357718039e+0
             5.004907278e-1
             2.296565064e-1
             1.173146814e-1
             6.350097171e-2
             3.474556673e-2
