4 s 1 6
         CASE (1)
             3.264600274e-2
         CASE (2)
             2.441785453e-1
             4.051097664e-2
         CASE (3)
             2.267938753e-1
             4.448178019e-2
             2.195294664e-2
         CASE (4)
             3.242212833e-1
             1.663217177e-1
             5.081097451e-2
             2.829066600e-2
         CASE (5)
             2.980263783e+0
             3.792228833e-1
             1.789717224e-1
             5.002110360e-2
             2.789361681e-2
         CASE (6)
             3.232838646e+0
             3.605788802e-1
             1.717905487e-1
             5.277666487e-2
             3.163400284e-2
             1.874093091e-2
