5 d 1 6
         CASE (1)
             5.352200793e-2
         CASE (2)
             6.906014388e-2
             3.399457777e-2
         CASE (3)
             4.913352950e-1
             7.329090601e-2
             3.594209290e-2
         CASE (4)
             4.230617826e-1
             8.293863702e-2
             4.590326388e-2
             2.628744797e-2
         CASE (5)
             9.702946470e-1
             3.603270196e-1
             8.668717752e-2
             4.833708379e-2
             2.751899341e-2
         CASE (6)
             8.820520428e-1
             3.410838409e-1
             9.204308840e-2
             5.472831774e-2
             3.391202830e-2
             2.108227374e-2
