5 p 1 6
         CASE (1)
             3.769845216e-2
         CASE (2)
             2.691294191e-1
             3.980805011e-2
         CASE (3)
             2.127482317e-1
             4.729648620e-2
             2.604865324e-2
         CASE (4)
             3.962838833e-1
             1.838858552e-1
             4.943555157e-2
             2.750222273e-2
         CASE (5)
             3.422168934e-1
             1.665099900e-1
             5.443732013e-2
             3.367775277e-2
             2.091949042e-2
         CASE (6)
             3.778623374e+0
             3.499121109e-1
             1.683175469e-1
             5.404070736e-2
             3.328911801e-2
             2.063815019e-2
