6 g 1 6
         CASE (1)
             0.061536068942275354
         CASE (2)
             0.04332629465536664
             0.10013340560986961
         CASE (3)
             0.03454561337035713
             0.06729191664458245
             0.14454284915249543
         CASE (4)
             0.028983896307773004
             0.05135519389407211
             0.09369371519055944
             0.18939419012133174
         CASE (5)
             0.024699673908324754
             0.04083036114944879
             0.06763537320097322
             0.1170091091566765
             0.22066124899602302
         CASE (6)
             0.024944035346224053
             0.04138718127148023
             0.06886079537637349
             0.11972435105059721
             0.22639206282070937
             1.4892687021530484
