6 p 1 6
         CASE (1)
             0.02720326117498455
         CASE (2)
             0.03068554921378584
             0.13327144868476606
         CASE (3)
             0.021306449714000038
             0.03558737683798757
             0.1159879775604416
         CASE (4)
             0.02094853126286551
             0.03524009985593678
             0.1172381116493136
             1.074757975437711
         CASE (5)
             0.02191796448535917
             0.036406617593622265
             0.10823682952141411
             0.1912844969312091
             0.605311988824089
         CASE (6)
             0.01836987035282947
             0.028283616813330213
             0.0424808315746305
             0.08775028399997764
             0.14284922158351138
             0.6631101746841396
