7 f 1 6
         CASE (1)
             0.037696619888011394
         CASE (2)
             0.02399618488506292
             0.0441727483070652
         CASE (3)
             0.02649072884749045
             0.04781482493797306
             0.20807007812612838
         CASE (4)
             0.019516667217357033
             0.031536542788218214
             0.0518809354792556
             0.18978036627517764
         CASE (5)
             0.02085272354115486
             0.033574888134901455
             0.05432263605261335
             0.1670441095948162
             0.3442595341279306
         CASE (6)
             0.01641594422436568
             0.024762426761735977
             0.03711681387997685
             0.057006537132452996
             0.15940261392199198
             0.3168807735151213
