7 s 1 6
         CASE (1)
             0.012170316100569041
         CASE (2)
             0.02380792064880498
             0.0413963085083486
         CASE (3)
             0.020979847986630586
             0.061178936229820555
             0.1401881324437541
         CASE (4)
             0.015915368005026652
             0.023863997843078046
             0.054562166429946386
             0.16342646591350343
         CASE (5)
             0.01606210559622015
             0.024001717565201447
             0.05439364645164688
             0.16456835599844608
             1.8632404725730192
         CASE (6)
             0.01565231604983483
             0.023623292255693457
             0.05497538487325693
             0.15604786033627724
             0.30526699650551353
             0.7613613898332257
