8 d 1 6
  Expansion            1
            0.227452787943E-01
  Expansion            2
            0.246415505024E-01
            0.882423596476E-01
 Expansion            3
             0.187908313232E-01
             0.294062808461E-01
             0.729972572232E-01
  Expansion            4
             0.180612077806E-01
             0.284540268874E-01
             0.757737150793E-01
             0.317208145711E+00
  Expansion            5
             0.789090476941E-02
             0.184049552714E-01
             0.286569181352E-01
             0.755546146104E-01
             0.321196326602E+00
  Expansion            6
             0.798930153951E-02
             0.184297146040E-01
             0.286778223964E-01
             0.754903237359E-01
             0.346549123305E+00
             0.519138113464E+00


