8 f 1 6
  Expansion            1
             0.294475268032E-01
  Expansion            2
             0.296782812700E-01
             0.190795493776E+00
  Expansion            3
             0.213883927368E-01
             0.356767971245E-01
             0.115522086790E+00
  Expansion            4
             0.135735156650E-01
             0.230188101338E-01
             0.367683495092E-01
             0.113172928529E+00
  Expansion            5
             0.174175305771E-01
             0.266164374098E-01
             0.402882846692E-01
             0.909982847446E-01
             0.140524341114E+00
  Expansion            6
             0.171459728286E-01
             0.261002566067E-01
             0.395036276081E-01
             0.991863380414E-01
             0.169263942994E+00
             0.445323560037E+00

