8 h 1 6
  Expansion            1
            0.429683682631E-01
  Expansion            2
            0.313343447410E-01
            0.624854564745E-01
  Expansion            3
            0.250505177064E-01
            0.433715396029E-01
            0.785922704266E-01
  Expansion            4
             0.197053704632E-01
             0.311703214543E-01
             0.498252109304E-01
             0.847225052091E-01
  Expansion            5
            0.209635597015E-01
            0.335030148393E-01
            0.537858312023E-01
            0.904700565194E-01
            0.366897805293E+00
  Expansion            6
             0.176132758361E-01
             0.265242522507E-01
             0.395684387481E-01
             0.603163599856E-01
             0.962494363400E-01
             0.340543125752E+00

