8 k 1 6
  Expansion            1
            0.565862527158E-01
  Expansion            2
            0.409621396705E-01
            0.905906249732E-01
  Expansion            3
            0.333174906447E-01
            0.632575769759E-01
            0.133092574048E+00
  Expansion            4
            0.286033561033E-01
            0.500739392287E-01
            0.906868723586E-01
            0.187014137313E+00
  Expansion            5
            0.253426040996E-01
            0.420679944063E-01
            0.704104195020E-01
            0.125087223402E+00
            0.255297705710E+00
  Expansion            6
            0.229249097870E-01
            0.366159476093E-01
            0.582200778478E-01
            0.956610933423E-01
            0.168268642421E+00
            0.341402410434E+00
