9 d 1 6
  Expansion            1
             0.182773605707E-01
  Expansion            2
             0.208881247198E-01
             0.580996673168E-01
  Expansion            3
             0.187491333354E-01
             0.366808493267E-01
             0.412043605803E-01
  Expansion            4
             0.156726845972E-01
             0.236479877567E-01
             0.548783036446E-01
             0.160591599552E+00
  Expansion            5
             0.887806960501E-02
             0.161772099052E-01
             0.239306131618E-01
             0.546247992712E-01
             0.162394424576E+00
  Expansion            6
             0.870027554089E-02
             0.161294074763E-01
             0.238974399975E-01
             0.546829732291E-01
             0.159961841621E+00
             0.250679349096E+00


