9 g 1 6
  Expansion            1
             0.290448768889E-01
  Expansion            2
             0.184555219196E-01
             0.323633385243E-01
  Expansion            3
             0.211235033906E-01
             0.353166189614E-01
             0.118630215913E+00
  Expansion            4
             0.159350293586E-01
             0.244502584407E-01
             0.377511775299E-01
             0.110460796964E+00
  Expansion            5
             0.128314035490E-01
             0.141795688822E-01
             0.241033889047E-01
             0.376170364805E-01
             0.110592915547E+00
  Expansion            6
             0.169608572678E-01
             0.258279679757E-01
             0.392105118048E-01
             0.100427493840E+00
             0.170034279472E+00
             0.794828022024E+00


