9 i 1 6
  Expansion            1
             0.399105531873E-01
  Expansion            2
             0.295580542235E-01
             0.578889885576E-01
  Expansion            3
             0.240893734165E-01
             0.413540736041E-01
             0.748077719607E-01
  Expansion            4
             0.201737741850E-01
             0.319785024509E-01
             0.510717425533E-01
             0.862948965421E-01
  Expansion            5
             0.203495714190E-01
             0.323489649963E-01
             0.518116690210E-01
             0.876363314555E-01
             0.429065344296E+00
  Expansion            6
             0.176126798126E-01
             0.265572035025E-01
             0.396804847305E-01
             0.605783671120E-01
             0.966891472710E-01
             0.333720063350E+00

