9 l 1 6
  Expansion            1
             0.508347260759E-01
  Expansion            2
             0.373073954577E-01
             0.791555675687E-01
  Expansion            3
             0.305676683586E-01
             0.562394548534E-01
             0.113548627506E+00
  Expansion            4
             0.263657375182E-01
             0.449557718641E-01
             0.789244639825E-01
             0.156137313460E+00
  Expansion            5
             0.234378456285E-01
             0.380161415845E-01
             0.619989692311E-01
             0.106750367645E+00
             0.208944140786E+00
  Expansion            6
             0.212584600873E-01
             0.332542699893E-01
             0.516916028515E-01
             0.827531430058E-01
             0.141057434979E+00
             0.274435528732E+00

