TI TZV2P-MOLOPT-PBE0-GTH-Q12
 1
 2 0 3 6 4 3 2 2
         5.97771299307854     2.59252457203095E-02    -6.94324438562455E-02     2.76940322737758E-02     9.47626645662621E-03    -2.54510166275673E-01     5.83872778799501E-02     6.87457955045394E-02     1.45111457558333E-01    -6.28042113250272E-02    -3.72049989312669E-03    -5.26636916578061E-03
         3.66476815773780     1.93777829914515E-01    -3.80458852633057E-01     9.39022869192678E-02     2.40225662808567E-01     2.08390564085392E-01    -4.85600999141574E-02    -7.43163804759876E-02     2.38935422873717E-01    -8.92206053956737E-02     1.48909610355343E-02     2.35173663307709E-02
         1.39816354891461    -4.22621635493996E-01     5.45826666467216E-01     3.86399038149856E-03    -5.34563690847193E-01     6.70018969114269E-01    -3.19670803993616E-01     2.80425711061670E-01     5.53972228196684E-01    -1.99924446167683E-01     9.62291840369397E-02     3.37536634078526E-01
         0.55009783336340    -5.79122359075542E-01     2.56096437905695E-01     2.42450255348553E-01     7.34654653690769E-01     5.15794941359151E-01    -2.68099582068465E-01    -2.20255312113755E-01     5.76599085767467E-01    -4.03038457370500E-01     6.71837330604114E-01     6.45576790114290E-01
         0.20387246653315     3.04011025258747E-01     4.51045188310734E-01    -7.60482820085077E-01     3.30165436140461E-01     3.32692088506291E-01     6.36557042124112E-01    -6.42554108268456E-01     5.19369654595337E-01     5.72047233420547E-01     7.33295417795864E-01    -6.47661021094049E-01
         0.05809465776171     5.96123793536416E-01     5.32424924247843E-01     5.94377173773482E-01     8.78454114836383E-02     2.57184917526641E-01     6.44174794422359E-01     6.70614887399582E-01     1.12942264657202E-01     6.77087509154852E-01     3.76403074628295E-02     2.21932488186740E-01
TI TZVP-MOLOPT-PBE0-GTH-q12
 1
 2 0 3 6 4 3 2 1
         5.97771299307854     2.59252457203095E-02    -6.94324438562455E-02     2.76940322737758E-02     9.47626645662621E-03    -2.54510166275673E-01     5.83872778799501E-02     6.87457955045394E-02     1.45111457558333E-01    -6.28042113250272E-02    -3.72049989312669E-03
         3.66476815773780     1.93777829914515E-01    -3.80458852633057E-01     9.39022869192678E-02     2.40225662808567E-01     2.08390564085392E-01    -4.85600999141574E-02    -7.43163804759876E-02     2.38935422873717E-01    -8.92206053956737E-02     1.48909610355343E-02
         1.39816354891461    -4.22621635493996E-01     5.45826666467216E-01     3.86399038149856E-03    -5.34563690847193E-01     6.70018969114269E-01    -3.19670803993616E-01     2.80425711061670E-01     5.53972228196684E-01    -1.99924446167683E-01     9.62291840369397E-02
         0.55009783336340    -5.79122359075542E-01     2.56096437905695E-01     2.42450255348553E-01     7.34654653690769E-01     5.15794941359151E-01    -2.68099582068465E-01    -2.20255312113755E-01     5.76599085767467E-01    -4.03038457370500E-01     6.71837330604114E-01
         0.20387246653315     3.04011025258747E-01     4.51045188310734E-01    -7.60482820085077E-01     3.30165436140461E-01     3.32692088506291E-01     6.36557042124112E-01    -6.42554108268456E-01     5.19369654595337E-01     5.72047233420547E-01     7.33295417795864E-01
         0.05809465776171     5.96123793536416E-01     5.32424924247843E-01     5.94377173773482E-01     8.78454114836383E-02     2.57184917526641E-01     6.44174794422359E-01     6.70614887399582E-01     1.12942264657202E-01     6.77087509154852E-01     3.76403074628295E-02
TI DZVP-MOLOPT-PBE0-GTH-q12
 1
 2 0 2 6 3 2 2
         5.97771299307854     2.59252457203095E-02    -6.94324438562455E-02     2.76940322737758E-02    -2.54510166275673E-01     5.83872778799501E-02     1.45111457558333E-01    -6.28042113250272E-02
         3.66476815773780     1.93777829914515E-01    -3.80458852633057E-01     9.39022869192678E-02     2.08390564085392E-01    -4.85600999141574E-02     2.38935422873717E-01    -8.92206053956737E-02
         1.39816354891461    -4.22621635493996E-01     5.45826666467216E-01     3.86399038149856E-03     6.70018969114269E-01    -3.19670803993616E-01     5.53972228196684E-01    -1.99924446167683E-01
         0.55009783336340    -5.79122359075542E-01     2.56096437905695E-01     2.42450255348553E-01     5.15794941359151E-01    -2.68099582068465E-01     5.76599085767467E-01    -4.03038457370500E-01
         0.20387246653315     3.04011025258747E-01     4.51045188310734E-01    -7.60482820085077E-01     3.32692088506291E-01     6.36557042124112E-01     5.19369654595337E-01     5.72047233420547E-01
         0.05809465776171     5.96123793536416E-01     5.32424924247843E-01     5.94377173773482E-01     2.57184917526641E-01     6.44174794422359E-01     1.12942264657202E-01     6.77087509154852E-01
S TZV2P-MOLOPT-PBE0-GTH-Q6
 1
 2 0 3 4 3 3 2 1
         1.83659095947030     3.72803746003926E-01    -1.31812637810655E-01     2.56559878276949E-01     3.22135672378229E-01     2.14331044549409E-01    -6.28996181588624E-01    -6.56359111506667E-02    -4.82828101700687E-01    -3.30262411007222E-01
         1.39208197320107    -1.14279794636780E-01    -1.43288136484319E-01    -9.36393612455788E-01    -4.14974000535217E-01    -2.38907656855117E-01     4.88223890340128E-01     4.63441350718008E-01     7.40196513039148E-01     6.28765210001307E-01
         0.38620456072642    -7.33165669969939E-01     5.64751972580603E-01     1.18110304523197E-01    -7.40576228885045E-01    -2.84085486628765E-01    -5.98215801765616E-01     8.51719381751729E-01    -4.61461066543628E-01     6.86604311155619E-01
         0.12374068236867    -5.57158501578093E-01    -8.01965802215136E-01     2.08312235300652E-01    -4.19013170045561E-01     9.03482579314762E-01     9.02169106431992E-02     2.35559199269617E-01     7.77163454957457E-02     1.55420624339973E-01
S TZVP-MOLOPT-PBE0-GTH-q6
 1
 2 0 2 4 3 3 1
         1.83659095947030     3.72803746003926E-01    -1.31812637810655E-01     2.56559878276949E-01     3.22135672378229E-01     2.14331044549409E-01    -6.28996181588624E-01    -6.56359111506667E-02
         1.39208197320107    -1.14279794636780E-01    -1.43288136484319E-01    -9.36393612455788E-01    -4.14974000535217E-01    -2.38907656855117E-01     4.88223890340128E-01     4.63441350718008E-01
         0.38620456072642    -7.33165669969939E-01     5.64751972580603E-01     1.18110304523197E-01    -7.40576228885045E-01    -2.84085486628765E-01    -5.98215801765616E-01     8.51719381751729E-01
         0.12374068236867    -5.57158501578093E-01    -8.01965802215136E-01     2.08312235300652E-01    -4.19013170045561E-01     9.03482579314762E-01     9.02169106431992E-02     2.35559199269617E-01
S DZVP-MOLOPT-PBE0-GTH-q6
 1
 2 0 2 4 2 2 1
         1.83659095947030     3.72803746003926E-01    -1.31812637810655E-01     3.22135672378229E-01     2.14331044549409E-01    -6.56359111506667E-02
         1.39208197320107    -1.14279794636780E-01    -1.43288136484319E-01    -4.14974000535217E-01    -2.38907656855117E-01     4.63441350718008E-01
         0.38620456072642    -7.33165669969939E-01     5.64751972580603E-01    -7.40576228885045E-01    -2.84085486628765E-01     8.51719381751729E-01
         0.12374068236867    -5.57158501578093E-01    -8.01965802215136E-01    -4.19013170045561E-01     9.03482579314762E-01     2.35559199269617E-01
CL TZV2P-MOLOPT-PBE0-GTH-Q7
 1
 2 0 3 4 3 3 2 1
         1.95736377876919     5.14900988266686E-01     2.40693792976429E-01    -1.28104442415964E-01     3.91491934421244E-01     1.94579618291814E-01    -4.24624922261607E-01     1.03302579489917E-01    -1.51719991846673E-01    -8.80894837945973E-02
         1.54347371438383    -4.22981434715776E-01     4.84506053505592E-02    -8.97870765280675E-01    -5.31183852831214E-01    -2.06763688400425E-01    -8.12512692066251E-01     2.53080986425568E-01     7.90079486051753E-01     3.40736837991551E-01
         0.40766941393095    -4.94589672987331E-01    -6.25944067103656E-01     2.66738548390740E-01    -6.13505638411310E-01    -3.32691397032460E-01     3.96050456242181E-01     9.52098239408987E-01    -2.69731069825107E-01     9.35543949131780E-01
         0.13062819821750    -5.57982735881729E-01     7.40211497966303E-01     3.25987557262529E-01    -4.33807113141348E-01     8.99279702676011E-01     5.15832990020733E-02     1.37067625261757E-01     5.29150828937503E-01     2.99360873066907E-02
CL TZVP-MOLOPT-PBE0-GTH-q7
 1
 2 0 2 4 3 3 1
         1.95736377876919     5.14900988266686E-01     2.40693792976429E-01    -1.28104442415964E-01     3.91491934421244E-01     1.94579618291814E-01    -4.24624922261607E-01     1.03302579489917E-01
         1.54347371438383    -4.22981434715776E-01     4.84506053505592E-02    -8.97870765280675E-01    -5.31183852831214E-01    -2.06763688400425E-01    -8.12512692066251E-01     2.53080986425568E-01
         0.40766941393095    -4.94589672987331E-01    -6.25944067103656E-01     2.66738548390740E-01    -6.13505638411310E-01    -3.32691397032460E-01     3.96050456242181E-01     9.52098239408987E-01
         0.13062819821750    -5.57982735881729E-01     7.40211497966303E-01     3.25987557262529E-01    -4.33807113141348E-01     8.99279702676011E-01     5.15832990020733E-02     1.37067625261757E-01
CL DZVP-MOLOPT-PBE0-GTH-q7
 1
 2 0 2 4 2 2 1
         1.95736377876919     5.14900988266686E-01     2.40693792976429E-01     3.91491934421244E-01     1.94579618291814E-01     1.03302579489917E-01
         1.54347371438383    -4.22981434715776E-01     4.84506053505592E-02    -5.31183852831214E-01    -2.06763688400425E-01     2.53080986425568E-01
         0.40766941393095    -4.94589672987331E-01    -6.25944067103656E-01    -6.13505638411310E-01    -3.32691397032460E-01     9.52098239408987E-01
         0.13062819821750    -5.57982735881729E-01     7.40211497966303E-01    -4.33807113141348E-01     8.99279702676011E-01     1.37067625261757E-01
O TZV2P-MOLOPT-PBE0-GTH-Q6
 1
 2 0 3 5 3 3 2 1
        10.34082423621691    -1.29825249634708E-01     8.18793043945143E-02    -1.54163825083534E-01    -9.31315963557027E-02     6.07168741616306E-02     5.24249215362802E-02    -1.46443819746845E-04    -1.35615599706110E-01    -4.53627038333396E-02
         3.64864310376424    -1.27684551447027E-01     1.02649506262870E-01    -2.90598920673850E-01    -3.10412801135525E-01     1.66218217874094E-01     1.57277538743803E-01     4.82789843051162E-02    -2.03664714425298E-01    -7.75510089052828E-02
         1.25503633997207     5.26487514579900E-01    -3.65113179366377E-01     6.61471073309150E-01    -5.97863015525008E-01     4.26686208369503E-01     5.52189434348781E-01     7.18155124032992E-01    -6.65039106707507E-01     7.74070424398802E-02
         0.43936673910305     7.72667288737258E-01    -8.21060762059060E-02    -6.24492813862270E-01    -6.48920500304752E-01    -1.50379113770830E-02    -7.55332729990091E-01     6.93882202281484E-01     7.03924405563841E-01     9.92909576133937E-01
         0.14295518532255     3.04365270334762E-01     9.17992274956007E-01     2.53476876555698E-01    -3.41221918409427E-01    -8.86790677695403E-01     3.11568128998934E-01    -2.12090879301656E-02     4.83994939610748E-02     8.17248560335443E-03
O TZVP-MOLOPT-PBE0-GTH-q6
 1
 2 0 2 5 3 3 1
        10.34082423621691    -1.29825249634708E-01     8.18793043945143E-02    -1.54163825083534E-01    -9.31315963557027E-02     6.07168741616306E-02     5.24249215362802E-02    -1.46443819746845E-04
         3.64864310376424    -1.27684551447027E-01     1.02649506262870E-01    -2.90598920673850E-01    -3.10412801135525E-01     1.66218217874094E-01     1.57277538743803E-01     4.82789843051162E-02
         1.25503633997207     5.26487514579900E-01    -3.65113179366377E-01     6.61471073309150E-01    -5.97863015525008E-01     4.26686208369503E-01     5.52189434348781E-01     7.18155124032992E-01
         0.43936673910305     7.72667288737258E-01    -8.21060762059060E-02    -6.24492813862270E-01    -6.48920500304752E-01    -1.50379113770830E-02    -7.55332729990091E-01     6.93882202281484E-01
         0.14295518532255     3.04365270334762E-01     9.17992274956007E-01     2.53476876555698E-01    -3.41221918409427E-01    -8.86790677695403E-01     3.11568128998934E-01    -2.12090879301656E-02
O DZVP-MOLOPT-PBE0-GTH-q6
 1
 2 0 2 5 2 2 1
        10.34082423621691    -1.29825249634708E-01     8.18793043945143E-02    -9.31315963557027E-02     6.07168741616306E-02    -1.46443819746845E-04
         3.64864310376424    -1.27684551447027E-01     1.02649506262870E-01    -3.10412801135525E-01     1.66218217874094E-01     4.82789843051162E-02
         1.25503633997207     5.26487514579900E-01    -3.65113179366377E-01    -5.97863015525008E-01     4.26686208369503E-01     7.18155124032992E-01
         0.43936673910305     7.72667288737258E-01    -8.21060762059060E-02    -6.48920500304752E-01    -1.50379113770830E-02     6.93882202281484E-01
         0.14295518532255     3.04365270334762E-01     9.17992274956007E-01    -3.41221918409427E-01    -8.86790677695403E-01    -2.12090879301656E-02
H TZV2P-MOLOPT-PBE0-GTH-Q1
 1
 2 0 2 5 3 2 1
         9.40376558777484     5.57995409025206E-02    -4.70579310756749E-02    -9.03982952048893E-02    -9.22922683878503E-02     5.62771387719766E-01     7.80341103329014E-02
         2.19236236036235     2.26741263852150E-01    -2.37595450605385E-01    -3.31859181820579E-01     3.56629407794935E-01    -1.55610962004131E-01     3.11602862374432E-01
         0.70785664525623     4.70071809062586E-01    -3.84865803668886E-01    -6.33091997698946E-01     4.70685683046521E-01    -1.55533260185636E-01     6.35783567219683E-05
         0.37495748172786     5.50419957177599E-01     8.25544608526065E-01    -1.19262368808400E-01     4.93402007633953E-01     7.41061881197701E-01     9.44971331284660E-01
         0.15142571456720     6.49265104227107E-01    -3.34198093163844E-01     6.83131496493313E-01     6.31907468961614E-01    -2.92763192495008E-01     6.19960707827798E-02
H TZVP-MOLOPT-PBE0-GTH-q1
 1
 2 0 1 5 3 1
         9.40376558777484     5.57995409025206E-02    -4.70579310756749E-02    -9.03982952048893E-02    -9.22922683878503E-02
         2.19236236036235     2.26741263852150E-01    -2.37595450605385E-01    -3.31859181820579E-01     3.56629407794935E-01
         0.70785664525623     4.70071809062586E-01    -3.84865803668886E-01    -6.33091997698946E-01     4.70685683046521E-01
         0.37495748172786     5.50419957177599E-01     8.25544608526065E-01    -1.19262368808400E-01     4.93402007633953E-01
         0.15142571456720     6.49265104227107E-01    -3.34198093163844E-01     6.83131496493313E-01     6.31907468961614E-01
H DZVP-MOLOPT-PBE0-GTH-q1
 1
 2 0 1 5 2 1
         9.40376558777484     5.57995409025206E-02    -4.70579310756749E-02    -9.22922683878503E-02
         2.19236236036235     2.26741263852150E-01    -2.37595450605385E-01     3.56629407794935E-01
         0.70785664525623     4.70071809062586E-01    -3.84865803668886E-01     4.70685683046521E-01
         0.37495748172786     5.50419957177599E-01     8.25544608526065E-01     4.93402007633953E-01
         0.15142571456720     6.49265104227107E-01    -3.34198093163844E-01     6.31907468961614E-01
C TZV2P-MOLOPT-PBE0-GTH-Q4
 1
 2 0 3 5 3 3 2 1
         5.37649556675185    -1.22404309942338E-01     1.51052142999233E-01    -2.91603005508096E-01    -1.02230399503479E-01     7.40025761345854E-02     8.94622998880541E-02    -3.33102657255285E-02     9.86374456561292E-02     7.95121951184048E-02
         1.95241253925289    -1.29373346346520E-01     2.06617207371748E-01    -1.01805179489666E-01    -3.09172408281985E-01     2.20213934213870E-01     3.39999059653624E-01     2.24862943378639E-01    -4.25828317504440E-02     4.21381944948773E-01
         0.69884308058897     4.93419910923422E-01    -4.42585619435647E-01     6.21910558850215E-01    -6.76608029554237E-01     4.84079784827656E-01     2.48477330781687E-01     7.92785845721874E-01    -5.17543483541305E-01     3.21750315531954E-01
         0.25544398452951     7.50469724701437E-01    -1.05635637414093E-01    -6.44963922243512E-01    -6.23090735983644E-01    -3.82982660790289E-01    -6.66883209981747E-01     5.31193096205402E-01     8.40388777086484E-01     8.41599833069726E-01
         0.08778128068034     4.02009584429917E-01     8.52907768337305E-01     3.19142896525367E-01    -2.18908374551020E-01    -7.51678445453038E-01     6.08212904060281E-01     1.94040151152179E-01    -1.19803183369898E-01    -6.55859949283386E-02
C TZVP-MOLOPT-PBE0-GTH-q4
 1
 2 0 2 5 3 3 1
         5.37649556675185    -1.22404309942338E-01     1.51052142999233E-01    -2.91603005508096E-01    -1.02230399503479E-01     7.40025761345854E-02     8.94622998880541E-02    -3.33102657255285E-02
         1.95241253925289    -1.29373346346520E-01     2.06617207371748E-01    -1.01805179489666E-01    -3.09172408281985E-01     2.20213934213870E-01     3.39999059653624E-01     2.24862943378639E-01
         0.69884308058897     4.93419910923422E-01    -4.42585619435647E-01     6.21910558850215E-01    -6.76608029554237E-01     4.84079784827656E-01     2.48477330781687E-01     7.92785845721874E-01
         0.25544398452951     7.50469724701437E-01    -1.05635637414093E-01    -6.44963922243512E-01    -6.23090735983644E-01    -3.82982660790289E-01    -6.66883209981747E-01     5.31193096205402E-01
         0.08778128068034     4.02009584429917E-01     8.52907768337305E-01     3.19142896525367E-01    -2.18908374551020E-01    -7.51678445453038E-01     6.08212904060281E-01     1.94040151152179E-01
C DZVP-MOLOPT-PBE0-GTH-q4
 1
 2 0 2 5 2 2 1
         5.37649556675185    -1.22404309942338E-01     1.51052142999233E-01    -1.02230399503479E-01     7.40025761345854E-02    -3.33102657255285E-02
         1.95241253925289    -1.29373346346520E-01     2.06617207371748E-01    -3.09172408281985E-01     2.20213934213870E-01     2.24862943378639E-01
         0.69884308058897     4.93419910923422E-01    -4.42585619435647E-01    -6.76608029554237E-01     4.84079784827656E-01     7.92785845721874E-01
         0.25544398452951     7.50469724701437E-01    -1.05635637414093E-01    -6.23090735983644E-01    -3.82982660790289E-01     5.31193096205402E-01
         0.08778128068034     4.02009584429917E-01     8.52907768337305E-01    -2.18908374551020E-01    -7.51678445453038E-01     1.94040151152179E-01
F TZV2P-MOLOPT-PBE0-GTH-Q7
 1
 2 0 3 5 3 3 2 1
        13.31501907729122     1.31813146289282E-01    -5.24225688764356E-02    -5.17923286744451E-01    -9.80506809064632E-02     4.64420401614479E-02     6.35659142568778E-02     4.89385522399914E-03     1.52535072278595E-01     5.41962851226601E-02
         4.62512020147175     1.34547810393351E-01    -5.37398783766778E-02    -2.73506612070950E-02    -3.12727206728056E-01     1.25929415842544E-01     1.88833971660508E-01     2.30296758923593E-02    -1.84322551941015E-01     3.68925101794283E-02
         1.62272294024072    -5.51865766775749E-01     1.65440705311574E-01    -7.34790083225985E-01    -5.86706702362430E-01     2.77907352966805E-01     6.51110127867809E-01     5.26472480151814E-01    -8.13967424463323E-01     8.50449987353287E-02
         0.55216173678272    -7.87309125215089E-01     1.14519053917377E-01     4.34902286738320E-01    -6.52997838515906E-01     1.82287680337408E-01    -7.27945836193775E-01     8.49582617686734E-01     5.11993820603493E-01     9.94034575948952E-01
         0.17330337957192    -2.00276553789357E-01    -9.76667117835106E-01    -4.41695026221844E-02    -3.49223175694863E-01    -9.33554296168888E-01     8.03216449515110E-02    -2.19496600587510E-02     1.34452996051777E-01    -1.90870474316679E-02
F TZVP-MOLOPT-PBE0-GTH-q7
 1
 2 0 2 5 3 3 1
        13.31501907729122     1.31813146289282E-01    -5.24225688764356E-02    -5.17923286744451E-01    -9.80506809064632E-02     4.64420401614479E-02     6.35659142568778E-02     4.89385522399914E-03
         4.62512020147175     1.34547810393351E-01    -5.37398783766778E-02    -2.73506612070950E-02    -3.12727206728056E-01     1.25929415842544E-01     1.88833971660508E-01     2.30296758923593E-02
         1.62272294024072    -5.51865766775749E-01     1.65440705311574E-01    -7.34790083225985E-01    -5.86706702362430E-01     2.77907352966805E-01     6.51110127867809E-01     5.26472480151814E-01
         0.55216173678272    -7.87309125215089E-01     1.14519053917377E-01     4.34902286738320E-01    -6.52997838515906E-01     1.82287680337408E-01    -7.27945836193775E-01     8.49582617686734E-01
         0.17330337957192    -2.00276553789357E-01    -9.76667117835106E-01    -4.41695026221844E-02    -3.49223175694863E-01    -9.33554296168888E-01     8.03216449515110E-02    -2.19496600587510E-02
F DZVP-MOLOPT-PBE0-GTH-q7
 1
 2 0 2 5 2 2 1
        13.31501907729122     1.31813146289282E-01    -5.24225688764356E-02    -9.80506809064632E-02     4.64420401614479E-02     4.89385522399914E-03
         4.62512020147175     1.34547810393351E-01    -5.37398783766778E-02    -3.12727206728056E-01     1.25929415842544E-01     2.30296758923593E-02
         1.62272294024072    -5.51865766775749E-01     1.65440705311574E-01    -5.86706702362430E-01     2.77907352966805E-01     5.26472480151814E-01
         0.55216173678272    -7.87309125215089E-01     1.14519053917377E-01    -6.52997838515906E-01     1.82287680337408E-01     8.49582617686734E-01
         0.17330337957192    -2.00276553789357E-01    -9.76667117835106E-01    -3.49223175694863E-01    -9.33554296168888E-01    -2.19496600587510E-02
