HF DZVP-MOLOPT-SCAN-GTH-Q12
 1
 2 0 3 5 3 2 2 1
         2.34823818048190     6.74552910009787E-01     3.67144652116883E-02     2.23948544636075E-01    -6.94879419104957E-01     1.48134277212581E-02    -6.25707272209103E-01     4.31652396870894E-02    -9.53430650627593E-02
         2.26527948395492    -6.65754916078652E-01    -2.06816661495041E-02    -2.15888620254646E-01     7.11854700309143E-01    -1.46420582271373E-02     6.72568707085744E-01    -6.61981202484944E-02     1.25628526167244E-01
         0.63331306050357    -1.98878843596960E-01    -2.71501324857219E-01     4.92202627356988E-01     9.98846166250074E-02     1.91488184762991E-01     2.60879829658242E-01    -4.71366535955689E-01    -6.22966245349154E-01
         0.21011063357636     2.11208738420300E-01     1.57471536503545E-01    -7.71768404014667E-01     1.87927758198325E-02    -3.40550014572225E-01     2.82227338339031E-01     4.42249886580097E-01    -7.66069663445818E-01
         0.06136471748004    -1.32615375047077E-01     9.48532583795353E-01     2.55635007750231E-01    -8.68179075989049E-03    -9.20284811979993E-01     9.18214992537518E-02     7.58935568779950E-01    -1.33229599216515E-02
O DZVP-MOLOPT-SCAN-GTH-Q6
 1
 2 0 2 5 2 2 1
        10.25781699497238    -1.37093335568261E-01     6.42341766590814E-02    -1.01541960662273E-01     5.12250917317880E-02    -1.55308630843787E-02
         3.64428735012608    -1.53382903419191E-01     6.95730187369108E-02    -2.97888826596963E-01     1.18416114723772E-01     1.12242705044625E-01
         1.40222472037927     4.52964005356058E-01    -1.60546208430784E-01    -5.48743422499672E-01     2.65706574607295E-01     4.02080210361362E-01
         0.52205700268808     8.05450964095097E-01    -2.63981031214717E-01    -6.95022929228448E-01     1.92118246587555E-01     9.01700430010169E-01
         0.16818943371335     3.22104729197730E-01     9.46346921445871E-01    -3.41723954857718E-01    -9.35865486749767E-01    -1.11481865840859E-01
F DZVP-MOLOPT-SCAN-GTH-Q7
 1
 2 0 2 5 2 2 1
        13.16645520019096     1.25688709752362E-01    -6.90191648196731E-02    -9.31572868763813E-02     5.00225599861602E-02    -1.02513605924922E-02
         4.67863609541364     1.25206371205048E-01    -7.54523660806367E-02    -2.93923292691458E-01     1.19602022797720E-01     4.04484470063397E-02
         1.68188350144516    -4.93940854057955E-01     2.15904735709196E-01    -5.53343548452151E-01     3.11861936412921E-01     4.51403790784568E-01
         0.58393450944632    -7.58234802751956E-01     3.05654861844976E-01    -6.44505933144035E-01     2.69615230808562E-01     8.90352206116421E-01
         0.18571155118612    -3.86817953873203E-01    -9.21685166349822E-01    -4.28198362261887E-01    -9.01799789070697E-01     4.20285554084608E-02
