HF TZV2P-MOLOPT-SCAN-GTH-Q12
 1
 2 0 3 5 4 3 3 2
         2.34823818048190     6.90182790925485E-01    -9.21409676392961E-03     1.73504390646044E-01     2.21983918611971E-01    -6.93974615417532E-01     3.88043655934578E-02     5.36864626093849E-02    -6.27850335311026E-01     2.41242508174536E-02    -1.78132594358853E-02    -1.14423950537327E-01     1.44979306848515E-02
         2.26527948395492    -6.78507654918095E-01     2.42346529745398E-02    -1.71033375758163E-01     1.45785053052689E-01     7.11068169101955E-01    -3.56976503560331E-02     6.96640693164515E-02     6.75438146039406E-01    -4.53790370005857E-02     1.14919216593588E-02     1.42539377477915E-01    -2.59382389593613E-02
         0.63331306050357    -1.79584691320614E-01    -2.94505127788600E-01     4.95098631486386E-01     7.70953969679960E-01     1.05642504774201E-01     1.73619501652676E-01     8.27052242432952E-02     2.74755786301110E-01    -4.47296014394446E-01     4.17129059918320E-01    -6.28737571811837E-01    -2.78895767453700E-01
         0.21011063357636     1.62883925557544E-01     1.99737820013646E-01    -7.67484551071406E-01     5.66220849257596E-01     7.89574798315497E-03    -3.29817507771193E-01    -9.30335295656659E-01     2.64579948066767E-01     4.51264487727259E-01    -6.56648287611373E-01    -7.55418135543731E-01     2.55585993323967E-01
         0.06136471748004    -6.70316549556971E-02     9.34183769382901E-01     3.26325941001235E-01     1.20390135330172E-01    -3.94792400497020E-02    -9.26442971360581E-01     3.46266898096060E-01     6.39841878883232E-02     7.70483874682977E-01     6.27986462651508E-01     2.49437706737989E-02     9.25208067776409E-01
HF TZVP-MOLOPT-SCAN-GTH-q12
 1
 2 0 3 5 4 3 3 1
         2.34823818048190     6.90182790925485E-01    -9.21409676392961E-03     1.73504390646044E-01     2.21983918611971E-01    -6.93974615417532E-01     3.88043655934578E-02     5.36864626093849E-02    -6.27850335311026E-01     2.41242508174536E-02    -1.78132594358853E-02    -1.14423950537327E-01
         2.26527948395492    -6.78507654918095E-01     2.42346529745398E-02    -1.71033375758163E-01     1.45785053052689E-01     7.11068169101955E-01    -3.56976503560331E-02     6.96640693164515E-02     6.75438146039406E-01    -4.53790370005857E-02     1.14919216593588E-02     1.42539377477915E-01
         0.63331306050357    -1.79584691320614E-01    -2.94505127788600E-01     4.95098631486386E-01     7.70953969679960E-01     1.05642504774201E-01     1.73619501652676E-01     8.27052242432952E-02     2.74755786301110E-01    -4.47296014394446E-01     4.17129059918320E-01    -6.28737571811837E-01
         0.21011063357636     1.62883925557544E-01     1.99737820013646E-01    -7.67484551071406E-01     5.66220849257596E-01     7.89574798315497E-03    -3.29817507771193E-01    -9.30335295656659E-01     2.64579948066767E-01     4.51264487727259E-01    -6.56648287611373E-01    -7.55418135543731E-01
         0.06136471748004    -6.70316549556971E-02     9.34183769382901E-01     3.26325941001235E-01     1.20390135330172E-01    -3.94792400497020E-02    -9.26442971360581E-01     3.46266898096060E-01     6.39841878883232E-02     7.70483874682977E-01     6.27986462651508E-01     2.49437706737989E-02
HF DZVP-MOLOPT-SCAN-GTH-q12
 1
 2 0 3 5 3 2 2 1
         2.34823818048190     6.90182790925485E-01    -9.21409676392961E-03     1.73504390646044E-01    -6.93974615417532E-01     3.88043655934578E-02    -6.27850335311026E-01     2.41242508174536E-02    -1.14423950537327E-01
         2.26527948395492    -6.78507654918095E-01     2.42346529745398E-02    -1.71033375758163E-01     7.11068169101955E-01    -3.56976503560331E-02     6.75438146039406E-01    -4.53790370005857E-02     1.42539377477915E-01
         0.63331306050357    -1.79584691320614E-01    -2.94505127788600E-01     4.95098631486386E-01     1.05642504774201E-01     1.73619501652676E-01     2.74755786301110E-01    -4.47296014394446E-01    -6.28737571811837E-01
         0.21011063357636     1.62883925557544E-01     1.99737820013646E-01    -7.67484551071406E-01     7.89574798315497E-03    -3.29817507771193E-01     2.64579948066767E-01     4.51264487727259E-01    -7.55418135543731E-01
         0.06136471748004    -6.70316549556971E-02     9.34183769382901E-01     3.26325941001235E-01    -3.94792400497020E-02    -9.26442971360581E-01     6.39841878883232E-02     7.70483874682977E-01     2.49437706737989E-02
O TZV2P-MOLOPT-SCAN-GTH-Q6
 1
 2 0 3 5 3 3 2 1
        10.25781699497238    -1.37093335568261E-01     6.42341766590814E-02    -7.17088581420037E-01    -1.01541960662273E-01     5.12250917317880E-02     1.18360216509634E-01    -1.55308630843787E-02     3.18602602792577E-02     1.18645628163343E-03
         3.64428735012608    -1.53382903419191E-01     6.95730187369108E-02    -5.49416247278626E-01    -2.97888826596963E-01     1.18416114723772E-01     5.91292938991212E-02     1.12242705044625E-01    -2.22035206994148E-01    -3.65643497936781E-03
         1.40222472037927     4.52964005356058E-01    -1.60546208430784E-01     2.25545730548663E-01    -5.48743422499672E-01     2.65706574607295E-01     7.32042358682655E-01     4.02080210361362E-01    -8.37756480907312E-01     4.91390044295019E-04
         0.52205700268808     8.05450964095097E-01    -2.63981031214717E-01    -3.63850982918199E-01    -6.95022929228448E-01     1.92118246587555E-01    -6.62764404039625E-01     9.01700430010169E-01     4.32284673630976E-01     9.99992334274143E-01
         0.16818943371335     3.22104729197730E-01     9.46346921445871E-01     2.58329108697022E-02    -3.41723954857718E-01    -9.35865486749767E-01     8.57433121772174E-02    -1.11481865840859E-01     2.46939932598114E-01     5.59225812546083E-04
O TZVP-MOLOPT-SCAN-GTH-q6
 1
 2 0 2 5 3 3 1
        10.25781699497238    -1.37093335568261E-01     6.42341766590814E-02    -7.17088581420037E-01    -1.01541960662273E-01     5.12250917317880E-02     1.18360216509634E-01    -1.55308630843787E-02
         3.64428735012608    -1.53382903419191E-01     6.95730187369108E-02    -5.49416247278626E-01    -2.97888826596963E-01     1.18416114723772E-01     5.91292938991212E-02     1.12242705044625E-01
         1.40222472037927     4.52964005356058E-01    -1.60546208430784E-01     2.25545730548663E-01    -5.48743422499672E-01     2.65706574607295E-01     7.32042358682655E-01     4.02080210361362E-01
         0.52205700268808     8.05450964095097E-01    -2.63981031214717E-01    -3.63850982918199E-01    -6.95022929228448E-01     1.92118246587555E-01    -6.62764404039625E-01     9.01700430010169E-01
         0.16818943371335     3.22104729197730E-01     9.46346921445871E-01     2.58329108697022E-02    -3.41723954857718E-01    -9.35865486749767E-01     8.57433121772174E-02    -1.11481865840859E-01
O DZVP-MOLOPT-SCAN-GTH-q6
 1
 2 0 2 5 2 2 1
        10.25781699497238    -1.37093335568261E-01     6.42341766590814E-02    -1.01541960662273E-01     5.12250917317880E-02    -1.55308630843787E-02
         3.64428735012608    -1.53382903419191E-01     6.95730187369108E-02    -2.97888826596963E-01     1.18416114723772E-01     1.12242705044625E-01
         1.40222472037927     4.52964005356058E-01    -1.60546208430784E-01    -5.48743422499672E-01     2.65706574607295E-01     4.02080210361362E-01
         0.52205700268808     8.05450964095097E-01    -2.63981031214717E-01    -6.95022929228448E-01     1.92118246587555E-01     9.01700430010169E-01
         0.16818943371335     3.22104729197730E-01     9.46346921445871E-01    -3.41723954857718E-01    -9.35865486749767E-01    -1.11481865840859E-01
F TZV2P-MOLOPT-SCAN-GTH-Q7
 1
 2 0 3 5 3 3 2 1
        13.16645520019096     1.25688709752362E-01    -6.90191648196731E-02    -4.19619998203344E-01    -9.31572868763813E-02     5.00225599861602E-02    -6.88622277281857E-02    -1.02513605924922E-02    -1.03135180619022E-01    -3.14119421202531E-02
         4.67863609541364     1.25206371205048E-01    -7.54523660806367E-02    -2.93986334505468E-01    -2.93923292691458E-01     1.19602022797720E-01    -4.99826189781570E-01     4.04484470063397E-02    -1.25856773171103E-01     1.01835664406271E-01
         1.68188350144516    -4.93940854057955E-01     2.15904735709196E-01    -7.69158858630548E-01    -5.53343548452151E-01     3.11861936412921E-01     7.42571819653283E-01     4.51403790784568E-01    -8.76791264789868E-01     2.29748587047615E-01
         0.58393450944632    -7.58234802751956E-01     3.05654861844976E-01     3.81944805550917E-01    -6.44505933144035E-01     2.69615230808562E-01    -4.36892722870730E-01     8.90352206116421E-01     4.45248862484439E-01     9.66043910568162E-01
         0.18571155118612    -3.86817953873203E-01    -9.21685166349822E-01     1.97684968795902E-03    -4.28198362261887E-01    -9.01799789070697E-01     5.60679494913207E-02     4.20285554084608E-02     8.07077171659289E-02    -5.11618700886137E-02
F TZVP-MOLOPT-SCAN-GTH-q7
 1
 2 0 2 5 3 3 1
        13.16645520019096     1.25688709752362E-01    -6.90191648196731E-02    -4.19619998203344E-01    -9.31572868763813E-02     5.00225599861602E-02    -6.88622277281857E-02    -1.02513605924922E-02
         4.67863609541364     1.25206371205048E-01    -7.54523660806367E-02    -2.93986334505468E-01    -2.93923292691458E-01     1.19602022797720E-01    -4.99826189781570E-01     4.04484470063397E-02
         1.68188350144516    -4.93940854057955E-01     2.15904735709196E-01    -7.69158858630548E-01    -5.53343548452151E-01     3.11861936412921E-01     7.42571819653283E-01     4.51403790784568E-01
         0.58393450944632    -7.58234802751956E-01     3.05654861844976E-01     3.81944805550917E-01    -6.44505933144035E-01     2.69615230808562E-01    -4.36892722870730E-01     8.90352206116421E-01
         0.18571155118612    -3.86817953873203E-01    -9.21685166349822E-01     1.97684968795902E-03    -4.28198362261887E-01    -9.01799789070697E-01     5.60679494913207E-02     4.20285554084608E-02
F DZVP-MOLOPT-SCAN-GTH-q7
 1
 2 0 2 5 2 2 1
        13.16645520019096     1.25688709752362E-01    -6.90191648196731E-02    -9.31572868763813E-02     5.00225599861602E-02    -1.02513605924922E-02
         4.67863609541364     1.25206371205048E-01    -7.54523660806367E-02    -2.93923292691458E-01     1.19602022797720E-01     4.04484470063397E-02
         1.68188350144516    -4.93940854057955E-01     2.15904735709196E-01    -5.53343548452151E-01     3.11861936412921E-01     4.51403790784568E-01
         0.58393450944632    -7.58234802751956E-01     3.05654861844976E-01    -6.44505933144035E-01     2.69615230808562E-01     8.90352206116421E-01
         0.18571155118612    -3.86817953873203E-01    -9.21685166349822E-01    -4.28198362261887E-01    -9.01799789070697E-01     4.20285554084608E-02
