HF TZV2P-MOLOPT-SCAN-GTH-Q12
 1
 2 0 3 5 4 3 3 2
         2.34823818048190     6.85334039989917E-01    -3.46510747762743E-03     1.91994494730780E-01     9.79833718204449E-02    -6.94878184874939E-01     1.64109726410975E-02     5.87197633397050E-02    -6.26519158145734E-01     4.07300805219967E-02     2.97981634327042E-02    -1.03605225199203E-01    -1.02252040768807E-02
         2.26527948395492    -6.73486212641301E-01     1.77725799502967E-02    -1.90447899163573E-01     1.69783195083208E-02     7.11851996670975E-01    -1.27367714072530E-02     2.41844555939697E-02     6.73456843023509E-01    -6.41363362973135E-02    -2.13108512169731E-02     1.30832819938377E-01    -1.21201482770170E-02
         0.63331306050357    -1.92965224770774E-01    -2.77758211722433E-01     4.98733930468271E-01     7.95711693568497E-01     9.99059903793304E-02     1.83332359128910E-01     4.23586721666684E-01     2.60306683519865E-01    -4.67893799981415E-01     5.17937453236270E-01    -6.25603225598543E-01    -1.47930101800311E-02
         0.21011063357636     1.83679543747908E-01     1.76399433325062E-01    -7.68957218822875E-01     5.84239049886334E-01     1.86200450385053E-02    -3.36476299674608E-01    -8.18435304842310E-01     2.79661957237558E-01     4.37427083556645E-01    -5.67786938319133E-01    -7.62081905288373E-01     1.05215698635756E-02
         0.06136471748004    -7.58934928099875E-02     9.44142862164107E-01     2.94681139398356E-01     1.24974512680135E-01    -9.11756708474077E-03    -9.23439982069546E-01     3.83020942660188E-01     8.92146022247312E-02     7.64173101736190E-01     6.38761852559901E-01    -7.10134590918798E-04     9.99709463106531E-01
HF TZVP-MOLOPT-SCAN-GTH-q12
 1
 2 0 3 5 4 3 3 1
         2.34823818048190     6.85334039989917E-01    -3.46510747762743E-03     1.91994494730780E-01     9.79833718204449E-02    -6.94878184874939E-01     1.64109726410975E-02     5.87197633397050E-02    -6.26519158145734E-01     4.07300805219967E-02     2.97981634327042E-02    -1.03605225199203E-01
         2.26527948395492    -6.73486212641301E-01     1.77725799502967E-02    -1.90447899163573E-01     1.69783195083208E-02     7.11851996670975E-01    -1.27367714072530E-02     2.41844555939697E-02     6.73456843023509E-01    -6.41363362973135E-02    -2.13108512169731E-02     1.30832819938377E-01
         0.63331306050357    -1.92965224770774E-01    -2.77758211722433E-01     4.98733930468271E-01     7.95711693568497E-01     9.99059903793304E-02     1.83332359128910E-01     4.23586721666684E-01     2.60306683519865E-01    -4.67893799981415E-01     5.17937453236270E-01    -6.25603225598543E-01
         0.21011063357636     1.83679543747908E-01     1.76399433325062E-01    -7.68957218822875E-01     5.84239049886334E-01     1.86200450385053E-02    -3.36476299674608E-01    -8.18435304842310E-01     2.79661957237558E-01     4.37427083556645E-01    -5.67786938319133E-01    -7.62081905288373E-01
         0.06136471748004    -7.58934928099875E-02     9.44142862164107E-01     2.94681139398356E-01     1.24974512680135E-01    -9.11756708474077E-03    -9.23439982069546E-01     3.83020942660188E-01     8.92146022247312E-02     7.64173101736190E-01     6.38761852559901E-01    -7.10134590918798E-04
HF DZVP-MOLOPT-SCAN-GTH-q12
 1
 2 0 3 5 3 2 2 1
         2.34823818048190     6.85334039989917E-01    -3.46510747762743E-03     1.91994494730780E-01    -6.94878184874939E-01     1.64109726410975E-02    -6.26519158145734E-01     4.07300805219967E-02    -1.03605225199203E-01
         2.26527948395492    -6.73486212641301E-01     1.77725799502967E-02    -1.90447899163573E-01     7.11851996670975E-01    -1.27367714072530E-02     6.73456843023509E-01    -6.41363362973135E-02     1.30832819938377E-01
         0.63331306050357    -1.92965224770774E-01    -2.77758211722433E-01     4.98733930468271E-01     9.99059903793304E-02     1.83332359128910E-01     2.60306683519865E-01    -4.67893799981415E-01    -6.25603225598543E-01
         0.21011063357636     1.83679543747908E-01     1.76399433325062E-01    -7.68957218822875E-01     1.86200450385053E-02    -3.36476299674608E-01     2.79661957237558E-01     4.37427083556645E-01    -7.62081905288373E-01
         0.06136471748004    -7.58934928099875E-02     9.44142862164107E-01     2.94681139398356E-01    -9.11756708474077E-03    -9.23439982069546E-01     8.92146022247312E-02     7.64173101736190E-01    -7.10134590918798E-04
O TZV2P-MOLOPT-SCAN-GTH-Q6
 1
 2 0 3 5 3 3 2 1
        10.25781699497238    -1.37093335568261E-01     6.42341766590814E-02    -7.17088581420037E-01    -1.01541960662273E-01     5.12250917317880E-02     1.18360216509634E-01    -1.55308630843787E-02     3.18602602792577E-02     1.18645628163343E-03
         3.64428735012608    -1.53382903419191E-01     6.95730187369108E-02    -5.49416247278626E-01    -2.97888826596963E-01     1.18416114723772E-01     5.91292938991213E-02     1.12242705044625E-01    -2.22035206994148E-01    -3.65643497936781E-03
         1.40222472037927     4.52964005356058E-01    -1.60546208430784E-01     2.25545730548663E-01    -5.48743422499672E-01     2.65706574607295E-01     7.32042358682655E-01     4.02080210361362E-01    -8.37756480907312E-01     4.91390044295019E-04
         0.52205700268808     8.05450964095097E-01    -2.63981031214717E-01    -3.63850982918199E-01    -6.95022929228448E-01     1.92118246587555E-01    -6.62764404039625E-01     9.01700430010169E-01     4.32284673630976E-01     9.99992334274143E-01
         0.16818943371335     3.22104729197730E-01     9.46346921445871E-01     2.58329108697022E-02    -3.41723954857718E-01    -9.35865486749767E-01     8.57433121772174E-02    -1.11481865840859E-01     2.46939932598114E-01     5.59225812546083E-04
O TZVP-MOLOPT-SCAN-GTH-q6
 1
 2 0 2 5 3 3 1
        10.25781699497238    -1.37093335568261E-01     6.42341766590814E-02    -7.17088581420037E-01    -1.01541960662273E-01     5.12250917317880E-02     1.18360216509634E-01    -1.55308630843787E-02
         3.64428735012608    -1.53382903419191E-01     6.95730187369108E-02    -5.49416247278626E-01    -2.97888826596963E-01     1.18416114723772E-01     5.91292938991213E-02     1.12242705044625E-01
         1.40222472037927     4.52964005356058E-01    -1.60546208430784E-01     2.25545730548663E-01    -5.48743422499672E-01     2.65706574607295E-01     7.32042358682655E-01     4.02080210361362E-01
         0.52205700268808     8.05450964095097E-01    -2.63981031214717E-01    -3.63850982918199E-01    -6.95022929228448E-01     1.92118246587555E-01    -6.62764404039625E-01     9.01700430010169E-01
         0.16818943371335     3.22104729197730E-01     9.46346921445871E-01     2.58329108697022E-02    -3.41723954857718E-01    -9.35865486749767E-01     8.57433121772174E-02    -1.11481865840859E-01
O DZVP-MOLOPT-SCAN-GTH-q6
 1
 2 0 2 5 2 2 1
        10.25781699497238    -1.37093335568261E-01     6.42341766590814E-02    -1.01541960662273E-01     5.12250917317880E-02    -1.55308630843787E-02
         3.64428735012608    -1.53382903419191E-01     6.95730187369108E-02    -2.97888826596963E-01     1.18416114723772E-01     1.12242705044625E-01
         1.40222472037927     4.52964005356058E-01    -1.60546208430784E-01    -5.48743422499672E-01     2.65706574607295E-01     4.02080210361362E-01
         0.52205700268808     8.05450964095097E-01    -2.63981031214717E-01    -6.95022929228448E-01     1.92118246587555E-01     9.01700430010169E-01
         0.16818943371335     3.22104729197730E-01     9.46346921445871E-01    -3.41723954857718E-01    -9.35865486749767E-01    -1.11481865840859E-01
F TZV2P-MOLOPT-SCAN-GTH-Q7
 1
 2 0 3 5 3 3 2 1
        13.16645520019096     1.25688709752362E-01    -6.90191648196731E-02    -4.19619998203344E-01    -9.31572868763813E-02     5.00225599861602E-02    -6.88622277281857E-02    -1.02513605924922E-02    -1.03135180619022E-01    -3.14119421202531E-02
         4.67863609541364     1.25206371205048E-01    -7.54523660806367E-02    -2.93986334505468E-01    -2.93923292691458E-01     1.19602022797720E-01    -4.99826189781570E-01     4.04484470063397E-02    -1.25856773171103E-01     1.01835664406271E-01
         1.68188350144516    -4.93940854057955E-01     2.15904735709196E-01    -7.69158858630548E-01    -5.53343548452151E-01     3.11861936412921E-01     7.42571819653283E-01     4.51403790784568E-01    -8.76791264789868E-01     2.29748587047615E-01
         0.58393450944632    -7.58234802751956E-01     3.05654861844976E-01     3.81944805550917E-01    -6.44505933144035E-01     2.69615230808562E-01    -4.36892722870730E-01     8.90352206116421E-01     4.45248862484439E-01     9.66043910568162E-01
         0.18571155118612    -3.86817953873203E-01    -9.21685166349822E-01     1.97684968795899E-03    -4.28198362261887E-01    -9.01799789070697E-01     5.60679494913207E-02     4.20285554084608E-02     8.07077171659289E-02    -5.11618700886137E-02
F TZVP-MOLOPT-SCAN-GTH-q7
 1
 2 0 2 5 3 3 1
        13.16645520019096     1.25688709752362E-01    -6.90191648196731E-02    -4.19619998203344E-01    -9.31572868763813E-02     5.00225599861602E-02    -6.88622277281857E-02    -1.02513605924922E-02
         4.67863609541364     1.25206371205048E-01    -7.54523660806367E-02    -2.93986334505468E-01    -2.93923292691458E-01     1.19602022797720E-01    -4.99826189781570E-01     4.04484470063397E-02
         1.68188350144516    -4.93940854057955E-01     2.15904735709196E-01    -7.69158858630548E-01    -5.53343548452151E-01     3.11861936412921E-01     7.42571819653283E-01     4.51403790784568E-01
         0.58393450944632    -7.58234802751956E-01     3.05654861844976E-01     3.81944805550917E-01    -6.44505933144035E-01     2.69615230808562E-01    -4.36892722870730E-01     8.90352206116421E-01
         0.18571155118612    -3.86817953873203E-01    -9.21685166349822E-01     1.97684968795899E-03    -4.28198362261887E-01    -9.01799789070697E-01     5.60679494913207E-02     4.20285554084608E-02
F DZVP-MOLOPT-SCAN-GTH-q7
 1
 2 0 2 5 2 2 1
        13.16645520019096     1.25688709752362E-01    -6.90191648196731E-02    -9.31572868763813E-02     5.00225599861602E-02    -1.02513605924922E-02
         4.67863609541364     1.25206371205048E-01    -7.54523660806367E-02    -2.93923292691458E-01     1.19602022797720E-01     4.04484470063397E-02
         1.68188350144516    -4.93940854057955E-01     2.15904735709196E-01    -5.53343548452151E-01     3.11861936412921E-01     4.51403790784568E-01
         0.58393450944632    -7.58234802751956E-01     3.05654861844976E-01    -6.44505933144035E-01     2.69615230808562E-01     8.90352206116421E-01
         0.18571155118612    -3.86817953873203E-01    -9.21685166349822E-01    -4.28198362261887E-01    -9.01799789070697E-01     4.20285554084608E-02
