#
# Generated with CP2K Atom Code
#
 Ga ccGRB-VAL-0
   1
  2  0  2  8  1  1  1
   7.04164732333       -0.0057615641   -0.0011032845    0.3119691847
   3.47496507691        0.0555758072    0.0043945762    0.3464381821
   1.71485189918       -0.1625358786   -0.0453351454    0.2600988866
  0.846258011526       -0.2343040264   -0.0074140472    0.2119192363
  0.417617767701        0.1744729960    0.0651019044    0.0941703871
  0.206089156645        0.4770275272    0.3667814936    0.0370259505
  0.101702426888        0.4511908173    0.1758282273   -0.0008642388
  0.501888784606E-01    0.1396650191    0.5339953500    0.0014901501

 Ga ccGRB-VAL-1
   1
  2  0  2  8  2  2  2
   7.04164732333       -0.0057615641    0.0012288446   -0.0011032845   -0.0043612140    0.3119691847   -0.0115622663
   3.47496507691        0.0555758072   -0.0255227765    0.0043945762    0.0211260260    0.3464381821   -0.0112276766
   1.71485189918       -0.1625358786    0.0792724861   -0.0453351454   -0.0300879302    0.2600988866    0.0339652765
  0.846258011526       -0.2343040264    0.3115530165   -0.0074140472    0.1919729045    0.2119192363   -0.1744707197
  0.417617767701        0.1744729960   -0.1817254085    0.0651019044   -0.4680653725    0.0941703871   -0.3662959683
  0.206089156645        0.4770275272   -1.0741811001    0.3667814936    0.2320572314    0.0370259505    0.8209919349
  0.101702426888        0.4511908173   -0.4966089108    0.1758282273   -1.6755519116   -0.0008642388    0.4222844159
  0.501888784606E-01    0.1396650191    1.6651261839    0.5339953500    1.8316512709    0.0014901501    0.0776505321

 Ga ccGRB-VAL-2
   1
  2  0  2  8  3  3  3
   7.04164732333       -0.0057615641    0.0012288446    0.0060778899   -0.0011032845   -0.0043612140   -0.0002721731    0.3119691847   -0.0115622663    0.0718186665
   3.47496507691        0.0555758072   -0.0255227765   -0.0056783784    0.0043945762    0.0211260260    0.0001662086    0.3464381821   -0.0112276766    0.0530410902
   1.71485189918       -0.1625358786    0.0792724861    0.0085089077   -0.0453351454   -0.0300879302   -0.0436241937    0.2600988866    0.0339652765    0.1978300644
  0.846258011526       -0.2343040264    0.3115530165   -0.7515152680   -0.0074140472    0.1919729045   -0.0797143594    0.2119192363   -0.1744707197    0.2154748094
  0.417617767701        0.1744729960   -0.1817254085    0.6355642570    0.0651019044   -0.4680653725    0.1666975900    0.0941703871   -0.3662959683   -0.6271724949
  0.206089156645        0.4770275272   -1.0741811001    3.8150544726    0.3667814936    0.2320572314    2.4277442148    0.0370259505    0.8209919349   -0.9406539088
  0.101702426888        0.4511908173   -0.4966089108   -6.7361463358    0.1758282273   -1.6755519116   -3.9428914622   -0.0008642388    0.4222844159    0.9504401388
  0.501888784606E-01    0.1396650191    1.6651261839    3.4091270103    0.5339953500    1.8316512709    1.8833729308    0.0014901501    0.0776505321    0.1872905688

 Ga ccGRB-VAL-3
   1
  2  0  2  8  4  4  4
   7.04164732333       -0.0057615641    0.0012288446    0.0060778899   -0.1473782425   -0.0011032845   -0.0043612140   -0.0002721731   -0.0324683844    0.3119691847   -0.0115622663    0.0718186665    0.0799658469
   3.47496507691        0.0555758072   -0.0255227765   -0.0056783784    0.7329394868    0.0043945762    0.0211260260    0.0001662086    0.1630409927    0.3464381821   -0.0112276766    0.0530410902   -0.3520349975
   1.71485189918       -0.1625358786    0.0792724861    0.0085089077   -2.2970723551   -0.0453351454   -0.0300879302   -0.0436241937   -0.5097921742    0.2600988866    0.0339652765    0.1978300644    0.9807574647
  0.846258011526       -0.2343040264    0.3115530165   -0.7515152680    6.9785355011   -0.0074140472    0.1919729045   -0.0797143594    1.8696520154    0.2119192363   -0.1744707197    0.2154748094   -1.9487988162
  0.417617767701        0.1744729960   -0.1817254085    0.6355642570  -14.3802738254    0.0651019044   -0.4680653725    0.1666975900   -5.6374978818    0.0941703871   -0.3662959683   -0.6271724949    2.1174505443
  0.206089156645        0.4770275272   -1.0741811001    3.8150544726   16.6011465319    0.3667814936    0.2320572314    2.4277442148    7.4310138728    0.0370259505    0.8209919349   -0.9406539088   -0.4343696877
  0.101702426888        0.4511908173   -0.4966089108   -6.7361463358  -10.9586265978    0.1758282273   -1.6755519116   -3.9428914622   -5.1650507137   -0.0008642388    0.4222844159    0.9504401388   -1.6190457535
  0.501888784606E-01    0.1396650191    1.6651261839    3.4091270103    3.4312242635    0.5339953500    1.8316512709    1.8833729308    1.6998536546    0.0014901501    0.0776505321    0.1872905688    1.6955312418

 Ga ccGRB-POL-1
   1
  3  3  3  1  1
   1.07152275335        1.0000000000

 Ga ccGRB-EXT
   1
  2  0  2  1  3  2  1
  0.173988984178E-01    1.0000000000    8.2621611484  448.1847531884    8.2621611484  448.1847531884  448.1847531884

