#
# Generated with CP2K Atom Code
#
 Cu ccGRB-VAL-0
   1
  2  0  2  6  1  0  1
   5.41363354603       -0.0048011950   -0.3517016205
   2.30746616336        0.0555861742   -0.3877343656
  0.983516902241       -0.3181906262   -0.2791137887
  0.419206795902        0.0884282360   -0.1954652533
  0.178679529889        0.3339220530   -0.0666566950
  0.761590096185E-01    0.7464178079   -0.0134782560

 Cu ccGRB-VAL-1
   1
  2  0  2  6  2  1  2
   5.41363354603       -0.0048011950   -0.0143080670   -0.0030782190   -0.3517016205    0.0523363287
   2.30746616336        0.0555861742    0.0315638810    0.0147130040   -0.3877343656    0.0480990419
  0.983516902241       -0.3181906262    0.1079314479   -0.0868330095   -0.2791137887    0.1735228418
  0.419206795902        0.0884282360    0.7074840127    0.1584880952   -0.1954652533    0.1221238395
  0.178679529889        0.3339220530   -3.1222891242    0.0042809034   -0.0666566950   -0.6031685401
  0.761590096185E-01    0.7464178079    2.3589604449    0.9380285321   -0.0134782560   -0.5415987810

 Cu ccGRB-POL-1
   1
  3  3  3  3  1
   3.15732536393        0.1104854033
   1.26989122345        0.4775011234
  0.510756267889        0.5683089885

 Cu ccGRB-POL-2
   1
  4  3  4  3  2  1
   3.15732536393        0.1104854033    0.1486068773   -0.0928724434
   1.26989122345        0.4775011234    1.0221649522   -0.5365512381
  0.510756267889        0.5683089885   -1.1277695801   -0.5442928015

 Cu ccGRB-POL-3
   1
  5  3  5  3  3  2  1
   3.15732536393        0.1104854033    0.1486068773    1.3779654085   -0.0928724434    0.1534770743   -0.0801033434
   1.26989122345        0.4775011234    1.0221649522   -1.3637391308   -0.5365512381    0.9340214404   -0.5807157700
  0.510756267889        0.5683089885   -1.1277695801    0.5815843560   -0.5442928015   -1.0589711757   -0.5290823382

 Cu ccGRB-EXT
   1
  2  0  2  1  3  2  1
  0.211929306872E-01    1.0000000000    7.1259326354  302.0776177804    7.1259326354  302.0776177804  302.0776177804

