RE DZVP-MOLOPT-PBE-GTH-Q15
 1
 2 0 3 6 3 2 2 1
         3.50766368420562     1.15351134364437E-01    -2.36042594004217E-01     4.13390747993598E-01     5.91877061607245E-01    -6.30971499693131E-02    -1.29994904613525E-01    -1.05327909797442E-02    -1.22514969121453E-01
         3.26852244247913     3.20377964192868E-01     4.41399197037607E-01    -3.46419186313678E-01    -4.86017983435389E-01     1.05864216196619E-01     1.63975892571857E-01    -9.21143577758102E-03     1.47981068160706E-01
         1.15893250653853    -6.47438936555432E-01    -3.86056974454668E-01     3.05862509293180E-02    -5.14244635242461E-01    -4.30571319520593E-01     4.60034610982937E-01    -2.57450761424425E-01    -1.80837718867991E-01
         0.48380284100589    -1.16188936378070E-01    -2.70531153562715E-01     4.69605690490318E-02    -3.51067242918889E-01    -3.05983274139834E-02     6.61896930348328E-01    -4.27146050613336E-01    -8.02136955205961E-01
         0.18251753324686    -4.86052647731096E-01     1.32602677607162E-01    -6.68236048805853E-01    -1.52009734535673E-01     8.35427089132962E-01     5.35192492042961E-01     5.79330532459888E-01    -5.35688300013954E-01
         0.05798018549822    -4.63818772786706E-01     7.13890803967009E-01     5.09334473712593E-01    -5.16270316853775E-02     3.17088595353747E-01     1.41572731074408E-01     6.44550774425296E-01     1.93792746991144E-03
H DZVP-MOLOPT-PBE-GTH-Q1
 1
 2 0 1 5 2 1
         9.42354063693337     1.73378201014863E-02    -1.21445159969598E-01    -8.76671027046430E-02
         2.22615949373757     1.93709872716504E-01    -1.18321991639862E-01     2.94039390163616E-01
         0.63906011750762     5.93969954529689E-01    -1.91879319676876E-01     4.09265411017209E-01
         0.31891311049636     2.87972643705189E-01     9.48793006176853E-01     1.56988630151590E-01
         0.16139156624546     7.25566905805197E-01    -1.85000371687637E-01     8.44814600657224E-01
F DZVP-MOLOPT-PBE-GTH-Q7
 1
 2 0 2 5 2 2 1
        13.30428004732790     1.38300641201995E-01    -4.13429187269840E-02    -9.35306094799813E-02     5.06566246623838E-02    -3.27607844899301E-02
         4.80605774544240     1.37253664661734E-01    -3.39425431978004E-02    -2.95918398172795E-01     1.05639317967558E-01     1.33212173705781E-01
         1.70698523266130    -5.18315587577063E-01     1.04830293747595E-01    -5.65287543674134E-01     3.02725510725546E-01     2.66499630071583E-01
         0.58735472443375    -8.26234910698634E-01     4.59821538585404E-02    -6.52514099592094E-01     2.40459771924833E-01     9.50816701157307E-01
         0.17874874061685    -1.03533512436824E-01    -9.91985341560913E-01    -3.97944304537121E-01    -9.14773526135829E-01     7.81459899689756E-02
O DZVP-MOLOPT-PBE-GTH-Q6
 1
 2 0 2 5 2 2 1
        10.34256722623639    -1.36612866576817E-01     5.36780510727693E-02    -9.23817206645146E-02     5.83443637080248E-02    -9.48473896502772E-02
         3.67715896642206    -1.53385468202307E-01     9.10278370989298E-02    -2.98264530995839E-01     1.75046650342809E-01     1.72754284852763E-01
         1.30046451996361     5.48080652961239E-01    -2.61157543615482E-01    -5.68590641449654E-01     3.64872626600995E-01     4.96868401181124E-01
         0.46645021946921     7.84467551986126E-01    -4.09115659592467E-02    -6.49258120291653E-01     1.42983044083434E-01     8.41501659783491E-01
         0.14793951916337     2.05007513424509E-01     9.58621708960114E-01    -3.97079920076698E-01    -9.01320376386329E-01    -7.84645029990108E-02
