RE TZV2P-MOLOPT-PBE-GTH-Q15
 1
 2 0 3 6 4 3 3 2
         3.50766368420562     1.88310263454117E-01    -7.74444156343640E-02     4.96074005014646E-01     2.51618566548602E-01     5.97802193725369E-01     2.60986932080133E-02     1.07415534216908E-01    -1.20706542899853E-01    -3.65808507898518E-02    -2.72157985448283E-02    -2.04386838104075E-01    -4.15825048907701E-02
         3.26852244247913     2.52461282129628E-01     3.01446828134261E-01    -5.26839070735849E-01     2.21772943249518E-01    -5.01514230815202E-01     3.59747854702507E-02    -1.25139205339363E-01     1.57252075297851E-01     2.35291590856090E-02     2.12737223974015E-02     2.37404821347832E-01     8.30528668996462E-02
         1.15893250653853    -6.31935898306451E-01    -3.82833541550091E-01     1.88535325891092E-01    -2.31978385711535E-01    -4.26937001199844E-01    -5.35270305095437E-01     4.02609489476960E-01     5.00218506352394E-01    -1.54507737715263E-01     6.01871144253512E-01    -2.05468853143945E-01    -3.21190858832404E-01
         0.48380284100589    -1.15199686647146E-01    -3.00557936784538E-01     6.73574167112463E-02     8.87205180329379E-01    -3.46159271586216E-01    -7.11404039128262E-02    -3.14860383023397E-01     7.29813171317647E-01    -3.19169955927845E-01    -1.52076310246296E-01    -7.68404119996223E-01    -3.41033498485788E-01
         0.18251753324686    -5.75655982473969E-01     2.60831586582446E-02    -5.45454929956397E-01     1.49959597997712E-01    -2.78189861981056E-01     7.77181375954076E-01    -9.45472433630982E-02     4.21076567592219E-01     6.81900267798532E-01    -5.00716150220164E-01    -5.18579774891412E-01     7.03890276788359E-01
         0.05798018549822    -3.95990894053454E-01     8.15815694399961E-01     3.72488259930840E-01     1.55145010033266E-01    -1.07819153490083E-01     3.20060190132246E-01     8.38231137129747E-01     2.34610403498795E-02     6.38261813853558E-01     6.02257409693284E-01     1.66627442138565E-02     5.25779592550541E-01
RE TZVP-MOLOPT-PBE-GTH-q15
 1
 2 0 3 6 4 3 3 1
         3.50766368420562     1.88310263454117E-01    -7.74444156343640E-02     4.96074005014646E-01     2.51618566548602E-01     5.97802193725369E-01     2.60986932080133E-02     1.07415534216908E-01    -1.20706542899853E-01    -3.65808507898518E-02    -2.72157985448283E-02    -2.04386838104075E-01
         3.26852244247913     2.52461282129628E-01     3.01446828134261E-01    -5.26839070735849E-01     2.21772943249518E-01    -5.01514230815202E-01     3.59747854702507E-02    -1.25139205339363E-01     1.57252075297851E-01     2.35291590856090E-02     2.12737223974015E-02     2.37404821347832E-01
         1.15893250653853    -6.31935898306451E-01    -3.82833541550091E-01     1.88535325891092E-01    -2.31978385711535E-01    -4.26937001199844E-01    -5.35270305095437E-01     4.02609489476960E-01     5.00218506352394E-01    -1.54507737715263E-01     6.01871144253512E-01    -2.05468853143945E-01
         0.48380284100589    -1.15199686647146E-01    -3.00557936784538E-01     6.73574167112463E-02     8.87205180329379E-01    -3.46159271586216E-01    -7.11404039128262E-02    -3.14860383023397E-01     7.29813171317647E-01    -3.19169955927845E-01    -1.52076310246296E-01    -7.68404119996223E-01
         0.18251753324686    -5.75655982473969E-01     2.60831586582446E-02    -5.45454929956397E-01     1.49959597997712E-01    -2.78189861981056E-01     7.77181375954076E-01    -9.45472433630982E-02     4.21076567592219E-01     6.81900267798532E-01    -5.00716150220164E-01    -5.18579774891412E-01
         0.05798018549822    -3.95990894053454E-01     8.15815694399961E-01     3.72488259930840E-01     1.55145010033266E-01    -1.07819153490083E-01     3.20060190132246E-01     8.38231137129747E-01     2.34610403498795E-02     6.38261813853558E-01     6.02257409693284E-01     1.66627442138565E-02
RE DZVP-MOLOPT-PBE-GTH-q15
 1
 2 0 3 6 3 2 2 1
         3.50766368420562     1.88310263454117E-01    -7.74444156343640E-02     4.96074005014646E-01     5.97802193725369E-01     2.60986932080133E-02    -1.20706542899853E-01    -3.65808507898518E-02    -2.04386838104075E-01
         3.26852244247913     2.52461282129628E-01     3.01446828134261E-01    -5.26839070735849E-01    -5.01514230815202E-01     3.59747854702507E-02     1.57252075297851E-01     2.35291590856090E-02     2.37404821347832E-01
         1.15893250653853    -6.31935898306451E-01    -3.82833541550091E-01     1.88535325891092E-01    -4.26937001199844E-01    -5.35270305095437E-01     5.00218506352394E-01    -1.54507737715263E-01    -2.05468853143945E-01
         0.48380284100589    -1.15199686647146E-01    -3.00557936784538E-01     6.73574167112463E-02    -3.46159271586216E-01    -7.11404039128262E-02     7.29813171317647E-01    -3.19169955927845E-01    -7.68404119996223E-01
         0.18251753324686    -5.75655982473969E-01     2.60831586582446E-02    -5.45454929956397E-01    -2.78189861981056E-01     7.77181375954076E-01     4.21076567592219E-01     6.81900267798532E-01    -5.18579774891412E-01
         0.05798018549822    -3.95990894053454E-01     8.15815694399961E-01     3.72488259930840E-01    -1.07819153490083E-01     3.20060190132246E-01     2.34610403498795E-02     6.38261813853558E-01     1.66627442138565E-02
H TZV2P-MOLOPT-PBE-GTH-Q1
 1
 2 0 2 5 3 2 1
         9.42354063693337     1.73389254674243E-02    -1.21441381781897E-01     8.48842952201243E-01    -8.76722314909129E-02     1.38509912982294E-01     1.01583846424117E-05
         2.22615949373757     1.93701953472634E-01    -1.18295700700916E-01     4.34966851840939E-01     2.94035801652179E-01    -4.64264354132394E-01    -5.41805899933135E-06
         0.63906011750762     5.93968178416321E-01    -1.91886640436410E-01     8.47731161618519E-02     4.09268475073086E-01    -6.46177309023364E-01    -2.13029117448260E-05
         0.31891311049636     2.87977189530933E-01     9.48793640784133E-01     1.29845157344792E-01     1.56986057354678E-01    -2.47870371773730E-01     1.00804100896023E-05
         0.16139156624546     7.25568643357183E-01    -1.85008817130971E-01    -2.57338753762772E-01     8.44814311123899E-01     5.35059601902204E-01     9.99999999656012E-01
H TZVP-MOLOPT-PBE-GTH-q1
 1
 2 0 1 5 3 1
         9.42354063693337     1.73389254674243E-02    -1.21441381781897E-01     8.48842952201243E-01    -8.76722314909129E-02
         2.22615949373757     1.93701953472634E-01    -1.18295700700916E-01     4.34966851840939E-01     2.94035801652179E-01
         0.63906011750762     5.93968178416321E-01    -1.91886640436410E-01     8.47731161618519E-02     4.09268475073086E-01
         0.31891311049636     2.87977189530933E-01     9.48793640784133E-01     1.29845157344792E-01     1.56986057354678E-01
         0.16139156624546     7.25568643357183E-01    -1.85008817130971E-01    -2.57338753762772E-01     8.44814311123899E-01
H DZVP-MOLOPT-PBE-GTH-q1
 1
 2 0 1 5 2 1
         9.42354063693337     1.73389254674243E-02    -1.21441381781897E-01    -8.76722314909129E-02
         2.22615949373757     1.93701953472634E-01    -1.18295700700916E-01     2.94035801652179E-01
         0.63906011750762     5.93968178416321E-01    -1.91886640436410E-01     4.09268475073086E-01
         0.31891311049636     2.87977189530933E-01     9.48793640784133E-01     1.56986057354678E-01
         0.16139156624546     7.25568643357183E-01    -1.85008817130971E-01     8.44814311123899E-01
O TZV2P-MOLOPT-PBE-GTH-Q6
 1
 2 0 3 5 3 3 2 1
        10.34256722623639    -1.36598767253985E-01     5.35898017733314E-02    -1.18707008771107E-01    -9.23673397522993E-02     5.82948619873808E-02     9.18414097966573E-02    -9.48396929864874E-02     1.47739306049945E-01    -6.27421636348332E-05
         3.67715896642206    -1.53365311059511E-01     9.09944842814309E-02    -2.82507973527509E-01    -2.98268574244154E-01     1.75273022378177E-01     2.27281538167357E-01     1.72695668110757E-01    -2.69128753144972E-01     1.08668748395417E-04
         1.30046451996361     5.48021970885945E-01    -2.61169567089594E-01     6.98682645593308E-01    -5.68604037326135E-01     3.64979965319240E-01     5.95584075165259E-01     4.96837623369842E-01    -7.73936715688092E-01     3.17226823696088E-04
         0.46645021946921     7.84538402757388E-01    -4.08365744734643E-02    -6.15550727563364E-01    -6.49207117094457E-01     1.42847181972710E-01    -7.45101990481658E-01     8.41535542399250E-01     5.40201745515093E-01     9.99999938769363E-01
         0.14793951916337     2.04917720496501E-01     9.58629734771334E-01     1.97579739611495E-01    -3.97144432185278E-01    -9.01257668045223E-01     1.73236517641798E-01    -7.84343402663362E-02     1.22257293978271E-01     7.79931889816245E-05
O TZVP-MOLOPT-PBE-GTH-q6
 1
 2 0 2 5 3 3 1
        10.34256722623639    -1.36598767253985E-01     5.35898017733314E-02    -1.18707008771107E-01    -9.23673397522993E-02     5.82948619873808E-02     9.18414097966573E-02    -9.48396929864874E-02
         3.67715896642206    -1.53365311059511E-01     9.09944842814309E-02    -2.82507973527509E-01    -2.98268574244154E-01     1.75273022378177E-01     2.27281538167357E-01     1.72695668110757E-01
         1.30046451996361     5.48021970885945E-01    -2.61169567089594E-01     6.98682645593308E-01    -5.68604037326135E-01     3.64979965319240E-01     5.95584075165259E-01     4.96837623369842E-01
         0.46645021946921     7.84538402757388E-01    -4.08365744734643E-02    -6.15550727563364E-01    -6.49207117094457E-01     1.42847181972710E-01    -7.45101990481658E-01     8.41535542399250E-01
         0.14793951916337     2.04917720496501E-01     9.58629734771334E-01     1.97579739611495E-01    -3.97144432185278E-01    -9.01257668045223E-01     1.73236517641798E-01    -7.84343402663362E-02
O DZVP-MOLOPT-PBE-GTH-q6
 1
 2 0 2 5 2 2 1
        10.34256722623639    -1.36598767253985E-01     5.35898017733314E-02    -9.23673397522993E-02     5.82948619873808E-02    -9.48396929864874E-02
         3.67715896642206    -1.53365311059511E-01     9.09944842814309E-02    -2.98268574244154E-01     1.75273022378177E-01     1.72695668110757E-01
         1.30046451996361     5.48021970885945E-01    -2.61169567089594E-01    -5.68604037326135E-01     3.64979965319240E-01     4.96837623369842E-01
         0.46645021946921     7.84538402757388E-01    -4.08365744734643E-02    -6.49207117094457E-01     1.42847181972710E-01     8.41535542399250E-01
         0.14793951916337     2.04917720496501E-01     9.58629734771334E-01    -3.97144432185278E-01    -9.01257668045223E-01    -7.84343402663362E-02
F TZV2P-MOLOPT-PBE-GTH-Q7
 1
 2 0 3 5 3 3 2 1
        13.30428004732790     1.38292090777636E-01    -4.13851185732434E-02    -3.68601172475513E-01    -9.35531482386367E-02     5.06296345689289E-02     1.31156005847365E-01    -3.26022751966033E-02     1.00541308351024E-01     9.72064409635608E-05
         4.80605774544240     1.37268979809070E-01    -3.39565337061055E-02    -2.68712697428403E-01    -2.95910126104609E-01     1.05677150923709E-01    -3.03933997040743E-01     1.33191225710905E-01    -4.08920622745241E-01     5.04092340544058E-06
         1.70698523266130    -5.18264453672791E-01     1.04861752881122E-01     6.94838249064691E-01    -5.65276724858415E-01     3.02716360438154E-01     7.47866109869779E-01     2.66499643835383E-01    -8.18034852203344E-01     5.83002400834836E-05
         0.58735472443375    -8.26267224974586E-01     4.59440905301858E-02    -5.51244775686392E-01    -6.52493507471700E-01     2.40526134346493E-01    -5.71224059806739E-01     9.50822081343244E-01     3.09737546860849E-01     9.99999990598423E-01
         0.17874874061685    -1.03522721189923E-01    -9.91981541717081E-01     7.24959778581021E-02    -3.97994287350983E-01    -9.14756231842929E-01     6.94376178966045E-02     7.81824693351836E-02    -2.39910404638869E-01    -7.70047573235798E-05
F TZVP-MOLOPT-PBE-GTH-q7
 1
 2 0 2 5 3 3 1
        13.30428004732790     1.38292090777636E-01    -4.13851185732434E-02    -3.68601172475513E-01    -9.35531482386367E-02     5.06296345689289E-02     1.31156005847365E-01    -3.26022751966033E-02
         4.80605774544240     1.37268979809070E-01    -3.39565337061055E-02    -2.68712697428403E-01    -2.95910126104609E-01     1.05677150923709E-01    -3.03933997040743E-01     1.33191225710905E-01
         1.70698523266130    -5.18264453672791E-01     1.04861752881122E-01     6.94838249064691E-01    -5.65276724858415E-01     3.02716360438154E-01     7.47866109869779E-01     2.66499643835383E-01
         0.58735472443375    -8.26267224974586E-01     4.59440905301858E-02    -5.51244775686392E-01    -6.52493507471700E-01     2.40526134346493E-01    -5.71224059806739E-01     9.50822081343244E-01
         0.17874874061685    -1.03522721189923E-01    -9.91981541717081E-01     7.24959778581021E-02    -3.97994287350983E-01    -9.14756231842929E-01     6.94376178966045E-02     7.81824693351836E-02
F DZVP-MOLOPT-PBE-GTH-q7
 1
 2 0 2 5 2 2 1
        13.30428004732790     1.38292090777636E-01    -4.13851185732434E-02    -9.35531482386367E-02     5.06296345689289E-02    -3.26022751966033E-02
         4.80605774544240     1.37268979809070E-01    -3.39565337061055E-02    -2.95910126104609E-01     1.05677150923709E-01     1.33191225710905E-01
         1.70698523266130    -5.18264453672791E-01     1.04861752881122E-01    -5.65276724858415E-01     3.02716360438154E-01     2.66499643835383E-01
         0.58735472443375    -8.26267224974586E-01     4.59440905301858E-02    -6.52493507471700E-01     2.40526134346493E-01     9.50822081343244E-01
         0.17874874061685    -1.03522721189923E-01    -9.91981541717081E-01    -3.97994287350983E-01    -9.14756231842929E-01     7.81824693351836E-02
