################################################################################################
# Osmium  
################################################################################################
Os ccGRB-D-q16
    2
  2  0  2  7  3  2  2
   7.47695929753       -0.0305345071    0.0240088229   -0.0394439803    0.0104278390    0.0195323074   -0.0000686926    0.0005366706
   3.43293291900        0.6787404526   -0.2251574743    0.3006454601    0.2337700345   -0.2636345299    0.0002840140   -0.0057763328
   1.57617929393       -0.6824519220    0.2248401670   -0.4480402938   -0.5438708193    0.6672777951   -0.2269397618    0.1708342796
  0.723678913988       -0.7603668926    0.6584656986   -0.3491781210   -0.5438343606    0.5380533134   -0.4152782286    0.2926153541
  0.332266241898       -0.0215796312   -0.1703857220   -0.8080626253   -0.1351180542   -0.9775400713   -0.3292777602    0.1381166095
  0.152555025953       -0.0272155727   -0.3488721881    3.6858387843   -0.0064599280   -0.3619086364   -0.1961243280   -0.3217228370
  0.700433357614E-01    0.0076458644   -0.7689186351   -2.6936501329   -0.0004255884   -0.0391042772   -0.0566170436   -0.7374725084
  3 3 3 1 1
      0.6278000              1.0000000

Os ccGRB-T-q16
    4
  2  0  2  8  4  3  3
   7.44982103675        0.0308689536   -0.0241376836    0.0383208748    0.0225369491   -0.0102871827   -0.0194990519   -0.0048128476    0.0000997206   -0.0003669308    0.0032461872
   3.43591898975       -0.6784679809    0.2247002091   -0.2933238016    0.0213617911   -0.2345037442    0.2628771780   -0.1969083265   -0.0005761990    0.0051035621   -0.0226457616
   1.58467421511        0.6701837126   -0.2180323759    0.4213800428    0.6198384886    0.5376442424   -0.6542853454    0.9539505848    0.2237855547   -0.1656673886    0.2618549767
  0.730864835734        0.7698365131   -0.6600517280    0.3892260950   -4.4080164495    0.5453958656   -0.5581614374   -0.1246808316    0.4121516738   -0.2975724775    0.2953290317
  0.337080898407        0.0201010302    0.1593222254    0.7391811715    7.7200690217    0.1398416519    0.9684069396   -1.4539161044    0.3306372535   -0.1268830439    0.1961439093
  0.155464494275        0.0353214776    0.3371832808   -3.4667117113   -5.4938268211    0.0069084678    0.3743269364    0.8164047302    0.1966478955    0.2717984870   -1.7789980152
  0.717015087312E-01   -0.0153799747    0.7749278298    2.3371028123    0.7300495708    0.0005556423    0.0451886962    0.6765983857    0.0623319429    0.7862847461    1.4779356143
  0.330693280051E-01    0.0036683760    0.0124555994    0.2031980259    0.8543852763   -0.0000411237   -0.0017666885   -0.0297454644   -0.0014306826   -0.0165689702   -0.0127271241
  3 3 3 1 1
      1.0510000              1.0000000
  3 3 3 1 1
      0.3372000              1.0000000
  4 4 4 1 1
      0.8435000              1.0000000

Os ccGRB-Q-q16
    6
  2  0  2  9  5  4  4
   6.88258268014       -0.0403940942   -0.0282580291    0.0188619064   -0.0736242632   -0.1261598617    0.0077218929    0.0205497186    0.0019311821    0.0746930871   -0.0000839395    0.0017541282   -0.0010789542    0.0071113016
   3.49863142053        0.6756156740    0.2173597099   -0.1602074474    0.4554455988    0.5627647082    0.2463277421   -0.2514827727    0.2147276394   -0.4751552334    0.0032481448   -0.0127424672    0.0137867402   -0.0506919702
   1.77846346140       -0.4299903152   -0.0982852803   -0.0646968768   -0.6525550617   -2.8579980301   -0.4028591577    0.4024915156   -0.7397429674    0.9526271857   -0.1535494549    0.1284343390   -0.1472131104    0.3001193264
  0.904048441624       -0.8577962513   -0.5889136623    1.0577405685    0.1231808972   10.7252442679   -0.5471208473    0.8282932608   -0.3293531621    0.7229691355   -0.3515280834    0.2262883177   -0.3290862587    0.3081811110
  0.459556017057       -0.1465318002   -0.1785169470   -0.4897758945   -3.4081149492  -18.6353545009   -0.2519001073   -0.5458913500    1.0013876888   -3.0395361385   -0.3171476693    0.2436161406   -0.1541097378    0.4962126414
  0.233606655450       -0.0529559461    0.2946445587    0.5710786252    9.7110271544   17.9414774086   -0.0346297969   -0.6769057965    0.6679126139    2.2116403711   -0.2537912904   -0.0924884765    0.3265420525   -3.0480640735
  0.118749548358        0.0234962257    0.4074123113   -3.4723949064   -9.9588124386   -9.9212645206   -0.0035886395   -0.1804307955   -1.1538009733    0.9653737153   -0.1109730161   -0.3675845181    1.3849180005    3.8029474772
  0.603640988227E-01   -0.0091506062    0.6000783952    2.9716455718    3.7848274629    2.3656145434    0.0005399143   -0.0121258070   -0.3186864018   -1.7629677490   -0.0437448822   -0.6390286901   -1.6419904447   -1.9122552088
  0.306849539813E-01    0.0016849985   -0.0154656048   -0.0498512928    0.0813226171    0.2392919112   -0.0000916511   -0.0002234349    0.0110727892    0.1229424454    0.0030503837    0.0426307994    0.1048289402    0.1055515630
  3 3 3 2 2
      1.3751000              1.0000000              0.00000000
      0.5584000              0.00000000             1.0000000
  3 3 3 1 1
      0.2268000              1.0000000
  4 4 4 1 1
      1.3769000              1.0000000
  4 4 4 1 1
      0.4759000              1.0000000
  5 5 5 1 1
      0.9164000              1.0000000

Os aug-cc-D
    4
1 0 0 1 1
      0.0169000              1.0000000
1 1 1 1 1
      0.0134000              1.0000000
1 2 2 1 1
      0.0317000              1.0000000
1 3 3 1 1
      0.2478000              1.0000000

Os aug-cc-T
     5
1 0 0 1 1
      0.0153000              1.0000000
1 1 1 1 1
      0.0116000              1.0000000
1 2 2 1 1
      0.0245000              1.0000000
1 3 3 1 1
      0.1251000              1.0000000
1 4 4 1 1
      0.3405000              1.0000000

Os aug-cc-Q
     6
1 0 0 1 1
      0.0144000              1.0000000
1 1 1 1 1
      0.0103000              1.0000000
1 2 2 1 1
      0.0203000              1.0000000
1 3 3 1 1
      0.0860000              1.0000000
1 4 4 1 1
      0.1939000              1.0000000
1 5 5 1 1
      0.3837000              1.0000000


