#
# Generated with CP2K Atom Code
#
 Os ccGRB-VAL-0
   1
  2  0  2  7  2  1  1
   7.47695929753       -0.0305345071    0.0240088229    0.0104278390   -0.0000686926
   3.43293291900        0.6787404526   -0.2251574743    0.2337700345    0.0002840140
   1.57617929393       -0.6824519220    0.2248401670   -0.5438708193   -0.2269397618
  0.723678913988       -0.7603668926    0.6584656986   -0.5438343606   -0.4152782286
  0.332266241898       -0.0215796312   -0.1703857220   -0.1351180542   -0.3292777602
  0.152555025953       -0.0272155727   -0.3488721881   -0.0064599280   -0.1961243280
  0.700433357614E-01    0.0076458644   -0.7689186351   -0.0004255884   -0.0566170436

 Os ccGRB-VAL-1
   1
  2  0  2  7  3  2  2
   7.47695929753       -0.0305345071    0.0240088229   -0.0394439803    0.0104278390    0.0195323074   -0.0000686926    0.0005366706
   3.43293291900        0.6787404526   -0.2251574743    0.3006454601    0.2337700345   -0.2636345299    0.0002840140   -0.0057763328
   1.57617929393       -0.6824519220    0.2248401670   -0.4480402938   -0.5438708193    0.6672777951   -0.2269397618    0.1708342796
  0.723678913988       -0.7603668926    0.6584656986   -0.3491781210   -0.5438343606    0.5380533134   -0.4152782286    0.2926153541
  0.332266241898       -0.0215796312   -0.1703857220   -0.8080626253   -0.1351180542   -0.9775400713   -0.3292777602    0.1381166095
  0.152555025953       -0.0272155727   -0.3488721881    3.6858387843   -0.0064599280   -0.3619086364   -0.1961243280   -0.3217228370
  0.700433357614E-01    0.0076458644   -0.7689186351   -2.6936501329   -0.0004255884   -0.0391042772   -0.0566170436   -0.7374725084

 Os ccGRB-POL-1
   1
  3  3  3  1  1
  0.318698316893        1.0000000000

 Os ccGRB-EXT
   1
  2  0  2  1  3  2  1
  0.217910055821E-01    1.0000000000    6.9787400523  285.7235512525    6.9787400523  285.7235512525  285.7235512525

