SC SVP-MOLOPT-PBE-AE
 4
 1 0 0 6 1
     38956.02349745517131     2.96100187583712E-03
      5849.52862467059367     2.10677440696457E-02
      1330.89098292835251     1.07700790164692E-01
       375.69697741229618     3.59809762494074E-01
       120.91054417301564     7.55640965406290E-01
        40.36135312730326     5.36182421046622E-01
 1 0 0 8 4
        80.94436090818931    -1.26712193435430E-01    -4.74517723419844E-02    -1.26446976872678E-03    -1.21096168763890E-02
         9.17479054739516     7.62434448895181E-01     2.23858988473041E-01     3.79040631314685E-02     4.38390830893504E-02
         5.84839473815652     8.04169956910841E-02    -1.36821802072280E-01    -4.44805684593272E-02    -1.80691516457372E-02
         3.61062595378414     5.65290978220714E-01     1.41726407127759E-01     9.33523723806774E-02     1.58329752998799E-02
         1.02738033269589    -1.57180722065945E-01     7.19893245793331E-01    -4.17157138829844E-01     1.50701148755724E-01
         0.41256549313170    -1.63780905978081E-01     5.45686752298874E-01     1.74598467546088E-02    -1.03528736304433E-01
         0.09582796460868    -1.39245607441936E-01     1.76012674593670E-01     7.12583883840848E-01     6.53667761560229E-01
         0.03581341353099     7.54827409076081E-02    -2.48652617100274E-01    -5.52962729738326E-01     7.32559715412130E-01
 1 1 1 5 1
       466.40044151887804     1.46368571637206E-02
       109.45053234486272     1.06081061086684E-01
        33.19983867839233     4.25581950048561E-01
        11.20165762713132     7.87378325722130E-01
         4.01424438459154     4.32952591939315E-01
 1 1 3 5 2 2 1
         5.50913522067103     2.43602751686088E-02    -2.31173781075991E-02     2.49083101934991E-01    -4.33369792347388E-02     3.54514448240278E-02
         1.70128527307069     6.17752849174728E-01    -1.90405999612725E-01     4.97059799375755E-01    -6.51903530434556E-02     1.89204672092705E-02
         0.61290224741184     6.57554380218850E-01    -3.82668215163136E-01     7.09316482862294E-01    -2.59480368387212E-01     6.94515048718594E-01
         0.21284708024666     3.39324988604361E-01     5.03593634660345E-01     4.31473202102672E-01     5.96507813502704E-01     7.13059746396690E-01
         0.05406500028840     2.65082597493441E-01     7.50446287467898E-01    -3.98769003573488E-02     7.55460449628396E-01     8.70623693254969E-02
H SVP-MOLOPT-PBE-AE
 1
 2 0 1 4 2 1
        12.24885489931877     9.13601065893484E-02    -2.92233653979741E-02    -2.98536765580705E-02
         1.44668572118719     5.46801357436806E-01    -1.89238960127749E-01     5.05674686289909E-01
         0.37494771895490     8.27248429081306E-01     2.01024168753657E-02     8.56401740098416E-01
         0.11192006491493     9.12230399173390E-02     9.81290224001215E-01     9.98895850325395E-02
F SVP-MOLOPT-PBE-AE
 2
 1 0 0 7 3
      2894.85760373222138    -1.89225166552882E-02    -1.69242373474079E-02     1.56429205622782E-01
       435.72006333230098    -5.47718508603712E-02     4.35884037952142E-03    -7.98432634961778E-02
        98.52635730461387    -2.73685193620500E-01     1.03734081139359E-01    -3.50907504362976E-02
        25.52164954648142    -7.37742492792940E-01     9.09854482000018E-02     1.19033433504314E-02
         7.74033527583515    -5.97666004055640E-01     7.53553007481536E-02    -4.08316440936959E-03
         1.29027540045465     1.18958584280118E-01     8.03005387331711E-01    -5.67628929674378E-01
         0.39691722964189     7.82215741311875E-02     5.74594975519432E-01     8.03469123562649E-01
 2 1 2 4 2 1
        20.86106496273842    -1.10459850494974E-01    -4.27931460741902E-02     1.87770753897563E-02
         3.47280160970880    -5.28022336274227E-01    -8.76852813264224E-03     1.42075306386988E-01
         0.85628499813330    -8.26328796839365E-01    -1.81029642926015E-01     9.03974169721402E-01
         0.22140677163303    -1.61776862802262E-01     9.82507062542321E-01     4.02855717635176E-01
CL SVP-MOLOPT-PBE-AE
 3
 1 0 0 5 1
     10449.73865986333476     7.92960573941961E-03
      1571.78177464848341     6.21680867531297E-02
       357.17329535888280     2.69577117620510E-01
       100.08667457398440     7.19173472798793E-01
        30.61002596530858     6.37330325671244E-01
 1 0 0 5 3
        51.91245118574216    -1.18096328736624E-01    -6.40377047377502E-02     3.89634888740843E-02
         5.60412729707609     7.74483936348342E-01    -1.94653261999477E-01     5.74322043222265E-01
         2.19075124977087     6.12385827448821E-01     3.85229430631324E-01    -6.60064309823226E-01
         0.56484358945251    -5.02206802462349E-02     5.97599003556938E-01     4.62892544090272E-01
         0.20200153999791    -9.32167961943450E-02     6.72668563772758E-01     1.36680784044379E-01
 1 1 2 7 3 1
       307.66262352364191    -1.41860191757227E-02     4.53707609941391E-03    -4.23704216636409E-03     5.12444630001981E-03
        72.14728379673939    -8.85277776059412E-02    -4.94482703050064E-03    -1.47096881368273E-02    -3.60621072277412E-03
        22.55518606717056    -3.78386770918235E-01    -9.49655880135036E-04     2.33703317780398E-03     7.21261594348665E-03
         7.24782137179115    -7.68325377362051E-01    -8.89706781187266E-02    -6.32538811770098E-02    -8.30729065003500E-03
         2.47105439082271    -5.07191220590418E-01     1.39408082259565E-01     2.81680450029172E-02     2.51018124766366E-01
         0.54359214040661     1.77332693550757E-03     9.86199274331532E-01    -1.36123356582732E-02     8.60344615069135E-01
         0.15406764967487    -3.48579490965011E-02     3.82859289817821E-03     9.97386797034735E-01     4.43437421456475E-01
O SVP-MOLOPT-PBE-AE
 2
 1 0 0 7 3
      2266.11882679815517    -6.53195164418799E-03     4.31511781018852E-03    -1.50255386286268E-02
       340.90332514956907    -6.49692043203330E-02    -8.38643395903431E-03     2.78970138112306E-02
        76.92814265988143    -2.68398557546813E-01     9.66356731438743E-02    -1.03149893654597E-01
        19.69260394517260    -7.46654382968193E-01     7.27513962145946E-02    -4.77845342576543E-02
         5.94653840051691    -5.84020787076508E-01     6.76448442348491E-02    -6.55152912382769E-02
         0.94188304160944     1.58317373375200E-01     7.83140450398519E-01    -5.91846167956205E-01
         0.29333843489112    -7.81743877443225E-03     6.06131205686227E-01     7.94668854066698E-01
 2 1 2 4 2 1
        16.36868614237306     1.01723539743118E-01    -2.55855611750852E-02     8.33706707858758E-03
         2.90797745788635     5.10732722414240E-01    -9.49942456369113E-02     1.82905409616553E-01
         0.75006795444374     8.35859133120747E-01    -1.43391921218567E-01     8.94419927848460E-01
         0.19193642427748     1.73620037138872E-01     9.84764047518226E-01     4.08030755106872E-01
