MN TZV2P-MOLOPT-PBE0-GTH-Q15
 1
 2 0 3 6 4 3 3 2
         7.48569039680481     2.22362604407796E-01     3.76208738560572E-02     1.20097737651433E-01     1.43489381837023E-02    -1.45938191977175E-01     2.88355129821542E-02     2.70203582238916E-02     2.73016319370240E-01    -9.41029337098876E-02     6.74426394086852E-02    -3.24859280941792E-04    -1.09779136578377E-04
         3.56047403098405     2.00634499000410E-01     7.68752422893444E-02     5.59011334651480E-02     1.14055932492878E-01     2.95002960292770E-01    -1.05123336722973E-01    -1.92128913889629E-02     3.85624007448820E-01    -8.82931581757384E-02     6.62355043058294E-02    -2.16437370533605E-02    -7.31403073712118E-03
         1.60266090524572    -7.39507275769369E-01    -4.47139304714895E-01    -8.60395042049750E-02    -3.76127259599908E-01     6.99704357566582E-01    -4.31204197349671E-01     9.19203465749146E-02     6.07714610578667E-01    -2.54242330580490E-01     1.79246163422280E-01    -1.08056281406991E-01    -3.65152728293305E-02
         0.62170395134037    -2.15279695850625E-01    -3.85394265477145E-01    -1.24632762466927E-02     8.95257970658912E-01     4.75426445978091E-01    -7.77957035555708E-02    -1.00228515348498E-01     5.87086863482730E-01     4.78745290572430E-02    -1.77312562538209E-02    -7.19212463052411E-01    -2.43042227334268E-01
         0.21561334250924    -3.09271092607271E-01     5.95417589994957E-01    -7.08824551782558E-01     1.65572311803350E-01     3.31034317064116E-01     6.75741541632214E-01    -6.21596717697611E-01     2.49803526877232E-01     7.86916282930391E-01    -5.06130150627952E-01    -6.06710195781931E-01    -2.05024530169334E-01
         0.06376947059465    -4.70569551594628E-01     5.38229005920594E-01     6.87358146776435E-01     1.28111718268958E-01     2.57827626397575E-01     5.82667774015454E-01     7.70728992701111E-01    -1.91410295325136E-02     5.45142721270413E-01     8.38124712936162E-01    -3.20142865742220E-01     9.47369276214064E-01
MN TZVP-MOLOPT-PBE0-GTH-q15
 1
 2 0 3 6 4 3 3 1
         7.48569039680481     2.22362604407796E-01     3.76208738560572E-02     1.20097737651433E-01     1.43489381837023E-02    -1.45938191977175E-01     2.88355129821542E-02     2.70203582238916E-02     2.73016319370240E-01    -9.41029337098876E-02     6.74426394086852E-02    -3.24859280941792E-04
         3.56047403098405     2.00634499000410E-01     7.68752422893444E-02     5.59011334651480E-02     1.14055932492878E-01     2.95002960292770E-01    -1.05123336722973E-01    -1.92128913889629E-02     3.85624007448820E-01    -8.82931581757384E-02     6.62355043058294E-02    -2.16437370533605E-02
         1.60266090524572    -7.39507275769369E-01    -4.47139304714895E-01    -8.60395042049750E-02    -3.76127259599908E-01     6.99704357566582E-01    -4.31204197349671E-01     9.19203465749146E-02     6.07714610578667E-01    -2.54242330580490E-01     1.79246163422280E-01    -1.08056281406991E-01
         0.62170395134037    -2.15279695850625E-01    -3.85394265477145E-01    -1.24632762466927E-02     8.95257970658912E-01     4.75426445978091E-01    -7.77957035555708E-02    -1.00228515348498E-01     5.87086863482730E-01     4.78745290572430E-02    -1.77312562538209E-02    -7.19212463052411E-01
         0.21561334250924    -3.09271092607271E-01     5.95417589994957E-01    -7.08824551782558E-01     1.65572311803350E-01     3.31034317064116E-01     6.75741541632214E-01    -6.21596717697611E-01     2.49803526877232E-01     7.86916282930391E-01    -5.06130150627952E-01    -6.06710195781931E-01
         0.06376947059465    -4.70569551594628E-01     5.38229005920594E-01     6.87358146776435E-01     1.28111718268958E-01     2.57827626397575E-01     5.82667774015454E-01     7.70728992701111E-01    -1.91410295325136E-02     5.45142721270413E-01     8.38124712936162E-01    -3.20142865742220E-01
MN DZVP-MOLOPT-PBE0-GTH-q15
 1
 2 0 3 6 3 2 2 1
         7.48569039680481     2.22362604407796E-01     3.76208738560572E-02     1.20097737651433E-01    -1.45938191977175E-01     2.88355129821542E-02     2.73016319370240E-01    -9.41029337098876E-02    -3.24859280941792E-04
         3.56047403098405     2.00634499000410E-01     7.68752422893444E-02     5.59011334651480E-02     2.95002960292770E-01    -1.05123336722973E-01     3.85624007448820E-01    -8.82931581757384E-02    -2.16437370533605E-02
         1.60266090524572    -7.39507275769369E-01    -4.47139304714895E-01    -8.60395042049750E-02     6.99704357566582E-01    -4.31204197349671E-01     6.07714610578667E-01    -2.54242330580490E-01    -1.08056281406991E-01
         0.62170395134037    -2.15279695850625E-01    -3.85394265477145E-01    -1.24632762466927E-02     4.75426445978091E-01    -7.77957035555708E-02     5.87086863482730E-01     4.78745290572430E-02    -7.19212463052411E-01
         0.21561334250924    -3.09271092607271E-01     5.95417589994957E-01    -7.08824551782558E-01     3.31034317064116E-01     6.75741541632214E-01     2.49803526877232E-01     7.86916282930391E-01    -6.06710195781931E-01
         0.06376947059465    -4.70569551594628E-01     5.38229005920594E-01     6.87358146776435E-01     2.57827626397575E-01     5.82667774015454E-01    -1.91410295325136E-02     5.45142721270413E-01    -3.20142865742220E-01
S TZV2P-MOLOPT-PBE0-GTH-Q6
 1
 2 0 3 4 3 3 2 1
         1.83659095947030     3.72803746003926E-01    -1.31812637810655E-01     2.56559878276949E-01     3.22135672378229E-01     2.14331044549409E-01    -6.28996181588624E-01    -6.56359111506667E-02    -4.82828101700687E-01    -3.30262411007222E-01
         1.39208197320107    -1.14279794636780E-01    -1.43288136484319E-01    -9.36393612455788E-01    -4.14974000535217E-01    -2.38907656855117E-01     4.88223890340128E-01     4.63441350718008E-01     7.40196513039148E-01     6.28765210001307E-01
         0.38620456072642    -7.33165669969939E-01     5.64751972580603E-01     1.18110304523197E-01    -7.40576228885045E-01    -2.84085486628765E-01    -5.98215801765616E-01     8.51719381751729E-01    -4.61461066543628E-01     6.86604311155619E-01
         0.12374068236867    -5.57158501578093E-01    -8.01965802215136E-01     2.08312235300652E-01    -4.19013170045561E-01     9.03482579314762E-01     9.02169106431992E-02     2.35559199269617E-01     7.77163454957457E-02     1.55420624339973E-01
S TZVP-MOLOPT-PBE0-GTH-q6
 1
 2 0 2 4 3 3 1
         1.83659095947030     3.72803746003926E-01    -1.31812637810655E-01     2.56559878276949E-01     3.22135672378229E-01     2.14331044549409E-01    -6.28996181588624E-01    -6.56359111506667E-02
         1.39208197320107    -1.14279794636780E-01    -1.43288136484319E-01    -9.36393612455788E-01    -4.14974000535217E-01    -2.38907656855117E-01     4.88223890340128E-01     4.63441350718008E-01
         0.38620456072642    -7.33165669969939E-01     5.64751972580603E-01     1.18110304523197E-01    -7.40576228885045E-01    -2.84085486628765E-01    -5.98215801765616E-01     8.51719381751729E-01
         0.12374068236867    -5.57158501578093E-01    -8.01965802215136E-01     2.08312235300652E-01    -4.19013170045561E-01     9.03482579314762E-01     9.02169106431992E-02     2.35559199269617E-01
S DZVP-MOLOPT-PBE0-GTH-q6
 1
 2 0 2 4 2 2 1
         1.83659095947030     3.72803746003926E-01    -1.31812637810655E-01     3.22135672378229E-01     2.14331044549409E-01    -6.56359111506667E-02
         1.39208197320107    -1.14279794636780E-01    -1.43288136484319E-01    -4.14974000535217E-01    -2.38907656855117E-01     4.63441350718008E-01
         0.38620456072642    -7.33165669969939E-01     5.64751972580603E-01    -7.40576228885045E-01    -2.84085486628765E-01     8.51719381751729E-01
         0.12374068236867    -5.57158501578093E-01    -8.01965802215136E-01    -4.19013170045561E-01     9.03482579314762E-01     2.35559199269617E-01
O TZV2P-MOLOPT-PBE0-GTH-Q6
 1
 2 0 3 5 3 3 2 1
        10.34082423621691    -1.29825249634708E-01     8.18793043945143E-02    -1.54163825083534E-01    -9.31315963557027E-02     6.07168741616306E-02     5.24249215362800E-02    -1.46443819746845E-04    -1.35615599706110E-01    -4.53627038333396E-02
         3.64864310376424    -1.27684551447027E-01     1.02649506262870E-01    -2.90598920673850E-01    -3.10412801135525E-01     1.66218217874094E-01     1.57277538743803E-01     4.82789843051162E-02    -2.03664714425298E-01    -7.75510089052828E-02
         1.25503633997207     5.26487514579900E-01    -3.65113179366377E-01     6.61471073309150E-01    -5.97863015525008E-01     4.26686208369503E-01     5.52189434348781E-01     7.18155124032992E-01    -6.65039106707507E-01     7.74070424398802E-02
         0.43936673910305     7.72667288737258E-01    -8.21060762059060E-02    -6.24492813862270E-01    -6.48920500304752E-01    -1.50379113770830E-02    -7.55332729990091E-01     6.93882202281484E-01     7.03924405563841E-01     9.92909576133937E-01
         0.14295518532255     3.04365270334762E-01     9.17992274956007E-01     2.53476876555698E-01    -3.41221918409427E-01    -8.86790677695403E-01     3.11568128998934E-01    -2.12090879301656E-02     4.83994939610748E-02     8.17248560335443E-03
O TZVP-MOLOPT-PBE0-GTH-q6
 1
 2 0 2 5 3 3 1
        10.34082423621691    -1.29825249634708E-01     8.18793043945143E-02    -1.54163825083534E-01    -9.31315963557027E-02     6.07168741616306E-02     5.24249215362800E-02    -1.46443819746845E-04
         3.64864310376424    -1.27684551447027E-01     1.02649506262870E-01    -2.90598920673850E-01    -3.10412801135525E-01     1.66218217874094E-01     1.57277538743803E-01     4.82789843051162E-02
         1.25503633997207     5.26487514579900E-01    -3.65113179366377E-01     6.61471073309150E-01    -5.97863015525008E-01     4.26686208369503E-01     5.52189434348781E-01     7.18155124032992E-01
         0.43936673910305     7.72667288737258E-01    -8.21060762059060E-02    -6.24492813862270E-01    -6.48920500304752E-01    -1.50379113770830E-02    -7.55332729990091E-01     6.93882202281484E-01
         0.14295518532255     3.04365270334762E-01     9.17992274956007E-01     2.53476876555698E-01    -3.41221918409427E-01    -8.86790677695403E-01     3.11568128998934E-01    -2.12090879301656E-02
O DZVP-MOLOPT-PBE0-GTH-q6
 1
 2 0 2 5 2 2 1
        10.34082423621691    -1.29825249634708E-01     8.18793043945143E-02    -9.31315963557027E-02     6.07168741616306E-02    -1.46443819746845E-04
         3.64864310376424    -1.27684551447027E-01     1.02649506262870E-01    -3.10412801135525E-01     1.66218217874094E-01     4.82789843051162E-02
         1.25503633997207     5.26487514579900E-01    -3.65113179366377E-01    -5.97863015525008E-01     4.26686208369503E-01     7.18155124032992E-01
         0.43936673910305     7.72667288737258E-01    -8.21060762059060E-02    -6.48920500304752E-01    -1.50379113770830E-02     6.93882202281484E-01
         0.14295518532255     3.04365270334762E-01     9.17992274956007E-01    -3.41221918409427E-01    -8.86790677695403E-01    -2.12090879301656E-02
F TZV2P-MOLOPT-PBE0-GTH-Q7
 1
 2 0 3 5 3 3 2 1
        13.31501907729122     1.31813146289282E-01    -5.24225688764356E-02    -5.17923286744451E-01    -9.80506809064632E-02     4.64420401614479E-02     6.35659142568778E-02     4.89385522399914E-03     1.52535072278595E-01     5.41962851226601E-02
         4.62512020147175     1.34547810393351E-01    -5.37398783766778E-02    -2.73506612070950E-02    -3.12727206728056E-01     1.25929415842544E-01     1.88833971660508E-01     2.30296758923593E-02    -1.84322551941015E-01     3.68925101794283E-02
         1.62272294024072    -5.51865766775749E-01     1.65440705311574E-01    -7.34790083225985E-01    -5.86706702362430E-01     2.77907352966805E-01     6.51110127867809E-01     5.26472480151814E-01    -8.13967424463323E-01     8.50449987353287E-02
         0.55216173678272    -7.87309125215089E-01     1.14519053917377E-01     4.34902286738320E-01    -6.52997838515906E-01     1.82287680337408E-01    -7.27945836193775E-01     8.49582617686734E-01     5.11993820603493E-01     9.94034575948952E-01
         0.17330337957192    -2.00276553789357E-01    -9.76667117835106E-01    -4.41695026221844E-02    -3.49223175694863E-01    -9.33554296168888E-01     8.03216449515110E-02    -2.19496600587510E-02     1.34452996051777E-01    -1.90870474316679E-02
F TZVP-MOLOPT-PBE0-GTH-q7
 1
 2 0 2 5 3 3 1
        13.31501907729122     1.31813146289282E-01    -5.24225688764356E-02    -5.17923286744451E-01    -9.80506809064632E-02     4.64420401614479E-02     6.35659142568778E-02     4.89385522399914E-03
         4.62512020147175     1.34547810393351E-01    -5.37398783766778E-02    -2.73506612070950E-02    -3.12727206728056E-01     1.25929415842544E-01     1.88833971660508E-01     2.30296758923593E-02
         1.62272294024072    -5.51865766775749E-01     1.65440705311574E-01    -7.34790083225985E-01    -5.86706702362430E-01     2.77907352966805E-01     6.51110127867809E-01     5.26472480151814E-01
         0.55216173678272    -7.87309125215089E-01     1.14519053917377E-01     4.34902286738320E-01    -6.52997838515906E-01     1.82287680337408E-01    -7.27945836193775E-01     8.49582617686734E-01
         0.17330337957192    -2.00276553789357E-01    -9.76667117835106E-01    -4.41695026221844E-02    -3.49223175694863E-01    -9.33554296168888E-01     8.03216449515110E-02    -2.19496600587510E-02
F DZVP-MOLOPT-PBE0-GTH-q7
 1
 2 0 2 5 2 2 1
        13.31501907729122     1.31813146289282E-01    -5.24225688764356E-02    -9.80506809064632E-02     4.64420401614479E-02     4.89385522399914E-03
         4.62512020147175     1.34547810393351E-01    -5.37398783766778E-02    -3.12727206728056E-01     1.25929415842544E-01     2.30296758923593E-02
         1.62272294024072    -5.51865766775749E-01     1.65440705311574E-01    -5.86706702362430E-01     2.77907352966805E-01     5.26472480151814E-01
         0.55216173678272    -7.87309125215089E-01     1.14519053917377E-01    -6.52997838515906E-01     1.82287680337408E-01     8.49582617686734E-01
         0.17330337957192    -2.00276553789357E-01    -9.76667117835106E-01    -3.49223175694863E-01    -9.33554296168888E-01    -2.19496600587510E-02
