I QZVPP-MOLOPT-PBE-Q25
 2
 1 0 2 11 2 2 1
     16788.45896254553736    -2.64290583730003E-02    -6.00099391552381E-02    -2.31837739863783E-03     3.51028821084600E-03    -1.82772807508369E-05
      2526.74882260774893    -8.91788622627919E-03    -2.04887580753387E-02     3.18249429080420E-05    -6.01811865558919E-05    -1.99229457009706E-05
       571.90424835756482     1.84630366412803E-02     3.66501839857164E-02     1.79680555978385E-05     4.14768872727196E-05    -4.68658636650655E-05
       150.41295161978212     1.97103543126513E-02     3.73272466856726E-02    -4.82014126527847E-03     8.53371393632656E-03     1.32404499431574E-03
        29.61937715594450    -5.72015356560489E-02     7.27761624188018E-02     9.50261502433060E-03    -2.50770061865845E-02     1.43720298646742E-02
        18.44794651349562     2.95780958990835E-01    -4.26928418485229E-01     2.06257406124371E-01    -1.66332623394909E-01    -1.75763376173024E-02
        11.50879553867868    -2.75612570435161E-01    -4.91754676786147E-02    -5.85821419753510E-01     4.17273408839922E-01    -1.92948522577540E-02
         7.03685175123360    -4.62636685979380E-01     2.68358734896861E-01     1.12923869537775E-01     7.26222128610511E-02     1.54674249285466E-01
         3.78687489796261     5.09998411550036E-01     7.95062281624754E-01     5.69340439197417E-01    -2.70299662177111E-01     5.65367917153253E-01
         2.08392286137728     5.08363126017952E-01    -3.13778175569704E-01     3.04765727047690E-01     6.80308448288711E-01     6.89078234060042E-01
         1.05533584540452    -3.14972638704557E-01     2.57449411345541E-02     4.29382990479911E-01     5.06307095253987E-01     4.25107812176873E-01
 1 0 4 7 5 4 3 4 1
         6.41513568887850    -1.85023055953674E-01    -7.47819279356213E-02     1.32035101485329E-01     3.85264018481699E-02    -6.01974860428988E-02    -1.19950501290576E-01     1.90584487071190E-01     8.12734718888773E-02     7.53547057698940E-03    -6.38451592710277E-02    -2.20536034706323E-02    -6.73962923728509E-03     9.87677174007402E-01    -5.03724505305578E-02     6.85962056996755E-03     2.64454646237227E-02     4.36820675724907E-05
         2.89939490553766    -1.12807742526182E-01    -2.07849204797320E-01    -8.77158682993904E-02    -1.14248057447967E-01    -1.73330166525473E-01    -2.05866977974138E-02    -8.85253806889533E-02     8.59447224363591E-04    -2.05349447671488E-01    -1.10332405756436E-01     1.09710880029585E-01     9.91881905965486E-02     2.55532697581338E-02     9.79029241821508E-01     1.81389323324507E-02    -2.62027359526714E-02    -8.91018448316483E-03
         1.29819466203343     9.41298074923231E-01    -6.31428912320820E-02    -1.89902860445482E-01     2.77850601026940E-02    -1.85780912297278E-01     3.16416316907722E-01    -3.79468195263737E-01    -1.38982816588373E-01     7.49903825174171E-02    -3.00894858726966E-02    -1.36823059047793E-01    -1.65817916684853E-01     7.11505922182583E-02     4.57008600247948E-02     9.06484874382221E-02     2.27322241679528E-01     1.17818947596492E-02
         0.61729406356321     9.84598685802308E-02     8.90177220257248E-01     4.92161732640186E-02    -1.37314211363065E-02     3.30804681475670E-01     8.93733003795847E-01    -1.19964766447405E-02    -1.21975687722275E-01    -1.99405516377303E-01     9.74951997973393E-01     1.35200468952527E-01    -1.02669733278229E-01    -4.52554782042121E-02    -5.49246617829704E-02     9.63912389630394E-01     1.27090752022777E-01     7.16622059385948E-01
         0.31159593822287     2.10829321105378E-01    -1.09881496543825E-01     9.24199264667090E-01    -2.75499123841394E-01     5.75917087277345E-02     2.00159673330301E-01     8.86984882446718E-01     9.42465377764987E-02     2.15740419658105E-02    -1.23952718775149E-01     9.74065977036858E-01     2.05932002154682E-02    -2.56805220239482E-02     5.72569099552372E-02    -1.17944690594521E-01     9.34562713219478E-01     8.66104713948792E-02
         0.16386630154448     6.28181613617459E-02    -1.58555064994711E-01     2.02769967429106E-01     9.01858480275923E-01     3.01046544071423E-01     1.57840979656506E-01    -1.57890975582399E-01     9.72611841979400E-01     4.77958590851832E-02     1.23404660999408E-01    -3.97176840239011E-02     9.50454709349731E-01     1.17943763153506E-01     1.74842002619873E-01     2.18597883192147E-01    -1.67962818401666E-01    -6.91508695634972E-01
         0.07348186772390     9.43893340482293E-02    -3.42914291366076E-01    -2.02798890050518E-01    -3.08632549410613E-01     8.53487436799518E-01     1.46056248575418E-01    -5.38903829097066E-03    -6.59043805373958E-02     9.53749872954098E-01     4.14824483020184E-02     9.76847172916806E-03    -2.19753020908937E-01    -4.64773578281544E-02     3.31559786771932E-03    -2.41598221461795E-02    -1.70785303559544E-01     2.34300611959285E-02
K QZVPP-MOLOPT-PBE-AE
 4
 1 0 0 11 1
   2022075.13553946255706     4.91642896711129E-05
    303044.65757526719244     9.97541171408050E-07
     69013.92421531068976     8.23664753714831E-04
     19559.22928680660334     2.99013410064904E-03
      6383.82013797483523     9.10839028630918E-03
      2305.31150062939514     2.93141804819578E-02
       899.11936745162575     9.25839917594289E-02
       372.64513209732280     2.11916159703778E-01
       161.91902458653092     4.65553730684255E-01
        73.11485146569278     7.55647510193510E-01
        33.88224063803809     3.97271197314868E-01
 1 0 1 9 1 1
      3469.66790596560168    -2.17510444518441E-02     3.20967333562500E-04
       821.98835902886754    -3.52311695186512E-02     3.09732102393463E-03
       266.49985430700133    -1.08982020509630E-01     1.79562494000663E-02
       101.15653648179853     5.88677778909830E-01     7.08564390584466E-02
        42.45127544029167     7.59810360659848E-01     2.13743139744957E-01
        18.88213301742472    -2.31363865556057E-01     4.61162885760948E-01
         8.63810119247152    -6.65755901855559E-02     6.75395399657465E-01
         4.03347632569675    -3.55043832818227E-02     5.10394244745430E-01
         1.93018604759806     5.77334884721434E-02     1.40102368983409E-01
 1 0 1 5 3 1
        27.55330308445077     6.41738249887334E-01    -3.75566417605274E-01    -3.96108084527860E-01    -2.13096784830575E-02
         8.82417279679373     7.52645095407166E-01     2.25606056782178E-01     4.34460665718539E-01    -3.75603821915485E-02
         1.89147240872378     5.12624194677667E-02     8.78694774914142E-01    -1.77158077412938E-01     5.10936646314469E-01
         0.29772398525383    -8.84627700113881E-02    -1.25807496762292E-01     7.87292319145827E-01     6.14361903833112E-01
         0.13220462705634    -1.06037171139668E-01    -1.41844067226401E-01    -5.59297339204336E-02     5.99698515809445E-01
 1 0 3 7 6 4 4 3
         3.86215504598253    -3.80967188153795E-02    -4.10248245842469E-01    -7.55129293915963E-02     3.32928518540108E-01    -4.54634520280343E-01    -1.67767498690833E-01    -9.15906667095803E-03    -1.49334259421064E-02    -2.52404496970627E-02     3.91725701066594E-02     1.80366356565382E-02     6.60235574246596E-03     1.98111843934982E-01     7.94106075187049E-02     9.79248746691688E-01    -2.46349048764413E-02    -4.48920621950120E-02
         0.75003245831885     9.34316522576075E-01    -3.16609299443826E-01     1.06959734459587E-01    -3.59114708448511E-02    -1.97823218123117E-02     2.33467936992531E-02     6.48934659509196E-02    -7.61443842870676E-02     2.17248030608583E-01    -3.09480464859979E-02     9.92064143934501E-01    -8.79472628180410E-02     6.46778139542839E-02     3.91562782940367E-02     1.11767726598462E-01    -1.12358983396024E-03     2.76351223661727E-03
         0.31817745484709     2.92644955600192E-01     8.20480167508557E-01     2.47989199857512E-01     3.21076327126298E-02    -2.04324582871084E-01    -1.10361407663519E-01    -5.90167888420031E-02    -5.36201984625291E-02     2.54308205055253E-02    -3.93720128846407E-02     9.11861832497657E-02     9.87752713723580E-01    -7.70545111553314E-03     2.23262912478795E-02     3.76286268183393E-02     9.91218493698735E-01    -6.84708306549380E-04
         0.13903274202939    -1.94208327160854E-01    -2.24586074607638E-01     8.96275919557497E-01    -2.89410930366172E-01    -1.56211555839278E-01     1.86819789306412E-02     9.84736216312095E-01     1.48550206435224E-01    -1.05210236835266E-03    -2.91353781528798E-02    -7.38628956937006E-02    -5.82871921980921E-03     9.41639678031472E-01     2.22062054046449E-01     9.55720131238886E-02    -5.28696590596398E-02     3.38825119894237E-01
         0.06314510446694    -2.46863122127695E-02     4.69704534724679E-02     2.95025345034102E-01     8.89407770019205E-01     3.53309675897185E-02     1.46369744988705E-01    -1.45548352321653E-01     9.82905621887296E-01     4.31178364337066E-02     4.91450749495283E-02    -1.55699722500620E-02    -4.68963417169717E-02    -2.60554766323871E-01     9.08991912268286E-01     2.12539746516327E-02    -1.74422132482995E-02     8.91886468636847E-01
         0.06379309312923     4.00426300348104E-02    -6.47139939172885E-02     1.59284528204848E-01     7.56440650647389E-02     8.18823655282346E-01     1.51132826942593E-01    -8.54083288597184E-03    -2.14123589548252E-02     9.71351532675945E-01    -7.33686140929067E-02    -4.97639929149272E-03     6.72823907094970E-02     2.30189828321484E-02    -1.07437285131607E-01    -7.65253195084158E-02    -5.03637942304884E-02    -2.03851128954704E-01
         0.02817834271509     5.52313762517687E-03     3.78707485824316E-02    -7.50781615151701E-02    -7.94429050360875E-02    -2.34616861391587E-01     9.56302830352932E-01     3.54863889791275E-02    -4.97472146195455E-02     7.83289952327518E-02     9.93634998671812E-01    -3.80207592244576E-02     9.90257716930514E-02     3.74854722519777E-02     3.23329020271692E-01     1.08268592771058E-01    -1.06027417849592E-01    -2.14842685101392E-01
H QZVPP-MOLOPT-PBE-AE
 2
 1 0 0 4 1
       190.54117440353127     1.96600972886938E-02
        28.48589623081718     5.38615245148400E-01
         6.82683105625948     8.41690491707832E-01
         1.91976916792120    -3.26222996883324E-02
 1 0 3 4 3 3 2 1
         3.13044722440195    -3.66327628299461E-01     2.56023465069061E-01     1.80301571342015E-01     9.57864765395543E-01    -2.86990854469403E-01     7.09708425215968E-03     9.99207337838246E-01    -1.14391682399844E-02     5.85140484472903E-01
         0.96627664577475     8.95826280526715E-01     1.78507674168198E-01     3.15139388181339E-01     2.45050348375012E-01     8.29767518144689E-01     5.01170647875718E-01     1.62635846128724E-02     9.81329325317073E-01     6.84086073735301E-01
         0.31928820204257    -2.30012077387642E-01     6.10224429055026E-01     6.40105374762635E-01    -1.47922353363481E-01    -4.66731275488582E-01     8.51205422301253E-01    -4.48915950780499E-03     1.60295348734119E-01    -4.27324109791794E-01
         0.10666805621490    -1.01949929465328E-01    -7.28157360590113E-01     6.77084646545968E-01     2.37570063441528E-02     1.06226323308904E-01    -1.55650063115620E-01     3.60560573643188E-02    -1.05675455413839E-01    -8.38508338830758E-02
O QZVPP-MOLOPT-PBE-AE
 3
 1 0 0 8 1
    116506.38604434675653    -9.98096455193836E-05
     17504.60971368530591     2.33919295977431E-03
      3993.52399023383759     6.88020418607601E-03
      1133.09478918324885     4.13200618900893E-02
       369.82539210352701     1.15856592130636E-01
       133.78894948022503     3.83521465148008E-01
        52.21462909576736     4.11693815406844E-01
        21.67293595845605     8.17457382177472E-01
 1 0 1 5 2 1
       191.04192564330430    -5.10687570632457E-03     2.62695839052370E-02     1.26002594453494E-02
        45.06231751131436     7.10386627064769E-01    -6.24048153127724E-01     1.12036824182174E-01
        14.05235016622558     5.61186314944367E-01     2.63654168302179E-01     6.01861899721717E-01
         5.51919750076573     3.93930461642211E-01     7.34005739981864E-01     3.82904045403275E-01
         2.22318311118849     1.58787503341973E-01     3.99482759313346E-02     6.91690486537335E-01
 1 0 4 4 4 3 3 2 1
         4.07110969272635     8.35823185743741E-01     1.43707378138683E-01    -5.04975809725526E-01    -1.60459413041861E-01     1.72086536028372E-01     1.83573320585855E-01    -5.65096491463834E-01     5.87117703432284E-01    -6.86150954111257E-01     3.38448518372782E-01     7.96331496602706E-01    -4.06031379618403E-01     7.19190810290016E-01
         1.29660548931134    -3.21106263793023E-01     8.70808213615098E-01    -3.35156402976138E-01     1.62030885936799E-01     7.37714269017482E-01    -1.23907267761277E-01     5.94500398393531E-01     7.22514408166509E-01     6.34126435292987E-01    -1.48853997263073E-01     5.96617421514652E-01     6.47582903144410E-01     6.77717136798244E-01
         0.45442777800760     1.72702329034076E-01     4.19606306388715E-01     6.11297846324634E-01    -6.48397560346960E-01     6.52371782439809E-01     1.27228381173723E-01    -5.13977719496993E-01    -3.94104996625507E-02     3.37150724159123E-01     9.16679165386756E-01    -9.80648777410346E-02     6.03388801969736E-01     3.99419887891043E-02
         0.14870720086566     4.10443997485985E-01     2.12065537529809E-01     5.08905256619550E-01     7.26346592547186E-01    -2.39778831856476E-02     9.66830266380264E-01     2.51121754346111E-01     3.62922229719464E-01    -1.15801215165473E-01    -1.51639030780056E-01     1.69434240146108E-02    -2.27369426215928E-01    -1.47880689800770E-01
CL QZVPP-MOLOPT-PBE-AE
 3
 1 0 0 10 1
   1467458.93775052158162     5.00027973996311E-05
    219756.22561595341540     2.92119625382510E-04
     50010.78269045410707     1.28590722749441E-03
     14164.71914344428478     6.48940441751174E-03
      4620.77877126598923     1.97871266811614E-02
      1667.78852683964556     6.65018359892871E-02
       650.34523295930057     1.78047411514083E-01
       269.43766657761569     4.24217234215202E-01
       117.09536851846944     6.88319212568402E-01
        52.76000788002602     5.56504843396412E-01
 1 0 1 8 2 2
      2501.95646798690223    -3.82883357554072E-02     8.37909091563773E-02     4.17887012633053E-04     1.59916949870661E-03
       592.94635448432632    -4.07348538060098E-02     1.30718267465741E-01     3.99041739687339E-03    -2.59213449401013E-02
       192.18114183797039     2.20528820527411E-01    -1.98966788392605E-01     2.18359541428443E-02     3.32964376441369E-02
        72.87930898689872     7.33114974004280E-01    -3.92594344886566E-01     8.68350005331845E-02    -2.17375228769997E-01
        30.43574290352728     6.34280900802578E-01     5.37964084760841E-01     2.47733889523512E-01    -2.17956740087419E-01
        13.46035723428640     7.71650835004062E-03     6.98209154610030E-01     5.32066586940945E-01    -4.48983934995352E-01
         5.97563269106637     1.31312121901711E-02     1.06376827476728E-02     7.10008437176348E-01     6.90916424895068E-01
         3.08191027511841    -9.07739768895670E-02     7.18273987087124E-02     3.78665897473595E-01    -4.73822396122835E-01
 1 0 4 6 6 4 4 2 1
         9.78337990819075     8.91563859098250E-01     4.20492586467600E-01    -1.05500184052396E-01    -6.37580026009099E-03    -1.27727899356303E-01    -2.85396905660188E-02    -1.53857744271598E-02     1.06253051057092E-01    -1.15431250361608E-01    -2.24073346383234E-02     3.39725575429827E-02     1.01895475255016E-01     3.78215008137413E-02    -4.46426713878059E-02    -6.35534933198293E-02     3.84866238399188E-02    -6.11006722560778E-02
         4.33269446539561    -4.29731410091877E-01     7.82174610574314E-01    -3.34369761244485E-01    -2.72432075009675E-01    -1.25354633131214E-01    -4.23985492338584E-02     7.30865995598478E-02    -1.69780800664228E-01     9.20852072943818E-03     3.68926930660954E-02     9.84874476080405E-01    -1.38014851189017E-01    -4.74208272594507E-02     1.83642605819759E-02     4.69010615356294E-02    -6.41463169582076E-02    -1.95982450216892E-02
         1.89618722201134    -1.08607609504601E-01     3.85249243565499E-01     8.24406939689850E-01     3.51646048346057E-01    -1.90711290748148E-01     1.07175344599850E-02     9.91627029311956E-01     8.56131566559374E-02    -7.28575131920513E-02     2.31284362812144E-02     7.90619312155555E-02     7.33791834593761E-01    -6.62746105231222E-01     4.37386186866967E-02     6.43881756150717E-01    -4.40208755319482E-01     7.22168984314687E-01
         0.75937665037877    -8.64870311670285E-02     5.72642042507304E-02    -4.40832017733930E-01     8.81987013108728E-01    -1.10544464050763E-01     6.91864630354049E-02    -7.17104623334244E-02     9.75883878241501E-01     2.82742999161818E-02    -5.63192675837824E-03     1.32325112586378E-01     6.30921978952516E-01     7.45720946790107E-01     7.09504044527997E-02     7.55448939940310E-01     4.62184592162924E-01     6.65787803325587E-01
         0.29257745973674     3.21350778484430E-02     2.43787785919905E-01     5.55589531759151E-02     1.28047138769592E-01     9.55294229503361E-01     8.63997700254051E-02     6.90556986584205E-02    -6.16188331121305E-03     9.83715665542611E-01     1.12973648641345E-01    -3.38233190166359E-02    -5.85726486891373E-02    -1.98834428606854E-02     9.93139085193975E-01    -8.21528343028837E-02     7.63814987833132E-01     1.70005500533451E-01
         0.10605356801669     1.16840788925550E-02     1.61310253462363E-02    -3.26472144512038E-04    -8.82496986965603E-02    -8.24248737035741E-02     9.92482391084379E-01    -3.44438923863824E-02     1.29554489179424E-02    -1.13078139742878E-01     9.92374501940459E-01    -6.29554636350571E-02     1.75001307873770E-01     2.43581082505283E-02    -6.63137740448836E-02    -4.15371998214924E-02    -5.99362050420123E-02     4.66830318968192E-02
