################################################################################################
# Cobalt
################################################################################################
Co cc-pVDZ
    1
1 3 3 2 1
      3.772400E+00           4.239660E-01
      9.170000E-01           7.684290E-01

Co cc-pVTZ
    2
1 3 3 2 2
      3.813700E+00           1.000000E+00           0.000000E+00
      9.309000E-01           0.000000E+00           1.000000E+00
1 4 4 1 1
      2.470900E+00           1.0000000

Co cc-pVQZ
    3
1 3 3 3 3
      5.983200E+00           1.000000E+00           0.000000E+00           0.000000E+00
      1.804500E+00           0.000000E+00           1.000000E+00           0.000000E+00
      5.442000E-01           0.000000E+00           0.000000E+00           1.000000E+00
1 4 4 2 2
      4.451400E+00           1.000000E+00           0.000000E+00
      1.270000E+00           0.000000E+00           1.000000E+00
1 5 5 1 1
      2.795900E+00           1.0000000

Co aug-cc-D
    4
1 0 0 1 1
      1.459000E-02           1.000000E+00
1 1 1 1 1
      1.525000E-02           1.000000E+00
1 2 2 1 1
      3.625000E-02           1.000000E+00
1 3 3 1 1
      3.271500E-01           1.000000E+00

Co aug-cc-T
     5
1 0 0 1 1
      0.0145900              1.0000000
1 1 1 1 1
      0.0152500              1.0000000
1 2 2 1 1
      0.0362500              1.0000000
1 3 3 1 1
      0.3271500              1.0000000
1 4 4 1 1
      0.9581400              1.0000000

Co aug-cc-Q
     6
1 0 0 1 1
      0.0140900              1.0000000
1 1 1 1 1
      0.0142100              1.0000000
1 2 2 1 1
      0.0243200              1.0000000
1 3 3 1 1
      0.1841600              1.0000000
1 4 4 1 1
      0.4963100              1.0000000
1 5 5 1 1
      1.1579100              1.0000000

