#
# Generated with CP2K Atom Code
#
 Co ccGRB-VAL-0
   1
  2  0  2  6  2  1  1
   7.31376383043        0.4202370312   -0.0951603801   -0.0208605841   -0.2325967032
   2.94666269271       -0.3983046398    0.1022106385    0.4919924090   -0.3540956587
   1.18718914446       -0.7982122310    0.3973796216    0.4969206267   -0.3553635866
  0.478309943045       -0.0817002848    0.0473873510    0.1176207524   -0.2575508926
  0.192707625978       -0.0226895876   -0.2650990068    0.0049579011   -0.1207527641
  0.776405124960E-01    0.0072622838   -0.8688339042   -0.0003086251   -0.0244852703

 Co ccGRB-VAL-1
   1
  2  0  2  6  3  2  2
   7.31376383043        0.4202370312   -0.0951603801    0.1181996453   -0.0208605841   -0.0684990767   -0.2325967032    0.0523584358
   2.94666269271       -0.3983046398    0.1022106385   -0.1943134888    0.4919924090    1.1042443824   -0.3540956587    0.0677726094
   1.18718914446       -0.7982122310    0.3973796216   -0.1751499265    0.4969206267   -0.6379268089   -0.3553635866    0.1078744604
  0.478309943045       -0.0817002848    0.0473873510   -1.0595409527    0.1176207524   -1.1690521117   -0.2575508926    0.2232448832
  0.192707625978       -0.0226895876   -0.2650990068    3.3139803883    0.0049579011    1.2990218145   -0.1207527641   -0.4172229112
  0.776405124960E-01    0.0072622838   -0.8688339042   -2.2564642068   -0.0003086251   -0.0848673959   -0.0244852703   -0.7290608708

 Co ccGRB-POL-1
   1
  3  3  3  1  1
  0.925411335976        1.0000000000

 Co ccGRB-EXT
   1
  2  0  2  1  3  2  1
  0.198551252845E-01    1.0000000000    7.4830819597  344.1559795866    7.4830819597  344.1559795866  344.1559795866

