Zn admm-dz
    5
1 0 0 2 1
        1.83844570    0.68563515
        1.64930274   -0.85900200
1 0 0 1 1
        0.10659753    1.00000000
2 1 1 1 1
        0.07706259    1.00000000
2 2 2 2 1
        5.62977429   -0.42284861
        1.97107447   -0.48429459
2 2 2 1 1
        0.54306224    1.00000000

Zn admm-dzp
    6
1 0 0 2 1
        1.83844570    0.68563515
        1.64930274   -0.85900200
1 0 0 1 1
        0.10659753    1.00000000
2 1 1 1 1
        0.07706259    1.00000000
2 2 2 2 1
        5.62977429   -0.42284861
        1.97107447   -0.48429459
2 2 2 1 1
        0.54306224    1.00000000
3 3 3 2 1
      5.734400E+00    4.311320E-01
      1.461500E+00    7.546420E-01

Zn admm-tzp
    9
1 0 0 2 1
        2.65788565   -0.39784800
        2.38030368    0.99388600
1 0 0 1 1
        2.13233854    1.00000000
1 0 0 1 1
        0.10729622    1.00000000
2 1 1 1 1
        0.19676967    1.00000000
2 1 1 1 1
        0.06206201    1.00000000
2 2 2 2 1
        6.14216107    0.33003163
        2.71236406    0.40888274
2 2 2 1 1
        0.98586420    1.00000000
2 2 2 1 1
        0.31129827    1.00000000
3 3 3 2 1
      5.734400E+00    4.311320E-01
      1.461500E+00    7.546420E-01

Zn admm-tz2p
   11
1 0 0 2 1
        2.65788565   -0.39784800
        2.38030368    0.99388600
1 0 0 1 1
        2.13233854    1.00000000
1 0 0 1 1
        0.10729622    1.00000000
2 1 1 1 1
        0.19676967    1.00000000
2 1 1 1 1
        0.06206201    1.00000000
2 2 2 2 1
        6.14216107    0.33003163
        2.71236406    0.40888274
2 2 2 1 1
        0.98586420    1.00000000
2 2 2 1 1
        0.31129827    1.00000000
3 3 3 1 1
      5.792200E+00    1.00000000
3 3 3 1 1
      1.485100E+00    1.00000000
4 4 4 1 1
      4.114400E+00    1.00000000
