##################################################################################################
# Hydrogen
##################################################################################################
 H  ccGRB-D-q1 
   2
  0  0  0  4  2
   6.90339577439        0.0311091216   -0.0411542851
   1.66298796710        0.1291635041   -0.1529874389
  0.400604147453        0.4576989947   -1.0868770865
  0.965032135717E-01    0.5340312812    1.2518888601
  1 1 1 1 1
  7.270000E-01           1.0000000

 H  ccGRB-T-q1 
   3
  0  0  0  5  3
   11.3120158882        0.0137664215   -0.0124717423    0.0556523024
   3.36792909107        0.0511429431   -0.0724951109   -0.0382462505
   1.00273430258        0.1903638359   -0.2360246072    1.7305218973
  0.298544314440        0.4435473398   -1.0353929483   -2.3259814458
  0.888856673744E-01    0.4536860295    1.3751384237    1.0514938141
    2
   1 1 1 2 2
      1.407000E+00           1.000000E+00           0.000000E+00
      3.880000E-01           0.000000E+00           1.000000E+00
   1 2 2 1 1
      1.057000E+00           1.0000000

 H  ccGRB-Q-q1 
   4
  0  0  0  6  4
   38.0625232032       -0.0000067554   -0.0005773362   -0.0075183601   -0.0734558449
   11.3284830971        0.0137445072   -0.0114479984    0.0684762826    0.3659780960
   3.37167687484        0.0510965654   -0.0734563510   -0.0518354518   -2.2302796619
   1.00350636981        0.1902711864   -0.2349925123    1.7400650285    2.5916296304
  0.298671869114        0.4436116288   -1.0360779034   -2.3297055207   -1.4821288927
  0.888931929917E-01    0.4537900203    1.3751636789    1.0522303856    0.4763576799
   1 1 1 3 3
      2.292000E+00           1.000000E+00           0.000000E+00           0.000000E+00
      8.380000E-01           0.000000E+00           1.000000E+00           0.000000E+00
      2.920000E-01           0.000000E+00           0.000000E+00           1.000000E+00
   1 2 2 2 2
      2.062000E+00           1.000000E+00           0.000000E+00
      6.620000E-01           0.000000E+00           1.000000E+00
   1 3 3 1 1
      1.397000E+00           1.0000000

H aug-cc-D
    2
   1 0 0 1 1
      0.0297400              1.0000000
   1 1 1 1 1
      0.1410000              1.0000000

H aug-cc-T
    3
   1 0 0 1 1
      0.0252600              1.0000000
   1 1 1 1 1
      0.1020000              1.0000000
   1 2 2 1 1
      0.2470000              1.0000000

H aug-cc-Q
    4
   1 0 0 1 1
      0.0236300              1.0000000
   1 1 1 1 1
      0.0848000              1.0000000
   1 2 2 1 1
      0.1900000              1.0000000
   1 3 3 1 1
      0.3600000              1.0000000


