AG DZVP-MOLOPT-PBE0-GTH-Q11
 1
 2 0 3 5 2 2 2 1
         2.43873679597554     8.25057814106947E-02    -4.66202325307295E-02    -1.97856254054813E-02    -6.18313997163123E-02    -4.31864863682999E-01     4.87792430490743E-02    -6.42933508456442E-03
         1.12131225952952    -2.30045559629901E-01     1.39055324134943E-01     4.17892275868945E-03     2.04429191661756E-01    -6.87529438858346E-01    -1.60859878333281E-01    -9.88203817426868E-02
         0.45246554094241    -3.59513289614506E-01     4.05034821886225E-02     5.54946521329272E-01     3.63951576298809E-01    -5.29860218191852E-01     2.56433220602930E-01    -7.79114769055043E-01
         0.17158383808972     7.93140582075936E-01    -4.18100819140593E-01     5.68132106579841E-02    -8.87490334599763E-01    -2.44536911512760E-01    -2.48433646653045E-01    -4.56857039178721E-01
         0.05173957481843     4.26556031704134E-01     8.95567609794519E-01     8.29697344331752E-01    -1.85164088600504E-01    -1.56798694087789E-02     9.18840253565352E-01    -4.17678127504614E-01
CL DZVP-MOLOPT-PBE0-GTH-Q7
 1
 2 0 2 4 2 2 1
         1.95736377876919     5.14900988266686E-01     2.40693792976429E-01     3.91491934421244E-01     1.94579618291814E-01     1.03302579489917E-01
         1.54347371438383    -4.22981434715776E-01     4.84506053505592E-02    -5.31183852831214E-01    -2.06763688400425E-01     2.53080986425568E-01
         0.40766941393095    -4.94589672987331E-01    -6.25944067103656E-01    -6.13505638411310E-01    -3.32691397032460E-01     9.52098239408987E-01
         0.13062819821750    -5.57982735881729E-01     7.40211497966303E-01    -4.33807113141348E-01     8.99279702676011E-01     1.37067625261757E-01
