CO TZV2P-MOLOPT-PBE0-GTH-Q17
 1
 2 0 3 6 4 3 3 2
        12.26095045193487    -3.01672949059194E-01     1.11040549340442E-01     4.10274993394241E-01     2.93190368787908E-02     2.55247496593749E-02     1.01192670362195E-02     2.59010270440766E-03     1.76330156479149E-02    -3.36237913994044E-03    -4.09525313778971E-03    -1.25696712329238E-03     3.23603816802122E-02
         6.57553501628051     9.95537417451284E-02     2.14800591634729E-01     4.93444133473173E-01     1.49508049270530E-01    -5.38234744269942E-02    -4.63493274948122E-02     1.75688981749251E-02     4.19519551388062E-01    -1.81929173652521E-01     9.55239066801832E-02    -2.98575626675711E-04     5.62230311685351E-02
         2.36122722254951    -3.37140351365007E-01    -3.70452936852109E-01    -5.65699730519568E-01    -1.83403947241105E-01    -7.87113523464720E-01    -2.88128876104143E-01     8.96984547215254E-02     6.17228264142515E-01    -2.86533810894691E-01     2.14007926111506E-01    -3.54181368509131E-02     3.20815845508127E-01
         0.86202541601292    -7.02567564201027E-01    -4.19110714062993E-01     3.08494422882343E-01     2.97180274571623E-01    -4.79453777133524E-01    -2.56033859055140E-01    -9.10069465222592E-02     5.46078695730105E-01    -1.26775656312416E-01    -8.28516607055089E-02    -2.70846733560720E-01     7.38071910496036E-01
         0.30599295458681    -4.20756250604794E-01     4.33109641063275E-01     8.80760432561313E-02    -7.59481016218249E-01    -3.23896922425898E-01     7.38185970724023E-01    -5.90677994902357E-01     3.68953096037281E-01     7.30165012324178E-01    -5.42981852620616E-01    -9.49684428161664E-01    -3.04109669173233E-01
         0.10358829843893    -3.38794721183174E-01     6.64121654509804E-01    -4.06503300701466E-01     5.27279053088432E-01    -2.05228363463277E-01     5.51596978485158E-01     7.96527497597099E-01     9.16153027618744E-02     5.79289075625447E-01     8.02100573343997E-01    -1.53249536035183E-01     5.05604720890457E-01
CO TZVP-MOLOPT-PBE0-GTH-q17
 1
 2 0 3 6 4 3 3 1
        12.26095045193487    -3.01672949059194E-01     1.11040549340442E-01     4.10274993394241E-01     2.93190368787908E-02     2.55247496593749E-02     1.01192670362195E-02     2.59010270440766E-03     1.76330156479149E-02    -3.36237913994044E-03    -4.09525313778971E-03    -1.25696712329238E-03
         6.57553501628051     9.95537417451284E-02     2.14800591634729E-01     4.93444133473173E-01     1.49508049270530E-01    -5.38234744269942E-02    -4.63493274948122E-02     1.75688981749251E-02     4.19519551388062E-01    -1.81929173652521E-01     9.55239066801832E-02    -2.98575626675711E-04
         2.36122722254951    -3.37140351365007E-01    -3.70452936852109E-01    -5.65699730519568E-01    -1.83403947241105E-01    -7.87113523464720E-01    -2.88128876104143E-01     8.96984547215254E-02     6.17228264142515E-01    -2.86533810894691E-01     2.14007926111506E-01    -3.54181368509131E-02
         0.86202541601292    -7.02567564201027E-01    -4.19110714062993E-01     3.08494422882343E-01     2.97180274571623E-01    -4.79453777133524E-01    -2.56033859055140E-01    -9.10069465222592E-02     5.46078695730105E-01    -1.26775656312416E-01    -8.28516607055089E-02    -2.70846733560720E-01
         0.30599295458681    -4.20756250604794E-01     4.33109641063275E-01     8.80760432561313E-02    -7.59481016218249E-01    -3.23896922425898E-01     7.38185970724023E-01    -5.90677994902357E-01     3.68953096037281E-01     7.30165012324178E-01    -5.42981852620616E-01    -9.49684428161664E-01
         0.10358829843893    -3.38794721183174E-01     6.64121654509804E-01    -4.06503300701466E-01     5.27279053088432E-01    -2.05228363463277E-01     5.51596978485158E-01     7.96527497597099E-01     9.16153027618744E-02     5.79289075625447E-01     8.02100573343997E-01    -1.53249536035183E-01
CO DZVP-MOLOPT-PBE0-GTH-q17
 1
 2 0 3 6 3 2 2 1
        12.26095045193487    -3.01672949059194E-01     1.11040549340442E-01     4.10274993394241E-01     2.55247496593749E-02     1.01192670362195E-02     1.76330156479149E-02    -3.36237913994044E-03    -1.25696712329238E-03
         6.57553501628051     9.95537417451284E-02     2.14800591634729E-01     4.93444133473173E-01    -5.38234744269942E-02    -4.63493274948122E-02     4.19519551388062E-01    -1.81929173652521E-01    -2.98575626675711E-04
         2.36122722254951    -3.37140351365007E-01    -3.70452936852109E-01    -5.65699730519568E-01    -7.87113523464720E-01    -2.88128876104143E-01     6.17228264142515E-01    -2.86533810894691E-01    -3.54181368509131E-02
         0.86202541601292    -7.02567564201027E-01    -4.19110714062993E-01     3.08494422882343E-01    -4.79453777133524E-01    -2.56033859055140E-01     5.46078695730105E-01    -1.26775656312416E-01    -2.70846733560720E-01
         0.30599295458681    -4.20756250604794E-01     4.33109641063275E-01     8.80760432561313E-02    -3.23896922425898E-01     7.38185970724023E-01     3.68953096037281E-01     7.30165012324178E-01    -9.49684428161664E-01
         0.10358829843893    -3.38794721183174E-01     6.64121654509804E-01    -4.06503300701466E-01    -2.05228363463277E-01     5.51596978485158E-01     9.16153027618744E-02     5.79289075625447E-01    -1.53249536035183E-01
CL TZV2P-MOLOPT-PBE0-GTH-Q7
 1
 2 0 3 4 3 3 2 1
         1.95736377876919     5.14900988266686E-01     2.40693792976429E-01    -1.28104442415964E-01     3.91491934421244E-01     1.94579618291814E-01    -4.24624922261607E-01     1.03302579489917E-01    -1.51719991846673E-01    -8.80894837945973E-02
         1.54347371438383    -4.22981434715776E-01     4.84506053505592E-02    -8.97870765280675E-01    -5.31183852831214E-01    -2.06763688400425E-01    -8.12512692066251E-01     2.53080986425568E-01     7.90079486051753E-01     3.40736837991551E-01
         0.40766941393095    -4.94589672987331E-01    -6.25944067103656E-01     2.66738548390740E-01    -6.13505638411310E-01    -3.32691397032460E-01     3.96050456242181E-01     9.52098239408987E-01    -2.69731069825107E-01     9.35543949131780E-01
         0.13062819821750    -5.57982735881729E-01     7.40211497966303E-01     3.25987557262529E-01    -4.33807113141348E-01     8.99279702676011E-01     5.15832990020733E-02     1.37067625261757E-01     5.29150828937503E-01     2.99360873066907E-02
CL TZVP-MOLOPT-PBE0-GTH-q7
 1
 2 0 2 4 3 3 1
         1.95736377876919     5.14900988266686E-01     2.40693792976429E-01    -1.28104442415964E-01     3.91491934421244E-01     1.94579618291814E-01    -4.24624922261607E-01     1.03302579489917E-01
         1.54347371438383    -4.22981434715776E-01     4.84506053505592E-02    -8.97870765280675E-01    -5.31183852831214E-01    -2.06763688400425E-01    -8.12512692066251E-01     2.53080986425568E-01
         0.40766941393095    -4.94589672987331E-01    -6.25944067103656E-01     2.66738548390740E-01    -6.13505638411310E-01    -3.32691397032460E-01     3.96050456242181E-01     9.52098239408987E-01
         0.13062819821750    -5.57982735881729E-01     7.40211497966303E-01     3.25987557262529E-01    -4.33807113141348E-01     8.99279702676011E-01     5.15832990020733E-02     1.37067625261757E-01
CL DZVP-MOLOPT-PBE0-GTH-q7
 1
 2 0 2 4 2 2 1
         1.95736377876919     5.14900988266686E-01     2.40693792976429E-01     3.91491934421244E-01     1.94579618291814E-01     1.03302579489917E-01
         1.54347371438383    -4.22981434715776E-01     4.84506053505592E-02    -5.31183852831214E-01    -2.06763688400425E-01     2.53080986425568E-01
         0.40766941393095    -4.94589672987331E-01    -6.25944067103656E-01    -6.13505638411310E-01    -3.32691397032460E-01     9.52098239408987E-01
         0.13062819821750    -5.57982735881729E-01     7.40211497966303E-01    -4.33807113141348E-01     8.99279702676011E-01     1.37067625261757E-01
F TZV2P-MOLOPT-PBE0-GTH-Q7
 1
 2 0 3 5 3 3 2 1
        13.31501907729122     1.31813146289282E-01    -5.24225688764356E-02    -5.17923286744451E-01    -9.80506809064632E-02     4.64420401614479E-02     6.35659142568778E-02     4.89385522399914E-03     1.52535072278595E-01     5.41962851226601E-02
         4.62512020147175     1.34547810393351E-01    -5.37398783766778E-02    -2.73506612070950E-02    -3.12727206728056E-01     1.25929415842544E-01     1.88833971660508E-01     2.30296758923593E-02    -1.84322551941015E-01     3.68925101794283E-02
         1.62272294024072    -5.51865766775749E-01     1.65440705311574E-01    -7.34790083225985E-01    -5.86706702362430E-01     2.77907352966805E-01     6.51110127867809E-01     5.26472480151814E-01    -8.13967424463323E-01     8.50449987353287E-02
         0.55216173678272    -7.87309125215089E-01     1.14519053917377E-01     4.34902286738320E-01    -6.52997838515906E-01     1.82287680337408E-01    -7.27945836193775E-01     8.49582617686734E-01     5.11993820603493E-01     9.94034575948952E-01
         0.17330337957192    -2.00276553789357E-01    -9.76667117835106E-01    -4.41695026221844E-02    -3.49223175694863E-01    -9.33554296168888E-01     8.03216449515110E-02    -2.19496600587510E-02     1.34452996051777E-01    -1.90870474316679E-02
F TZVP-MOLOPT-PBE0-GTH-q7
 1
 2 0 2 5 3 3 1
        13.31501907729122     1.31813146289282E-01    -5.24225688764356E-02    -5.17923286744451E-01    -9.80506809064632E-02     4.64420401614479E-02     6.35659142568778E-02     4.89385522399914E-03
         4.62512020147175     1.34547810393351E-01    -5.37398783766778E-02    -2.73506612070950E-02    -3.12727206728056E-01     1.25929415842544E-01     1.88833971660508E-01     2.30296758923593E-02
         1.62272294024072    -5.51865766775749E-01     1.65440705311574E-01    -7.34790083225985E-01    -5.86706702362430E-01     2.77907352966805E-01     6.51110127867809E-01     5.26472480151814E-01
         0.55216173678272    -7.87309125215089E-01     1.14519053917377E-01     4.34902286738320E-01    -6.52997838515906E-01     1.82287680337408E-01    -7.27945836193775E-01     8.49582617686734E-01
         0.17330337957192    -2.00276553789357E-01    -9.76667117835106E-01    -4.41695026221844E-02    -3.49223175694863E-01    -9.33554296168888E-01     8.03216449515110E-02    -2.19496600587510E-02
F DZVP-MOLOPT-PBE0-GTH-q7
 1
 2 0 2 5 2 2 1
        13.31501907729122     1.31813146289282E-01    -5.24225688764356E-02    -9.80506809064632E-02     4.64420401614479E-02     4.89385522399914E-03
         4.62512020147175     1.34547810393351E-01    -5.37398783766778E-02    -3.12727206728056E-01     1.25929415842544E-01     2.30296758923593E-02
         1.62272294024072    -5.51865766775749E-01     1.65440705311574E-01    -5.86706702362430E-01     2.77907352966805E-01     5.26472480151814E-01
         0.55216173678272    -7.87309125215089E-01     1.14519053917377E-01    -6.52997838515906E-01     1.82287680337408E-01     8.49582617686734E-01
         0.17330337957192    -2.00276553789357E-01    -9.76667117835106E-01    -3.49223175694863E-01    -9.33554296168888E-01    -2.19496600587510E-02
