CO DZVP-MOLOPT-PBE0-GTH-Q17
 1
 2 0 3 6 3 2 2 1
        12.26095045193487     2.94510743077332E-02     1.23130660254987E-02     1.38614084726536E-02     2.17892187806358E-02     1.46424068111023E-02     1.81023288021492E-02    -2.05290815213995E-03    -4.86775742553871E-04
         6.57553501628051     3.13226668194977E-01     2.78998630203952E-01     3.03984572454404E-01    -4.14920498205020E-02    -5.46616565119740E-02     4.19607767269071E-01    -1.78151376527253E-01    -8.02425828204745E-04
         2.36122722254951    -5.01668285171221E-01    -5.15465736853813E-01    -4.41436080174862E-01    -7.03943236700458E-01    -4.57233008623368E-01     6.18820873320835E-01    -2.78948278700606E-01    -3.23893073561392E-02
         0.86202541601292    -5.60678445306390E-01    -1.94180216513711E-01     7.77945196981905E-01    -4.16299643463235E-01    -3.44981866623037E-01     5.45929914413890E-01    -1.28859726711849E-01    -2.32090784929746E-01
         0.30599295458681    -1.89212109276012E-01     2.55722603468612E-01    -3.08201442333249E-01    -4.59888122636880E-01     6.23171851475851E-01     3.66695514314706E-01     7.19577486090241E-01    -8.88635509440615E-01
         0.10358829843893    -5.46981790262795E-01     7.43776324219216E-01    -1.11124118089686E-01    -3.42731791289069E-01     5.29509239092967E-01     9.03176749665238E-02     5.96698535915189E-01    -3.94221829485721E-01
F DZVP-MOLOPT-PBE0-GTH-Q7
 1
 2 0 2 5 2 2 1
        13.31501907729122     1.31813146289282E-01    -5.24225688764356E-02    -9.80506809064632E-02     4.64420401614479E-02     4.89385522399914E-03
         4.62512020147175     1.34547810393351E-01    -5.37398783766778E-02    -3.12727206728056E-01     1.25929415842544E-01     2.30296758923593E-02
         1.62272294024072    -5.51865766775749E-01     1.65440705311574E-01    -5.86706702362430E-01     2.77907352966805E-01     5.26472480151814E-01
         0.55216173678272    -7.87309125215089E-01     1.14519053917377E-01    -6.52997838515906E-01     1.82287680337408E-01     8.49582617686734E-01
         0.17330337957192    -2.00276553789357E-01    -9.76667117835106E-01    -3.49223175694863E-01    -9.33554296168888E-01    -2.19496600587510E-02
CL DZVP-MOLOPT-PBE0-GTH-Q7
 1
 2 0 2 4 2 2 1
         1.95736377876919     5.14900988266686E-01     2.40693792976429E-01     3.91491934421244E-01     1.94579618291814E-01     1.03302579489917E-01
         1.54347371438383    -4.22981434715776E-01     4.84506053505592E-02    -5.31183852831214E-01    -2.06763688400425E-01     2.53080986425568E-01
         0.40766941393095    -4.94589672987331E-01    -6.25944067103656E-01    -6.13505638411310E-01    -3.32691397032460E-01     9.52098239408987E-01
         0.13062819821750    -5.57982735881729E-01     7.40211497966303E-01    -4.33807113141348E-01     8.99279702676011E-01     1.37067625261757E-01
