#############################################################################################
# Neon
#############################################################################################
 Ne ccGRB-VAL-1
   2
  1  0  1  4  2  2
   13.8208435709       -0.1512073144    0.1170995850    0.1013893164   -0.0934390488
   4.02018791880        0.0545988416   -0.0090769044    0.3216206354   -0.2662022369
   1.16938671794        0.7170910048   -1.4378977073    0.4894310515   -0.6314974529
  0.340149595916        0.3471574684    1.5330872558    0.3438345680    1.1464257350
   1 2 2 1 1
      2.202000E+00           1.0000000



 Ne ccGRB-VAL-2
   3
  1  0  1  5  3  3
   16.7982681616       -0.1012770081    0.0722635993   -0.0464723693   -0.0658823985    0.0476206499   -0.0996182884
   5.84864821429       -0.0999959966    0.1066706355   -0.4785769927   -0.2062522326    0.1732427147   -0.1751979236
   2.03632217354        0.4256741450   -0.6053611744    2.7091363499   -0.3885174610    0.2955750185   -1.0233552475
  0.708985707895        0.5807025798   -0.7262887560   -3.3987899862   -0.3875671955    0.3663686152    1.9634371289
  0.246847350842        0.1630816076    1.4395547743    1.6073209033   -0.2202177109   -1.1404716977   -1.0597294375
   1 2 2 2 2
      4.014000E+00           1.000000E+00           0.000000E+00
      1.096000E+00           0.000000E+00           1.000000E+00
   1 3 3 1 1
      2.544000E+00           1.0000000



 Ne ccGRB-VAL-3
   4
  1  0  1  6  4  4
   38.1399739371       -0.0072444208    0.0059271448   -0.0241968816   -0.2251790560    0.0047981416   -0.0045259257   -0.0005453636   -0.0674843851
   13.8227602629       -0.1252095566    0.0901819062   -0.0461766091    1.4741255384    0.0853185357   -0.0596549029    0.1296655263    0.1048975557
   5.00967047332       -0.0468948180    0.0650152720   -0.3847353514   -4.0868639107    0.2221743465   -0.1900429401    0.1804264332   -1.7115843387
   1.81561408676        0.4629705380   -0.6926341266    2.7047822164    4.2367159426    0.3887855460   -0.2858289807    0.9938012708    2.4908759835
  0.658018232857        0.5389580761   -0.5782378341   -3.6348163960   -2.4988726015    0.3616906767   -0.3303286619   -2.0550852806   -1.6387777446
  0.238480191319        0.1452697300    1.4018062719    1.7781364619    0.7965674554    0.2067322042    1.1380284301    1.1459330828    0.5711567406
   1 2 2 3 3
      6.471000E+00           1.000000E+00           0.000000E+00           0.000000E+00
      2.213000E+00           0.000000E+00           1.000000E+00           0.000000E+00
      7.470000E-01           0.000000E+00           0.000000E+00           1.000000E+00
   1 3 3 2 2
      4.657000E+00           1.000000E+00           0.000000E+00
      1.524000E+00           0.000000E+00           1.000000E+00
   1 4 4 1 1
      2.983000E+00           1.0000000

Ne aug-cc-D
    6
   1 0 0 1 1
      0.1230000              1.0000000
   1 1 1 1 1
      0.1064000              1.0000000
   1 2 2 1 1
      0.6310000              1.0000000

Ne aug-cc-T
    4
   1 0 0 1 1
      0.1133000              1.0000000
   1 1 1 1 1
      0.0917500              1.0000000
   1 2 2 1 1
      0.3860000              1.0000000
   1 3 3 1 1
      1.0840000              1.0000000

Ne aug-cc-Q
     5
   1 0 0 1 1
      0.1054000              1.0000000
   1 1 1 1 1
      0.0817800              1.0000000
   1 2 2 1 1
      0.2730000              1.0000000
   1 3 3 1 1
      0.6890000              1.0000000
   1 4 4 1 1
      1.2240000              1.0000000


