#
# Generated with CP2K Atom Code
#
 Ne ccGRB-VAL-0
   1
  1  0  1  4  1  1
   13.8208435709       -0.1512073144    0.1013893164
   4.02018791880        0.0545988416    0.3216206354
   1.16938671794        0.7170910048    0.4894310515
  0.340149595916        0.3471574684    0.3438345680

 Ne ccGRB-VAL-1
   1
  1  0  1  4  2  2
   13.8208435709       -0.1512073144    0.1170995850    0.1013893164   -0.0934390488
   4.02018791880        0.0545988416   -0.0090769044    0.3216206354   -0.2662022369
   1.16938671794        0.7170910048   -1.4378977073    0.4894310515   -0.6314974529
  0.340149595916        0.3471574684    1.5330872558    0.3438345680    1.1464257350

