Cu admm-dz
    5
1 0 0 2 1
        1.72374281    0.68595084
        1.54570445   -0.86315239
1 0 0 1 1
        0.10095365    1.00000000
2 1 1 1 1
        0.07635895    1.00000000
2 2 2 2 1
        5.09099744   -0.41795808
        1.77519289   -0.48691972
2 2 2 1 1
        0.48958397    1.00000000

Cu admm-dzp
    6
1 0 0 2 1
        1.72374281    0.68595084
        1.54570445   -0.86315239
1 0 0 1 1
        0.10095365    1.00000000
2 1 1 1 1
        0.07635895    1.00000000
2 2 2 2 1
        5.09099744   -0.41795808
        1.77519289   -0.48691972
2 2 2 1 1
        0.48958397    1.00000000
3 3 3 2 1
      5.028600E+00    4.242800E-01
      1.259400E+00    7.630250E-01


Cu admm-tzp
    9
1 0 0 2 1
        2.41812112   -1.68130150
        2.16552628    4.32641181
1 0 0 1 1
        1.93991160   -2.82014552
1 0 0 1 1
        0.10169989    1.05809633
2 1 1 1 1
        0.88458248   -0.00622689
2 1 1 1 1
        0.07832873   -0.99860528
2 2 2 2 1
        5.55468395    0.32684480
        2.43539022    0.41015932
2 2 2 1 1
        0.88458248    0.35906804
2 2 2 1 1
        0.28009034    0.18133926
3 3 3 2 1
      5.028600E+00    4.242800E-01
      1.259400E+00    7.630250E-01

Cu admm-tz2p
   11
1 0 0 2 1
        2.41812112   -1.68130150
        2.16552628    4.32641181
1 0 0 1 1
        1.93991160   -2.82014552
1 0 0 1 1
        0.10169989    1.05809633
2 1 1 1 1
        0.88458248   -0.00622689
2 1 1 1 1
        0.07832873   -0.99860528
2 2 2 2 1
        5.55468395    0.32684480
        2.43539022    0.41015932
2 2 2 1 1
        0.88458248    0.35906804
2 2 2 1 1
        0.28009034    0.18133926
3 3 3 1 1
      5.082100E+00    1.00000000
3 3 3 1 1
      1.279700E+00    1.00000000
4 4 4 1 1
      3.483500E+00    1.00000000
