HF DZVP-MOLOPT-PBE-GTH-Q12
 1
 2 0 3 5 3 2 2 1
         2.17604186552827     6.67367006140467E-01     5.20676965556693E-02     2.44298190750688E-01    -6.92642863381945E-01     1.82706618211996E-02    -5.92747289773939E-01     9.23538183309771E-02    -6.10788929727112E-02
         2.08864742540306    -6.61002634689703E-01    -2.11057832139912E-02    -2.28167043574701E-01     7.14712558521420E-01    -1.66580924060910E-02     6.47413934887900E-01    -1.22416413088936E-01     9.39359288363392E-02
         0.60392609189439    -2.16593714591797E-01    -2.78709061547633E-01     5.17209074397764E-01     9.52555576472896E-02     2.05189586789078E-01     2.56807201597170E-01    -5.07684011086182E-01    -7.07241977717405E-01
         0.20540391443749     2.20846099606609E-01     1.43000810344472E-01    -7.48344210771730E-01     1.44792373693877E-02    -4.03802492099019E-01     3.58958913664450E-01     3.31563543288216E-01    -6.97432735209806E-01
         0.05906244855792    -1.48360908383092E-01     9.48006080224369E-01     2.46442508077172E-01    -1.21882287610183E-02    -8.91195529455772E-01     1.86291188431672E-01     7.80261209913537E-01    -2.90133575965398E-02
O DZVP-MOLOPT-PBE-GTH-Q6
 1
 2 0 2 5 2 2 1
        10.34256722623639    -1.36612866576817E-01     5.36780510727693E-02    -9.23817206645146E-02     5.83443637080248E-02    -9.48473896502772E-02
         3.67715896642206    -1.53385468202307E-01     9.10278370989298E-02    -2.98264530995839E-01     1.75046650342809E-01     1.72754284852763E-01
         1.30046451996361     5.48080652961239E-01    -2.61157543615482E-01    -5.68590641449654E-01     3.64872626600995E-01     4.96868401181124E-01
         0.46645021946921     7.84467551986126E-01    -4.09115659592467E-02    -6.49258120291653E-01     1.42983044083434E-01     8.41501659783491E-01
         0.14793951916337     2.05007513424509E-01     9.58621708960114E-01    -3.97079920076698E-01    -9.01320376386329E-01    -7.84645029990108E-02
F DZVP-MOLOPT-PBE-GTH-Q7
 1
 2 0 2 5 2 2 1
        13.30428004732790     1.38300641201995E-01    -4.13429187269840E-02    -9.35306094799813E-02     5.06566246623838E-02    -3.27607844899301E-02
         4.80605774544240     1.37253664661734E-01    -3.39425431978004E-02    -2.95918398172795E-01     1.05639317967558E-01     1.33212173705781E-01
         1.70698523266130    -5.18315587577063E-01     1.04830293747595E-01    -5.65287543674134E-01     3.02725510725546E-01     2.66499630071583E-01
         0.58735472443375    -8.26234910698634E-01     4.59821538585404E-02    -6.52514099592094E-01     2.40459771924833E-01     9.50816701157307E-01
         0.17874874061685    -1.03533512436824E-01    -9.91985341560913E-01    -3.97944304537121E-01    -9.14773526135829E-01     7.81459899689756E-02
