Cr DZVP-MOLOPT-PBE0-GTH-q14
 1
 2 0 3 6 3 2 2 1
         7.37510391225826     1.27176694625627E-01     5.13119782042861E-02     5.98208076428287E-02    -1.55672601967280E-01    -1.14035896996912E-02     2.65318262197898E-01    -1.91278320815625E-02    -2.77289706936067E-03
         3.45205261103288     3.24083052551079E-01     1.18741526671947E-01     1.09287647576847E-01     2.04080324263844E-01    -1.42179528270244E-02     3.65428936713284E-01    -6.11806779700370E-02    -1.94826203853404E-02
         1.55292227491782    -6.57768034335244E-01    -4.84949935054435E-01    -1.81800894902330E-01     7.85462991047983E-01    -2.66060468518964E-01     6.54447654196910E-01    -3.15865249568903E-02    -1.04775947354359E-01
         0.57874907706734    -2.58120911169423E-01    -3.98997215306003E-01     2.70392411081176E-01     5.12662060656786E-01    -2.80152473035182E-02     6.05515199770445E-01     1.31574699252613E-01    -6.71225930659680E-01
         0.20150210515076    -3.04620979785585E-01     4.78694779048724E-01    -7.29496223146252E-01     2.21111466641056E-01     9.03842315561069E-01    -3.27071454407864E-02     9.84477782911816E-01    -7.32696298157965E-01
         0.06993264444500    -5.35459737320708E-01     5.99786313545604E-01     5.88344559011004E-01     7.38409291791185E-02     3.33412431637705E-01     6.91124859346694E-03     9.15692939459129E-02    -3.53075640114272E-02

########################################################################################################################################################
H DZVP-MOLOPT-PBE0-GTH-q1
 1
 2 0 1 5 2 1
         9.40376558777484     5.57995409025206E-02    -4.70579310756749E-02    -9.22922683878503E-02
         2.19236236036235     2.26741263852150E-01    -2.37595450605385E-01     3.56629407794935E-01
         0.70785664525623     4.70071809062586E-01    -3.84865803668886E-01     4.70685683046521E-01
         0.37495748172786     5.50419957177599E-01     8.25544608526065E-01     4.93402007633953E-01
         0.15142571456720     6.49265104227107E-01    -3.34198093163844E-01     6.31907468961614E-01
B DZVP-MOLOPT-PBE0-GTH-q3
 1
 2 0 2 5 2 2 1
         3.67479481725273    -1.30272398810805E-01     1.35337613534554E-01    -7.37588511183232E-02     9.28978755835896E-02    -7.58073843071636E-02
         1.42570678835317    -2.19698725483867E-01     1.32610524337094E-01    -1.26760953968484E-01     3.37198158774520E-01     2.44452881375435E-01
         0.56491722285073     4.05073884449850E-01    -1.59818878605353E-01    -4.78709500428446E-01     5.13093034991379E-01     6.28301733951220E-01
         0.21332352291263     7.86939024064267E-01    -3.11837315122066E-01    -6.58885020201854E-01     1.98147176390939E-01     7.18196193395110E-01
         0.07050901715185     3.89106274262356E-01     9.17231483398058E-01    -5.61425896075212E-01    -7.58380261058240E-01     1.54684156197131E-01
C DZVP-MOLOPT-PBE0-GTH-q4
 1
 2 0 2 5 2 2 1
         5.37649556675185    -1.22404309942338E-01     1.51052142999233E-01    -1.02230399503479E-01     7.40025761345854E-02    -3.33102657255285E-02
         1.95241253925289    -1.29373346346520E-01     2.06617207371748E-01    -3.09172408281985E-01     2.20213934213870E-01     2.24862943378639E-01
         0.69884308058897     4.93419910923422E-01    -4.42585619435647E-01    -6.76608029554237E-01     4.84079784827656E-01     7.92785845721874E-01
         0.25544398452951     7.50469724701437E-01    -1.05635637414093E-01    -6.23090735983644E-01    -3.82982660790289E-01     5.31193096205402E-01
         0.08778128068034     4.02009584429917E-01     8.52907768337305E-01    -2.18908374551020E-01    -7.51678445453038E-01     1.94040151152179E-01
N DZVP-MOLOPT-PBE0-GTH-q5
 1
 2 0 2 5 2 2 1
         7.73191180652741    -1.29328265668785E-01     9.16398588113292E-02    -9.93933540194857E-02     4.77455982212432E-02    -7.29200672641234E-03
         2.85057084952924    -1.45350914286028E-01     1.33224641925486E-01    -3.12409705172060E-01     1.26174183517461E-01     8.15946595948134E-02
         1.00330603111170     4.72662187215565E-01    -3.68726429496676E-01    -6.57053215090823E-01     3.52892900056040E-01     7.72646415003236E-01
         0.37172658231290     7.89643957793047E-01    -1.29264814983625E-01    -6.43410477137827E-01    -1.20259762045036E-01     6.17550363213716E-01
         0.12323676002417     3.39411532085830E-01     9.06192451336220E-01    -2.16391237667221E-01    -9.18043911796765E-01     1.22221947459383E-01
O DZVP-MOLOPT-PBE0-GTH-q6
 1
 2 0 2 5 2 2 1
        10.34082423621691    -1.29825249634708E-01     8.18793043945144E-02    -9.31315963557027E-02     6.07168741616306E-02    -1.46443819746845E-04
         3.64864310376424    -1.27684551447027E-01     1.02649506262870E-01    -3.10412801135525E-01     1.66218217874094E-01     4.82789843051162E-02
         1.25503633997207     5.26487514579900E-01    -3.65113179366377E-01    -5.97863015525008E-01     4.26686208369503E-01     7.18155124032992E-01
         0.43936673910305     7.72667288737258E-01    -8.21060762059065E-02    -6.48920500304752E-01    -1.50379113770831E-02     6.93882202281484E-01
         0.14295518532255     3.04365270334762E-01     9.17992274956007E-01    -3.41221918409427E-01    -8.86790677695403E-01    -2.12090879301656E-02
F DZVP-MOLOPT-PBE0-GTH-q7
 1
 2 0 2 5 2 2 1
        13.31501907729122     1.31813146289282E-01    -5.24225688764356E-02    -9.80506809064632E-02     4.64420401614479E-02     4.89385522399914E-03
         4.62512020147175     1.34547810393351E-01    -5.37398783766778E-02    -3.12727206728056E-01     1.25929415842544E-01     2.30296758923593E-02
         1.62272294024072    -5.51865766775749E-01     1.65440705311574E-01    -5.86706702362430E-01     2.77907352966805E-01     5.26472480151814E-01
         0.55216173678272    -7.87309125215089E-01     1.14519053917377E-01    -6.52997838515906E-01     1.82287680337408E-01     8.49582617686734E-01
         0.17330337957192    -2.00276553789357E-01    -9.76667117835106E-01    -3.49223175694863E-01    -9.33554296168888E-01    -2.19496600587510E-02
########################################################################################################################################################
LI DZVP-MOLOPT-PBE0-GTH-q3
 1
 2 0 1 5 3 1
         7.05027339548382     4.70212080343201E-01     6.53603881588792E-02    -1.07446938144366E-01    -8.20405506143954E-03
         1.96462205080353     6.90697135431791E-01     1.58056143437986E-01    -1.01412260045235E-01    -4.87231480498767E-02
         0.63056258093130     4.29493999857787E-01     3.92445663200615E-01     2.72325294990826E-01    -2.77963950924245E-01
         0.16314292709457     2.04658917950402E-01    -4.75130741960851E-01    -7.56167033755959E-01    -7.50264733067419E-01
         0.04636444691345     2.74750246578904E-01    -7.68754482692616E-01     5.76386207125736E-01    -5.97827417091686E-01

BE DZVP-MOLOPT-PBE0-GTH-q4
 1
 2 0 1 6 3 1
        14.98614535610190    -2.51306349710412E-01     6.30905774035467E-02    -1.10113618387816E-02     4.12247175509069E-03
         6.80347843472811    -5.59026258546029E-01     1.51197544889929E-01     1.15182130914441E-02    -7.99429004590891E-03
         2.11187894497502    -6.07942955509984E-01     3.17108387367060E-01    -3.81567314267044E-01    -1.07459722575763E-01
         0.66188617743192    -2.88236338207874E-01     1.34978399159023E-01     2.75226849939425E-01    -3.75225896888499E-01
         0.21869820089081    -3.99819735634248E-01    -6.52688928216046E-01     5.58243661684002E-01    -8.25322406526869E-01
         0.06586654404629    -1.08646748828110E-01    -6.54506796655516E-01    -6.83203235225602E-01    -4.07946021142687E-01
########################################################################################################################################################
AL DZVP-MOLOPT-PBE0-GTH-q3
 1
 2 0 2 4 2 2 1
         0.94126725167835     4.66302109366831E-01    -3.50121284289676E-01     1.22149227011621E-01    -5.15736066864909E-02     3.40584347479602E-01
         0.33080620243729    -3.57592033826916E-01     5.60223555785247E-01    -7.85253644373592E-01     4.03354165456479E-01     7.67588355744785E-01
         0.14729760457524    -8.04476210315435E-01    -3.82379538255529E-01    -6.06401527440678E-01    -4.98515959069407E-01     5.12955410264327E-01
         0.05167804520850    -8.66504886315650E-02    -6.46026735169816E-01    -2.70826116921525E-02    -7.65589589045831E-01     1.78008891512380E-01
SI DZVP-MOLOPT-PBE0-GTH-q4
 1
 2 0 2 4 2 2 1
         1.21365863082271    -3.08151749446573E-02    -6.34072471863553E-01     1.36162907866315E-01     6.62714527391055E-02     2.78715935684656E-01
         0.42880957162127     5.95286306929111E-03     5.70670193748482E-01    -7.77588638885866E-01    -4.96367537858365E-01     7.88029670429787E-01
         0.16590681329427    -8.76412895114549E-01     2.70751967112551E-01    -6.13274545167977E-01     6.67988337026722E-01     5.47416077765143E-01
         0.04260042981395    -4.80536601822737E-01    -4.46072867025778E-01     2.66440133243094E-02     5.50471564668465E-01     4.07713566364410E-02
P DZVP-MOLOPT-PBE0-GTH-q5
 1
 2 0 2 4 2 2 1
         1.46486261225549     3.83350362566064E-01     3.35317452087815E-01     1.61426165061671E-01     1.29569897699925E-01     2.51603510220513E-01
         0.60822081034934    -2.95260205201235E-01    -4.08273238159129E-01    -6.65080984528182E-01    -4.45721580403973E-01     7.21208411270175E-01
         0.22569356915956    -8.39418487719939E-01     4.68172439850882E-02    -7.23988069302115E-01     3.40879884612988E-01     6.45355474983142E-01
         0.07812123803993    -2.47468206481081E-01     8.47751918307494E-01    -8.63142674226135E-02     8.17523589040984E-01    -8.39118985296701E-03
S DZVP-MOLOPT-PBE0-GTH-q6
 1
 2 0 2 4 2 2 1
         1.83659095947030     3.72803746003926E-01    -1.31812637810655E-01     3.22135672378229E-01     2.14331044549409E-01    -6.56359111506667E-02
         1.39208197320107    -1.14279794636780E-01    -1.43288136484319E-01    -4.14974000535217E-01    -2.38907656855117E-01     4.63441350718008E-01
         0.38620456072642    -7.33165669969939E-01     5.64751972580603E-01    -7.40576228885045E-01    -2.84085486628765E-01     8.51719381751729E-01
         0.12374068236867    -5.57158501578093E-01    -8.01965802215135E-01    -4.19013170045561E-01     9.03482579314762E-01     2.35559199269617E-01
CL DZVP-MOLOPT-PBE0-GTH-q7
 1
 2 0 2 4 2 2 1
         1.95736377876919     5.14900988266686E-01     2.40693792976430E-01     3.91491934421244E-01     1.94579618291814E-01     1.03302579489917E-01
         1.54347371438383    -4.22981434715776E-01     4.84506053505602E-02    -5.31183852831214E-01    -2.06763688400425E-01     2.53080986425568E-01
         0.40766941393095    -4.94589672987331E-01    -6.25944067103656E-01    -6.13505638411310E-01    -3.32691397032460E-01     9.52098239408987E-01
         0.13062819821750    -5.57982735881729E-01     7.40211497966302E-01    -4.33807113141348E-01     8.99279702676011E-01     1.37067625261757E-01
########################################################################################################################################################
K DZVP-MOLOPT-PBE0-GTH-q9
 1
 2 0 2 6 3 2 1
         2.82679804589034     1.19206428205743E-02    -1.32372783298398E-01     1.15174431572424E-01    -2.04900165488723E-02    -3.39437122812754E-02     2.27796834288420E-04
         0.44287906077151    -1.22574455377808E-01     8.14839647058334E-01    -4.94810648752871E-01     2.76153862795859E-02     3.93419156192986E-01     3.01500135131628E-02
         0.32544855965972     4.50918770107482E-01    -2.68006742868527E-01    -2.02203248968727E-01     3.25517504377113E-01    -6.18048287673298E-01    -2.43216404438560E-01
         0.25062529802058    -2.59422479587013E-01    -9.23518100663976E-02    -1.37571096087742E-01     1.40938404269154E-01     5.81821758767276E-01     5.88360638667225E-01
         0.04240511901236    -6.25731055573120E-01     1.13815402210233E-01     5.60818871913709E-01    -9.03315243656544E-01    -2.64889678365102E-02     7.70538400375059E-01
         0.01975216803512     5.68037223344218E-01     4.74555980889369E-01     6.06273457052076E-01     2.38775712304111E-01     3.50524295376197E-01    -6.24802531025914E-03


CA DZVP-MOLOPT-PBE0-GTH-q10
 1
 2 0 2 6 3 2 1
         4.82692583700120     2.60561318457247E-01    -3.05496545663022E-01     1.21235907626558E-02     6.41586429044393E-03    -9.21359605232097E-03    -9.05621277121478E-03
         1.99708829464625     5.48170995053193E-01    -5.32201534166934E-01    -8.83830505959215E-02    -3.81075639432954E-02     3.14730757498003E-02     1.84613976579569E-02
         0.39580098409683    -4.31296242860438E-01     1.41445082748807E-02     6.21232217172763E-01    -6.60463799669365E-01    -9.28936364570430E-02     6.73453415228436E-01
         0.18299140851034    -1.84664839646815E-01     2.14589427323881E-01    -3.58553602437637E-01     5.73506026385896E-01     9.25175106073915E-02     3.81896890304490E-01
         0.06856454381830     1.21829979610964E-01     5.09360283856571E-01    -4.90249664802623E-01     2.73573827926183E-01     6.60860855647403E-01     6.30298364010664E-01
         0.03534607014463     6.29806528599769E-01     5.63681469816373E-01     4.87038568904866E-01    -3.98173853931791E-01     7.38240318026869E-01     5.40036741819797E-02
