CR DZVP-MOLOPT-PBE0-GTH-Q14
 1
 2 0 3 6 3 2 2 1
         7.24502649656996     1.57669081414409E-01     1.78326096518480E-02     2.31536677455732E-02    -1.58660490630343E-01    -5.11394104552339E-03     2.78980767884745E-01    -4.82997281272822E-02     6.98599987920328E-03
         3.44649128992094     3.62295340985626E-01     7.66564380399827E-02     2.96306849140353E-02     1.97979871289243E-01    -2.69687074385520E-02     3.33625529384064E-01    -7.57555904106505E-02    -4.08863738443512E-02
         1.64241609525367    -7.29762293102970E-01    -3.23201176990457E-01    -7.18888804161075E-02     7.64718221746927E-01    -1.95073633401420E-01     6.07286836300172E-01    -8.60618549116330E-02    -4.79384605898278E-02
         0.65702159921352    -2.65564474669604E-01    -4.82861803986549E-01     2.49077757182198E-01     5.37350639761556E-01    -1.56688099460904E-01     6.45887989549379E-01    -9.95748290334726E-02    -5.91883090646775E-01
         0.24845790525039    -3.11300737457639E-01     4.35561605549116E-01    -7.45122045577606E-01     2.20958045749020E-01     7.73311967096821E-01     1.55107119475980E-01     9.54178402123089E-01    -7.91779417135574E-01
         0.10343784906119    -3.79337452518107E-01     6.82991474144694E-01     6.13328074626706E-01     1.15189811060143E-01     5.81919457493750E-01     2.89296075655050E-02     2.53278530985786E-01    -1.36898377794252E-01
C DZVP-MOLOPT-PBE0-GTH-Q4
 1
 2 0 2 5 2 2 1
         5.37649556675185    -1.22404309942338E-01     1.51052142999233E-01    -1.02230399503479E-01     7.40025761345854E-02    -3.33102657255285E-02
         1.95241253925289    -1.29373346346520E-01     2.06617207371748E-01    -3.09172408281985E-01     2.20213934213870E-01     2.24862943378639E-01
         0.69884308058897     4.93419910923422E-01    -4.42585619435647E-01    -6.76608029554237E-01     4.84079784827656E-01     7.92785845721874E-01
         0.25544398452951     7.50469724701437E-01    -1.05635637414093E-01    -6.23090735983644E-01    -3.82982660790289E-01     5.31193096205402E-01
         0.08778128068034     4.02009584429917E-01     8.52907768337305E-01    -2.18908374551020E-01    -7.51678445453038E-01     1.94040151152179E-01
O DZVP-MOLOPT-PBE0-GTH-Q6
 1
 2 0 2 5 2 2 1
        10.34082423621691    -1.29825249634708E-01     8.18793043945143E-02    -9.31315963557027E-02     6.07168741616306E-02    -1.46443819746845E-04
         3.64864310376424    -1.27684551447027E-01     1.02649506262870E-01    -3.10412801135525E-01     1.66218217874094E-01     4.82789843051162E-02
         1.25503633997207     5.26487514579900E-01    -3.65113179366377E-01    -5.97863015525008E-01     4.26686208369503E-01     7.18155124032992E-01
         0.43936673910305     7.72667288737258E-01    -8.21060762059060E-02    -6.48920500304752E-01    -1.50379113770830E-02     6.93882202281484E-01
         0.14295518532255     3.04365270334762E-01     9.17992274956007E-01    -3.41221918409427E-01    -8.86790677695403E-01    -2.12090879301656E-02
F DZVP-MOLOPT-PBE0-GTH-Q7
 1
 2 0 2 5 2 2 1
        13.31501907729122     1.31813146289282E-01    -5.24225688764356E-02    -9.80506809064632E-02     4.64420401614479E-02     4.89385522399914E-03
         4.62512020147175     1.34547810393351E-01    -5.37398783766778E-02    -3.12727206728056E-01     1.25929415842544E-01     2.30296758923593E-02
         1.62272294024072    -5.51865766775749E-01     1.65440705311574E-01    -5.86706702362430E-01     2.77907352966805E-01     5.26472480151814E-01
         0.55216173678272    -7.87309125215089E-01     1.14519053917377E-01    -6.52997838515906E-01     1.82287680337408E-01     8.49582617686734E-01
         0.17330337957192    -2.00276553789357E-01    -9.76667117835106E-01    -3.49223175694863E-01    -9.33554296168888E-01    -2.19496600587510E-02
CL DZVP-MOLOPT-PBE0-GTH-Q7
 1
 2 0 2 4 2 2 1
         1.95736377876919     5.14900988266686E-01     2.40693792976429E-01     3.91491934421244E-01     1.94579618291814E-01     1.03302579489917E-01
         1.54347371438383    -4.22981434715776E-01     4.84506053505592E-02    -5.31183852831214E-01    -2.06763688400425E-01     2.53080986425568E-01
         0.40766941393095    -4.94589672987331E-01    -6.25944067103656E-01    -6.13505638411310E-01    -3.32691397032460E-01     9.52098239408987E-01
         0.13062819821750    -5.57982735881729E-01     7.40211497966303E-01    -4.33807113141348E-01     8.99279702676011E-01     1.37067625261757E-01
