CR TZV2P-MOLOPT-PBE0-GTH-Q14
 1
 2 0 3 6 4 3 3 2
         7.24502649656996     1.57669081414409E-01     1.78326096518480E-02     2.31536677455731E-02     2.88202072061651E-01    -1.58660490630343E-01    -5.11394104552328E-03     2.63984183576094E-02     2.78980767884745E-01    -4.82997281272822E-02     4.30470431947093E-03     6.98599987920328E-03     9.65461779858888E-04
         3.44649128992094     3.62295340985626E-01     7.66564380399828E-02     2.96306849140352E-02     5.76785385675770E-01     1.97979871289243E-01    -2.69687074385521E-02    -8.83382744056115E-03     3.33625529384064E-01    -7.57555904106505E-02     9.86142318552799E-03    -4.08863738443512E-02    -5.65047694622134E-03
         1.64241609525367    -7.29762293102970E-01    -3.23201176990457E-01    -7.18888804161072E-02    -1.03377224229661E-01     7.64718221746927E-01    -1.95073633401421E-01     3.15874576067253E-02     6.07286836300172E-01    -8.60618549116330E-02     4.37354918129344E-03    -4.79384605898278E-02    -6.62507189880293E-03
         0.65702159921352    -2.65564474669604E-01    -4.82861803986549E-01     2.49077757182198E-01     6.57672866765634E-01     5.37350639761556E-01    -1.56688099460904E-01     3.63736857320386E-02     6.45887989549379E-01    -9.95748290334726E-02     6.75816515964201E-03    -5.91883090646775E-01    -8.17979547731377E-02
         0.24845790525039    -3.11300737457639E-01     4.35561605549116E-01    -7.45122045577606E-01     3.57188071082503E-01     2.20958045749020E-01     7.73311967096821E-01    -5.90595650247332E-01     1.55107119475980E-01     9.54178402123089E-01    -2.54570928381313E-01    -7.91779417135574E-01    -1.09423529708180E-01
         0.10343784906119    -3.79337452518107E-01     6.82991474144694E-01     6.13328074626706E-01     1.15993173236310E-01     1.15189811060143E-01     5.81919457493750E-01     8.05047236140904E-01     2.89296075655050E-02     2.53278530985786E-01     9.66960735266840E-01    -1.36898377794252E-01     9.90585096878255E-01
CR TZVP-MOLOPT-PBE0-GTH-q14
 1
 2 0 3 6 4 3 3 1
         7.24502649656996     1.57669081414409E-01     1.78326096518480E-02     2.31536677455731E-02     2.88202072061651E-01    -1.58660490630343E-01    -5.11394104552328E-03     2.63984183576094E-02     2.78980767884745E-01    -4.82997281272822E-02     4.30470431947093E-03     6.98599987920328E-03
         3.44649128992094     3.62295340985626E-01     7.66564380399828E-02     2.96306849140352E-02     5.76785385675770E-01     1.97979871289243E-01    -2.69687074385521E-02    -8.83382744056115E-03     3.33625529384064E-01    -7.57555904106505E-02     9.86142318552799E-03    -4.08863738443512E-02
         1.64241609525367    -7.29762293102970E-01    -3.23201176990457E-01    -7.18888804161072E-02    -1.03377224229661E-01     7.64718221746927E-01    -1.95073633401421E-01     3.15874576067253E-02     6.07286836300172E-01    -8.60618549116330E-02     4.37354918129344E-03    -4.79384605898278E-02
         0.65702159921352    -2.65564474669604E-01    -4.82861803986549E-01     2.49077757182198E-01     6.57672866765634E-01     5.37350639761556E-01    -1.56688099460904E-01     3.63736857320386E-02     6.45887989549379E-01    -9.95748290334726E-02     6.75816515964201E-03    -5.91883090646775E-01
         0.24845790525039    -3.11300737457639E-01     4.35561605549116E-01    -7.45122045577606E-01     3.57188071082503E-01     2.20958045749020E-01     7.73311967096821E-01    -5.90595650247332E-01     1.55107119475980E-01     9.54178402123089E-01    -2.54570928381313E-01    -7.91779417135574E-01
         0.10343784906119    -3.79337452518107E-01     6.82991474144694E-01     6.13328074626706E-01     1.15993173236310E-01     1.15189811060143E-01     5.81919457493750E-01     8.05047236140904E-01     2.89296075655050E-02     2.53278530985786E-01     9.66960735266840E-01    -1.36898377794252E-01
CR DZVP-MOLOPT-PBE0-GTH-q14
 1
 2 0 3 6 3 2 2 1
         7.24502649656996     1.57669081414409E-01     1.78326096518480E-02     2.31536677455731E-02    -1.58660490630343E-01    -5.11394104552328E-03     2.78980767884745E-01    -4.82997281272822E-02     6.98599987920328E-03
         3.44649128992094     3.62295340985626E-01     7.66564380399828E-02     2.96306849140352E-02     1.97979871289243E-01    -2.69687074385521E-02     3.33625529384064E-01    -7.57555904106505E-02    -4.08863738443512E-02
         1.64241609525367    -7.29762293102970E-01    -3.23201176990457E-01    -7.18888804161072E-02     7.64718221746927E-01    -1.95073633401421E-01     6.07286836300172E-01    -8.60618549116330E-02    -4.79384605898278E-02
         0.65702159921352    -2.65564474669604E-01    -4.82861803986549E-01     2.49077757182198E-01     5.37350639761556E-01    -1.56688099460904E-01     6.45887989549379E-01    -9.95748290334726E-02    -5.91883090646775E-01
         0.24845790525039    -3.11300737457639E-01     4.35561605549116E-01    -7.45122045577606E-01     2.20958045749020E-01     7.73311967096821E-01     1.55107119475980E-01     9.54178402123089E-01    -7.91779417135574E-01
         0.10343784906119    -3.79337452518107E-01     6.82991474144694E-01     6.13328074626706E-01     1.15189811060143E-01     5.81919457493750E-01     2.89296075655050E-02     2.53278530985786E-01    -1.36898377794252E-01
CL TZV2P-MOLOPT-PBE0-GTH-Q7
 1
 2 0 3 4 3 3 2 1
         1.95736377876919     5.14900988266686E-01     2.40693792976430E-01    -1.28104442415964E-01     3.91491934421244E-01     1.94579618291814E-01    -4.24624922261607E-01     1.03302579489917E-01    -1.51719991846673E-01    -8.80894837945973E-02
         1.54347371438383    -4.22981434715776E-01     4.84506053505603E-02    -8.97870765280675E-01    -5.31183852831214E-01    -2.06763688400425E-01    -8.12512692066251E-01     2.53080986425568E-01     7.90079486051753E-01     3.40736837991551E-01
         0.40766941393095    -4.94589672987331E-01    -6.25944067103656E-01     2.66738548390739E-01    -6.13505638411310E-01    -3.32691397032460E-01     3.96050456242181E-01     9.52098239408987E-01    -2.69731069825107E-01     9.35543949131780E-01
         0.13062819821750    -5.57982735881729E-01     7.40211497966302E-01     3.25987557262530E-01    -4.33807113141348E-01     8.99279702676011E-01     5.15832990020733E-02     1.37067625261757E-01     5.29150828937503E-01     2.99360873066907E-02
CL TZVP-MOLOPT-PBE0-GTH-q7
 1
 2 0 2 4 3 3 1
         1.95736377876919     5.14900988266686E-01     2.40693792976430E-01    -1.28104442415964E-01     3.91491934421244E-01     1.94579618291814E-01    -4.24624922261607E-01     1.03302579489917E-01
         1.54347371438383    -4.22981434715776E-01     4.84506053505603E-02    -8.97870765280675E-01    -5.31183852831214E-01    -2.06763688400425E-01    -8.12512692066251E-01     2.53080986425568E-01
         0.40766941393095    -4.94589672987331E-01    -6.25944067103656E-01     2.66738548390739E-01    -6.13505638411310E-01    -3.32691397032460E-01     3.96050456242181E-01     9.52098239408987E-01
         0.13062819821750    -5.57982735881729E-01     7.40211497966302E-01     3.25987557262530E-01    -4.33807113141348E-01     8.99279702676011E-01     5.15832990020733E-02     1.37067625261757E-01
CL DZVP-MOLOPT-PBE0-GTH-q7
 1
 2 0 2 4 2 2 1
         1.95736377876919     5.14900988266686E-01     2.40693792976430E-01     3.91491934421244E-01     1.94579618291814E-01     1.03302579489917E-01
         1.54347371438383    -4.22981434715776E-01     4.84506053505603E-02    -5.31183852831214E-01    -2.06763688400425E-01     2.53080986425568E-01
         0.40766941393095    -4.94589672987331E-01    -6.25944067103656E-01    -6.13505638411310E-01    -3.32691397032460E-01     9.52098239408987E-01
         0.13062819821750    -5.57982735881729E-01     7.40211497966302E-01    -4.33807113141348E-01     8.99279702676011E-01     1.37067625261757E-01
O TZV2P-MOLOPT-PBE0-GTH-Q6
 1
 2 0 3 5 3 3 2 1
        10.34082423621691    -1.29825249634708E-01     8.18793043945143E-02    -1.54163825083534E-01    -9.31315963557027E-02     6.07168741616306E-02     5.24249215362800E-02    -1.46443819746845E-04    -1.35615599706110E-01    -4.53627038333396E-02
         3.64864310376424    -1.27684551447027E-01     1.02649506262870E-01    -2.90598920673850E-01    -3.10412801135525E-01     1.66218217874094E-01     1.57277538743803E-01     4.82789843051162E-02    -2.03664714425298E-01    -7.75510089052828E-02
         1.25503633997207     5.26487514579900E-01    -3.65113179366377E-01     6.61471073309150E-01    -5.97863015525008E-01     4.26686208369503E-01     5.52189434348781E-01     7.18155124032992E-01    -6.65039106707507E-01     7.74070424398802E-02
         0.43936673910305     7.72667288737258E-01    -8.21060762059060E-02    -6.24492813862270E-01    -6.48920500304752E-01    -1.50379113770830E-02    -7.55332729990091E-01     6.93882202281484E-01     7.03924405563841E-01     9.92909576133937E-01
         0.14295518532255     3.04365270334762E-01     9.17992274956007E-01     2.53476876555698E-01    -3.41221918409427E-01    -8.86790677695403E-01     3.11568128998934E-01    -2.12090879301656E-02     4.83994939610748E-02     8.17248560335443E-03
O TZVP-MOLOPT-PBE0-GTH-q6
 1
 2 0 2 5 3 3 1
        10.34082423621691    -1.29825249634708E-01     8.18793043945143E-02    -1.54163825083534E-01    -9.31315963557027E-02     6.07168741616306E-02     5.24249215362800E-02    -1.46443819746845E-04
         3.64864310376424    -1.27684551447027E-01     1.02649506262870E-01    -2.90598920673850E-01    -3.10412801135525E-01     1.66218217874094E-01     1.57277538743803E-01     4.82789843051162E-02
         1.25503633997207     5.26487514579900E-01    -3.65113179366377E-01     6.61471073309150E-01    -5.97863015525008E-01     4.26686208369503E-01     5.52189434348781E-01     7.18155124032992E-01
         0.43936673910305     7.72667288737258E-01    -8.21060762059060E-02    -6.24492813862270E-01    -6.48920500304752E-01    -1.50379113770830E-02    -7.55332729990091E-01     6.93882202281484E-01
         0.14295518532255     3.04365270334762E-01     9.17992274956007E-01     2.53476876555698E-01    -3.41221918409427E-01    -8.86790677695403E-01     3.11568128998934E-01    -2.12090879301656E-02
O DZVP-MOLOPT-PBE0-GTH-q6
 1
 2 0 2 5 2 2 1
        10.34082423621691    -1.29825249634708E-01     8.18793043945143E-02    -9.31315963557027E-02     6.07168741616306E-02    -1.46443819746845E-04
         3.64864310376424    -1.27684551447027E-01     1.02649506262870E-01    -3.10412801135525E-01     1.66218217874094E-01     4.82789843051162E-02
         1.25503633997207     5.26487514579900E-01    -3.65113179366377E-01    -5.97863015525008E-01     4.26686208369503E-01     7.18155124032992E-01
         0.43936673910305     7.72667288737258E-01    -8.21060762059060E-02    -6.48920500304752E-01    -1.50379113770830E-02     6.93882202281484E-01
         0.14295518532255     3.04365270334762E-01     9.17992274956007E-01    -3.41221918409427E-01    -8.86790677695403E-01    -2.12090879301656E-02
C TZV2P-MOLOPT-PBE0-GTH-Q4
 1
 2 0 3 5 3 3 2 1
         5.37649556675185    -1.22404309942338E-01     1.51052142999233E-01    -2.91603005508096E-01    -1.02230399503479E-01     7.40025761345854E-02     8.94622998880541E-02    -3.33102657255285E-02     9.86374456561292E-02     7.95121951184048E-02
         1.95241253925289    -1.29373346346520E-01     2.06617207371748E-01    -1.01805179489666E-01    -3.09172408281985E-01     2.20213934213870E-01     3.39999059653624E-01     2.24862943378639E-01    -4.25828317504440E-02     4.21381944948773E-01
         0.69884308058897     4.93419910923422E-01    -4.42585619435647E-01     6.21910558850215E-01    -6.76608029554237E-01     4.84079784827656E-01     2.48477330781687E-01     7.92785845721874E-01    -5.17543483541305E-01     3.21750315531954E-01
         0.25544398452951     7.50469724701437E-01    -1.05635637414093E-01    -6.44963922243512E-01    -6.23090735983644E-01    -3.82982660790289E-01    -6.66883209981747E-01     5.31193096205402E-01     8.40388777086484E-01     8.41599833069726E-01
         0.08778128068034     4.02009584429917E-01     8.52907768337305E-01     3.19142896525367E-01    -2.18908374551020E-01    -7.51678445453038E-01     6.08212904060281E-01     1.94040151152179E-01    -1.19803183369898E-01    -6.55859949283386E-02
C TZVP-MOLOPT-PBE0-GTH-q4
 1
 2 0 2 5 3 3 1
         5.37649556675185    -1.22404309942338E-01     1.51052142999233E-01    -2.91603005508096E-01    -1.02230399503479E-01     7.40025761345854E-02     8.94622998880541E-02    -3.33102657255285E-02
         1.95241253925289    -1.29373346346520E-01     2.06617207371748E-01    -1.01805179489666E-01    -3.09172408281985E-01     2.20213934213870E-01     3.39999059653624E-01     2.24862943378639E-01
         0.69884308058897     4.93419910923422E-01    -4.42585619435647E-01     6.21910558850215E-01    -6.76608029554237E-01     4.84079784827656E-01     2.48477330781687E-01     7.92785845721874E-01
         0.25544398452951     7.50469724701437E-01    -1.05635637414093E-01    -6.44963922243512E-01    -6.23090735983644E-01    -3.82982660790289E-01    -6.66883209981747E-01     5.31193096205402E-01
         0.08778128068034     4.02009584429917E-01     8.52907768337305E-01     3.19142896525367E-01    -2.18908374551020E-01    -7.51678445453038E-01     6.08212904060281E-01     1.94040151152179E-01
C DZVP-MOLOPT-PBE0-GTH-q4
 1
 2 0 2 5 2 2 1
         5.37649556675185    -1.22404309942338E-01     1.51052142999233E-01    -1.02230399503479E-01     7.40025761345854E-02    -3.33102657255285E-02
         1.95241253925289    -1.29373346346520E-01     2.06617207371748E-01    -3.09172408281985E-01     2.20213934213870E-01     2.24862943378639E-01
         0.69884308058897     4.93419910923422E-01    -4.42585619435647E-01    -6.76608029554237E-01     4.84079784827656E-01     7.92785845721874E-01
         0.25544398452951     7.50469724701437E-01    -1.05635637414093E-01    -6.23090735983644E-01    -3.82982660790289E-01     5.31193096205402E-01
         0.08778128068034     4.02009584429917E-01     8.52907768337305E-01    -2.18908374551020E-01    -7.51678445453038E-01     1.94040151152179E-01
F TZV2P-MOLOPT-PBE0-GTH-Q7
 1
 2 0 3 5 3 3 2 1
        13.31501907729122     1.31813146289282E-01    -5.24225688764356E-02    -5.17923286744451E-01    -9.80506809064632E-02     4.64420401614479E-02     6.35659142568778E-02     4.89385522399914E-03     1.52535072278595E-01     5.41962851226601E-02
         4.62512020147175     1.34547810393351E-01    -5.37398783766778E-02    -2.73506612070950E-02    -3.12727206728056E-01     1.25929415842544E-01     1.88833971660508E-01     2.30296758923593E-02    -1.84322551941015E-01     3.68925101794283E-02
         1.62272294024072    -5.51865766775749E-01     1.65440705311574E-01    -7.34790083225985E-01    -5.86706702362430E-01     2.77907352966805E-01     6.51110127867809E-01     5.26472480151814E-01    -8.13967424463323E-01     8.50449987353287E-02
         0.55216173678272    -7.87309125215089E-01     1.14519053917377E-01     4.34902286738320E-01    -6.52997838515906E-01     1.82287680337408E-01    -7.27945836193775E-01     8.49582617686734E-01     5.11993820603493E-01     9.94034575948952E-01
         0.17330337957192    -2.00276553789357E-01    -9.76667117835106E-01    -4.41695026221844E-02    -3.49223175694863E-01    -9.33554296168888E-01     8.03216449515110E-02    -2.19496600587510E-02     1.34452996051777E-01    -1.90870474316679E-02
F TZVP-MOLOPT-PBE0-GTH-q7
 1
 2 0 2 5 3 3 1
        13.31501907729122     1.31813146289282E-01    -5.24225688764356E-02    -5.17923286744451E-01    -9.80506809064632E-02     4.64420401614479E-02     6.35659142568778E-02     4.89385522399914E-03
         4.62512020147175     1.34547810393351E-01    -5.37398783766778E-02    -2.73506612070950E-02    -3.12727206728056E-01     1.25929415842544E-01     1.88833971660508E-01     2.30296758923593E-02
         1.62272294024072    -5.51865766775749E-01     1.65440705311574E-01    -7.34790083225985E-01    -5.86706702362430E-01     2.77907352966805E-01     6.51110127867809E-01     5.26472480151814E-01
         0.55216173678272    -7.87309125215089E-01     1.14519053917377E-01     4.34902286738320E-01    -6.52997838515906E-01     1.82287680337408E-01    -7.27945836193775E-01     8.49582617686734E-01
         0.17330337957192    -2.00276553789357E-01    -9.76667117835106E-01    -4.41695026221844E-02    -3.49223175694863E-01    -9.33554296168888E-01     8.03216449515110E-02    -2.19496600587510E-02
F DZVP-MOLOPT-PBE0-GTH-q7
 1
 2 0 2 5 2 2 1
        13.31501907729122     1.31813146289282E-01    -5.24225688764356E-02    -9.80506809064632E-02     4.64420401614479E-02     4.89385522399914E-03
         4.62512020147175     1.34547810393351E-01    -5.37398783766778E-02    -3.12727206728056E-01     1.25929415842544E-01     2.30296758923593E-02
         1.62272294024072    -5.51865766775749E-01     1.65440705311574E-01    -5.86706702362430E-01     2.77907352966805E-01     5.26472480151814E-01
         0.55216173678272    -7.87309125215089E-01     1.14519053917377E-01    -6.52997838515906E-01     1.82287680337408E-01     8.49582617686734E-01
         0.17330337957192    -2.00276553789357E-01    -9.76667117835106E-01    -3.49223175694863E-01    -9.33554296168888E-01    -2.19496600587510E-02
