IN TZV2P-MOLOPT-SCAN-GTH-Q13
 1
 2 0 3 6 3 3 3 2
         2.85705036722393    -3.26967006360513E-02    -2.73301745820271E-02     3.16380078215135E-01     1.76225779042405E-02    -2.27254317628753E-02     3.33954744593407E-01     3.09070941140907E-01    -3.48730630603045E-01     5.96077267432888E-02     1.18656832715002E-01     1.47941746841679E-01
         1.47813968814632     7.69569882491844E-02    -3.94705577557386E-02    -5.26388188589765E-01    -4.12502522353044E-02     1.07764137197402E-01    -8.42809145453211E-01     5.23048309558978E-01    -3.26092239160655E-01    -1.36711565131919E-01    -3.47233359205263E-01    -3.36241310750865E-01
         0.73600297689376     1.43302540515710E-01     6.25095574277251E-01    -5.59239533709751E-01    -1.76265850519177E-01    -4.55297123416273E-01     3.15666057049296E-01     2.28393897385949E-01    -6.09826958033476E-01     4.26554374161790E-01     6.74959298437653E-01     3.45775100648531E-01
         0.32947277879700     7.38463321583171E-03    -6.53142204260571E-01    -2.19019842194330E-01     3.23985793840032E-01     7.97903261636827E-01     2.57974485202690E-01     5.01099985473680E-01     1.32394828658114E-01    -7.07670218407900E-01     1.08381677339876E-01    -7.20984690847933E-01
         0.12378043600657    -8.16181336800449E-01    -1.64314447454365E-01    -3.88530006619567E-01     8.61814928187636E-01    -3.78752223564654E-01    -9.85479442845809E-02     2.19163588816522E-01     1.63473998954557E-01     2.39187803164937E-01     5.22771823718893E-01    -3.11637568268197E-01
         0.04773240867833    -5.53413427972050E-01     3.91607817871618E-01     3.33384174248331E-01     3.45291827766120E-01    -2.17281639422484E-02     4.73220983539477E-02     5.28770245704093E-01     5.96581713685916E-01     4.87647710494747E-01    -3.53189082645884E-01     3.58549441310772E-01
IN TZVP-MOLOPT-SCAN-GTH-q13
 1
 2 0 3 6 3 3 3 1
         2.85705036722393    -3.26967006360513E-02    -2.73301745820271E-02     3.16380078215135E-01     1.76225779042405E-02    -2.27254317628753E-02     3.33954744593407E-01     3.09070941140907E-01    -3.48730630603045E-01     5.96077267432888E-02     1.18656832715002E-01
         1.47813968814632     7.69569882491844E-02    -3.94705577557386E-02    -5.26388188589765E-01    -4.12502522353044E-02     1.07764137197402E-01    -8.42809145453211E-01     5.23048309558978E-01    -3.26092239160655E-01    -1.36711565131919E-01    -3.47233359205263E-01
         0.73600297689376     1.43302540515710E-01     6.25095574277251E-01    -5.59239533709751E-01    -1.76265850519177E-01    -4.55297123416273E-01     3.15666057049296E-01     2.28393897385949E-01    -6.09826958033476E-01     4.26554374161790E-01     6.74959298437653E-01
         0.32947277879700     7.38463321583171E-03    -6.53142204260571E-01    -2.19019842194330E-01     3.23985793840032E-01     7.97903261636827E-01     2.57974485202690E-01     5.01099985473680E-01     1.32394828658114E-01    -7.07670218407900E-01     1.08381677339876E-01
         0.12378043600657    -8.16181336800449E-01    -1.64314447454365E-01    -3.88530006619567E-01     8.61814928187636E-01    -3.78752223564654E-01    -9.85479442845809E-02     2.19163588816522E-01     1.63473998954557E-01     2.39187803164937E-01     5.22771823718893E-01
         0.04773240867833    -5.53413427972050E-01     3.91607817871618E-01     3.33384174248331E-01     3.45291827766120E-01    -2.17281639422484E-02     4.73220983539477E-02     5.28770245704093E-01     5.96581713685916E-01     4.87647710494747E-01    -3.53189082645884E-01
IN DZVP-MOLOPT-SCAN-GTH-q13
 1
 2 0 3 6 2 2 2 1
         2.85705036722393    -3.26967006360513E-02    -2.73301745820271E-02     1.76225779042405E-02    -2.27254317628753E-02     3.09070941140907E-01    -3.48730630603045E-01     1.18656832715002E-01
         1.47813968814632     7.69569882491844E-02    -3.94705577557386E-02    -4.12502522353044E-02     1.07764137197402E-01     5.23048309558978E-01    -3.26092239160655E-01    -3.47233359205263E-01
         0.73600297689376     1.43302540515710E-01     6.25095574277251E-01    -1.76265850519177E-01    -4.55297123416273E-01     2.28393897385949E-01    -6.09826958033476E-01     6.74959298437653E-01
         0.32947277879700     7.38463321583171E-03    -6.53142204260571E-01     3.23985793840032E-01     7.97903261636827E-01     5.01099985473680E-01     1.32394828658114E-01     1.08381677339876E-01
         0.12378043600657    -8.16181336800449E-01    -1.64314447454365E-01     8.61814928187636E-01    -3.78752223564654E-01     2.19163588816522E-01     1.63473998954557E-01     5.22771823718893E-01
         0.04773240867833    -5.53413427972050E-01     3.91607817871618E-01     3.45291827766120E-01    -2.17281639422484E-02     5.28770245704093E-01     5.96581713685916E-01    -3.53189082645884E-01
H TZV2P-MOLOPT-SCAN-GTH-Q1
 1
 2 0 2 5 3 2 1
         9.16876514496744     4.30245721944096E-02    -3.89199332255518E-02     1.05597841287996E-01    -1.03225299298647E-01     1.47849610372066E-01     5.89397100894678E-04
         2.16119406948452     1.67758655334156E-01    -2.29436993766244E-01     9.00816001060512E-01     3.18679005482070E-01    -4.59921573561831E-01     9.06454549928757E-04
         0.61986766123499     5.51924571472773E-01    -2.73974309763091E-01     8.95041468250583E-02     4.58038932787715E-01    -6.65599039198367E-01    -4.14822793772387E-04
         0.41225503616229     4.20326460221825E-01     8.94936516623427E-01     1.49710941947358E-01     2.25604019455304E-02    -3.27622058282529E-02    -2.24233449917807E-03
         0.16131600752250     6.99078574975625E-01    -2.64330500496994E-01    -3.83347452986213E-01     8.23091485416057E-01     5.67905974411888E-01     9.99996815399554E-01
H TZVP-MOLOPT-SCAN-GTH-q1
 1
 2 0 1 5 3 1
         9.16876514496744     4.30245721944096E-02    -3.89199332255518E-02     1.05597841287996E-01    -1.03225299298647E-01
         2.16119406948452     1.67758655334156E-01    -2.29436993766244E-01     9.00816001060512E-01     3.18679005482070E-01
         0.61986766123499     5.51924571472773E-01    -2.73974309763091E-01     8.95041468250583E-02     4.58038932787715E-01
         0.41225503616229     4.20326460221825E-01     8.94936516623427E-01     1.49710941947358E-01     2.25604019455304E-02
         0.16131600752250     6.99078574975625E-01    -2.64330500496994E-01    -3.83347452986213E-01     8.23091485416057E-01
H DZVP-MOLOPT-SCAN-GTH-q1
 1
 2 0 1 5 2 1
         9.16876514496744     4.30245721944096E-02    -3.89199332255518E-02    -1.03225299298647E-01
         2.16119406948452     1.67758655334156E-01    -2.29436993766244E-01     3.18679005482070E-01
         0.61986766123499     5.51924571472773E-01    -2.73974309763091E-01     4.58038932787715E-01
         0.41225503616229     4.20326460221825E-01     8.94936516623427E-01     2.25604019455304E-02
         0.16131600752250     6.99078574975625E-01    -2.64330500496994E-01     8.23091485416057E-01
O TZV2P-MOLOPT-SCAN-GTH-Q6
 1
 2 0 3 5 3 3 2 1
        10.25781699497238    -1.37093335568261E-01     6.42341766590814E-02    -7.17088581420037E-01    -1.01541960662273E-01     5.12250917317880E-02     1.18360216509634E-01    -1.55308630843787E-02     3.18602602792577E-02     1.18645628163343E-03
         3.64428735012608    -1.53382903419191E-01     6.95730187369108E-02    -5.49416247278626E-01    -2.97888826596963E-01     1.18416114723772E-01     5.91292938991212E-02     1.12242705044625E-01    -2.22035206994148E-01    -3.65643497936781E-03
         1.40222472037927     4.52964005356058E-01    -1.60546208430784E-01     2.25545730548663E-01    -5.48743422499672E-01     2.65706574607295E-01     7.32042358682655E-01     4.02080210361362E-01    -8.37756480907312E-01     4.91390044295019E-04
         0.52205700268808     8.05450964095097E-01    -2.63981031214717E-01    -3.63850982918199E-01    -6.95022929228448E-01     1.92118246587555E-01    -6.62764404039625E-01     9.01700430010169E-01     4.32284673630976E-01     9.99992334274143E-01
         0.16818943371335     3.22104729197730E-01     9.46346921445871E-01     2.58329108697022E-02    -3.41723954857718E-01    -9.35865486749767E-01     8.57433121772174E-02    -1.11481865840859E-01     2.46939932598114E-01     5.59225812546083E-04
O TZVP-MOLOPT-SCAN-GTH-q6
 1
 2 0 2 5 3 3 1
        10.25781699497238    -1.37093335568261E-01     6.42341766590814E-02    -7.17088581420037E-01    -1.01541960662273E-01     5.12250917317880E-02     1.18360216509634E-01    -1.55308630843787E-02
         3.64428735012608    -1.53382903419191E-01     6.95730187369108E-02    -5.49416247278626E-01    -2.97888826596963E-01     1.18416114723772E-01     5.91292938991212E-02     1.12242705044625E-01
         1.40222472037927     4.52964005356058E-01    -1.60546208430784E-01     2.25545730548663E-01    -5.48743422499672E-01     2.65706574607295E-01     7.32042358682655E-01     4.02080210361362E-01
         0.52205700268808     8.05450964095097E-01    -2.63981031214717E-01    -3.63850982918199E-01    -6.95022929228448E-01     1.92118246587555E-01    -6.62764404039625E-01     9.01700430010169E-01
         0.16818943371335     3.22104729197730E-01     9.46346921445871E-01     2.58329108697022E-02    -3.41723954857718E-01    -9.35865486749767E-01     8.57433121772174E-02    -1.11481865840859E-01
O DZVP-MOLOPT-SCAN-GTH-q6
 1
 2 0 2 5 2 2 1
        10.25781699497238    -1.37093335568261E-01     6.42341766590814E-02    -1.01541960662273E-01     5.12250917317880E-02    -1.55308630843787E-02
         3.64428735012608    -1.53382903419191E-01     6.95730187369108E-02    -2.97888826596963E-01     1.18416114723772E-01     1.12242705044625E-01
         1.40222472037927     4.52964005356058E-01    -1.60546208430784E-01    -5.48743422499672E-01     2.65706574607295E-01     4.02080210361362E-01
         0.52205700268808     8.05450964095097E-01    -2.63981031214717E-01    -6.95022929228448E-01     1.92118246587555E-01     9.01700430010169E-01
         0.16818943371335     3.22104729197730E-01     9.46346921445871E-01    -3.41723954857718E-01    -9.35865486749767E-01    -1.11481865840859E-01
CL TZV2P-MOLOPT-SCAN-GTH-Q7
 1
 2 0 3 4 3 3 2 1
         1.99031135450461     4.85018816633289E-01     1.94158525239581E-01    -1.02487019822790E-01     3.26464872695311E-01     1.51626624474172E-01    -3.04303079631876E-01     1.14349988907458E-01    -6.94120784194127E-02    -3.74274318976047E-02
         1.46501921747017    -3.69443122264159E-01     8.84925501203065E-02    -9.21581198729358E-01    -4.91090003440862E-01    -1.60659090706497E-01    -8.51979523656754E-01     2.49763916797096E-01     9.08906621638742E-01     2.75533996785233E-01
         0.40655378963524    -5.57894471564660E-01    -6.37209072162332E-01     2.04948617227288E-01    -6.93734950650820E-01    -3.56105172703454E-01     4.21045721459141E-01     9.48735957067630E-01    -2.80461592308605E-01     9.57496717801440E-01
         0.13370286337397    -5.63047320854067E-01     7.40564739914085E-01     3.13337787719621E-01    -4.13501044329990E-01     9.07957669331436E-01     6.51999036588082E-02     1.56339853108561E-01     3.00685902147853E-01    -7.66827187609711E-02
CL TZVP-MOLOPT-SCAN-GTH-q7
 1
 2 0 2 4 3 3 1
         1.99031135450461     4.85018816633289E-01     1.94158525239581E-01    -1.02487019822790E-01     3.26464872695311E-01     1.51626624474172E-01    -3.04303079631876E-01     1.14349988907458E-01
         1.46501921747017    -3.69443122264159E-01     8.84925501203065E-02    -9.21581198729358E-01    -4.91090003440862E-01    -1.60659090706497E-01    -8.51979523656754E-01     2.49763916797096E-01
         0.40655378963524    -5.57894471564660E-01    -6.37209072162332E-01     2.04948617227288E-01    -6.93734950650820E-01    -3.56105172703454E-01     4.21045721459141E-01     9.48735957067630E-01
         0.13370286337397    -5.63047320854067E-01     7.40564739914085E-01     3.13337787719621E-01    -4.13501044329990E-01     9.07957669331436E-01     6.51999036588082E-02     1.56339853108561E-01
CL DZVP-MOLOPT-SCAN-GTH-q7
 1
 2 0 2 4 2 2 1
         1.99031135450461     4.85018816633289E-01     1.94158525239581E-01     3.26464872695311E-01     1.51626624474172E-01     1.14349988907458E-01
         1.46501921747017    -3.69443122264159E-01     8.84925501203065E-02    -4.91090003440862E-01    -1.60659090706497E-01     2.49763916797096E-01
         0.40655378963524    -5.57894471564660E-01    -6.37209072162332E-01    -6.93734950650820E-01    -3.56105172703454E-01     9.48735957067630E-01
         0.13370286337397    -5.63047320854067E-01     7.40564739914085E-01    -4.13501044329990E-01     9.07957669331436E-01     1.56339853108561E-01
