
I SVP-MOLOPT-PBE-Q25
 2
 1 0 2 6 1 1 1
       445.80691977517387     1.21786896796965E-03    -1.14087913234852E-03     3.71650776426847E-04
        22.88993626602316    -1.28044523967409E-01     2.20330375508964E-01     2.47307282625998E-02
        18.77112190811122     3.23989775571725E-01    -4.56480089446316E-01    -2.45498644468814E-02
         6.29992949957777    -2.55185004587734E-01    -4.34310455534947E-01     1.40309175363375E-01
         2.57782006609405    -8.13636316634163E-01     4.81808735989563E-01     4.76746542239153E-01
         0.80163161385290     3.89243239748193E-01    -5.67726978484495E-01     8.67070716194938E-01
 1 0 2 4 3 3 1
        11.50399889040835    -1.22986156262449E-01     4.43279734502311E-02    -1.05418138907696E-01    -2.35254904028702E-01    -3.00267244244775E-01    -2.51356140828727E-01    -1.16669102043418E-01
         2.05997058283364     7.56316959318866E-01    -5.28033386327600E-01     3.53361519283439E-01     8.77263440983798E-01     2.58257073929077E-01     1.69939770407026E-01     1.67723552477264E-02
         0.36872012332594     1.63465288598767E-01     7.09309358888509E-01     6.82915608819156E-01    -4.17537837531986E-01     7.46312788741727E-01     4.44270555944012E-01    -9.02984585404677E-01
         0.11971795666192    -6.21400162405655E-01    -4.64861277249864E-01     6.30594103929064E-01    -2.69469752073491E-02    -5.34939330354187E-01     8.42949724493042E-01     4.13189844078203E-01


I TZVPP-MOLOPT-PBE-Q25
 2
 1 0 2 9 1 1 1
      5899.87381271864069     1.41368524033461E-04    -4.70902998482576E-05     1.21147378755358E-04
       898.38055510494803     7.82798178495368E-04     2.30677100779525E-04    -1.91159406791126E-04
       200.51651867468362     2.42614835728137E-03    -1.92128129170916E-04     1.02188418792214E-03
        31.57096131307121    -3.22490463681058E-02     1.31589971202931E-02     6.15116175553359E-03
        15.64691656273411     5.27387251008585E-01    -4.74541528149841E-02    -2.67104320153036E-04
         9.96782148989954    -2.64436267118189E-01    -4.33092546411832E-01    -1.73146574344236E-03
         4.54908203997970    -3.59139646084162E-01     1.45655299188541E-01     2.13620848070372E-01
         2.34031847753381     7.09832079419350E-01     7.28160213820055E-01     5.07013938311926E-01
         0.65129612081194    -1.34338236546406E-01    -5.08500673453934E-01     8.35021555441502E-01
 1 0 3 7 5 4 2 2
        11.88318178986338     6.90254897868047E-01    -3.64134056741440E-01    -1.13469527736347E-01     1.04551616009901E-01    -1.03303902695709E-01     1.41655154962757E-01    -3.72282321053444E-03    -7.25184086728190E-02    -2.41325366500956E-01     4.00424290548794E-02     3.39407015476169E-02    -1.23116486663318E-01    -2.81839146943448E-02
         5.82514031752910     6.16491588398990E-01    -1.07071602903917E-01     5.80106810879438E-02    -3.25560499480040E-01     3.47723578846092E-02     1.52535533196532E-01    -5.33745911396380E-02     2.78095160314635E-02    -4.15867589144928E-02    -1.05938016495658E-01    -1.37342562281616E-01     1.86937675374459E-01     3.63667328449511E-02
         1.16676787996592     3.18174709374822E-01     7.91074614457663E-01    -4.27888995415469E-01     2.26433333038915E-01     1.94338127246812E-01     7.62019191925855E-01    -3.48476307549794E-03     3.49324008647841E-01    -3.90059070358324E-01     1.11630903845525E-02    -5.22901973479884E-01     3.83674403370144E-01     2.19236428061170E-01
         0.69247185833444     1.90569401650285E-01     3.01780852975656E-01     7.44321554588632E-01     4.07720142601481E-01    -3.77028390703426E-01     5.81340879010109E-01     1.97354504010932E-01    -6.07152666570046E-01     4.59677760562293E-01     1.15116708053600E-02    -1.28988180983036E-01     7.63750587900210E-01    -2.04344243674121E-01
         0.29489688274057    -2.88305417984784E-03    -3.14900819427847E-01    -1.39296242295324E-01     5.96006902534768E-01     2.92971688996061E-01    -7.01411000870654E-02     5.51595604990396E-01     2.45930665698605E-01     4.62726156984671E-01     2.66316343980595E-01     7.84152503446929E-01     2.24518582475471E-01     8.81643666142477E-01
         0.15853106346398    -6.83710175438794E-02    -1.64492285739225E-01    -3.95538440156492E-01     4.52889468612278E-01    -5.55326022278950E-01    -1.57960181707800E-01     6.69305192727984E-01    -3.87048989753870E-01    -5.93225661967054E-01     8.84431251469234E-01    -2.68410193213073E-01     4.10662704972905E-01    -3.24853246501862E-01
         0.07484703204055     3.53772077752398E-02    -1.13362663900015E-01     2.66085996198744E-01     3.24404767420179E-01     6.43414384470382E-01     9.03607701757978E-02     4.53816259430577E-01     5.41310700873623E-01     1.02716623132530E-01    -3.65750698889366E-01    -5.46026023110823E-02     1.79771183859844E-02    -1.58860821384536E-01


I QZVPP-MOLOPT-PBE-Q25
 2
 1 0 2 11 2 2 1
     16788.45896254553736    -2.64290583730003E-02    -6.00099391552381E-02    -2.31837739863783E-03     3.51028821084600E-03    -1.82772807508369E-05
      2526.74882260774893    -8.91788622627919E-03    -2.04887580753387E-02     3.18249429080420E-05    -6.01811865558919E-05    -1.99229457009706E-05
       571.90424835756482     1.84630366412803E-02     3.66501839857164E-02     1.79680555978385E-05     4.14768872727196E-05    -4.68658636650655E-05
       150.41295161978212     1.97103543126513E-02     3.73272466856726E-02    -4.82014126527847E-03     8.53371393632656E-03     1.32404499431574E-03
        29.61937715594450    -5.72015356560489E-02     7.27761624188018E-02     9.50261502433060E-03    -2.50770061865845E-02     1.43720298646742E-02
        18.44794651349562     2.95780958990835E-01    -4.26928418485229E-01     2.06257406124371E-01    -1.66332623394909E-01    -1.75763376173024E-02
        11.50879553867868    -2.75612570435161E-01    -4.91754676786147E-02    -5.85821419753510E-01     4.17273408839922E-01    -1.92948522577540E-02
         7.03685175123360    -4.62636685979380E-01     2.68358734896861E-01     1.12923869537775E-01     7.26222128610511E-02     1.54674249285466E-01
         3.78687489796261     5.09998411550036E-01     7.95062281624754E-01     5.69340439197417E-01    -2.70299662177111E-01     5.65367917153253E-01
         2.08392286137728     5.08363126017952E-01    -3.13778175569704E-01     3.04765727047690E-01     6.80308448288711E-01     6.89078234060042E-01
         1.05533584540452    -3.14972638704557E-01     2.57449411345541E-02     4.29382990479911E-01     5.06307095253987E-01     4.25107812176873E-01
 1 0 4 7 5 4 3 4 1
         6.41513568887850    -1.85023055953674E-01    -7.47819279356213E-02     1.32035101485329E-01     3.85264018481699E-02    -6.01974860428988E-02    -1.19950501290576E-01     1.90584487071190E-01     8.12734718888773E-02     7.53547057698940E-03    -6.38451592710277E-02    -2.20536034706323E-02    -6.73962923728509E-03     9.87677174007402E-01    -5.03724505305578E-02     6.85962056996755E-03     2.64454646237227E-02     4.36820675724907E-05
         2.89939490553766    -1.12807742526182E-01    -2.07849204797320E-01    -8.77158682993904E-02    -1.14248057447967E-01    -1.73330166525473E-01    -2.05866977974138E-02    -8.85253806889533E-02     8.59447224363591E-04    -2.05349447671488E-01    -1.10332405756436E-01     1.09710880029585E-01     9.91881905965486E-02     2.55532697581338E-02     9.79029241821508E-01     1.81389323324507E-02    -2.62027359526714E-02    -8.91018448316483E-03
         1.29819466203343     9.41298074923231E-01    -6.31428912320820E-02    -1.89902860445482E-01     2.77850601026940E-02    -1.85780912297278E-01     3.16416316907722E-01    -3.79468195263737E-01    -1.38982816588373E-01     7.49903825174171E-02    -3.00894858726966E-02    -1.36823059047793E-01    -1.65817916684853E-01     7.11505922182583E-02     4.57008600247948E-02     9.06484874382221E-02     2.27322241679528E-01     1.17818947596492E-02
         0.61729406356321     9.84598685802308E-02     8.90177220257248E-01     4.92161732640186E-02    -1.37314211363065E-02     3.30804681475670E-01     8.93733003795847E-01    -1.19964766447405E-02    -1.21975687722275E-01    -1.99405516377303E-01     9.74951997973393E-01     1.35200468952527E-01    -1.02669733278229E-01    -4.52554782042121E-02    -5.49246617829704E-02     9.63912389630394E-01     1.27090752022777E-01     7.16622059385948E-01
         0.31159593822287     2.10829321105378E-01    -1.09881496543825E-01     9.24199264667090E-01    -2.75499123841394E-01     5.75917087277345E-02     2.00159673330301E-01     8.86984882446718E-01     9.42465377764987E-02     2.15740419658105E-02    -1.23952718775149E-01     9.74065977036858E-01     2.05932002154682E-02    -2.56805220239482E-02     5.72569099552372E-02    -1.17944690594521E-01     9.34562713219478E-01     8.66104713948792E-02
         0.16386630154448     6.28181613617459E-02    -1.58555064994711E-01     2.02769967429106E-01     9.01858480275923E-01     3.01046544071423E-01     1.57840979656506E-01    -1.57890975582399E-01     9.72611841979400E-01     4.77958590851832E-02     1.23404660999408E-01    -3.97176840239011E-02     9.50454709349731E-01     1.17943763153506E-01     1.74842002619873E-01     2.18597883192147E-01    -1.67962818401666E-01    -6.91508695634972E-01
         0.07348186772390     9.43893340482293E-02    -3.42914291366076E-01    -2.02798890050518E-01    -3.08632549410613E-01     8.53487436799518E-01     1.46056248575418E-01    -5.38903829097066E-03    -6.59043805373958E-02     9.53749872954098E-01     4.14824483020184E-02     9.76847172916806E-03    -2.19753020908937E-01    -4.64773578281544E-02     3.31559786771932E-03    -2.41598221461795E-02    -1.70785303559544E-01     2.34300611959285E-02
