K QZVPP-MOLOPT-PBE-AE
 4
 1 0 0 11 1
   2022075.20047506853007     2.77771375661337E-05
    303044.68821984186070     1.16459929230652E-04
     69013.92584730742965     6.32860249426866E-04
     19559.24103796144846     2.78433953325513E-03
      6383.87438014604413     8.80777872947685E-03
      2305.38199056287795     2.71506857148043E-02
       899.15337667496726     9.01688631064416E-02
       372.58496896550855     2.01186646999636E-01
       161.95494501979266     4.57721591393846E-01
        73.13101250359558     7.58958556153832E-01
        33.62290899116379     4.06255412165504E-01
 1 0 1 9 1 1
      3469.66563725852666    -1.38498062087725E-02     4.05140934314790E-04
       822.03036134135709    -8.43927491345610E-03     3.21168584316595E-03
       266.59768709705185    -3.09598240356939E-02     1.79664518348693E-02
       101.24855919109956     6.31533775769066E-01     7.10012325786907E-02
        42.41786783410036     7.61388580049514E-01     2.14520229024302E-01
        18.90853787787001    -9.19779289267546E-02     4.59385069041151E-01
         8.71201075224569     4.02719653502702E-02     6.68105749283048E-01
         4.08469522758671     7.84902676295461E-02     5.21703303566413E-01
         1.90539959206439     6.31544006404867E-02     1.37957794342636E-01
 1 0 1 5 3 1
        27.48720332446311     6.99258056318728E-01    -4.27290757660160E-01    -3.19141978108274E-01    -1.80268991577922E-02
         8.82278098343030     6.99815235889056E-01     2.78773013420308E-01     2.61089683092950E-01    -5.08189541791975E-02
         1.89001526331368     1.20810532791824E-01     8.59131962308281E-01    -2.28646072048530E-01     4.90672422531953E-01
         0.36483297214650     7.40594633489481E-02    -1.80928363427224E-02     8.77413207115251E-01     6.00360668549067E-01
         0.18266193682873    -3.48829090805230E-02    -3.56810316578046E-02    -8.85867535699787E-02     6.29205933084574E-01
 1 0 3 7 6 4 4 3
         3.71663939026244     1.59360621524958E-02    -4.28871930546303E-01    -1.29315642196713E-01     3.31501200219728E-01    -4.42401148619708E-01    -3.70243255783501E-02    -1.49386632629418E-03    -1.30557176898588E-02    -1.87285488054651E-02    -1.91075798924546E-02     4.58727828207697E-02     1.77162113571024E-02     1.21053496379831E-01     7.43267980494901E-02     9.97985119566910E-01     1.11538154219040E-02     2.20324737887385E-02
         0.82694060316985     9.60008562838020E-01    -2.08210942307971E-01     1.22607047673175E-01    -2.11413144895275E-02    -2.88873107147485E-02     3.18994027851481E-02    -1.94749555998971E-02    -1.04844136313013E-01     1.07637179806306E-01    -3.39658128699295E-02     9.98671641068464E-01    -3.78098460082930E-03     9.55658926223070E-04     9.78780784518226E-03     3.79085390167420E-02     1.26151897527679E-02    -9.60108063093737E-03
         0.39031363286350     2.05219388907512E-01     8.33630523255891E-01     2.48287200746066E-01     1.17920718601143E-01    -1.29589288855285E-01    -5.88472786388324E-03     7.34818336869264E-02    -7.91430031856326E-02     4.76180460819648E-03    -3.28899604878220E-02     1.83614104319409E-03     9.98045863445027E-01     5.77337705923330E-04     4.92909364698950E-02    -1.07357677197532E-02     9.98894909519221E-01    -2.86091900887210E-02
         0.17059139238188    -1.75231571387783E-01    -2.37859198147095E-01     9.28959654560939E-01    -1.52664998460536E-01    -1.48697660321335E-01    -6.56588097755509E-02     9.96666344449349E-01     1.96629771649218E-02     2.63046434383141E-02     6.22468190416128E-03    -6.53687530436614E-03    -2.81926511374621E-03     9.92407475044304E-01    -1.78277579322405E-02     2.60412934882887E-02     1.49129365169586E-02     7.26737216875280E-02
         0.05683478382200    -4.77761266840567E-02     2.21717916955877E-02     1.57710383752069E-01     9.11913989769259E-01     2.58535006506491E-02     7.33223417859123E-02    -1.55971866254339E-02     9.90290481459746E-01    -1.03095055472533E-02     2.61511271188934E-02    -1.47051798707959E-02    -5.48457662837546E-02     5.48531689391705E-03     9.82916822954406E-01    -2.31677851437857E-02     2.61955742752203E-02     9.95838784918764E-01
         0.05753582695015     3.66934740348227E-02    -1.43725653649450E-01     1.33852914627845E-01     1.22546637510781E-01     8.66211501042653E-01     1.00702023097968E-01    -2.48403052063816E-02     2.10616946836533E-02     9.93585028438704E-01     9.21151361789438E-03     1.52859165657384E-02     9.52490919818205E-03    -5.87682117479534E-03    -7.62984209555372E-03    -2.25854807618473E-02    -7.88621432119889E-03    -1.29613510602931E-02
         0.02118239771488    -4.09820776495221E-02    -7.18132172303390E-03     2.90385053029504E-02    -7.64414700413440E-02    -1.16411343837775E-01     9.88811839954019E-01    -3.84700329931840E-03    -3.26829472267909E-02    -5.60136512593733E-03     9.98294542882169E-01     7.39171217896062E-03     2.16694310170230E-02     2.01886641224884E-02     1.59526189702948E-01     2.73566794009735E-02    -3.08968115205279E-02    -3.82040782931504E-02
