I TZVPP-MOLOPT-PBE-Q25
 2
 1 0 2 9 1 1 1
      5899.87381271864069     1.41368524033461E-04    -4.70902998482576E-05     1.21147378755358E-04
       898.38055510494803     7.82798178495368E-04     2.30677100779525E-04    -1.91159406791126E-04
       200.51651867468362     2.42614835728137E-03    -1.92128129170916E-04     1.02188418792214E-03
        31.57096131307121    -3.22490463681058E-02     1.31589971202931E-02     6.15116175553359E-03
        15.64691656273411     5.27387251008585E-01    -4.74541528149841E-02    -2.67104320153036E-04
         9.96782148989954    -2.64436267118189E-01    -4.33092546411832E-01    -1.73146574344236E-03
         4.54908203997970    -3.59139646084162E-01     1.45655299188541E-01     2.13620848070372E-01
         2.34031847753381     7.09832079419350E-01     7.28160213820055E-01     5.07013938311926E-01
         0.65129612081194    -1.34338236546406E-01    -5.08500673453934E-01     8.35021555441502E-01
 1 0 3 7 5 4 2 2
        11.88318178986338     6.90254897868047E-01    -3.64134056741440E-01    -1.13469527736347E-01     1.04551616009901E-01    -1.03303902695709E-01     1.41655154962757E-01    -3.72282321053444E-03    -7.25184086728190E-02    -2.41325366500956E-01     4.00424290548794E-02     3.39407015476169E-02    -1.23116486663318E-01    -2.81839146943448E-02
         5.82514031752910     6.16491588398990E-01    -1.07071602903917E-01     5.80106810879438E-02    -3.25560499480040E-01     3.47723578846092E-02     1.52535533196532E-01    -5.33745911396380E-02     2.78095160314635E-02    -4.15867589144928E-02    -1.05938016495658E-01    -1.37342562281616E-01     1.86937675374459E-01     3.63667328449511E-02
         1.16676787996592     3.18174709374822E-01     7.91074614457663E-01    -4.27888995415469E-01     2.26433333038915E-01     1.94338127246812E-01     7.62019191925855E-01    -3.48476307549794E-03     3.49324008647841E-01    -3.90059070358324E-01     1.11630903845525E-02    -5.22901973479884E-01     3.83674403370144E-01     2.19236428061170E-01
         0.69247185833444     1.90569401650285E-01     3.01780852975656E-01     7.44321554588632E-01     4.07720142601481E-01    -3.77028390703426E-01     5.81340879010109E-01     1.97354504010932E-01    -6.07152666570046E-01     4.59677760562293E-01     1.15116708053600E-02    -1.28988180983036E-01     7.63750587900210E-01    -2.04344243674121E-01
         0.29489688274057    -2.88305417984784E-03    -3.14900819427847E-01    -1.39296242295324E-01     5.96006902534768E-01     2.92971688996061E-01    -7.01411000870654E-02     5.51595604990396E-01     2.45930665698605E-01     4.62726156984671E-01     2.66316343980595E-01     7.84152503446929E-01     2.24518582475471E-01     8.81643666142477E-01
         0.15853106346398    -6.83710175438794E-02    -1.64492285739225E-01    -3.95538440156492E-01     4.52889468612278E-01    -5.55326022278950E-01    -1.57960181707800E-01     6.69305192727984E-01    -3.87048989753870E-01    -5.93225661967054E-01     8.84431251469234E-01    -2.68410193213073E-01     4.10662704972905E-01    -3.24853246501862E-01
         0.07484703204055     3.53772077752398E-02    -1.13362663900015E-01     2.66085996198744E-01     3.24404767420179E-01     6.43414384470382E-01     9.03607701757978E-02     4.53816259430577E-01     5.41310700873623E-01     1.02716623132530E-01    -3.65750698889366E-01    -5.46026023110823E-02     1.79771183859844E-02    -1.58860821384536E-01
K TZVPP-MOLOPT-PBE-AE
 3
 1 0 0 8 1
    153976.21360654380987     4.47646390469454E-04
     23082.53229519159868     3.26975478513397E-03
      5253.27536531653004     1.74633106153939E-02
      1487.05694189098790     6.94196260659702E-02
       484.27957952505170     2.25381606286385E-01
       173.43859590108289     5.29613362650470E-01
        67.10423101661524     7.26927432261341E-01
        26.44196573586894     3.67633489349555E-01
 1 0 1 6 1 1
       728.15678962687048    -9.77706722849003E-04     5.20212271838751E-03
       172.11373332435525    -2.79725972815743E-02     4.01913637115681E-02
        54.80025087622433    -1.45329242250981E-01     1.81751614572439E-01
        20.21487111650251    -1.94819762829165E-03     4.88830856271045E-01
         8.04841972256931     7.16239608477159E-01     7.26437532722597E-01
         3.38412951793952     6.81977284821225E-01     4.45709375952270E-01
 1 0 2 6 4 3 3
        11.53408148084484    -1.71203329275705E-01     3.69805943092462E-02    -2.51291892823830E-02    -2.15036744595577E-02     1.04886157782980E-02    -2.14635385303363E-02    -5.55813521319278E-02    -1.73918489772061E-02    -1.13208781224550E-01     5.44042148981366E-03
         3.29174106267784     2.77276994996158E-01    -1.82368808389788E-01    -2.73350862883653E-01     1.76069638923476E-01     6.05463127361878E-02     3.36892566950605E-02    -6.99856198170955E-02     2.61822873908752E-01     2.85990383458990E-01    -8.28892156108130E-03
         1.26867752364728     8.83627601390044E-01    -1.38696605069705E-01     3.60898332652094E-01    -2.37422192205683E-03     9.39888471409108E-01    -2.25138380427447E-01    -2.25410433631035E-01     9.55035245827668E-01    -1.33277824723322E-01     1.11082449765336E-02
         0.47999459990456     7.65405549174558E-02     8.35171579884472E-01     3.14222831422747E-01    -3.18669893552350E-01     3.30168287680339E-01     7.19505961014798E-01     5.01523644228035E-01     1.25963501853032E-01     5.29049762881475E-01     2.92269335599098E-01
         0.17162159493906    -2.84246450161021E-01    -4.81156668892084E-01     6.75920522174463E-01    -3.91090841478718E-01     4.61998622134852E-02    -1.80405532960957E-02     5.62856403988602E-01    -5.06283375319781E-02     5.78095783514973E-01     4.85538423533975E-01
         0.04756381399391    -1.62341150594293E-01     1.30820477170472E-01     4.88667251830717E-01     8.45002301747848E-01     4.10885483686829E-02    -6.55517178002636E-01     6.10630465579243E-01    -2.49790543029671E-02    -5.23012339564677E-01     8.23777504686498E-01
H TZVPP-MOLOPT-PBE-AE
 1
 1 0 2 5 3 2 1
        34.17773832674855    -4.67038702307212E-01     3.25930727691839E-01    -1.51283436822271E-01    -1.00054440080746E-01     7.49322156514700E-02     1.29694886730211E-02
         4.94770130521271    -8.38132979846024E-02     2.28656356488893E-01    -2.28133785557746E-02     1.35570007424312E-01    -4.78523016653350E-02    -4.42398660674758E-02
         1.06512662518152     8.14717082181122E-01     2.11440298046549E-01     2.96545250287854E-01     9.76472815332876E-01     6.34720246090092E-02     9.35175251752971E-01
         0.29382327136550    -1.33307568322592E-01     8.19165770735029E-01     3.66068869122815E-01    -2.64980945419224E-02     9.79893619096044E-01     2.87655408521357E-01
         0.09137129667664    -3.05475612542697E-01    -3.54606643763996E-01     8.68704419864991E-01     1.31941555275947E-01    -1.66958430843673E-01    -2.01435451376045E-01
O TZVPP-MOLOPT-PBE-AE
 2
 1 0 0 6 1
     27032.34110717467047     7.35264897360634E-04
      4052.43915960016602     8.66846509689763E-03
       922.34965292725667     3.34607178584762E-02
       261.27735857055188     1.68914563970243E-01
        85.30942400544160     3.28333881314405E-01
        31.08080221478707     9.28692322525900E-01
 1 0 3 6 4 3 2 1
        62.91495630413323     1.16332726109966E-01    -5.81371416541881E-02     1.11937556008261E-02     5.75105170781193E-02    -1.16673038976174E-01     1.57254063503839E-01    -3.81929188419382E-02     1.36166697203113E-01    -8.71583721921845E-02     3.21000644845466E-04
        12.30944986692977     8.69241308775708E-01    -1.42460076990705E-02    -1.06600413011436E-01    -2.47597695986788E-02     1.45932079266690E-01    -6.05243600472558E-02     1.73638156652357E-02    -3.58452443966721E-02     4.76694147153259E-02     4.38837435813283E-02
         4.39539910954103     4.65741956926282E-01    -6.40342096322616E-02    -3.00344470998386E-02    -3.98106989985231E-03     3.91422103647488E-01     5.26377359502661E-02    -3.09523103597808E-02     7.70731222820744E-01    -3.53322944888660E-01    -1.34769543790620E-01
         1.33540846189799     9.21608149605863E-03     9.33076668604289E-01    -3.27550581669708E-01    -1.21459202569881E-01     9.00080356671289E-01     4.50466786404856E-02    -1.97504472088648E-02     5.53665920222864E-01     3.94485051877056E-01     9.40647803425498E-01
         0.45443287552085     9.32917636734327E-02     2.31107250617785E-01     8.41720615852045E-01    -4.78471205438802E-01    -3.61150582409544E-02     9.80775789580233E-01    -6.12678902654526E-02     1.14853463706434E-01     8.35162106564474E-01     2.94962206933611E-01
         0.14893102365245     7.19887781862831E-02     2.61293155746377E-01     4.14519004469322E-01     8.67396456641546E-01     2.07610475621550E-02     6.99062044682833E-02     9.96563053096360E-01     2.57701109533086E-01    -1.10361865139449E-01     8.99460419695147E-02
CL TZVPP-MOLOPT-PBE-AE
 3
 1 0 0 7 1
     69508.00450217274192     8.54639670881115E-04
     10426.07404861877149     6.36610882195957E-03
      2373.21372557596396     3.32269466123591E-02
       671.48082610673112     1.29170911439118E-01
       218.35953271185565     3.78680461942424E-01
        77.68193958237838     7.12972790189941E-01
        28.63569494373375     5.74839539435266E-01
 1 0 1 5 1 1
       666.45268090401123     1.43814656418117E-03     5.81778333606563E-03
       157.54073854080110     2.68716178613030E-02     4.29983499959330E-02
        50.27147981024441     2.23252919385808E-01     2.08198314680469E-01
        18.56181800307728     1.26049949313096E-01     5.59198731644810E-01
         7.67698456608668    -9.66201527711407E-01     8.01291167794660E-01
 1 0 3 5 3 4 3 1
         7.92291630827550    -3.55714849236007E-02    -2.05335282550433E-02    -6.21248979322776E-03     1.19403838140099E-01     1.05841381548266E-01    -1.46122271695688E-02     1.83454633514446E-02    -6.37399836508334E-02     8.49429480795528E-02     1.55420574128900E-02     9.92703827764435E-03
         3.21359254353200     9.59549625721583E-01    -2.59950857602373E-02    -1.29366285576508E-01     9.67663531581177E-01     2.77689868599938E-03     2.12406118864096E-01    -7.59992235115851E-02     9.93189642383517E-01     9.67974271551950E-02     3.26871756359324E-02     7.10821712077589E-02
         1.26147295769703     2.42813469124242E-01     1.04956178351874E-01    -5.23619012807163E-02    -7.82419592685200E-03     9.92946336504231E-01    -1.67130180932578E-02     4.83191202192998E-02    -8.82726077217294E-02     9.57739641027515E-01    -9.19882652581050E-02     1.80157385026295E-01
         0.41296442360435    -1.45904199321127E-02     9.89285109716447E-01    -9.35576426318930E-02    -2.17443131180686E-01     2.49858269018969E-02     9.66832988440926E-01    -1.25324606655995E-01    -3.65554258774248E-02     3.24811484808539E-02     9.74023579148050E-01     9.80783981908141E-01
         0.13005620364658     1.37214882924396E-01     9.59260238559098E-02     9.85764154311841E-01     4.50253233824506E-02    -4.71505255802842E-02     1.40088439832982E-01     9.87849466056347E-01    -1.95754006656028E-02     2.55136647045343E-01     2.03730752020278E-01    -2.13278292454652E-02
