MG SVP-MOLOPT-PBE-AE
 3
 1 0 0 5 1
      4954.04769020669755    -9.17369636805749E-03
       745.09120022664933    -6.24393993199155E-02
       169.13816460718576    -2.94905232015454E-01
        45.39015357082479    -7.45321591334315E-01
        14.01374178258544    -5.94595487981796E-01
 1 0 0 5 3
        24.82031468996902     1.07772959300756E-01     4.12866053243132E-02    -7.69921621545642E-03
         2.49696149639772    -6.87673484081184E-01    -4.93259709947464E-01     5.07377259201045E-01
         0.85054799279325    -5.59016422717446E-01    -7.53447824610853E-02    -8.18393945909653E-01
         0.11750899906204    -3.99028629785533E-01     6.99255990494646E-01     2.69703470327244E-01
         0.04507521449670    -2.09205545526101E-01     5.10249447110510E-01     6.52922026618131E-04
 1 1 2 7 3 1
        97.89019176487277    -2.02941672447843E-02    -7.33228584127918E-03    -6.03049650979182E-03     2.59831916783456E-03
        22.62720083918956    -1.38700033823024E-01    -5.68266036407476E-02     4.15170781817567E-02    -5.47257613803957E-03
         6.64612381567667    -4.53044826325421E-01    -1.71702859728995E-01    -3.60746895230751E-02     2.05430394487265E-02
         2.21107822612212    -6.71789827336696E-01    -2.79264118036035E-01     2.32304170052729E-01     2.83702618485881E-02
         0.77827762917391    -4.32100223759732E-01    -1.53626657253134E-01    -2.27287199408740E-01     1.88521992515330E-01
         0.22941992104506    -3.05708482420722E-01     6.71578940133496E-01    -6.32873107740704E-01     7.05191493651247E-01
         0.06043706981198    -2.08880303099267E-01     6.43915547561820E-01     7.00560856147827E-01     6.82569283692681E-01

MG TZVPP-MOLOPT-PBE-AE
 3
 1 0 0 7 1
     31438.40844017430936     9.71151200475514E-04
      4715.55105833376729     7.16586085730544E-03
      1073.12176814529039     3.74165667198686E-02
       303.64605594189726     1.42891033242964E-01
        98.43931256601442     4.12095392215923E-01
        34.86364219178671     7.29010419028321E-01
        12.94664341813763     5.26166377792929E-01
 1 0 1 5 1 1
       179.62932658822916     1.60002560391080E-03     9.07097344418336E-03
        42.01654919349959     1.91892393698639E-01     6.96022018510853E-02
        12.31136304610023     3.94845313974487E-01     3.05663522237041E-01
         4.18458759974657    -8.43197320845022E-01     6.23402783695153E-01
         1.31657307152158     3.10306631110002E-01     7.16248582122881E-01
 1 0 2 5 3 3 3
         2.43212130293354     3.00272652589256E-01    -9.74546692026309E-02    -3.34297705279829E-02     3.42922601444966E-01    -3.48072400551372E-01     3.80342957103754E-01     8.41443923145678E-01     5.43871436460038E-02     6.53418617967235E-02
         1.23443473382486     8.60078137327107E-01    -3.20698437998338E-01     4.87329792510207E-02    -2.81744102202113E-01    -4.55189405144945E-01     2.52398074671212E-01    -3.32750054068586E-01     5.08566382452777E-03    -6.22734463553014E-02
         0.46193699509807     1.89989262432485E-01    -1.75060128384508E-01    -6.25381890778885E-02     7.89642214958591E-01    -4.75695935424320E-03     3.37727485917771E-01    -2.80059568725022E-01     6.60207206550381E-01    -3.46882261636342E-01
         0.13475263250605     2.77594175079830E-01     6.66875716638302E-01    -6.89915658445837E-01    -8.77573292108149E-02     8.04173292193492E-01     4.45405132274817E-01     2.67716556928724E-01     7.00675835324126E-01    -3.05863345032711E-02
         0.04622513659882     2.38636723747741E-01     6.42094875640806E-01     7.18757891305460E-01    -4.14473369250206E-01    -1.57895208535846E-01     6.92234685841985E-01    -1.76476652366105E-01     2.64945263858921E-01     9.33053927530280E-01


MG QZVPP-MOLOPT-PBE-AE
 3
 1 0 0 10 1
    605967.74847619899083     2.71146943950687E-05
     90569.08657916187076     3.03035865239578E-04
     20574.26370027408848     1.28473573349437E-03
      5818.63074428973141     6.35607017763567E-03
      1895.60016912749848     1.96304410807802E-02
       683.43407758275714     6.10178937419406E-02
       266.09610063915392     1.89409451655825E-01
       110.17644178903640     4.21685294895609E-01
        47.75584597381503     6.86837351602112E-01
        21.62026907793985     5.57143916616488E-01
 1 0 1 8 2 1
       893.26554879816365    -3.95042953625730E-02     4.04750125160856E-02     7.74453843848653E-04
       211.70730389920405     3.00067676352867E-03    -1.17169512247814E-04     5.63312776468199E-03
        68.52038695199816     1.89555602524833E-01    -2.23283695556136E-02     3.26000315634641E-02
        25.65799980985226     9.74254498466729E-01    -7.26628830900017E-02     1.12485847827117E-01
        10.58640237098044     6.08705906722957E-02     9.80125526228075E-01     3.34401480906181E-01
         4.64136955584452     6.78014405811939E-03    -1.68296967016626E-02     6.00198173106796E-01
         1.99175495057589    -7.39516614530863E-02    -1.54565388798229E-01     6.17071208337917E-01
         1.10892552547095    -6.40874789778946E-02    -8.81110872585629E-02     3.65257123792141E-01
 1 0 3 7 6 4 5 2
         6.24400079214653     1.47486908669438E-01    -2.03405595924090E-01    -1.26790966946781E-01    -1.84141974102092E-02    -3.46483103665854E-03    -1.44139705545775E-01    -4.19990875728496E-02     2.07989951756820E-01     5.80923162341683E-02    -4.81977872970950E-01     9.96821172896327E-01    -1.22614418813331E-02    -3.26879607094454E-02    -1.20311598691964E-02     5.04739196084353E-03     7.19779640343503E-01    -3.78121341012885E-02
         3.60794911383494     8.18664043549712E-01    -3.91284378125448E-01    -2.36287138886730E-01    -1.96228088946902E-01    -6.79678053725416E-02     1.69930043683285E-01     2.74734690426253E-01    -1.97938152493467E-01     2.72389854531579E-01     1.50370814501247E-01     5.84181640419832E-02     6.84786628605416E-01    -1.59977723529957E-03     1.97882592562703E-02     5.52661735720209E-02     6.91439544012361E-01     2.13468890212098E-02
         1.45549885798981     4.86749256090404E-01     8.17402298270664E-01     2.60867321389485E-01    -5.21811648012791E-02     5.18922210356317E-02     4.26893021294556E-02    -8.39732379558238E-02    -2.23147225464976E-01    -3.69422045540695E-01     5.22313326290932E-01    -3.31335768521590E-02     6.65279833628949E-01    -5.07289823992395E-02    -6.17117560174179E-02     9.86473675960930E-02    -5.79454583902195E-02    -3.47803357776523E-02
         0.60067393353071     2.27649486761302E-01    -2.84597310910724E-01     6.84111058206358E-01     4.12447021089462E-01    -1.17801764056112E-01    -4.58990819142836E-01     9.40532158298286E-01    -1.20421605255287E-02    -7.39373762420291E-02     7.41147277765938E-02     3.83627052585211E-02    -7.11068588751290E-02     9.29406291756487E-01     6.57467191590898E-02     1.16203044198231E-01    -1.83353371196263E-02     2.01360199689649E-02
         0.19974418357910     1.09521955544450E-01     2.05456175309615E-01    -5.83051206640539E-01     7.00120734479456E-01    -2.24218535731093E-01    -2.44406116198373E-01     6.31483118999088E-02     8.83350192105778E-01    -3.20955278636833E-01     1.98506812795401E-01     4.33392868749129E-04     1.11384324459963E-01     4.25875607043178E-02     9.40673203976099E-01     5.83995144618809E-02     1.14069152649405E-02     9.81032768167577E-01
         0.08635517953170     8.48538824376737E-02    -7.25982691349630E-02    -5.40473614648996E-02     2.68230679004638E-01     9.54948763245854E-01     6.33612307420149E-03    -1.70336573554165E-02     2.93952308921996E-01     8.23086299229368E-01     3.04512067164893E-01    -1.80019693072429E-02     7.94677334905103E-02     1.41263073984863E-01    -2.51738994342060E-01     7.52573474007416E-01     2.14560467746887E-03    -1.80895518394851E-01
         0.03214197278379    -9.61396545111148E-03    -9.43281704037587E-02     2.21727112735384E-01     4.75608342303889E-01    -1.28830205968175E-01     8.23454965905530E-01    -1.63788968660014E-01    -3.00906643153931E-02    -2.51390967301102E-03     5.78488712632243E-01     6.40917915704792E-03    -2.54050978176132E-01    -3.32852064327760E-01     2.07591199538565E-01     6.35537871577731E-01     2.10362353732572E-04     3.67551492031295E-02
