MG QZVPP-MOLOPT-PBE-AE
 3
 1 0 0 10 1
    605967.74847619899083     2.71146943950687E-05
     90569.08657916187076     3.03035865239578E-04
     20574.26370027408848     1.28473573349437E-03
      5818.63074428973141     6.35607017763567E-03
      1895.60016912749848     1.96304410807802E-02
       683.43407758275714     6.10178937419406E-02
       266.09610063915392     1.89409451655825E-01
       110.17644178903640     4.21685294895609E-01
        47.75584597381503     6.86837351602112E-01
        21.62026907793985     5.57143916616488E-01
 1 0 1 8 2 1
       893.26554879816365    -3.95042953625730E-02     4.04750125160856E-02     7.74453843848653E-04
       211.70730389920405     3.00067676352867E-03    -1.17169512247814E-04     5.63312776468199E-03
        68.52038695199816     1.89555602524833E-01    -2.23283695556136E-02     3.26000315634641E-02
        25.65799980985226     9.74254498466729E-01    -7.26628830900017E-02     1.12485847827117E-01
        10.58640237098044     6.08705906722957E-02     9.80125526228075E-01     3.34401480906181E-01
         4.64136955584452     6.78014405811939E-03    -1.68296967016626E-02     6.00198173106796E-01
         1.99175495057589    -7.39516614530863E-02    -1.54565388798229E-01     6.17071208337917E-01
         1.10892552547095    -6.40874789778946E-02    -8.81110872585629E-02     3.65257123792141E-01
 1 0 3 7 6 4 5 2
         6.24400079214653     1.47486908669438E-01    -2.03405595924090E-01    -1.26790966946781E-01    -1.84141974102092E-02    -3.46483103665854E-03    -1.44139705545775E-01    -4.19990875728496E-02     2.07989951756820E-01     5.80923162341683E-02    -4.81977872970950E-01     9.96821172896327E-01    -1.22614418813331E-02    -3.26879607094454E-02    -1.20311598691964E-02     5.04739196084353E-03     7.19779640343503E-01    -3.78121341012885E-02
         3.60794911383494     8.18664043549712E-01    -3.91284378125448E-01    -2.36287138886730E-01    -1.96228088946902E-01    -6.79678053725416E-02     1.69930043683285E-01     2.74734690426253E-01    -1.97938152493467E-01     2.72389854531579E-01     1.50370814501247E-01     5.84181640419832E-02     6.84786628605416E-01    -1.59977723529957E-03     1.97882592562703E-02     5.52661735720209E-02     6.91439544012361E-01     2.13468890212098E-02
         1.45549885798981     4.86749256090404E-01     8.17402298270664E-01     2.60867321389485E-01    -5.21811648012791E-02     5.18922210356317E-02     4.26893021294556E-02    -8.39732379558238E-02    -2.23147225464976E-01    -3.69422045540695E-01     5.22313326290932E-01    -3.31335768521590E-02     6.65279833628949E-01    -5.07289823992395E-02    -6.17117560174179E-02     9.86473675960930E-02    -5.79454583902195E-02    -3.47803357776523E-02
         0.60067393353071     2.27649486761302E-01    -2.84597310910724E-01     6.84111058206358E-01     4.12447021089462E-01    -1.17801764056112E-01    -4.58990819142836E-01     9.40532158298286E-01    -1.20421605255287E-02    -7.39373762420291E-02     7.41147277765938E-02     3.83627052585211E-02    -7.11068588751290E-02     9.29406291756487E-01     6.57467191590898E-02     1.16203044198231E-01    -1.83353371196263E-02     2.01360199689649E-02
         0.19974418357910     1.09521955544450E-01     2.05456175309615E-01    -5.83051206640539E-01     7.00120734479456E-01    -2.24218535731093E-01    -2.44406116198373E-01     6.31483118999088E-02     8.83350192105778E-01    -3.20955278636833E-01     1.98506812795401E-01     4.33392868749129E-04     1.11384324459963E-01     4.25875607043178E-02     9.40673203976099E-01     5.83995144618809E-02     1.14069152649405E-02     9.81032768167577E-01
         0.08635517953170     8.48538824376737E-02    -7.25982691349630E-02    -5.40473614648996E-02     2.68230679004638E-01     9.54948763245854E-01     6.33612307420149E-03    -1.70336573554165E-02     2.93952308921996E-01     8.23086299229368E-01     3.04512067164893E-01    -1.80019693072429E-02     7.94677334905103E-02     1.41263073984863E-01    -2.51738994342060E-01     7.52573474007416E-01     2.14560467746887E-03    -1.80895518394851E-01
         0.03214197278379    -9.61396545111148E-03    -9.43281704037587E-02     2.21727112735384E-01     4.75608342303889E-01    -1.28830205968175E-01     8.23454965905530E-01    -1.63788968660014E-01    -3.00906643153931E-02    -2.51390967301102E-03     5.78488712632243E-01     6.40917915704792E-03    -2.54050978176132E-01    -3.32852064327760E-01     2.07591199538565E-01     6.35537871577731E-01     2.10362353732572E-04     3.67551492031295E-02
H QZVPP-MOLOPT-PBE-AE
 2
 1 0 0 4 1
       190.54117440353127     1.96600972886938E-02
        28.48589623081718     5.38615245148400E-01
         6.82683105625948     8.41690491707832E-01
         1.91976916792120    -3.26222996883324E-02
 1 0 3 4 3 3 2 1
         3.13044722440195    -3.66327628299461E-01     2.56023465069061E-01     1.80301571342015E-01     9.57864765395543E-01    -2.86990854469403E-01     7.09708425215968E-03     9.99207337838246E-01    -1.14391682399844E-02     5.85140484472903E-01
         0.96627664577475     8.95826280526715E-01     1.78507674168198E-01     3.15139388181339E-01     2.45050348375012E-01     8.29767518144689E-01     5.01170647875718E-01     1.62635846128724E-02     9.81329325317073E-01     6.84086073735301E-01
         0.31928820204257    -2.30012077387642E-01     6.10224429055026E-01     6.40105374762635E-01    -1.47922353363481E-01    -4.66731275488582E-01     8.51205422301253E-01    -4.48915950780499E-03     1.60295348734119E-01    -4.27324109791794E-01
         0.10666805621490    -1.01949929465328E-01    -7.28157360590113E-01     6.77084646545968E-01     2.37570063441528E-02     1.06226323308904E-01    -1.55650063115620E-01     3.60560573643188E-02    -1.05675455413839E-01    -8.38508338830758E-02
F QZVPP-MOLOPT-PBE-AE
 3
 1 0 0 8 1
    132536.04395257573924     2.19133884152562E-04
     19758.15592578060023     2.13098802939830E-03
      4485.33885808192372     9.36952235670608E-03
      1273.60032301696378     4.57116768597223E-02
       418.75079369228018     1.29815698472524E-01
       152.24712142839283     3.88984269444136E-01
        59.93506405237581     3.48051089779771E-01
        24.88806979770636     8.41734891149259E-01
 1 0 1 5 2 1
       240.82710880865446    -5.22362746235088E-02     7.61618022060436E-02     2.22155163398913E-02
        56.74054074501728     8.36915891686098E-01    -3.52431037520191E-01     9.17502257704855E-02
        18.02568816680041     5.06654331012575E-01     3.90319004241376E-01     6.94833984744179E-01
         7.22835931546723     1.13647744824332E-01     8.46604124895882E-01     5.19336475096237E-01
         2.54051853711273     1.65011335426585E-01     3.00711541924844E-02     4.88450331337750E-01
 1 0 4 4 4 3 3 2 1
         4.64152109972176     7.99092172965100E-01     3.57185510151160E-01    -4.75225254357118E-01     8.96167845059311E-02     2.14101203990999E-03     4.09061558167189E-01    -4.32260580718334E-01     5.23415929943841E-01    -8.45844703511436E-01    -9.90960844591549E-02     6.49830793177351E-01    -6.47812475723957E-01     7.18812892465629E-01
         1.55189089466188    -5.65383503262805E-01     6.20688611440661E-01    -5.16124369070663E-01    -1.69418940846506E-01     9.01357430415779E-01    -3.23634717094166E-01     1.52228377872265E-01     8.31684066132871E-01     4.84322390964955E-01     2.69070652276370E-01     7.59749389285090E-01     5.45754817250953E-01     6.81802537410497E-01
         0.54311529853246     1.47999793272877E-01     6.59726542294831E-01     7.03321697890184E-01    -2.19534826074957E-01     3.64587678140232E-01     2.81361980784028E-01    -7.13536840615867E-01    -1.67858516623561E-01    -2.20433972029506E-01     9.41600143248362E-01     1.96681952393344E-02     4.63299478087506E-01    -2.42238812327185E-02
         0.17933709925335    -1.41029268364327E-01     2.27870683409749E-01     1.14521537491829E-01     9.56593181325010E-01     2.33722107747691E-01     8.05459277239079E-01     5.29945741006902E-01     7.84913805373263E-02     3.72481291736264E-02    -1.76550617000047E-01     1.06755709662101E-02    -2.60469325156765E-01    -1.33665736760872E-01
CL QZVPP-MOLOPT-PBE-AE
 3
 1 0 0 10 1
   1467458.93775052158162     5.00027973996311E-05
    219756.22561595341540     2.92119625382510E-04
     50010.78269045410707     1.28590722749441E-03
     14164.71914344428478     6.48940441751174E-03
      4620.77877126598923     1.97871266811614E-02
      1667.78852683964556     6.65018359892871E-02
       650.34523295930057     1.78047411514083E-01
       269.43766657761569     4.24217234215202E-01
       117.09536851846944     6.88319212568402E-01
        52.76000788002602     5.56504843396412E-01
 1 0 1 8 2 2
      2501.95646798690223    -3.82883357554072E-02     8.37909091563773E-02     4.17887012633053E-04     1.59916949870661E-03
       592.94635448432632    -4.07348538060098E-02     1.30718267465741E-01     3.99041739687339E-03    -2.59213449401013E-02
       192.18114183797039     2.20528820527411E-01    -1.98966788392605E-01     2.18359541428443E-02     3.32964376441369E-02
        72.87930898689872     7.33114974004280E-01    -3.92594344886566E-01     8.68350005331845E-02    -2.17375228769997E-01
        30.43574290352728     6.34280900802578E-01     5.37964084760841E-01     2.47733889523512E-01    -2.17956740087419E-01
        13.46035723428640     7.71650835004062E-03     6.98209154610030E-01     5.32066586940945E-01    -4.48983934995352E-01
         5.97563269106637     1.31312121901711E-02     1.06376827476728E-02     7.10008437176348E-01     6.90916424895068E-01
         3.08191027511841    -9.07739768895670E-02     7.18273987087124E-02     3.78665897473595E-01    -4.73822396122835E-01
 1 0 4 6 6 4 4 2 1
         9.78337990819075     8.91563859098250E-01     4.20492586467600E-01    -1.05500184052396E-01    -6.37580026009099E-03    -1.27727899356303E-01    -2.85396905660188E-02    -1.53857744271598E-02     1.06253051057092E-01    -1.15431250361608E-01    -2.24073346383234E-02     3.39725575429827E-02     1.01895475255016E-01     3.78215008137413E-02    -4.46426713878059E-02    -6.35534933198293E-02     3.84866238399188E-02    -6.11006722560778E-02
         4.33269446539561    -4.29731410091877E-01     7.82174610574314E-01    -3.34369761244485E-01    -2.72432075009675E-01    -1.25354633131214E-01    -4.23985492338584E-02     7.30865995598478E-02    -1.69780800664228E-01     9.20852072943818E-03     3.68926930660954E-02     9.84874476080405E-01    -1.38014851189017E-01    -4.74208272594507E-02     1.83642605819759E-02     4.69010615356294E-02    -6.41463169582076E-02    -1.95982450216892E-02
         1.89618722201134    -1.08607609504601E-01     3.85249243565499E-01     8.24406939689850E-01     3.51646048346057E-01    -1.90711290748148E-01     1.07175344599850E-02     9.91627029311956E-01     8.56131566559374E-02    -7.28575131920513E-02     2.31284362812144E-02     7.90619312155555E-02     7.33791834593761E-01    -6.62746105231222E-01     4.37386186866967E-02     6.43881756150717E-01    -4.40208755319482E-01     7.22168984314687E-01
         0.75937665037877    -8.64870311670285E-02     5.72642042507304E-02    -4.40832017733930E-01     8.81987013108728E-01    -1.10544464050763E-01     6.91864630354049E-02    -7.17104623334244E-02     9.75883878241501E-01     2.82742999161818E-02    -5.63192675837824E-03     1.32325112586378E-01     6.30921978952516E-01     7.45720946790107E-01     7.09504044527997E-02     7.55448939940310E-01     4.62184592162924E-01     6.65787803325587E-01
         0.29257745973674     3.21350778484430E-02     2.43787785919905E-01     5.55589531759151E-02     1.28047138769592E-01     9.55294229503361E-01     8.63997700254051E-02     6.90556986584205E-02    -6.16188331121305E-03     9.83715665542611E-01     1.12973648641345E-01    -3.38233190166359E-02    -5.85726486891373E-02    -1.98834428606854E-02     9.93139085193975E-01    -8.21528343028837E-02     7.63814987833132E-01     1.70005500533451E-01
         0.10605356801669     1.16840788925550E-02     1.61310253462363E-02    -3.26472144512038E-04    -8.82496986965603E-02    -8.24248737035741E-02     9.92482391084379E-01    -3.44438923863824E-02     1.29554489179424E-02    -1.13078139742878E-01     9.92374501940459E-01    -6.29554636350571E-02     1.75001307873770E-01     2.43581082505283E-02    -6.63137740448836E-02    -4.15371998214924E-02    -5.99362050420123E-02     4.66830318968192E-02
