TL TZV2P-MOLOPT-PBE-GTH-Q13
 1
 2 0 3 6 3 3 3 2
         2.49069689764632    -1.40199951276258E-01    -5.64910617731214E-02     8.12513166901981E-03    -1.18714646401503E-01    -1.41479891627812E-01    -3.09391698925485E-01    -4.66580614296684E-01    -1.40659841849686E-01    -1.23872420522454E-02     4.51292451862321E-02     3.43637930494675E-02
         2.23415516409655     1.47352005917420E-01    -3.83355327959215E-02     8.71324146790863E-02     1.66922520339286E-01     2.36986581055051E-01     3.06064191829164E-01     7.16498588388083E-01     1.75272024736200E-01     3.88506227284182E-02    -6.51232434719759E-02    -2.55843157717956E-02
         0.84755238733953     1.35574536709038E-01     6.23626210450517E-01    -4.52323673758127E-01    -1.68287312800698E-01    -3.74329957071359E-01     8.02747825980234E-02     4.70474876290691E-01    -1.91824291131742E-01     2.96419882277675E-01     1.08460820890057E-01    -1.11157596198489E-01
         0.33906997054508     2.78826025606207E-02    -5.51963694520951E-01     2.99353288650444E-01     1.11015475309002E-01     5.13593603836149E-01     6.25849026474597E-01     1.07401718623534E-01     4.87705155579567E-01    -6.59748824178815E-01     8.80382174518508E-01    -2.77589779618851E-01
         0.13414375553043    -7.14029433574086E-01    -3.13840017070278E-01    -5.95674222402767E-01     6.40925245644313E-01     3.94849171581182E-01    -5.64494463928164E-01    -7.11608268341344E-02     4.42023556104493E-01    -1.97414886402695E-01     3.32445543193022E-01    -1.21222651420533E-01
         0.04638396472033    -6.55465814115956E-01     4.50854766105710E-01     5.85922390803190E-01     7.11767854726076E-01    -6.03335417246515E-01     3.06294699023762E-01    -1.76030399478797E-01     6.92428209013287E-01     6.60478077122719E-01     3.10428336853493E-01     9.45546161937560E-01
TL TZVP-MOLOPT-PBE-GTH-q13
 1
 2 0 3 6 3 3 3 1
         2.49069689764632    -1.40199951276258E-01    -5.64910617731214E-02     8.12513166901981E-03    -1.18714646401503E-01    -1.41479891627812E-01    -3.09391698925485E-01    -4.66580614296684E-01    -1.40659841849686E-01    -1.23872420522454E-02     4.51292451862321E-02
         2.23415516409655     1.47352005917420E-01    -3.83355327959215E-02     8.71324146790863E-02     1.66922520339286E-01     2.36986581055051E-01     3.06064191829164E-01     7.16498588388083E-01     1.75272024736200E-01     3.88506227284182E-02    -6.51232434719759E-02
         0.84755238733953     1.35574536709038E-01     6.23626210450517E-01    -4.52323673758127E-01    -1.68287312800698E-01    -3.74329957071359E-01     8.02747825980234E-02     4.70474876290691E-01    -1.91824291131742E-01     2.96419882277675E-01     1.08460820890057E-01
         0.33906997054508     2.78826025606207E-02    -5.51963694520951E-01     2.99353288650444E-01     1.11015475309002E-01     5.13593603836149E-01     6.25849026474597E-01     1.07401718623534E-01     4.87705155579567E-01    -6.59748824178815E-01     8.80382174518508E-01
         0.13414375553043    -7.14029433574086E-01    -3.13840017070278E-01    -5.95674222402767E-01     6.40925245644313E-01     3.94849171581182E-01    -5.64494463928164E-01    -7.11608268341344E-02     4.42023556104493E-01    -1.97414886402695E-01     3.32445543193022E-01
         0.04638396472033    -6.55465814115956E-01     4.50854766105710E-01     5.85922390803190E-01     7.11767854726076E-01    -6.03335417246515E-01     3.06294699023762E-01    -1.76030399478797E-01     6.92428209013287E-01     6.60478077122719E-01     3.10428336853493E-01
TL DZVP-MOLOPT-PBE-GTH-q13
 1
 2 0 3 6 2 2 2 1
         2.49069689764632    -1.40199951276258E-01    -5.64910617731214E-02    -1.18714646401503E-01    -1.41479891627812E-01    -4.66580614296684E-01    -1.40659841849686E-01     4.51292451862321E-02
         2.23415516409655     1.47352005917420E-01    -3.83355327959215E-02     1.66922520339286E-01     2.36986581055051E-01     7.16498588388083E-01     1.75272024736200E-01    -6.51232434719759E-02
         0.84755238733953     1.35574536709038E-01     6.23626210450517E-01    -1.68287312800698E-01    -3.74329957071359E-01     4.70474876290691E-01    -1.91824291131742E-01     1.08460820890057E-01
         0.33906997054508     2.78826025606207E-02    -5.51963694520951E-01     1.11015475309002E-01     5.13593603836149E-01     1.07401718623534E-01     4.87705155579567E-01     8.80382174518508E-01
         0.13414375553043    -7.14029433574086E-01    -3.13840017070278E-01     6.40925245644313E-01     3.94849171581182E-01    -7.11608268341344E-02     4.42023556104493E-01     3.32445543193022E-01
         0.04638396472033    -6.55465814115956E-01     4.50854766105710E-01     7.11767854726076E-01    -6.03335417246515E-01    -1.76030399478797E-01     6.92428209013287E-01     3.10428336853493E-01
H TZV2P-MOLOPT-PBE-GTH-Q1
 1
 2 0 2 5 3 2 1
         9.42354063693337     1.73389254674243E-02    -1.21441381781897E-01     8.48842952201243E-01    -8.76722314909129E-02     1.38509912982294E-01     1.01583846424117E-05
         2.22615949373757     1.93701953472634E-01    -1.18295700700916E-01     4.34966851840939E-01     2.94035801652179E-01    -4.64264354132394E-01    -5.41805899933135E-06
         0.63906011750762     5.93968178416321E-01    -1.91886640436410E-01     8.47731161618519E-02     4.09268475073086E-01    -6.46177309023364E-01    -2.13029117448260E-05
         0.31891311049636     2.87977189530933E-01     9.48793640784133E-01     1.29845157344792E-01     1.56986057354678E-01    -2.47870371773730E-01     1.00804100896023E-05
         0.16139156624546     7.25568643357183E-01    -1.85008817130971E-01    -2.57338753762772E-01     8.44814311123899E-01     5.35059601902204E-01     9.99999999656012E-01
H TZVP-MOLOPT-PBE-GTH-q1
 1
 2 0 1 5 3 1
         9.42354063693337     1.73389254674243E-02    -1.21441381781897E-01     8.48842952201243E-01    -8.76722314909129E-02
         2.22615949373757     1.93701953472634E-01    -1.18295700700916E-01     4.34966851840939E-01     2.94035801652179E-01
         0.63906011750762     5.93968178416321E-01    -1.91886640436410E-01     8.47731161618519E-02     4.09268475073086E-01
         0.31891311049636     2.87977189530933E-01     9.48793640784133E-01     1.29845157344792E-01     1.56986057354678E-01
         0.16139156624546     7.25568643357183E-01    -1.85008817130971E-01    -2.57338753762772E-01     8.44814311123899E-01
H DZVP-MOLOPT-PBE-GTH-q1
 1
 2 0 1 5 2 1
         9.42354063693337     1.73389254674243E-02    -1.21441381781897E-01    -8.76722314909129E-02
         2.22615949373757     1.93701953472634E-01    -1.18295700700916E-01     2.94035801652179E-01
         0.63906011750762     5.93968178416321E-01    -1.91886640436410E-01     4.09268475073086E-01
         0.31891311049636     2.87977189530933E-01     9.48793640784133E-01     1.56986057354678E-01
         0.16139156624546     7.25568643357183E-01    -1.85008817130971E-01     8.44814311123899E-01
O TZV2P-MOLOPT-PBE-GTH-Q6
 1
 2 0 3 5 3 3 2 1
        10.34256722623639    -1.36598767253985E-01     5.35898017733314E-02    -1.18707008771107E-01    -9.23673397522993E-02     5.82948619873808E-02     9.18414097966573E-02    -9.48396929864874E-02     1.47739306049945E-01    -6.27421636348332E-05
         3.67715896642206    -1.53365311059511E-01     9.09944842814309E-02    -2.82507973527509E-01    -2.98268574244154E-01     1.75273022378177E-01     2.27281538167357E-01     1.72695668110757E-01    -2.69128753144972E-01     1.08668748395417E-04
         1.30046451996361     5.48021970885945E-01    -2.61169567089594E-01     6.98682645593308E-01    -5.68604037326135E-01     3.64979965319240E-01     5.95584075165259E-01     4.96837623369842E-01    -7.73936715688092E-01     3.17226823696088E-04
         0.46645021946921     7.84538402757388E-01    -4.08365744734643E-02    -6.15550727563364E-01    -6.49207117094457E-01     1.42847181972710E-01    -7.45101990481658E-01     8.41535542399250E-01     5.40201745515093E-01     9.99999938769363E-01
         0.14793951916337     2.04917720496501E-01     9.58629734771334E-01     1.97579739611495E-01    -3.97144432185278E-01    -9.01257668045223E-01     1.73236517641798E-01    -7.84343402663362E-02     1.22257293978271E-01     7.79931889816245E-05
O TZVP-MOLOPT-PBE-GTH-q6
 1
 2 0 2 5 3 3 1
        10.34256722623639    -1.36598767253985E-01     5.35898017733314E-02    -1.18707008771107E-01    -9.23673397522993E-02     5.82948619873808E-02     9.18414097966573E-02    -9.48396929864874E-02
         3.67715896642206    -1.53365311059511E-01     9.09944842814309E-02    -2.82507973527509E-01    -2.98268574244154E-01     1.75273022378177E-01     2.27281538167357E-01     1.72695668110757E-01
         1.30046451996361     5.48021970885945E-01    -2.61169567089594E-01     6.98682645593308E-01    -5.68604037326135E-01     3.64979965319240E-01     5.95584075165259E-01     4.96837623369842E-01
         0.46645021946921     7.84538402757388E-01    -4.08365744734643E-02    -6.15550727563364E-01    -6.49207117094457E-01     1.42847181972710E-01    -7.45101990481658E-01     8.41535542399250E-01
         0.14793951916337     2.04917720496501E-01     9.58629734771334E-01     1.97579739611495E-01    -3.97144432185278E-01    -9.01257668045223E-01     1.73236517641798E-01    -7.84343402663362E-02
O DZVP-MOLOPT-PBE-GTH-q6
 1
 2 0 2 5 2 2 1
        10.34256722623639    -1.36598767253985E-01     5.35898017733314E-02    -9.23673397522993E-02     5.82948619873808E-02    -9.48396929864874E-02
         3.67715896642206    -1.53365311059511E-01     9.09944842814309E-02    -2.98268574244154E-01     1.75273022378177E-01     1.72695668110757E-01
         1.30046451996361     5.48021970885945E-01    -2.61169567089594E-01    -5.68604037326135E-01     3.64979965319240E-01     4.96837623369842E-01
         0.46645021946921     7.84538402757388E-01    -4.08365744734643E-02    -6.49207117094457E-01     1.42847181972710E-01     8.41535542399250E-01
         0.14793951916337     2.04917720496501E-01     9.58629734771334E-01    -3.97144432185278E-01    -9.01257668045223E-01    -7.84343402663362E-02
CL TZV2P-MOLOPT-PBE-GTH-Q7
 1
 2 0 3 4 3 3 2 1
         1.99824811943664     4.33846894941631E-01     3.07041170622732E-01     1.75957585523759E-02     3.45339975324402E-01     1.79965250304009E-01    -3.72667358036020E-01     9.05635141754461E-02    -2.17425270215822E-01    -1.43769165568981E-01
         1.50363082119869    -3.38194302379175E-01    -3.89997660747775E-02    -9.17322433894228E-01    -4.97369383451272E-01    -2.01781984518266E-01    -8.34831128966391E-01     2.85556761650639E-01     9.18680132432251E-01     4.08136672326571E-01
         0.40650884550636    -5.13548002397481E-01    -6.29188376955880E-01     3.25113335470044E-01    -6.70835040884209E-01    -3.34082727506389E-01     4.03493031418158E-01     9.41536415237722E-01    -2.84903780503556E-01     9.00979681734397E-01
         0.12853799110242    -6.58536206158268E-01     7.12970352884578E-01     2.29153356193791E-01    -4.28187278851352E-01     9.02931487206409E-01     3.70054044720497E-02     1.54158245180379E-01     1.66081010355251E-01     3.14721596903698E-02
CL TZVP-MOLOPT-PBE-GTH-q7
 1
 2 0 2 4 3 3 1
         1.99824811943664     4.33846894941631E-01     3.07041170622732E-01     1.75957585523759E-02     3.45339975324402E-01     1.79965250304009E-01    -3.72667358036020E-01     9.05635141754461E-02
         1.50363082119869    -3.38194302379175E-01    -3.89997660747775E-02    -9.17322433894228E-01    -4.97369383451272E-01    -2.01781984518266E-01    -8.34831128966391E-01     2.85556761650639E-01
         0.40650884550636    -5.13548002397481E-01    -6.29188376955880E-01     3.25113335470044E-01    -6.70835040884209E-01    -3.34082727506389E-01     4.03493031418158E-01     9.41536415237722E-01
         0.12853799110242    -6.58536206158268E-01     7.12970352884578E-01     2.29153356193791E-01    -4.28187278851352E-01     9.02931487206409E-01     3.70054044720497E-02     1.54158245180379E-01
CL DZVP-MOLOPT-PBE-GTH-q7
 1
 2 0 2 4 2 2 1
         1.99824811943664     4.33846894941631E-01     3.07041170622732E-01     3.45339975324402E-01     1.79965250304009E-01     9.05635141754461E-02
         1.50363082119869    -3.38194302379175E-01    -3.89997660747775E-02    -4.97369383451272E-01    -2.01781984518266E-01     2.85556761650639E-01
         0.40650884550636    -5.13548002397481E-01    -6.29188376955880E-01    -6.70835040884209E-01    -3.34082727506389E-01     9.41536415237722E-01
         0.12853799110242    -6.58536206158268E-01     7.12970352884578E-01    -4.28187278851352E-01     9.02931487206409E-01     1.54158245180379E-01
