#######################################################################################
# H
#######################################################################################

H TZV2P-MOLOPT-PBE0-GTH-q1
 1
 2 0 2 5 3 2 1
         9.40376558777484     5.57995409025206E-02    -4.70579310756749E-02    -9.03982952048893E-02    -9.22922683878503E-02     5.62771387719766E-01     7.80341103329014E-02
         2.19236236036235     2.26741263852150E-01    -2.37595450605385E-01    -3.31859181820579E-01     3.56629407794935E-01    -1.55610962004131E-01     3.11602862374432E-01
         0.70785664525623     4.70071809062586E-01    -3.84865803668886E-01    -6.33091997698946E-01     4.70685683046521E-01    -1.55533260185636E-01     6.35783567219683E-05
         0.37495748172786     5.50419957177599E-01     8.25544608526065E-01    -1.19262368808400E-01     4.93402007633953E-01     7.41061881197701E-01     9.44971331284660E-01
         0.15142571456720     6.49265104227107E-01    -3.34198093163844E-01     6.83131496493313E-01     6.31907468961614E-01    -2.92763192495008E-01     6.19960707827798E-02

H TZVP-MOLOPT-PBE0-GTH-q1
 1
 2 0 1 5 3 1
         9.40376558777484     5.57995409025206E-02    -4.70579310756749E-02    -9.03982952048893E-02    -9.22922683878503E-02
         2.19236236036235     2.26741263852150E-01    -2.37595450605385E-01    -3.31859181820579E-01     3.56629407794935E-01
         0.70785664525623     4.70071809062586E-01    -3.84865803668886E-01    -6.33091997698946E-01     4.70685683046521E-01
         0.37495748172786     5.50419957177599E-01     8.25544608526065E-01    -1.19262368808400E-01     4.93402007633953E-01
         0.15142571456720     6.49265104227107E-01    -3.34198093163844E-01     6.83131496493313E-01     6.31907468961614E-01

H DZVP-MOLOPT-PBE0-GTH-q1
 1
 2 0 1 5 2 1
         9.40376558777484     5.57995409025206E-02    -4.70579310756749E-02    -9.22922683878503E-02
         2.19236236036235     2.26741263852150E-01    -2.37595450605385E-01     3.56629407794935E-01
         0.70785664525623     4.70071809062586E-01    -3.84865803668886E-01     4.70685683046521E-01
         0.37495748172786     5.50419957177599E-01     8.25544608526065E-01     4.93402007633953E-01
         0.15142571456720     6.49265104227107E-01    -3.34198093163844E-01     6.31907468961614E-01

#######################################################################################
# He
#######################################################################################

He TZV2P-MOLOPT-PBE0-GTH-q2
 1
 2 0 2 5 3 2 1
        13.12577468520894    -8.10138203646355E-02     6.66218734963456E-02     6.55037632720291E-01     9.84146874393518E-02     9.84367897877054E-01    -2.95530885249298E-01
         4.10555171724517    -2.42215352673983E-01     2.42560240107770E-01    -7.02468162638807E-01    -8.17925535792458E-02    -3.83532289951131E-02     1.76264195153323E-01
         1.30115005174396    -5.39191242949202E-01     4.71532506081423E-01     2.74575290801699E-01     6.45164310766062E-01    -6.82044407487684E-02     2.84848366651183E-01
         0.43633180457918    -6.92057204798762E-01     3.57289408077006E-02    -4.55072610962291E-02     6.97842356740661E-01    -1.21277077923163E-01     7.64361813250131E-01
         0.15322325106858    -4.06322670610395E-01    -8.44456389867488E-01     1.29578846174519E-03    -2.83555258684427E-01    -1.00940061855164E-01    -4.64978339099621E-01

He TZVP-MOLOPT-PBE0-GTH-q2
 1
 2 0 1 5 3 1
        13.12577468520894    -8.10138203646355E-02     6.66218734963456E-02     6.55037632720291E-01     9.84146874393518E-02
         4.10555171724517    -2.42215352673983E-01     2.42560240107770E-01    -7.02468162638807E-01    -8.17925535792458E-02
         1.30115005174396    -5.39191242949202E-01     4.71532506081423E-01     2.74575290801699E-01     6.45164310766062E-01
         0.43633180457918    -6.92057204798762E-01     3.57289408077006E-02    -4.55072610962291E-02     6.97842356740661E-01
         0.15322325106858    -4.06322670610395E-01    -8.44456389867488E-01     1.29578846174519E-03    -2.83555258684427E-01

He DZVP-MOLOPT-PBE0-GTH-q2
 1
 2 0 1 5 2 1
        13.12577468520894    -8.10138203646355E-02     6.66218734963456E-02     9.84146874393518E-02
         4.10555171724517    -2.42215352673983E-01     2.42560240107770E-01    -8.17925535792458E-02
         1.30115005174396    -5.39191242949202E-01     4.71532506081423E-01     6.45164310766062E-01
         0.43633180457918    -6.92057204798762E-01     3.57289408077006E-02     6.97842356740661E-01
         0.15322325106858    -4.06322670610395E-01    -8.44456389867488E-01    -2.83555258684427E-01

#######################################################################################
# Li
#######################################################################################

Li TZV2P-MOLOPT-PBE0-GTH-q3
 1
 2 0 2 5 4 2 1
         7.05027339548382     4.70212080343201E-01     6.53603881588792E-02    -1.07446938144366E-01    -7.31652936334812E-01    -8.20405506143954E-03     1.71860172686032E-01    -7.27670172165824E-03
         1.96462205080353     6.90697135431791E-01     1.58056143437986E-01    -1.01412260045235E-01     1.75299741735582E-02    -4.87231480498767E-02    -5.60674489588689E-02     1.72910769115635E-02
         0.63056258093130     4.29493999857787E-01     3.92445663200615E-01     2.72325294990826E-01     5.90085055296356E-01    -2.77963950924245E-01     3.33339922563714E-01     1.94679025088828E-01
         0.16314292709457     2.04658917950402E-01    -4.75130741960851E-01    -7.56167033755959E-01     3.39249078877749E-01    -7.50264733067419E-01     4.99114795062391E-01     9.18695015972092E-01
         0.04636444691345     2.74750246578904E-01    -7.68754482692616E-01     5.76386207125736E-01     3.29601388743696E-02    -5.97827417091686E-01    -7.79159444264533E-01     3.43143720749474E-01

Li TZVP-MOLOPT-PBE0-GTH-q3
 1
 2 0 1 5 4 1
         7.05027339548382     4.70212080343201E-01     6.53603881588792E-02    -1.07446938144366E-01    -7.31652936334812E-01    -8.20405506143954E-03
         1.96462205080353     6.90697135431791E-01     1.58056143437986E-01    -1.01412260045235E-01     1.75299741735582E-02    -4.87231480498767E-02
         0.63056258093130     4.29493999857787E-01     3.92445663200615E-01     2.72325294990826E-01     5.90085055296356E-01    -2.77963950924245E-01
         0.16314292709457     2.04658917950402E-01    -4.75130741960851E-01    -7.56167033755959E-01     3.39249078877749E-01    -7.50264733067419E-01
         0.04636444691345     2.74750246578904E-01    -7.68754482692616E-01     5.76386207125736E-01     3.29601388743696E-02    -5.97827417091686E-01

Li DZVP-MOLOPT-PBE0-GTH-q3
 1
 2 0 1 5 3 1
         7.05027339548382     4.70212080343201E-01     6.53603881588792E-02    -1.07446938144366E-01    -8.20405506143954E-03
         1.96462205080353     6.90697135431791E-01     1.58056143437986E-01    -1.01412260045235E-01    -4.87231480498767E-02
         0.63056258093130     4.29493999857787E-01     3.92445663200615E-01     2.72325294990826E-01    -2.77963950924245E-01
         0.16314292709457     2.04658917950402E-01    -4.75130741960851E-01    -7.56167033755959E-01    -7.50264733067419E-01
         0.04636444691345     2.74750246578904E-01    -7.68754482692616E-01     5.76386207125736E-01    -5.97827417091686E-01

#######################################################################################
# Be
#######################################################################################

Be TZV2P-MOLOPT-PBE0-GTH-q4
 1
 2 0 2 6 4 2 1
        14.98614535610190    -2.51306349710412E-01     6.30905774035467E-02    -1.75876809352944E-02    -1.10113618387816E-02     4.12247175509069E-03     1.04538573806408E-01     1.90267283650376E-02
         6.80347843472811    -5.59026258546029E-01     1.51197544889929E-01    -1.41213023596244E-01     1.15182130914441E-02    -7.99429004590891E-03    -1.99004204097274E-01    -2.77332802064030E-02
         2.11187894497502    -6.07942955509984E-01     3.17108387367060E-01     3.84063674896666E-01    -3.81567314267044E-01    -1.07459722575763E-01    -4.97817271915843E-03     4.43833031427730E-02
         0.66188617743192    -2.88236338207874E-01     1.34978399159023E-01    -8.09133939684668E-01     2.75226849939425E-01    -3.75225896888499E-01    -7.86798358658170E-01     4.82591268978838E-01
         0.21869820089081    -3.99819735634248E-01    -6.52688928216046E-01     2.90714087450926E-01     5.58243661684002E-01    -8.25322406526869E-01     7.94192259582604E-02     8.63914607731907E-01
         0.06586654404629    -1.08646748828110E-01    -6.54506796655516E-01    -3.05011862193811E-01    -6.83203235225602E-01    -4.07946021142687E-01     5.69284779785576E-01     1.32876592489697E-01

Be TZVP-MOLOPT-PBE0-GTH-q4
 1
 2 0 1 6 4 1
        14.98614535610190    -2.51306349710412E-01     6.30905774035467E-02    -1.75876809352944E-02    -1.10113618387816E-02     4.12247175509069E-03
         6.80347843472811    -5.59026258546029E-01     1.51197544889929E-01    -1.41213023596244E-01     1.15182130914441E-02    -7.99429004590891E-03
         2.11187894497502    -6.07942955509984E-01     3.17108387367060E-01     3.84063674896666E-01    -3.81567314267044E-01    -1.07459722575763E-01
         0.66188617743192    -2.88236338207874E-01     1.34978399159023E-01    -8.09133939684668E-01     2.75226849939425E-01    -3.75225896888499E-01
         0.21869820089081    -3.99819735634248E-01    -6.52688928216046E-01     2.90714087450926E-01     5.58243661684002E-01    -8.25322406526869E-01
         0.06586654404629    -1.08646748828110E-01    -6.54506796655516E-01    -3.05011862193811E-01    -6.83203235225602E-01    -4.07946021142687E-01
Be DZVP-MOLOPT-PBE0-GTH-q4
 1
 2 0 1 6 3 1
        14.98614535610190    -2.51306349710412E-01     6.30905774035467E-02    -1.10113618387816E-02     4.12247175509069E-03
         6.80347843472811    -5.59026258546029E-01     1.51197544889929E-01     1.15182130914441E-02    -7.99429004590891E-03
         2.11187894497502    -6.07942955509984E-01     3.17108387367060E-01    -3.81567314267044E-01    -1.07459722575763E-01
         0.66188617743192    -2.88236338207874E-01     1.34978399159023E-01     2.75226849939425E-01    -3.75225896888499E-01
         0.21869820089081    -3.99819735634248E-01    -6.52688928216046E-01     5.58243661684002E-01    -8.25322406526869E-01
         0.06586654404629    -1.08646748828110E-01    -6.54506796655516E-01    -6.83203235225602E-01    -4.07946021142687E-01

#######################################################################################
# B
#######################################################################################

B TZV2P-MOLOPT-PBE0-GTH-q3
 1
 2 0 3 5 3 3 2 1
         3.67479481725273    -1.30272398810805E-01     1.35337613534554E-01    -6.13507146931090E-01    -7.37588511183232E-02     9.28978755835896E-02     1.13722944942644E-01    -7.58073843071636E-02     1.26992976118895E-01     4.04741268096131E-02
         1.42570678835317    -2.19698725483867E-01     1.32610524337094E-01    -5.52477625309754E-01    -1.26760953968484E-01     3.37198158774520E-01     7.58469413928032E-01     2.44452881375435E-01    -4.87211866810507E-01     2.11783107097397E-01
         0.56491722285073     4.05073884449850E-01    -1.59818878605353E-01     3.22886419158973E-01    -4.78709500428446E-01     5.13093034991379E-01     1.53392480262912E-01     6.28301733951220E-01    -5.20148473576785E-01     1.05171929290500E-01
         0.21332352291263     7.86939024064267E-01    -3.11837315122066E-01    -4.57220236479455E-01    -6.58885020201854E-01     1.98147176390939E-01    -5.37980706501617E-01     7.18196193395110E-01     6.69839279955485E-01     9.68021302497630E-01
         0.07050901715185     3.89106274262356E-01     9.17231483398058E-01     7.12142532990156E-02    -5.61425896075212E-01    -7.58380261058240E-01     3.14386301164750E-01     1.54684156197131E-01    -1.65100833795423E-01    -7.33715463056255E-02

B TZVP-MOLOPT-PBE0-GTH-q3
 1
 2 0 2 5 3 3 1
         3.67479481725273    -1.30272398810805E-01     1.35337613534554E-01    -6.13507146931090E-01    -7.37588511183232E-02     9.28978755835896E-02     1.13722944942644E-01    -7.58073843071636E-02
         1.42570678835317    -2.19698725483867E-01     1.32610524337094E-01    -5.52477625309754E-01    -1.26760953968484E-01     3.37198158774520E-01     7.58469413928032E-01     2.44452881375435E-01
         0.56491722285073     4.05073884449850E-01    -1.59818878605353E-01     3.22886419158973E-01    -4.78709500428446E-01     5.13093034991379E-01     1.53392480262912E-01     6.28301733951220E-01
         0.21332352291263     7.86939024064267E-01    -3.11837315122066E-01    -4.57220236479455E-01    -6.58885020201854E-01     1.98147176390939E-01    -5.37980706501617E-01     7.18196193395110E-01
         0.07050901715185     3.89106274262356E-01     9.17231483398058E-01     7.12142532990156E-02    -5.61425896075212E-01    -7.58380261058240E-01     3.14386301164750E-01     1.54684156197131E-01

B DZVP-MOLOPT-PBE0-GTH-q3
 1
 2 0 2 5 2 2 1
         3.67479481725273    -1.30272398810805E-01     1.35337613534554E-01    -7.37588511183232E-02     9.28978755835896E-02    -7.58073843071636E-02
         1.42570678835317    -2.19698725483867E-01     1.32610524337094E-01    -1.26760953968484E-01     3.37198158774520E-01     2.44452881375435E-01
         0.56491722285073     4.05073884449850E-01    -1.59818878605353E-01    -4.78709500428446E-01     5.13093034991379E-01     6.28301733951220E-01
         0.21332352291263     7.86939024064267E-01    -3.11837315122066E-01    -6.58885020201854E-01     1.98147176390939E-01     7.18196193395110E-01
         0.07050901715185     3.89106274262356E-01     9.17231483398058E-01    -5.61425896075212E-01    -7.58380261058240E-01     1.54684156197131E-01

#######################################################################################
# C
#######################################################################################

C TZV2P-MOLOPT-PBE0-GTH-q4
 1
 2 0 3 5 3 3 2 1
         5.37649556675185    -1.22404309942338E-01     1.51052142999233E-01    -2.91603005508096E-01    -1.02230399503479E-01     7.40025761345854E-02     8.94622998880541E-02    -3.33102657255285E-02     9.86374456561291E-02     7.95121951184048E-02
         1.95241253925289    -1.29373346346520E-01     2.06617207371748E-01    -1.01805179489666E-01    -3.09172408281985E-01     2.20213934213870E-01     3.39999059653624E-01     2.24862943378639E-01    -4.25828317504440E-02     4.21381944948773E-01
         0.69884308058897     4.93419910923422E-01    -4.42585619435647E-01     6.21910558850215E-01    -6.76608029554237E-01     4.84079784827656E-01     2.48477330781687E-01     7.92785845721874E-01    -5.17543483541305E-01     3.21750315531954E-01
         0.25544398452951     7.50469724701437E-01    -1.05635637414093E-01    -6.44963922243512E-01    -6.23090735983644E-01    -3.82982660790289E-01    -6.66883209981747E-01     5.31193096205402E-01     8.40388777086484E-01     8.41599833069726E-01
         0.08778128068034     4.02009584429917E-01     8.52907768337305E-01     3.19142896525366E-01    -2.18908374551020E-01    -7.51678445453038E-01     6.08212904060281E-01     1.94040151152179E-01    -1.19803183369898E-01    -6.55859949283386E-02

C TZVP-MOLOPT-PBE0-GTH-q4
 1
 2 0 2 5 3 3 1
         5.37649556675185    -1.22404309942338E-01     1.51052142999233E-01    -2.91603005508096E-01    -1.02230399503479E-01     7.40025761345854E-02     8.94622998880541E-02    -3.33102657255285E-02
         1.95241253925289    -1.29373346346520E-01     2.06617207371748E-01    -1.01805179489666E-01    -3.09172408281985E-01     2.20213934213870E-01     3.39999059653624E-01     2.24862943378639E-01
         0.69884308058897     4.93419910923422E-01    -4.42585619435647E-01     6.21910558850215E-01    -6.76608029554237E-01     4.84079784827656E-01     2.48477330781687E-01     7.92785845721874E-01
         0.25544398452951     7.50469724701437E-01    -1.05635637414093E-01    -6.44963922243512E-01    -6.23090735983644E-01    -3.82982660790289E-01    -6.66883209981747E-01     5.31193096205402E-01
         0.08778128068034     4.02009584429917E-01     8.52907768337305E-01     3.19142896525366E-01    -2.18908374551020E-01    -7.51678445453038E-01     6.08212904060281E-01     1.94040151152179E-01

C DZVP-MOLOPT-PBE0-GTH-q4
 1
 2 0 2 5 2 2 1
         5.37649556675185    -1.22404309942338E-01     1.51052142999233E-01    -1.02230399503479E-01     7.40025761345854E-02    -3.33102657255285E-02
         1.95241253925289    -1.29373346346520E-01     2.06617207371748E-01    -3.09172408281985E-01     2.20213934213870E-01     2.24862943378639E-01
         0.69884308058897     4.93419910923422E-01    -4.42585619435647E-01    -6.76608029554237E-01     4.84079784827656E-01     7.92785845721874E-01
         0.25544398452951     7.50469724701437E-01    -1.05635637414093E-01    -6.23090735983644E-01    -3.82982660790289E-01     5.31193096205402E-01
         0.08778128068034     4.02009584429917E-01     8.52907768337305E-01    -2.18908374551020E-01    -7.51678445453038E-01     1.94040151152179E-01

#######################################################################################
# N
#######################################################################################

N TZV2P-MOLOPT-PBE0-GTH-q5
 1
 2 0 3 5 3 3 2 1
         7.73191180652741    -1.29328265668785E-01     9.16398588113292E-02    -1.74094264181081E-01    -9.93933540194857E-02     4.77455982212432E-02     6.41071280080208E-02    -7.29200672641234E-03    -9.75208123331965E-02     4.93527421522671E-02
         2.85057084952924    -1.45350914286028E-01     1.33224641925486E-01    -2.14698468180059E-01    -3.12409705172060E-01     1.26174183517461E-01     2.09195546059139E-01     8.15946595948134E-02    -3.61267688090043E-01     1.99171008294586E-02
         1.00330603111170     4.72662187215565E-01    -3.68726429496676E-01     7.07590182561616E-01    -6.57053215090823E-01     3.52892900056040E-01     5.21322976210574E-01     7.72646415003236E-01    -5.56843407668918E-01     1.49374909683646E-01
         0.37172658231290     7.89643957793047E-01    -1.29264814983625E-01    -5.99699224353350E-01    -6.43410477137827E-01    -1.20259762045036E-01    -7.55319844919121E-01     6.17550363213716E-01     7.41498654259907E-01     9.81999711234545E-01
         0.12323676002417     3.39411532085830E-01     9.06192451336220E-01     2.51540710010912E-01    -2.16391237667221E-01    -9.18043911796765E-01     3.31423876620087E-01     1.22221947459383E-01     8.97294658200145E-03    -1.02622217033511E-01

N TZVP-MOLOPT-PBE0-GTH-q5
 1
 2 0 2 5 3 3 1
         7.73191180652741    -1.29328265668785E-01     9.16398588113292E-02    -1.74094264181081E-01    -9.93933540194857E-02     4.77455982212432E-02     6.41071280080208E-02    -7.29200672641234E-03
         2.85057084952924    -1.45350914286028E-01     1.33224641925486E-01    -2.14698468180059E-01    -3.12409705172060E-01     1.26174183517461E-01     2.09195546059139E-01     8.15946595948134E-02
         1.00330603111170     4.72662187215565E-01    -3.68726429496676E-01     7.07590182561616E-01    -6.57053215090823E-01     3.52892900056040E-01     5.21322976210574E-01     7.72646415003236E-01
         0.37172658231290     7.89643957793047E-01    -1.29264814983625E-01    -5.99699224353350E-01    -6.43410477137827E-01    -1.20259762045036E-01    -7.55319844919121E-01     6.17550363213716E-01
         0.12323676002417     3.39411532085830E-01     9.06192451336220E-01     2.51540710010912E-01    -2.16391237667221E-01    -9.18043911796765E-01     3.31423876620087E-01     1.22221947459383E-01

N DZVP-MOLOPT-PBE0-GTH-q5
 1
 2 0 2 5 2 2 1
         7.73191180652741    -1.29328265668785E-01     9.16398588113292E-02    -9.93933540194857E-02     4.77455982212432E-02    -7.29200672641234E-03
         2.85057084952924    -1.45350914286028E-01     1.33224641925486E-01    -3.12409705172060E-01     1.26174183517461E-01     8.15946595948134E-02
         1.00330603111170     4.72662187215565E-01    -3.68726429496676E-01    -6.57053215090823E-01     3.52892900056040E-01     7.72646415003236E-01
         0.37172658231290     7.89643957793047E-01    -1.29264814983625E-01    -6.43410477137827E-01    -1.20259762045036E-01     6.17550363213716E-01
         0.12323676002417     3.39411532085830E-01     9.06192451336220E-01    -2.16391237667221E-01    -9.18043911796765E-01     1.22221947459383E-01

#######################################################################################
# O
#######################################################################################

O TZV2P-MOLOPT-PBE0-GTH-q6
 1
 2 0 3 5 3 3 2 1
        10.34082423621691    -1.29825249634708E-01     8.18793043945144E-02    -1.54163825083534E-01    -9.31315963557027E-02     6.07168741616306E-02     5.24249215362800E-02    -1.46443819746845E-04    -1.35615599706110E-01    -4.53627038333396E-02
         3.64864310376424    -1.27684551447027E-01     1.02649506262870E-01    -2.90598920673850E-01    -3.10412801135525E-01     1.66218217874094E-01     1.57277538743803E-01     4.82789843051162E-02    -2.03664714425298E-01    -7.75510089052828E-02
         1.25503633997207     5.26487514579900E-01    -3.65113179366377E-01     6.61471073309150E-01    -5.97863015525008E-01     4.26686208369503E-01     5.52189434348781E-01     7.18155124032992E-01    -6.65039106707507E-01     7.74070424398802E-02
         0.43936673910305     7.72667288737258E-01    -8.21060762059065E-02    -6.24492813862270E-01    -6.48920500304752E-01    -1.50379113770831E-02    -7.55332729990090E-01     6.93882202281484E-01     7.03924405563841E-01     9.92909576133937E-01
         0.14295518532255     3.04365270334762E-01     9.17992274956007E-01     2.53476876555698E-01    -3.41221918409427E-01    -8.86790677695403E-01     3.11568128998934E-01    -2.12090879301656E-02     4.83994939610748E-02     8.17248560335443E-03

O TZVP-MOLOPT-PBE0-GTH-q6
 1
 2 0 2 5 3 3 1
        10.34082423621691    -1.29825249634708E-01     8.18793043945144E-02    -1.54163825083534E-01    -9.31315963557027E-02     6.07168741616306E-02     5.24249215362800E-02    -1.46443819746845E-04
         3.64864310376424    -1.27684551447027E-01     1.02649506262870E-01    -2.90598920673850E-01    -3.10412801135525E-01     1.66218217874094E-01     1.57277538743803E-01     4.82789843051162E-02
         1.25503633997207     5.26487514579900E-01    -3.65113179366377E-01     6.61471073309150E-01    -5.97863015525008E-01     4.26686208369503E-01     5.52189434348781E-01     7.18155124032992E-01
         0.43936673910305     7.72667288737258E-01    -8.21060762059065E-02    -6.24492813862270E-01    -6.48920500304752E-01    -1.50379113770831E-02    -7.55332729990090E-01     6.93882202281484E-01
         0.14295518532255     3.04365270334762E-01     9.17992274956007E-01     2.53476876555698E-01    -3.41221918409427E-01    -8.86790677695403E-01     3.11568128998934E-01    -2.12090879301656E-02

O DZVP-MOLOPT-PBE0-GTH-q6
 1
 2 0 2 5 2 2 1
        10.34082423621691    -1.29825249634708E-01     8.18793043945144E-02    -9.31315963557027E-02     6.07168741616306E-02    -1.46443819746845E-04
         3.64864310376424    -1.27684551447027E-01     1.02649506262870E-01    -3.10412801135525E-01     1.66218217874094E-01     4.82789843051162E-02
         1.25503633997207     5.26487514579900E-01    -3.65113179366377E-01    -5.97863015525008E-01     4.26686208369503E-01     7.18155124032992E-01
         0.43936673910305     7.72667288737258E-01    -8.21060762059065E-02    -6.48920500304752E-01    -1.50379113770831E-02     6.93882202281484E-01
         0.14295518532255     3.04365270334762E-01     9.17992274956007E-01    -3.41221918409427E-01    -8.86790677695403E-01    -2.12090879301656E-02

#######################################################################################
# F
#######################################################################################

F TZV2P-MOLOPT-PBE0-GTH-q7
 1
 2 0 3 5 3 3 2 1
        13.31501907729122     1.31813146289282E-01    -5.24225688764356E-02    -5.17923286744451E-01    -9.80506809064632E-02     4.64420401614479E-02     6.35659142568778E-02     4.89385522399914E-03     1.52535072278595E-01     5.41962851226601E-02
         4.62512020147175     1.34547810393351E-01    -5.37398783766778E-02    -2.73506612070950E-02    -3.12727206728056E-01     1.25929415842544E-01     1.88833971660508E-01     2.30296758923593E-02    -1.84322551941015E-01     3.68925101794283E-02
         1.62272294024072    -5.51865766775749E-01     1.65440705311574E-01    -7.34790083225985E-01    -5.86706702362430E-01     2.77907352966805E-01     6.51110127867809E-01     5.26472480151814E-01    -8.13967424463323E-01     8.50449987353287E-02
         0.55216173678272    -7.87309125215089E-01     1.14519053917377E-01     4.34902286738320E-01    -6.52997838515906E-01     1.82287680337408E-01    -7.27945836193775E-01     8.49582617686734E-01     5.11993820603492E-01     9.94034575948952E-01
         0.17330337957192    -2.00276553789357E-01    -9.76667117835106E-01    -4.41695026221838E-02    -3.49223175694863E-01    -9.33554296168888E-01     8.03216449515110E-02    -2.19496600587510E-02     1.34452996051777E-01    -1.90870474316679E-02

F TZVP-MOLOPT-PBE0-GTH-q7
 1
 2 0 2 5 3 3 1
        13.31501907729122     1.31813146289282E-01    -5.24225688764356E-02    -5.17923286744451E-01    -9.80506809064632E-02     4.64420401614479E-02     6.35659142568778E-02     4.89385522399914E-03
         4.62512020147175     1.34547810393351E-01    -5.37398783766778E-02    -2.73506612070950E-02    -3.12727206728056E-01     1.25929415842544E-01     1.88833971660508E-01     2.30296758923593E-02
         1.62272294024072    -5.51865766775749E-01     1.65440705311574E-01    -7.34790083225985E-01    -5.86706702362430E-01     2.77907352966805E-01     6.51110127867809E-01     5.26472480151814E-01
         0.55216173678272    -7.87309125215089E-01     1.14519053917377E-01     4.34902286738320E-01    -6.52997838515906E-01     1.82287680337408E-01    -7.27945836193775E-01     8.49582617686734E-01
         0.17330337957192    -2.00276553789357E-01    -9.76667117835106E-01    -4.41695026221838E-02    -3.49223175694863E-01    -9.33554296168888E-01     8.03216449515110E-02    -2.19496600587510E-02

F DZVP-MOLOPT-PBE0-GTH-q7
 1
 2 0 2 5 2 2 1
        13.31501907729122     1.31813146289282E-01    -5.24225688764356E-02    -9.80506809064632E-02     4.64420401614479E-02     4.89385522399914E-03
         4.62512020147175     1.34547810393351E-01    -5.37398783766778E-02    -3.12727206728056E-01     1.25929415842544E-01     2.30296758923593E-02
         1.62272294024072    -5.51865766775749E-01     1.65440705311574E-01    -5.86706702362430E-01     2.77907352966805E-01     5.26472480151814E-01
         0.55216173678272    -7.87309125215089E-01     1.14519053917377E-01    -6.52997838515906E-01     1.82287680337408E-01     8.49582617686734E-01
         0.17330337957192    -2.00276553789357E-01    -9.76667117835106E-01    -3.49223175694863E-01    -9.33554296168888E-01    -2.19496600587510E-02

#######################################################################################
# Ne
#######################################################################################

Ne TZV2P-MOLOPT-PBE0-GTH-q8
 1
 2 0 3 5 3 3 2 1
        16.35305890678434     1.18933519195023E-01     3.34356446369711E-01     7.80530614847143E-01    -1.88968902456927E-01     3.03669282062668E-01    -2.12263342696911E-01    -3.45912987997643E-01    -3.20642235018685E-01     3.61607515804088E-02
         5.42277647641364     9.35659820448020E-02     1.46609526696133E-01    -5.89580937441815E-01    -5.51505809398855E-01     7.34621352970763E-01    -9.52548155187702E-02     7.24956326594033E-02    -6.44112310773130E-01    -1.87778956036926E-01
         1.80673009947494    -7.06718656770110E-01     6.72627573051116E-01    -9.08640843361335E-02    -5.93780057095564E-01    -2.85540630361065E-01     6.25004927056081E-01    -1.95872353211631E-01    -5.91114186543315E-01     3.09163842510542E-02
         0.59057922765866    -6.84249705156410E-01    -5.75636029230301E-01     1.29801180855635E-01    -5.03574405672647E-01    -5.15947962488521E-01    -6.86576851095662E-01     8.97389689393557E-01    -1.33592865379746E-01     9.70436714284565E-01
         0.18604668679634    -9.72178285207834E-02    -2.87970004125935E-01     1.34393634960179E-01    -2.32314781816758E-01    -1.42760930607426E-01     2.89571860101784E-01    -1.77240950678250E-01     3.39182624878671E-01    -1.43972999094417E-01

Ne TZVP-MOLOPT-PBE0-GTH-q8
 1
 2 0 2 5 3 3 1
        16.35305890678434     1.18933519195023E-01     3.34356446369711E-01     7.80530614847143E-01    -1.88968902456927E-01     3.03669282062668E-01    -2.12263342696911E-01    -3.45912987997643E-01
         5.42277647641364     9.35659820448020E-02     1.46609526696133E-01    -5.89580937441815E-01    -5.51505809398855E-01     7.34621352970763E-01    -9.52548155187702E-02     7.24956326594033E-02
         1.80673009947494    -7.06718656770110E-01     6.72627573051116E-01    -9.08640843361335E-02    -5.93780057095564E-01    -2.85540630361065E-01     6.25004927056081E-01    -1.95872353211631E-01
         0.59057922765866    -6.84249705156410E-01    -5.75636029230301E-01     1.29801180855635E-01    -5.03574405672647E-01    -5.15947962488521E-01    -6.86576851095662E-01     8.97389689393557E-01
         0.18604668679634    -9.72178285207834E-02    -2.87970004125935E-01     1.34393634960179E-01    -2.32314781816758E-01    -1.42760930607426E-01     2.89571860101784E-01    -1.77240950678250E-01

Ne DZVP-MOLOPT-PBE0-GTH-q8
 1
 2 0 2 5 2 2 1
        16.35305890678434     1.18933519195023E-01     3.34356446369711E-01    -1.88968902456927E-01     3.03669282062668E-01    -3.45912987997643E-01
         5.42277647641364     9.35659820448020E-02     1.46609526696133E-01    -5.51505809398855E-01     7.34621352970763E-01     7.24956326594033E-02
         1.80673009947494    -7.06718656770110E-01     6.72627573051116E-01    -5.93780057095564E-01    -2.85540630361065E-01    -1.95872353211631E-01
         0.59057922765866    -6.84249705156410E-01    -5.75636029230301E-01    -5.03574405672647E-01    -5.15947962488521E-01     8.97389689393557E-01
         0.18604668679634    -9.72178285207834E-02    -2.87970004125935E-01    -2.32314781816758E-01    -1.42760930607426E-01    -1.77240950678250E-01

#######################################################################################
# Na
#######################################################################################

Na TZV2P-MOLOPT-PBE0-GTH-q9
 1
 2 0 2 7 4 3 1
        23.61424459295386     7.73101787133619E-02     1.23270708885685E-02    -4.54283721839981E-04     1.58940233146438E-01    -6.78553443969012E-02    -1.09924216905285E-02    -3.57632672625338E-02     9.32699304539873E-03
        10.34415439890878     2.21178907073703E-01     3.93818668674989E-02    -1.15919788760608E-02     5.11884577816103E-01    -2.44467549610827E-01    -4.54607304072457E-02    -6.49591071407827E-02    -2.43338736003494E-02
         3.71916531818365    -3.02847537908858E-01    -6.15201283818240E-02     2.63274197261207E-02    -6.82430941890249E-01    -5.49291762195795E-01    -1.02985626443247E-01    -4.07514611612864E-01     4.82545267562804E-02
         1.33769571740957    -7.82369358706211E-01    -2.26334887092532E-01     1.18808650264762E-01     4.77149059033301E-01    -6.60375088096285E-01    -1.34181390377871E-01    -1.40224709028033E-01     8.32971956573089E-02
         0.49520936436553    -2.70458043382637E-01    -3.03889221218942E-01     3.50767520575714E-01    -1.37996905517180E-01    -3.99157499119749E-01    -5.49211674251311E-02     7.61515480752769E-01     3.22521584905663E-01
         0.18211132160163    -3.53096176523540E-01     2.99218287953148E-01    -8.19507051600066E-01    -1.51769610063828E-02    -1.18851935570013E-01     2.61343453328903E-01     4.54625772705151E-01     4.55285615131672E-01
         0.04281496121426    -2.08470908203658E-01     8.72585045686302E-01     4.36379571166892E-01     7.44850442054156E-03    -1.56083569722910E-01     9.47567975740714E-01    -1.48928690252500E-01     8.23862114412116E-01

Na TZVP-MOLOPT-PBE0-GTH-q9
 1
 2 0 1 7 4 2
        23.61424459295386     7.73101787133619E-02     1.23270708885685E-02    -4.54283721839981E-04     1.58940233146438E-01    -6.78553443969012E-02    -1.09924216905285E-02
        10.34415439890878     2.21178907073703E-01     3.93818668674989E-02    -1.15919788760608E-02     5.11884577816103E-01    -2.44467549610827E-01    -4.54607304072457E-02
         3.71916531818365    -3.02847537908858E-01    -6.15201283818240E-02     2.63274197261207E-02    -6.82430941890249E-01    -5.49291762195795E-01    -1.02985626443247E-01
         1.33769571740957    -7.82369358706211E-01    -2.26334887092532E-01     1.18808650264762E-01     4.77149059033301E-01    -6.60375088096285E-01    -1.34181390377871E-01
         0.49520936436553    -2.70458043382637E-01    -3.03889221218942E-01     3.50767520575714E-01    -1.37996905517180E-01    -3.99157499119749E-01    -5.49211674251311E-02
         0.18211132160163    -3.53096176523540E-01     2.99218287953148E-01    -8.19507051600066E-01    -1.51769610063828E-02    -1.18851935570013E-01     2.61343453328903E-01
         0.04281496121426    -2.08470908203658E-01     8.72585045686302E-01     4.36379571166892E-01     7.44850442054156E-03    -1.56083569722910E-01     9.47567975740714E-01

Na DZVP-MOLOPT-PBE0-GTH-q9
 1
 2 0 1 7 3 2
        23.61424459295386     7.73101787133619E-02     1.23270708885685E-02    -4.54283721839981E-04    -6.78553443969012E-02    -1.09924216905285E-02
        10.34415439890878     2.21178907073703E-01     3.93818668674989E-02    -1.15919788760608E-02    -2.44467549610827E-01    -4.54607304072457E-02
         3.71916531818365    -3.02847537908858E-01    -6.15201283818240E-02     2.63274197261207E-02    -5.49291762195795E-01    -1.02985626443247E-01
         1.33769571740957    -7.82369358706211E-01    -2.26334887092532E-01     1.18808650264762E-01    -6.60375088096285E-01    -1.34181390377871E-01
         0.49520936436553    -2.70458043382637E-01    -3.03889221218942E-01     3.50767520575714E-01    -3.99157499119749E-01    -5.49211674251311E-02
         0.18211132160163    -3.53096176523540E-01     2.99218287953148E-01    -8.19507051600066E-01    -1.18851935570013E-01     2.61343453328903E-01
         0.04281496121426    -2.08470908203658E-01     8.72585045686302E-01     4.36379571166892E-01    -1.56083569722910E-01     9.47567975740714E-01

#######################################################################################
# Mg
#######################################################################################

Mg TZV2P-MOLOPT-PBE0-GTH-q10
 1
 2 0 2 7 4 3 1
        30.84215575374221     4.53572304519953E-02     5.89079046611453E-02     5.29810259844712E-04    -1.68320337180452E-02     6.10177382729902E-02     2.00777742080770E-02    -4.48013994043090E-03     3.91099197892314E-02
        12.30275298204925     1.45843862122241E-01     1.83772140510974E-01    -5.56605811820439E-03    -7.14437195534226E-02     2.57375400588181E-01     8.81838773351886E-02    -2.80127223833718E-02    -2.14547416108433E-02
         4.26393750955946    -2.35076600552832E-01    -2.79804529033437E-01     3.24937427347674E-03     6.31045436771129E-02     5.75783085183760E-01     2.01646615635321E-01    -6.34694039639353E-02     3.75470189184340E-02
         1.49568611063657    -5.98630626619778E-01    -5.58509440596071E-01    -2.26907526391348E-01    -3.86528397434530E-01     6.34633114109158E-01     2.46902471429739E-01    -1.41813934786368E-01     8.64108032969620E-02
         0.54036093595027    -2.99914808602185E-01    -1.40977621219033E-01    -3.07444444110390E-02     9.10910072462782E-01     3.21685800890947E-01    -3.28455386251750E-02     4.45800800499898E-01     4.50077265021942E-01
         0.15393567368276     3.14969896066884E-01    -5.68744749648074E-01     7.49706461666395E-01     8.01474242086508E-03     2.52579249904792E-01    -7.60669677312240E-01     4.63460832381225E-01     8.80546020999662E-01
         0.05577473923817     6.11471770750753E-01    -4.78736889638830E-01    -6.20859206910403E-01     1.06792770874536E-01     1.68734572933908E-01    -5.57226265870341E-01    -7.49347290322590E-01     1.05842633623867E-01

Mg TZVP-MOLOPT-PBE0-GTH-q10
 1
 2 0 1 7 4 2
        30.84215575374221     4.53572304519953E-02     5.89079046611453E-02     5.29810259844712E-04    -1.68320337180452E-02     6.10177382729902E-02     2.00777742080770E-02
        12.30275298204925     1.45843862122241E-01     1.83772140510974E-01    -5.56605811820439E-03    -7.14437195534226E-02     2.57375400588181E-01     8.81838773351886E-02
         4.26393750955946    -2.35076600552832E-01    -2.79804529033437E-01     3.24937427347674E-03     6.31045436771129E-02     5.75783085183760E-01     2.01646615635321E-01
         1.49568611063657    -5.98630626619778E-01    -5.58509440596071E-01    -2.26907526391348E-01    -3.86528397434530E-01     6.34633114109158E-01     2.46902471429739E-01
         0.54036093595027    -2.99914808602185E-01    -1.40977621219033E-01    -3.07444444110390E-02     9.10910072462782E-01     3.21685800890947E-01    -3.28455386251750E-02
         0.15393567368276     3.14969896066884E-01    -5.68744749648074E-01     7.49706461666395E-01     8.01474242086508E-03     2.52579249904792E-01    -7.60669677312240E-01
         0.05577473923817     6.11471770750753E-01    -4.78736889638830E-01    -6.20859206910403E-01     1.06792770874536E-01     1.68734572933908E-01    -5.57226265870341E-01

Mg DZVP-MOLOPT-PBE0-GTH-q10
 1
 2 0 1 7 3 2
        30.84215575374221     4.53572304519953E-02     5.89079046611453E-02     5.29810259844712E-04     6.10177382729902E-02     2.00777742080770E-02
        12.30275298204925     1.45843862122241E-01     1.83772140510974E-01    -5.56605811820439E-03     2.57375400588181E-01     8.81838773351886E-02
         4.26393750955946    -2.35076600552832E-01    -2.79804529033437E-01     3.24937427347674E-03     5.75783085183760E-01     2.01646615635321E-01
         1.49568611063657    -5.98630626619778E-01    -5.58509440596071E-01    -2.26907526391348E-01     6.34633114109158E-01     2.46902471429739E-01
         0.54036093595027    -2.99914808602185E-01    -1.40977621219033E-01    -3.07444444110390E-02     3.21685800890947E-01    -3.28455386251750E-02
         0.15393567368276     3.14969896066884E-01    -5.68744749648074E-01     7.49706461666395E-01     2.52579249904792E-01    -7.60669677312240E-01
         0.05577473923817     6.11471770750753E-01    -4.78736889638830E-01    -6.20859206910403E-01     1.68734572933908E-01    -5.57226265870341E-01

#######################################################################################
# Al
#######################################################################################

Al TZV2P-MOLOPT-PBE0-GTH-Q3
 1
 2 0 3 4 3 3 2 1
         0.94126725167835     4.66302109366831E-01    -3.50121284289676E-01    -6.24395800622426E-01     1.22149227011621E-01    -5.15736066864909E-02     8.20641839040154E-01     3.40584347479602E-01     2.44172887275313E-01     2.58814168149483E-01
         0.33080620243729    -3.57592033826916E-01     5.60223555785247E-01     3.98440797969949E-02    -7.85253644373592E-01     4.03354165456479E-01     3.52533766084043E-01     7.67588355744785E-01     2.92193345375745E-01     8.82757055729510E-01
         0.14729760457524    -8.04476210315435E-01    -3.82379538255529E-01    -4.48388984741005E-01    -6.06401527440678E-01    -4.98515959069407E-01    -3.05928752351460E-01     5.12955410264327E-01    -2.95280176698405E-01     3.89344758662573E-01
         0.05167804520850    -8.66504886315650E-02    -6.46026735169816E-01     6.38349161378897E-01    -2.70826116921525E-02    -7.65589589045831E-01     3.29658177923851E-01     1.78008891512380E-01    -8.76248975626635E-01    -4.65388636178602E-02

Al TZVP-MOLOPT-PBE0-GTH-q3
 1
 2 0 2 4 3 3 1
         0.94126725167835     4.66302109366831E-01    -3.50121284289676E-01    -6.24395800622426E-01     1.22149227011621E-01    -5.15736066864909E-02     8.20641839040154E-01     3.40584347479602E-01
         0.33080620243729    -3.57592033826916E-01     5.60223555785247E-01     3.98440797969949E-02    -7.85253644373592E-01     4.03354165456479E-01     3.52533766084043E-01     7.67588355744785E-01
         0.14729760457524    -8.04476210315435E-01    -3.82379538255529E-01    -4.48388984741005E-01    -6.06401527440678E-01    -4.98515959069407E-01    -3.05928752351460E-01     5.12955410264327E-01
         0.05167804520850    -8.66504886315650E-02    -6.46026735169816E-01     6.38349161378897E-01    -2.70826116921525E-02    -7.65589589045831E-01     3.29658177923851E-01     1.78008891512380E-01

Al DZVP-MOLOPT-PBE0-GTH-q3
 1
 2 0 2 4 2 2 1
         0.94126725167835     4.66302109366831E-01    -3.50121284289676E-01     1.22149227011621E-01    -5.15736066864909E-02     3.40584347479602E-01
         0.33080620243729    -3.57592033826916E-01     5.60223555785247E-01    -7.85253644373592E-01     4.03354165456479E-01     7.67588355744785E-01
         0.14729760457524    -8.04476210315435E-01    -3.82379538255529E-01    -6.06401527440678E-01    -4.98515959069407E-01     5.12955410264327E-01
         0.05167804520850    -8.66504886315650E-02    -6.46026735169816E-01    -2.70826116921525E-02    -7.65589589045831E-01     1.78008891512380E-01

#######################################################################################
# Si
#######################################################################################

Si TZV2P-MOLOPT-PBE0-GTH-q4
 1
 2 0 3 4 3 3 2 1
         1.21365863082271    -3.08151749446573E-02    -6.34072471863553E-01    -5.42641279520592E-01     1.36162907866315E-01     6.62714527391055E-02     8.48730515958811E-01     2.78715935684656E-01     2.23925235148550E-01     2.14530548790312E-01
         0.42880957162127     5.95286306929111E-03     5.70670193748482E-01     1.50997228422596E-01    -7.77588638885866E-01    -4.96367537858365E-01     3.04840077053377E-01     7.88029670429787E-01     3.93027724185281E-01     8.24063867316478E-01
         0.16590681329427    -8.76412895114549E-01     2.70751967112551E-01    -3.81705514748461E-01    -6.13274545167977E-01     6.67988337026722E-01    -1.81028440212586E-01     5.47416077765143E-01    -6.33000136711980E-01     5.23806887178294E-01
         0.04260042981395    -4.80536601822737E-01    -4.46072867025778E-01     7.32830934649706E-01     2.66440133243094E-02     5.50471564668465E-01     3.92374492719111E-01     4.07713566364410E-02    -6.28249571434808E-01    -2.28414352378014E-02

Si TZVP-MOLOPT-PBE0-GTH-q4
 1
 2 0 2 4 3 3 1
         1.21365863082271    -3.08151749446573E-02    -6.34072471863553E-01    -5.42641279520592E-01     1.36162907866315E-01     6.62714527391055E-02     8.48730515958811E-01     2.78715935684656E-01
         0.42880957162127     5.95286306929111E-03     5.70670193748482E-01     1.50997228422596E-01    -7.77588638885866E-01    -4.96367537858365E-01     3.04840077053377E-01     7.88029670429787E-01
         0.16590681329427    -8.76412895114549E-01     2.70751967112551E-01    -3.81705514748461E-01    -6.13274545167977E-01     6.67988337026722E-01    -1.81028440212586E-01     5.47416077765143E-01
         0.04260042981395    -4.80536601822737E-01    -4.46072867025778E-01     7.32830934649706E-01     2.66440133243094E-02     5.50471564668465E-01     3.92374492719111E-01     4.07713566364410E-02

Si DZVP-MOLOPT-PBE0-GTH-q4
 1
 2 0 2 4 2 2 1
         1.21365863082271    -3.08151749446573E-02    -6.34072471863553E-01     1.36162907866315E-01     6.62714527391055E-02     2.78715935684656E-01
         0.42880957162127     5.95286306929111E-03     5.70670193748482E-01    -7.77588638885866E-01    -4.96367537858365E-01     7.88029670429787E-01
         0.16590681329427    -8.76412895114549E-01     2.70751967112551E-01    -6.13274545167977E-01     6.67988337026722E-01     5.47416077765143E-01
         0.04260042981395    -4.80536601822737E-01    -4.46072867025778E-01     2.66440133243094E-02     5.50471564668465E-01     4.07713566364410E-02

#######################################################################################
# P 
#######################################################################################

P TZV2P-MOLOPT-PBE0-GTH-q5
 1
 2 0 3 4 3 3 2 1
         1.46486261225549     3.83350362566064E-01     3.35317452087815E-01    -7.11902960996371E-01     1.61426165061671E-01     1.29569897699925E-01     1.77732207421681E-01     2.51603510220513E-01    -4.71152878511292E-04     1.61949858105061E-01
         0.60822081034934    -2.95260205201235E-01    -4.08273238159129E-01     2.16641731253573E-01    -6.65080984528182E-01    -4.45721580403973E-01     5.95999113578243E-01     7.21208411270175E-01     6.66950162333461E-01     7.47606974140384E-01
         0.22569356915956    -8.39418487719939E-01     4.68172439850882E-02    -5.23615207742622E-01    -7.23988069302115E-01     3.40879884612988E-01    -5.71677606706721E-01     6.45355474983142E-01    -7.45075325560121E-01     6.27401478750580E-01
         0.07812123803993    -2.47468206481081E-01     8.47751918307494E-01     4.14834483408388E-01    -8.63142674226135E-02     8.17523589040984E-01     5.35145805411050E-01    -8.39118985296701E-03     6.32599555915996E-03    -1.45682669312431E-01

P TZVP-MOLOPT-PBE0-GTH-q5
 1
 2 0 2 4 3 3 1
         1.46486261225549     3.83350362566064E-01     3.35317452087815E-01    -7.11902960996371E-01     1.61426165061671E-01     1.29569897699925E-01     1.77732207421681E-01     2.51603510220513E-01
         0.60822081034934    -2.95260205201235E-01    -4.08273238159129E-01     2.16641731253573E-01    -6.65080984528182E-01    -4.45721580403973E-01     5.95999113578243E-01     7.21208411270175E-01
         0.22569356915956    -8.39418487719939E-01     4.68172439850882E-02    -5.23615207742622E-01    -7.23988069302115E-01     3.40879884612988E-01    -5.71677606706721E-01     6.45355474983142E-01
         0.07812123803993    -2.47468206481081E-01     8.47751918307494E-01     4.14834483408388E-01    -8.63142674226135E-02     8.17523589040984E-01     5.35145805411050E-01    -8.39118985296701E-03

P DZVP-MOLOPT-PBE0-GTH-q5
 1
 2 0 2 4 2 2 1
         1.46486261225549     3.83350362566064E-01     3.35317452087815E-01     1.61426165061671E-01     1.29569897699925E-01     2.51603510220513E-01
         0.60822081034934    -2.95260205201235E-01    -4.08273238159129E-01    -6.65080984528182E-01    -4.45721580403973E-01     7.21208411270175E-01
         0.22569356915956    -8.39418487719939E-01     4.68172439850882E-02    -7.23988069302115E-01     3.40879884612988E-01     6.45355474983142E-01
         0.07812123803993    -2.47468206481081E-01     8.47751918307494E-01    -8.63142674226135E-02     8.17523589040984E-01    -8.39118985296701E-03

#######################################################################################
# S 
#######################################################################################

S TZV2P-MOLOPT-PBE0-GTH-q6
 1
 2 0 3 4 3 3 2 1
         1.83659095947030     3.72803746003926E-01    -1.31812637810655E-01     2.56559878276949E-01     3.22135672378229E-01     2.14331044549409E-01    -6.28996181588624E-01    -6.56359111506667E-02    -4.82828101700687E-01    -3.30262411007222E-01
         1.39208197320107    -1.14279794636780E-01    -1.43288136484319E-01    -9.36393612455788E-01    -4.14974000535217E-01    -2.38907656855117E-01     4.88223890340128E-01     4.63441350718008E-01     7.40196513039149E-01     6.28765210001307E-01
         0.38620456072642    -7.33165669969939E-01     5.64751972580603E-01     1.18110304523198E-01    -7.40576228885045E-01    -2.84085486628765E-01    -5.98215801765616E-01     8.51719381751729E-01    -4.61461066543628E-01     6.86604311155619E-01
         0.12374068236867    -5.57158501578093E-01    -8.01965802215135E-01     2.08312235300652E-01    -4.19013170045561E-01     9.03482579314762E-01     9.02169106431989E-02     2.35559199269617E-01     7.77163454957459E-02     1.55420624339973E-01

S TZVP-MOLOPT-PBE0-GTH-q6
 1
 2 0 2 4 3 3 1
         1.83659095947030     3.72803746003926E-01    -1.31812637810655E-01     2.56559878276949E-01     3.22135672378229E-01     2.14331044549409E-01    -6.28996181588624E-01    -6.56359111506667E-02
         1.39208197320107    -1.14279794636780E-01    -1.43288136484319E-01    -9.36393612455788E-01    -4.14974000535217E-01    -2.38907656855117E-01     4.88223890340128E-01     4.63441350718008E-01
         0.38620456072642    -7.33165669969939E-01     5.64751972580603E-01     1.18110304523198E-01    -7.40576228885045E-01    -2.84085486628765E-01    -5.98215801765616E-01     8.51719381751729E-01
         0.12374068236867    -5.57158501578093E-01    -8.01965802215135E-01     2.08312235300652E-01    -4.19013170045561E-01     9.03482579314762E-01     9.02169106431989E-02     2.35559199269617E-01

S DZVP-MOLOPT-PBE0-GTH-q6
 1
 2 0 2 4 2 2 1
         1.83659095947030     3.72803746003926E-01    -1.31812637810655E-01     3.22135672378229E-01     2.14331044549409E-01    -6.56359111506667E-02
         1.39208197320107    -1.14279794636780E-01    -1.43288136484319E-01    -4.14974000535217E-01    -2.38907656855117E-01     4.63441350718008E-01
         0.38620456072642    -7.33165669969939E-01     5.64751972580603E-01    -7.40576228885045E-01    -2.84085486628765E-01     8.51719381751729E-01
         0.12374068236867    -5.57158501578093E-01    -8.01965802215135E-01    -4.19013170045561E-01     9.03482579314762E-01     2.35559199269617E-01

#######################################################################################
# Cl
#######################################################################################

Cl TZV2P-MOLOPT-PBE0-GTH-q7
 1
 2 0 3 4 3 3 2 1
         1.95736377876919     5.14900988266686E-01     2.40693792976430E-01    -1.28104442415964E-01     3.91491934421244E-01     1.94579618291814E-01    -4.24624922261607E-01     1.03302579489917E-01    -1.51719991846673E-01    -8.80894837945973E-02
         1.54347371438383    -4.22981434715776E-01     4.84506053505602E-02    -8.97870765280675E-01    -5.31183852831214E-01    -2.06763688400425E-01    -8.12512692066251E-01     2.53080986425568E-01     7.90079486051753E-01     3.40736837991551E-01
         0.40766941393095    -4.94589672987331E-01    -6.25944067103656E-01     2.66738548390739E-01    -6.13505638411310E-01    -3.32691397032460E-01     3.96050456242181E-01     9.52098239408987E-01    -2.69731069825107E-01     9.35543949131780E-01
         0.13062819821750    -5.57982735881729E-01     7.40211497966302E-01     3.25987557262530E-01    -4.33807113141348E-01     8.99279702676011E-01     5.15832990020735E-02     1.37067625261757E-01     5.29150828937503E-01     2.99360873066907E-02

Cl TZVP-MOLOPT-PBE0-GTH-q7
 1
 2 0 2 4 3 3 1
         1.95736377876919     5.14900988266686E-01     2.40693792976430E-01    -1.28104442415964E-01     3.91491934421244E-01     1.94579618291814E-01    -4.24624922261607E-01     1.03302579489917E-01
         1.54347371438383    -4.22981434715776E-01     4.84506053505602E-02    -8.97870765280675E-01    -5.31183852831214E-01    -2.06763688400425E-01    -8.12512692066251E-01     2.53080986425568E-01
         0.40766941393095    -4.94589672987331E-01    -6.25944067103656E-01     2.66738548390739E-01    -6.13505638411310E-01    -3.32691397032460E-01     3.96050456242181E-01     9.52098239408987E-01
         0.13062819821750    -5.57982735881729E-01     7.40211497966302E-01     3.25987557262530E-01    -4.33807113141348E-01     8.99279702676011E-01     5.15832990020735E-02     1.37067625261757E-01

Cl DZVP-MOLOPT-PBE0-GTH-q7
 1
 2 0 2 4 2 2 1
         1.95736377876919     5.14900988266686E-01     2.40693792976430E-01     3.91491934421244E-01     1.94579618291814E-01     1.03302579489917E-01
         1.54347371438383    -4.22981434715776E-01     4.84506053505602E-02    -5.31183852831214E-01    -2.06763688400425E-01     2.53080986425568E-01
         0.40766941393095    -4.94589672987331E-01    -6.25944067103656E-01    -6.13505638411310E-01    -3.32691397032460E-01     9.52098239408987E-01
         0.13062819821750    -5.57982735881729E-01     7.40211497966302E-01    -4.33807113141348E-01     8.99279702676011E-01     1.37067625261757E-01

#######################################################################################
# Ar
#######################################################################################

Ar TZV2P-MOLOPT-PBE0-GTH-q8
 1
 2 0 3 5 3 3 2 1
         4.94787210580535     1.75648672912446E-01     5.81987400240345E-01     7.93547520757802E-01    -3.48867005611568E-01     5.15912812679950E-01     4.70268392630175E-01    -1.44398907432766E-01    -2.48423231757615E-01     1.63746308253735E-01
         2.81663963957758    -4.69999929977242E-01    -1.29273585792876E-01     1.70066244649340E-01    -2.96308209913638E-01     4.26720656400777E-01    -1.53382526868405E-01     3.09358584785345E-01    -8.64616014108071E-01    -1.60380452929506E-01
         1.04601251221685     2.21683802924709E-01    -4.28606075554467E-01     2.61835054510201E-01    -5.56473517579358E-01    -9.06054478885214E-02    -7.44761451749670E-01    -4.60611221929593E-03    -4.48762404484960E-02     4.16460883780990E-02
         0.39173806948225     7.78765598849279E-01    -3.21046998380364E-01     5.22200214278485E-02    -4.21534106810990E-01    -7.31128598228636E-01     3.67768486451465E-01     9.36197620980010E-01     2.76986664010963E-01     9.72375035792406E-01
         0.13037458496428     3.04348555270512E-01     5.98167754736490E-01    -5.19687673821240E-01    -5.50581036870424E-01     9.47896448917433E-02     2.55730638964942E-01    -8.34207393483453E-02     3.34648408145416E-01     1.47529638351192E-02

Ar TZVP-MOLOPT-PBE0-GTH-q8
 1
 2 0 2 5 3 3 1
         4.94787210580535     1.75648672912446E-01     5.81987400240345E-01     7.93547520757802E-01    -3.48867005611568E-01     5.15912812679950E-01     4.70268392630175E-01    -1.44398907432766E-01
         2.81663963957758    -4.69999929977242E-01    -1.29273585792876E-01     1.70066244649340E-01    -2.96308209913638E-01     4.26720656400777E-01    -1.53382526868405E-01     3.09358584785345E-01
         1.04601251221685     2.21683802924709E-01    -4.28606075554467E-01     2.61835054510201E-01    -5.56473517579358E-01    -9.06054478885214E-02    -7.44761451749670E-01    -4.60611221929593E-03
         0.39173806948225     7.78765598849279E-01    -3.21046998380364E-01     5.22200214278485E-02    -4.21534106810990E-01    -7.31128598228636E-01     3.67768486451465E-01     9.36197620980010E-01
         0.13037458496428     3.04348555270512E-01     5.98167754736490E-01    -5.19687673821240E-01    -5.50581036870424E-01     9.47896448917433E-02     2.55730638964942E-01    -8.34207393483453E-02

Ar DZVP-MOLOPT-PBE0-GTH-q8
 1
 2 0 2 5 2 2 1
         4.94787210580535     1.75648672912446E-01     5.81987400240345E-01    -3.48867005611568E-01     5.15912812679950E-01    -1.44398907432766E-01
         2.81663963957758    -4.69999929977242E-01    -1.29273585792876E-01    -2.96308209913638E-01     4.26720656400777E-01     3.09358584785345E-01
         1.04601251221685     2.21683802924709E-01    -4.28606075554467E-01    -5.56473517579358E-01    -9.06054478885214E-02    -4.60611221929593E-03
         0.39173806948225     7.78765598849279E-01    -3.21046998380364E-01    -4.21534106810990E-01    -7.31128598228636E-01     9.36197620980010E-01
         0.13037458496428     3.04348555270512E-01     5.98167754736490E-01    -5.50581036870424E-01     9.47896448917433E-02    -8.34207393483453E-02

#######################################################################################
# K 
#######################################################################################

#######################################################################################
# Ca
#######################################################################################

#######################################################################################
# Sc
#######################################################################################

#######################################################################################
# Ti
#######################################################################################

#######################################################################################
# V 
#######################################################################################

#######################################################################################
# Cr
#######################################################################################

#######################################################################################
# Mn
#######################################################################################

#######################################################################################
# Fe
#######################################################################################

#######################################################################################
# Co
#######################################################################################

#######################################################################################
# Ni
#######################################################################################

#######################################################################################
# Cu
#######################################################################################

#######################################################################################
# Zn
#######################################################################################

#######################################################################################
# Ga
#######################################################################################

#######################################################################################
# Ge
#######################################################################################

#######################################################################################
# As
#######################################################################################

#######################################################################################
# Se
#######################################################################################
Se TZV2P-MOLOPT-PBE0-GTH-q6
 1
 2 0 3 4 3 3 2 1
         1.29747980207246     6.94163266098986E-01     1.51594051764359E-01    -2.90795684096459E-01     6.69936412297103E-01    -5.05332170494933E-02    -3.20084355129157E-01     5.83429060208610E-01     1.23740676285018E-01    -2.64617638104987E-03
         1.20841738836253    -6.18602554947097E-01     8.55911699523471E-02    -7.08688069196129E-01    -6.84828815076346E-01     7.68604664171275E-02     6.13049594196535E-02    -6.69046822990725E-01     1.55765241362640E-02     2.39985159997313E-01
         0.29876566351451    -2.85709369701934E-01    -5.04026706747514E-01     4.90166767680689E-01    -2.59776012099532E-01     1.28114603017358E-01    -9.40013934807459E-01    -4.48902440597518E-01    -8.77050559476904E-02     9.70039245713683E-01
         0.09781974294182    -2.32031021797163E-01     8.45961272152046E-01     4.15855300016004E-01     1.21289410326197E-01     9.87484435913030E-01     1.00804314986533E-01    -1.02340017469740E-01     9.88308372973522E-01     3.77356927437816E-02

Se TZVP-MOLOPT-PBE0-GTH-q6
 1
 2 0 2 4 3 3 1
         1.29747980207246     6.94163266098986E-01     1.51594051764359E-01    -2.90795684096459E-01     6.69936412297103E-01    -5.05332170494933E-02    -3.20084355129157E-01     5.83429060208610E-01
         1.20841738836253    -6.18602554947097E-01     8.55911699523471E-02    -7.08688069196129E-01    -6.84828815076346E-01     7.68604664171275E-02     6.13049594196535E-02    -6.69046822990725E-01
         0.29876566351451    -2.85709369701934E-01    -5.04026706747514E-01     4.90166767680689E-01    -2.59776012099532E-01     1.28114603017358E-01    -9.40013934807459E-01    -4.48902440597518E-01
         0.09781974294182    -2.32031021797163E-01     8.45961272152046E-01     4.15855300016004E-01     1.21289410326197E-01     9.87484435913030E-01     1.00804314986533E-01    -1.02340017469740E-01

Se DZVP-MOLOPT-PBE0-GTH-q6
 1
 2 0 2 4 2 2 1
         1.29747980207246     6.94163266098986E-01     1.51594051764359E-01     6.69936412297103E-01    -5.05332170494933E-02     5.83429060208610E-01
         1.20841738836253    -6.18602554947097E-01     8.55911699523471E-02    -6.84828815076346E-01     7.68604664171275E-02    -6.69046822990725E-01
         0.29876566351451    -2.85709369701934E-01    -5.04026706747514E-01    -2.59776012099532E-01     1.28114603017358E-01    -4.48902440597518E-01
         0.09781974294182    -2.32031021797163E-01     8.45961272152046E-01     1.21289410326197E-01     9.87484435913030E-01    -1.02340017469740E-01

#######################################################################################
# Br
#######################################################################################
Br TZV2P-MOLOPT-PBE0-GTH-q7
 1
 2 0 3 4 3 3 2 1
         1.67989787752394     4.82866846141120E-01    -2.42967012049220E-01     3.43718676017183E-01     5.10318497225948E-01     3.32034291816289E-01    -2.14766731320356E-01     3.51161988066491E-01     4.85933299989009E-01    -1.21572161216315E-01
         1.51161614883035    -2.13596369113406E-01     5.43274774408791E-01    -5.81602231192519E-01    -5.20240354893299E-01    -3.01163276398007E-01    -7.53330346835932E-01    -4.15289997448788E-01    -6.78387596101461E-01     1.91547966406752E-01
         0.38650826607905    -7.30799532144727E-01    -6.21157651217750E-01    -3.87479741943416E-02    -3.87983760308476E-01    -3.53508205252181E-01     6.16904313394043E-01    -8.21317502691581E-01     5.51051248106761E-01     9.72972702572290E-01
         0.12390551127685    -4.32606338160164E-01     5.09885009468408E-01     7.36270949396153E-01    -5.64263773661255E-01     8.21027319171935E-01     7.61426803432144E-02    -1.72212182869393E-01    -1.27254762326674E-03     4.30546888480862E-02

Br TZVP-MOLOPT-PBE0-GTH-q7
 1
 2 0 2 4 3 3 1
         1.67989787752394     4.82866846141120E-01    -2.42967012049220E-01     3.43718676017183E-01     5.10318497225948E-01     3.32034291816289E-01    -2.14766731320356E-01     3.51161988066491E-01
         1.51161614883035    -2.13596369113406E-01     5.43274774408791E-01    -5.81602231192519E-01    -5.20240354893299E-01    -3.01163276398007E-01    -7.53330346835932E-01    -4.15289997448788E-01
         0.38650826607905    -7.30799532144727E-01    -6.21157651217750E-01    -3.87479741943416E-02    -3.87983760308476E-01    -3.53508205252181E-01     6.16904313394043E-01    -8.21317502691581E-01
         0.12390551127685    -4.32606338160164E-01     5.09885009468408E-01     7.36270949396153E-01    -5.64263773661255E-01     8.21027319171935E-01     7.61426803432144E-02    -1.72212182869393E-01

Br DZVP-MOLOPT-PBE0-GTH-q7
 1
 2 0 2 4 2 2 1
         1.67989787752394     4.82866846141120E-01    -2.42967012049220E-01     5.10318497225948E-01     3.32034291816289E-01     3.51161988066491E-01
         1.51161614883035    -2.13596369113406E-01     5.43274774408791E-01    -5.20240354893299E-01    -3.01163276398007E-01    -4.15289997448788E-01
         0.38650826607905    -7.30799532144727E-01    -6.21157651217750E-01    -3.87983760308476E-01    -3.53508205252181E-01    -8.21317502691581E-01
         0.12390551127685    -4.32606338160164E-01     5.09885009468408E-01    -5.64263773661255E-01     8.21027319171935E-01    -1.72212182869393E-01

#######################################################################################
# Kr
#######################################################################################
