FE SVP-MOLOPT-PBE-AE
 4
 1 0 0 6 1
     60923.53221542612300     2.91672966911998E-03
      9147.92876311087639     2.05848789425779E-02
      2081.38977897380482     1.06199058709463E-01
       587.66307467577417     3.53895620135663E-01
       190.89858526744206     7.46834765185791E-01
        64.32628762719003     5.52526233707378E-01
 1 0 0 8 4
       127.34689039635367    -1.35859606368216E-01    -1.68071937056547E-02     2.04198262937286E-02     7.01045586311551E-03
        14.77100441166646     7.90524331337869E-01     2.23184417311686E-02    -1.56097601736814E-01     1.50473853828034E-02
        10.33272890438526     3.63466955983015E-02    -1.35869256819515E-01     1.32505382133612E-01    -8.42208306810539E-02
         6.07803889249222     5.51387685245382E-01    -1.99929028211162E-02    -1.59753583155375E-01     8.42421922180456E-02
         1.84221870028042    -7.87946394788755E-02     7.29322379375455E-01    -3.93803742981612E-01    -1.01695481576710E-01
         0.73642608392925    -1.46001655821156E-02     4.69156531559484E-01    -7.36075342040871E-02    -3.70122203686252E-01
         0.16425551750092     1.78752349049063E-01     4.46217914708126E-01     8.49081660083880E-01     1.89846966588379E-01
         0.06102056990854    -1.13533364536260E-01     1.70967314762974E-01    -2.25163414506136E-01     8.95633991691879E-01
 1 1 1 5 1
       773.37343278615072     1.44974548759995E-02
       181.96437764933549     9.88700318292916E-02
        57.28913185765023     4.04026950278513E-01
        19.65370684449558     7.89511482088918E-01
         7.14408732059161     4.51052528766436E-01
 1 1 3 5 2 2 1
        11.80589539987255     9.27119057871390E-03    -1.38193857087033E-02     2.69336169381753E-01     7.07644306153038E-04     2.67532834710116E-04
         3.41176482708321     5.95635495709831E-01    -6.78084470041319E-02     5.83558498322432E-01     6.38504326048471E-02     4.24227335273458E-02
         1.21588883780150     7.59457068251378E-01    -1.91077815394693E-01     6.61069978097317E-01    -3.40475084186367E-02     1.80694640247309E-01
         0.40159496015081     2.28836908329204E-01     2.95329662443841E-01     3.32418544907659E-01     4.77822151830448E-01     8.52216308353982E-01
         0.11625814292725     1.26455652879219E-01     9.33531305333849E-01    -1.98499123318768E-01     8.75470947482732E-01     4.89159535190367E-01

FE TZVPP-MOLOPT-PBE-AE
 4
 1 0 0 8 1
    300784.90226010454353     4.18297795977337E-04
     45088.85369773832645     3.13505897445573E-03
     10262.40994700605188     1.65542150316429E-02
      2905.23714590528743     6.63787508867570E-02
       946.08477297350998     2.16748072825851E-01
       339.90853604699731     5.13159355604626E-01
       131.95338038499105     7.31723554786197E-01
        51.89631752046491     3.86753414827014E-01
 1 0 1 6 1 1
      1585.42364279481603    -2.33909206285935E-03     4.20889890225739E-03
       375.26779793979188    -2.69361601097303E-02     3.53007166537576E-02
       120.26710853896310    -1.27961100860486E-01     1.60087828687249E-01
        44.79633780125049    -7.24355143272085E-02     4.70303855114750E-01
        17.56707556753341     6.66802339693528E-01     7.57562220209570E-01
         7.07641793522504     7.30084012040277E-01     4.21926294576807E-01
 1 0 2 4 1 1 1
        61.89680275410522     4.74541170347392E-02    -1.03581934345182E-02     3.42591605477480E-02
        17.56663366631220    -3.04376114693715E-01    -7.54004364112973E-02     1.96118672762111E-01
         6.74091180232761    -4.16728747348612E-01     1.87519264840861E-01     4.91625826357015E-01
         1.99802341385817     8.55242912109577E-01     9.79307922632765E-01     8.47742781137871E-01
 1 0 4 4 3 3 3 2 1
         3.47749299955135    -4.11184265840269E-02    -2.91718969536861E-02    -1.44723607878118E-02     3.28308615584043E-01     8.38883898932433E-02    -1.40633375729806E-01     2.99299193619579E-01     1.90581057448577E-01    -5.88393007277195E-02     9.91730583070641E-01    -5.16753408115167E-02     1.50318336152246E-01
         0.77434947803292     9.34060224740120E-01    -2.28794980231683E-01    -2.72782373405122E-01     9.35151438907049E-01    -7.04787595187328E-02    -8.51819700625428E-02     9.48701379755029E-01     4.14236578396276E-02     4.80758718162260E-02    -6.38223830303226E-02     5.35962029442552E-01     9.44449629578781E-01
         0.25900408081695     1.46612266710011E-01     9.45804365216919E-01    -2.88252298705732E-01     3.54482905753968E-02     9.93677499013888E-01    -1.84904813943744E-02    -9.80475301932408E-02     9.80776480128181E-01     2.93804744008957E-03     9.71911662526753E-02     8.39681618521842E-01     2.90707291070176E-01
         0.07759702971880     3.23025718486692E-01     2.28595625910750E-01     9.17764098133915E-01     1.28252321377228E-01     2.45053147566791E-02     9.86217211219165E-01    -2.77914838139201E-02     6.35902039184887E-03     9.97104816514404E-01     5.43233948602351E-02     7.07752899278698E-02     3.01424273004755E-02

FE QZVPP-MOLOPT-PBE-AE
 4
 1 0 0 11 1
   4313154.44418970588595     1.20431566601564E-05
    645875.05512573174201     1.22161949473424E-04
    146981.87389962977613     5.15955079707334E-04
     41630.63724383668887     2.64319422526323E-03
     13580.56951685089189     7.63976820375829E-03
      4902.06838279083058     2.53735080352623E-02
      1911.27723930723459     8.47647176588793E-02
       792.01014307844559     1.96709415851648E-01
       344.58571477766253     4.47201657661903E-01
       155.80050845385804     7.49903881094511E-01
        72.15808150301780     4.37110679504848E-01
 1 0 1 9 1 1
      7709.06145300796197    -1.36527091500658E-02     3.15987605905835E-04
      1826.44318536873448     9.48715148352504E-03     2.73018641669897E-03
       592.83154280667804     1.71401694350443E-02     1.51511478405554E-02
       225.95817536916948     5.26016695613738E-01     6.21963570413890E-02
        95.13666373776897     8.27645737025174E-01     1.94261757000878E-01
        42.86653085210984    -2.60360153712388E-02     4.39393623673860E-01
        20.03913601724275     1.53860531152560E-01     6.70564332825153E-01
         9.58722820054476    -1.14147443719576E-01     5.41310971578460E-01
         4.55481950320240     1.89263295521739E-02     1.49719814844542E-01
 1 0 2 7 5 1 1
       218.29502911491738    -3.62040574165884E-02    -2.03127073568260E-02    -7.20241077046908E-02     1.34299494986293E-01    -1.79425147050428E-01    -4.38255382423334E-04     2.11012332023897E-03
        65.27357290822827     6.70253680823571E-01    -4.06623573064379E-01     3.21229364508006E-01    -2.88485286639430E-01     2.33375467444490E-01    -6.60027620926561E-03     2.46247635563727E-02
        24.83336678725314     7.36110215921978E-01     3.41421949389634E-01    -2.75708493732431E-01     2.38383603197848E-01    -3.27148997403358E-01    -3.61099131373460E-02     9.81589023896012E-02
        10.70913010803080     1.60378843743176E-02     8.41215854811205E-01     3.43640579788455E-01    -2.30954983765670E-01     1.53570635015997E-01    -1.13393921584054E-02     3.13872499726803E-01
         4.54796658354553    -3.43083238817844E-02    -8.56399826459647E-02     8.28950812672753E-01     2.38232185679417E-01    -3.75495048423595E-01     3.37303903876606E-01     6.39696984960463E-01
         2.20027399660714     1.63955270343107E-02     5.36471512467277E-03     2.80830628905640E-02     8.08911938225495E-01     8.99463212865273E-02     7.08729312003417E-01     6.77859960198992E-01
         1.08769710983352     7.67328577261149E-02     5.16586395626078E-02     9.78370760061902E-02     2.78352007612455E-01     7.96018359873780E-01     6.18427502122631E-01     1.50105609448140E-01
 1 0 4 6 4 4 4 4 2
         5.08818977168374    -7.92456065604897E-02     6.31095875301454E-03     3.98619030874686E-03     5.10775527697979E-03     7.87014047997558E-03     4.51793905320109E-02    -6.88426652774586E-02    -4.41533396738906E-02     1.94097362377873E-02     2.84874791154431E-02     7.52871091120645E-02    -9.19170811607009E-04     9.97300333991499E-01     4.56380278931343E-02    -1.25552645554945E-02    -2.12541339807223E-02     7.45485498578244E-01    -3.57040328683138E-01
         1.35791952693729    -3.32659793240646E-01    -1.83974379318337E-01    -5.24810247635892E-02    -1.69825906684765E-01    -1.02608508141048E-02    -2.78925349390592E-02    -4.17190515570388E-02     1.15146988538611E-02     9.98085948891332E-01    -6.01756131547149E-03     2.30189953282692E-02     2.21928850556273E-02    -4.57178693618485E-02     9.95705786371100E-01    -4.40363692947049E-02    -2.66789264385761E-03     6.58235213903989E-01     3.91751705821355E-01
         0.56552585388055     8.72713225387599E-01     2.73244237169234E-01    -1.29372265713487E-01     3.29247903418113E-02     9.98229519804491E-01     1.53319520413644E-02     4.80636448502611E-02    -2.79487738564118E-02     6.25924033074926E-03     9.99072142611839E-01    -3.23833232099212E-02     7.73365986196640E-03     1.01968191017768E-02     3.95876682537213E-02     9.96337944013394E-01    -1.00420063325229E-02     1.55667163722075E-02     8.35770566390887E-01
         0.23469110809807    -3.31578224342307E-01     8.87440481247132E-01    -3.11681427266751E-01    -6.03042056547142E-02    -1.45389178572140E-02     9.97911694733298E-01    -3.16386367125660E-02    -2.92900174660636E-03    -2.80655935607668E-02     3.04119682900235E-02     9.93789692975601E-01     3.46398601604320E-02     1.97347123445487E-02     2.09506689395658E-02     2.67044083242287E-02     9.69501120027594E-01     8.35589938408870E-02     3.73163260090094E-02
         0.09372474313002    -4.02497217763452E-02     3.12909811966722E-01     8.95166847190929E-01     2.75681059060388E-01    -4.78501564366082E-02     3.30750172496320E-02     9.94789598019673E-01     2.33218470761260E-02    -6.03743937290805E-03    -9.06739303053375E-03    -1.39047684850049E-02     9.51697838376562E-01     3.91114302304923E-02     3.26900600358196E-02     4.27284454646948E-02    -1.34066173579677E-01     1.95879051188099E-03     4.91387009019517E-02
         0.03292879359845    -9.93230238889982E-02    -7.73823508732012E-02    -2.86397752745996E-01     9.43616652508513E-01     2.94887099891453E-02     4.90440219433456E-03    -2.45508972791857E-02     9.98290675476635E-01    -5.08369399084101E-02     3.02457778616590E-05    -7.02993668701633E-02     3.04167924016506E-01    -3.57600653755873E-02     5.84157801044112E-02     5.17205892722553E-02    -2.03799267941111E-01    -6.12332394678937E-02     1.29357044343971E-01
