FE QZVPP-MOLOPT-PBE-AE
 4
 1 0 0 11 1
   4313154.44418970588595     1.20431566601564E-05
    645875.05512573174201     1.22161949473424E-04
    146981.87389962977613     5.15955079707334E-04
     41630.63724383668887     2.64319422526323E-03
     13580.56951685089189     7.63976820375829E-03
      4902.06838279083058     2.53735080352623E-02
      1911.27723930723459     8.47647176588793E-02
       792.01014307844559     1.96709415851648E-01
       344.58571477766253     4.47201657661903E-01
       155.80050845385804     7.49903881094511E-01
        72.15808150301780     4.37110679504848E-01
 1 0 1 9 1 1
      7709.06145300796197    -1.36527091500658E-02     3.15987605905835E-04
      1826.44318536873448     9.48715148352504E-03     2.73018641669897E-03
       592.83154280667804     1.71401694350443E-02     1.51511478405554E-02
       225.95817536916948     5.26016695613738E-01     6.21963570413890E-02
        95.13666373776897     8.27645737025174E-01     1.94261757000878E-01
        42.86653085210984    -2.60360153712388E-02     4.39393623673860E-01
        20.03913601724275     1.53860531152560E-01     6.70564332825153E-01
         9.58722820054476    -1.14147443719576E-01     5.41310971578460E-01
         4.55481950320240     1.89263295521739E-02     1.49719814844542E-01
 1 0 2 7 5 1 1
       218.29502911491738    -3.62040574165884E-02    -2.03127073568260E-02    -7.20241077046908E-02     1.34299494986293E-01    -1.79425147050428E-01    -4.38255382423334E-04     2.11012332023897E-03
        65.27357290822827     6.70253680823571E-01    -4.06623573064379E-01     3.21229364508006E-01    -2.88485286639430E-01     2.33375467444490E-01    -6.60027620926561E-03     2.46247635563727E-02
        24.83336678725314     7.36110215921978E-01     3.41421949389634E-01    -2.75708493732431E-01     2.38383603197848E-01    -3.27148997403358E-01    -3.61099131373460E-02     9.81589023896012E-02
        10.70913010803080     1.60378843743176E-02     8.41215854811205E-01     3.43640579788455E-01    -2.30954983765670E-01     1.53570635015997E-01    -1.13393921584054E-02     3.13872499726803E-01
         4.54796658354553    -3.43083238817844E-02    -8.56399826459647E-02     8.28950812672753E-01     2.38232185679417E-01    -3.75495048423595E-01     3.37303903876606E-01     6.39696984960463E-01
         2.20027399660714     1.63955270343107E-02     5.36471512467277E-03     2.80830628905640E-02     8.08911938225495E-01     8.99463212865273E-02     7.08729312003417E-01     6.77859960198992E-01
         1.08769710983352     7.67328577261149E-02     5.16586395626078E-02     9.78370760061902E-02     2.78352007612455E-01     7.96018359873780E-01     6.18427502122631E-01     1.50105609448140E-01
 1 0 4 6 4 4 4 4 2
         5.08818977168374    -7.92456065604897E-02     6.31095875301454E-03     3.98619030874686E-03     5.10775527697979E-03     7.87014047997558E-03     4.51793905320109E-02    -6.88426652774586E-02    -4.41533396738906E-02     1.94097362377873E-02     2.84874791154431E-02     7.52871091120645E-02    -9.19170811607009E-04     9.97300333991499E-01     4.56380278931343E-02    -1.25552645554945E-02    -2.12541339807223E-02     7.45485498578244E-01    -3.57040328683138E-01
         1.35791952693729    -3.32659793240646E-01    -1.83974379318337E-01    -5.24810247635892E-02    -1.69825906684765E-01    -1.02608508141048E-02    -2.78925349390592E-02    -4.17190515570388E-02     1.15146988538611E-02     9.98085948891332E-01    -6.01756131547149E-03     2.30189953282692E-02     2.21928850556273E-02    -4.57178693618485E-02     9.95705786371100E-01    -4.40363692947049E-02    -2.66789264385761E-03     6.58235213903989E-01     3.91751705821355E-01
         0.56552585388055     8.72713225387599E-01     2.73244237169234E-01    -1.29372265713487E-01     3.29247903418113E-02     9.98229519804491E-01     1.53319520413644E-02     4.80636448502611E-02    -2.79487738564118E-02     6.25924033074926E-03     9.99072142611839E-01    -3.23833232099212E-02     7.73365986196640E-03     1.01968191017768E-02     3.95876682537213E-02     9.96337944013394E-01    -1.00420063325229E-02     1.55667163722075E-02     8.35770566390887E-01
         0.23469110809807    -3.31578224342307E-01     8.87440481247132E-01    -3.11681427266751E-01    -6.03042056547142E-02    -1.45389178572140E-02     9.97911694733298E-01    -3.16386367125660E-02    -2.92900174660636E-03    -2.80655935607668E-02     3.04119682900235E-02     9.93789692975601E-01     3.46398601604320E-02     1.97347123445487E-02     2.09506689395658E-02     2.67044083242287E-02     9.69501120027594E-01     8.35589938408870E-02     3.73163260090094E-02
         0.09372474313002    -4.02497217763452E-02     3.12909811966722E-01     8.95166847190929E-01     2.75681059060388E-01    -4.78501564366082E-02     3.30750172496320E-02     9.94789598019673E-01     2.33218470761260E-02    -6.03743937290805E-03    -9.06739303053375E-03    -1.39047684850049E-02     9.51697838376562E-01     3.91114302304923E-02     3.26900600358196E-02     4.27284454646948E-02    -1.34066173579677E-01     1.95879051188099E-03     4.91387009019517E-02
         0.03292879359845    -9.93230238889982E-02    -7.73823508732012E-02    -2.86397752745996E-01     9.43616652508513E-01     2.94887099891453E-02     4.90440219433456E-03    -2.45508972791857E-02     9.98290675476635E-01    -5.08369399084101E-02     3.02457778616590E-05    -7.02993668701633E-02     3.04167924016506E-01    -3.57600653755873E-02     5.84157801044112E-02     5.17205892722553E-02    -2.03799267941111E-01    -6.12332394678937E-02     1.29357044343971E-01
H QZVPP-MOLOPT-PBE-AE
 2
 1 0 0 4 1
       190.54117440353127     1.96600972886938E-02
        28.48589623081718     5.38615245148400E-01
         6.82683105625948     8.41690491707832E-01
         1.91976916792120    -3.26222996883324E-02
 1 0 3 4 3 3 2 1
         3.13044722440195    -3.66327628299461E-01     2.56023465069061E-01     1.80301571342015E-01     9.57864765395543E-01    -2.86990854469403E-01     7.09708425215970E-03     9.99207337838246E-01    -1.14391682399844E-02     5.85140484472903E-01
         0.96627664577475     8.95826280526715E-01     1.78507674168198E-01     3.15139388181339E-01     2.45050348375012E-01     8.29767518144689E-01     5.01170647875718E-01     1.62635846128724E-02     9.81329325317073E-01     6.84086073735301E-01
         0.31928820204257    -2.30012077387642E-01     6.10224429055026E-01     6.40105374762635E-01    -1.47922353363481E-01    -4.66731275488582E-01     8.51205422301253E-01    -4.48915950780499E-03     1.60295348734119E-01    -4.27324109791794E-01
         0.10666805621490    -1.01949929465328E-01    -7.28157360590113E-01     6.77084646545968E-01     2.37570063441528E-02     1.06226323308904E-01    -1.55650063115620E-01     3.60560573643188E-02    -1.05675455413839E-01    -8.38508338830758E-02
F QZVPP-MOLOPT-PBE-AE
 3
 1 0 0 8 1
    132536.04395257573924     2.19133884152562E-04
     19758.15592578060023     2.13098802939830E-03
      4485.33885808192372     9.36952235670608E-03
      1273.60032301696378     4.57116768597223E-02
       418.75079369228018     1.29815698472524E-01
       152.24712142839283     3.88984269444136E-01
        59.93506405237581     3.48051089779771E-01
        24.88806979770636     8.41734891149259E-01
 1 0 1 5 2 1
       240.82710880865446    -5.22362746235088E-02     7.61618022060436E-02     2.22155163398913E-02
        56.74054074501728     8.36915891686098E-01    -3.52431037520191E-01     9.17502257704855E-02
        18.02568816680041     5.06654331012575E-01     3.90319004241376E-01     6.94833984744179E-01
         7.22835931546723     1.13647744824332E-01     8.46604124895882E-01     5.19336475096237E-01
         2.54051853711273     1.65011335426585E-01     3.00711541924844E-02     4.88450331337750E-01
 1 0 4 4 4 3 3 2 1
         4.64152109972176     7.99092172965100E-01     3.57185510151160E-01    -4.75225254357118E-01     8.96167845059309E-02     2.14101203990999E-03     4.09061558167189E-01    -4.32260580718334E-01     5.23415929943841E-01    -8.45844703511436E-01    -9.90960844591549E-02     6.49830793177351E-01    -6.47812475723957E-01     7.18812892465629E-01
         1.55189089466188    -5.65383503262805E-01     6.20688611440661E-01    -5.16124369070663E-01    -1.69418940846506E-01     9.01357430415779E-01    -3.23634717094166E-01     1.52228377872265E-01     8.31684066132871E-01     4.84322390964955E-01     2.69070652276370E-01     7.59749389285090E-01     5.45754817250953E-01     6.81802537410497E-01
         0.54311529853246     1.47999793272877E-01     6.59726542294831E-01     7.03321697890184E-01    -2.19534826074957E-01     3.64587678140232E-01     2.81361980784028E-01    -7.13536840615867E-01    -1.67858516623561E-01    -2.20433972029506E-01     9.41600143248362E-01     1.96681952393344E-02     4.63299478087506E-01    -2.42238812327185E-02
         0.17933709925335    -1.41029268364327E-01     2.27870683409749E-01     1.14521537491829E-01     9.56593181325010E-01     2.33722107747691E-01     8.05459277239079E-01     5.29945741006902E-01     7.84913805373263E-02     3.72481291736264E-02    -1.76550617000047E-01     1.06755709662101E-02    -2.60469325156765E-01    -1.33665736760872E-01
C QZVPP-MOLOPT-PBE-AE
 3
 1 0 0 8 1
     67025.10701901487482     1.55242819581319E-04
     10039.96335431500120     1.79971855855663E-03
      2284.84440343404003     9.18465603393004E-03
       647.15582521948454     3.30943254643816E-02
       211.19400038923030     1.40054573872043E-01
        76.38630250999670     4.88904212464159E-01
        29.42939055659313     2.78742815383946E-01
        12.03316158077197     8.13926885458716E-01
 1 0 1 5 2 1
       105.22664287722547     1.24505987707591E-01    -1.23979079829649E-01     8.48724734240174E-03
        24.91583300068185     8.86899830964621E-01    -2.61079451396708E-01     7.12935689849336E-02
         7.80229155370005     4.00003776712541E-01     4.47986862457745E-01     2.93646788512991E-01
         3.21099181776232     6.52461897044525E-02     8.43161823281634E-01     4.71754813357094E-01
         1.56967041290132     1.83430810401738E-01     6.96607396504122E-02     8.28289896910713E-01
 1 0 4 4 4 3 3 2 1
         2.47850638544973     9.25363103371105E-01     3.63921965952564E-01    -4.09754907799388E-02     9.79027005345653E-02     8.73685730878957E-02     3.72622955903123E-01    -9.83513676753766E-02     4.18652943059247E-01    -8.11425670640435E-01    -2.99873003208179E-01     8.66784219363824E-01    -3.74034672761027E-01     4.58087622796984E-01
         0.78087017731256    -2.54208430662628E-01     7.69342245085598E-01    -2.12774533576705E-01    -5.46093015490870E-01     7.33644745126078E-01    -6.00104778885827E-01     2.48102701482297E-01     8.43800014184531E-01     5.13566081489940E-01    -1.18528266702603E-01     4.72493367712121E-01     8.15402228229376E-01     8.80208065556334E-01
         0.29223334789975    -1.80276620568274E-01     4.39776512878143E-01     7.84816560471271E-01     3.97693255169442E-01     5.19905537704389E-01     2.32993327506253E-01    -7.89436028296271E-01     2.94729082110152E-01    -2.41293925323745E-01     9.09144108822956E-01    -8.52078289092147E-02     3.90944163971848E-01    -9.54945193189171E-02
         0.09841607149407    -2.15827571862177E-01     2.86827354596128E-01    -5.80612584626446E-01     7.30778731527445E-01     4.28754419510502E-01     6.68386487318509E-01     5.52777364968373E-01     1.60829156214052E-01    -1.40055355380103E-01    -2.63598598880757E-01     1.34813799080373E-01    -2.05863863821392E-01    -7.91851498062194E-02
O QZVPP-MOLOPT-PBE-AE
 3
 1 0 0 8 1
    116506.38604434675653    -9.98096455193836E-05
     17504.60971368530591     2.33919295977431E-03
      3993.52399023383759     6.88020418607601E-03
      1133.09478918324885     4.13200618900893E-02
       369.82539210352701     1.15856592130636E-01
       133.78894948022503     3.83521465148008E-01
        52.21462909576736     4.11693815406844E-01
        21.67293595845605     8.17457382177472E-01
 1 0 1 5 2 1
       191.04192564330430    -5.10687570632457E-03     2.62695839052370E-02     1.26002594453494E-02
        45.06231751131436     7.10386627064769E-01    -6.24048153127724E-01     1.12036824182174E-01
        14.05235016622558     5.61186314944367E-01     2.63654168302179E-01     6.01861899721717E-01
         5.51919750076573     3.93930461642211E-01     7.34005739981864E-01     3.82904045403275E-01
         2.22318311118849     1.58787503341973E-01     3.99482759313346E-02     6.91690486537335E-01
 1 0 4 4 4 3 3 2 1
         4.07110969272635     8.35823185743741E-01     1.43707378138683E-01    -5.04975809725526E-01    -1.60459413041861E-01     1.72086536028372E-01     1.83573320585855E-01    -5.65096491463834E-01     5.87117703432284E-01    -6.86150954111257E-01     3.38448518372782E-01     7.96331496602706E-01    -4.06031379618403E-01     7.19190810290016E-01
         1.29660548931134    -3.21106263793023E-01     8.70808213615098E-01    -3.35156402976138E-01     1.62030885936799E-01     7.37714269017482E-01    -1.23907267761277E-01     5.94500398393531E-01     7.22514408166509E-01     6.34126435292987E-01    -1.48853997263073E-01     5.96617421514652E-01     6.47582903144410E-01     6.77717136798244E-01
         0.45442777800760     1.72702329034076E-01     4.19606306388715E-01     6.11297846324634E-01    -6.48397560346960E-01     6.52371782439809E-01     1.27228381173723E-01    -5.13977719496993E-01    -3.94104996625507E-02     3.37150724159123E-01     9.16679165386756E-01    -9.80648777410346E-02     6.03388801969736E-01     3.99419887891043E-02
         0.14870720086566     4.10443997485985E-01     2.12065537529809E-01     5.08905256619550E-01     7.26346592547186E-01    -2.39778831856476E-02     9.66830266380264E-01     2.51121754346111E-01     3.62922229719464E-01    -1.15801215165473E-01    -1.51639030780056E-01     1.69434240146108E-02    -2.27369426215928E-01    -1.47880689800770E-01
