FE QZVPP-MOLOPT-PBE-AE
 4
 1 0 0 11 1
   4313154.43734737951308    -1.34691129976916E-04
    645875.09239774453454     1.20940799643426E-04
    146981.85959277866641     7.54513579701836E-04
     41630.62430933195719     2.32040807793063E-03
     13580.61695435349611     1.04699383063350E-02
      4902.04649307542968     2.98556855037942E-02
      1911.29825685582432     9.63110810102252E-02
       792.00287637719521     2.40823928797089E-01
       344.55246753012653     4.90688917308859E-01
       155.79669356560296     7.40068105910897E-01
        72.18125042638788     3.78476720709856E-01
 1 0 1 9 1 1
      7709.05765211723610    -3.50716674964196E-02     4.67741276732684E-04
      1826.46370370009458     5.22565956878249E-03     2.90727026251932E-03
       592.84179385697439     1.12337258969284E-01     1.47740573027456E-02
       225.95484856181099     4.73859659719399E-01     6.38383624969358E-02
        95.16585710852824     8.64819256119022E-01     1.91938603982309E-01
        42.84056367261815     1.16784125830752E-01     4.43947608903619E-01
        20.03351680426889    -2.77135537064186E-04     6.64643527531574E-01
         9.64064118081718     5.10747171715861E-03     5.44822441867198E-01
         4.53354609857356     1.72999630509606E-03     1.52267201657397E-01
 1 0 2 7 5 1 1
       218.33209699747988     1.34500250197498E-02    -5.31961531124062E-02    -2.97714930783460E-02     4.00311076111000E-03    -1.40406789368494E-02    -2.26001608097632E-03     1.53367289453514E-03
        65.27505187402602     6.91612704163084E-01    -3.90522853130316E-01     2.92983085060849E-01    -2.26201124535313E-01     2.06887080088835E-01    -1.58184561608198E-02     2.58419620307234E-02
        24.85854214469716     7.22077571134546E-01     3.74704328333679E-01    -2.83419255557888E-01     2.08304446110349E-01    -2.07686968166796E-01    -4.57060305581266E-02     1.00678465769321E-01
        10.47805659221362     2.32678434877641E-04     8.38536228675754E-01     2.77025207863396E-01    -2.23771980486376E-01     1.90212504656996E-01    -3.73950366947838E-02     3.12709564981861E-01
         4.68836298756741     2.65167725322196E-03    -1.49092693369084E-02     8.69497585942333E-01     2.21633747882850E-01    -2.09454547482030E-01     3.29024794092013E-01     5.91252266415110E-01
         2.09407533754422     6.00407730001706E-03     2.76756808015545E-02    -5.98625491752596E-03     8.97875405628114E-01     1.92400618405714E-01     7.82987670746443E-01     7.35453123151150E-01
         0.97138487522556     7.19798971213729E-03    -1.12916067616671E-02     1.19684020607074E-02     7.11495682429125E-03     8.92634704864930E-01     5.24337897834007E-01     3.05920978564874E-02
 1 0 4 6 4 4 4 4 2
         5.10862399353049    -2.22558551790429E-02     2.44064745408488E-02     1.59450329641226E-02     1.65634304966142E-02     2.95051935539349E-02     4.23071055712418E-02    -6.08219604362809E-02    -1.05623501719861E-02     2.82928170447336E-02     5.58435554296056E-02     4.04589390633567E-02     3.29274074681389E-03     9.99696586630698E-01     1.14483059680745E-02    -2.11357678475698E-03     1.52296669267002E-03     7.16168492643876E-01    -4.07417542457275E-01
         1.56405181547372    -6.22164478092476E-03    -1.11802237147700E-02    -3.07032480290514E-03    -2.59597763883980E-02     8.49849946017541E-04     1.25942805777662E-02     1.48899379313972E-03    -1.04592701296522E-03     9.99272891277061E-01     1.68998898576648E-02     1.31470837654530E-02     6.51262564957101E-03    -1.15376610132815E-02     9.99621644963686E-01    -2.26997859210811E-02    -8.11202354310660E-03     6.97752409506287E-01     4.01659526303737E-01
         0.62242999688955     9.99679113448517E-01     1.02663936631188E-02    -2.16047151280977E-04     3.57978996909354E-03     9.99395615169039E-01     1.21965276884719E-02    -8.16460498542190E-03    -7.14270853595042E-03    -1.86584349171133E-02     9.98208161534607E-01     4.77381104085796E-03     1.06662048715768E-02     1.68665746601807E-03     2.27422611767268E-02     9.99704305049406E-01     3.31251764137013E-03     1.39614319729068E-02     8.20032599154291E-01
         0.23063941544453    -9.78473697524152E-03     9.99573821666558E-01    -4.40239823681196E-03    -3.93364808753631E-03    -1.35798156158897E-02     9.98889689160816E-01    -8.33040530269408E-03    -5.44615586807127E-04    -1.42665858245353E-02    -7.31881131163326E-03     9.99059540118807E-01     6.16716858336104E-03    -2.02582016058525E-03     8.02609197579563E-03    -3.65460441690133E-03     9.99724397682123E-01     1.90744637799774E-03     8.71192135578309E-03
         0.08772935828331     4.21780609431068E-04     4.06003628807814E-03     9.99534779601183E-01     2.50695500020417E-02     9.85265983883525E-03     1.09953983056734E-02     9.98079027226726E-01    -1.52573404777608E-03    -6.19997136319895E-03    -1.09250886562576E-02    -6.39521469692017E-03     9.99791967150635E-01     1.75220030323103E-02     5.92411954513326E-03     4.59654405593146E-03     8.66584491650308E-03     1.97477605745010E-03     1.11739146816235E-02
         0.02999563696509    -3.42333239697590E-03     3.10143572899451E-03    -2.54386636910297E-02     9.99197163706565E-01     7.45918167440671E-03     1.10803048882677E-03     8.19151541738849E-04     9.99916846562641E-01    -7.94310725765833E-03     1.85330092465923E-03    -2.56431141939593E-03     1.45246029855624E-02    -1.26351773346449E-02     2.96300900040381E-03    -6.08856529034394E-03    -1.99232197288549E-02     6.46571708883369E-03     5.13355712619091E-03
H QZVPP-MOLOPT-PBE-AE
 2
 1 0 0 4 1
       190.54117440353127     1.96600972886938E-02
        28.48589623081718     5.38615245148400E-01
         6.82683105625948     8.41690491707832E-01
         1.91976916792120    -3.26222996883324E-02
 1 0 3 4 3 3 2 1
         3.13044722440195    -3.66327628299461E-01     2.56023465069061E-01     1.80301571342015E-01     9.57864765395543E-01    -2.86990854469403E-01     7.09708425215965E-03     9.99207337838246E-01    -1.14391682399844E-02     5.85140484472903E-01
         0.96627664577475     8.95826280526715E-01     1.78507674168198E-01     3.15139388181339E-01     2.45050348375012E-01     8.29767518144689E-01     5.01170647875718E-01     1.62635846128724E-02     9.81329325317073E-01     6.84086073735301E-01
         0.31928820204257    -2.30012077387642E-01     6.10224429055026E-01     6.40105374762635E-01    -1.47922353363481E-01    -4.66731275488582E-01     8.51205422301253E-01    -4.48915950780499E-03     1.60295348734119E-01    -4.27324109791794E-01
         0.10666805621490    -1.01949929465328E-01    -7.28157360590113E-01     6.77084646545968E-01     2.37570063441528E-02     1.06226323308904E-01    -1.55650063115620E-01     3.60560573643188E-02    -1.05675455413839E-01    -8.38508338830758E-02
F QZVPP-MOLOPT-PBE-AE
 3
 1 0 0 8 1
    132536.04395257573924     2.19133884152562E-04
     19758.15592578060023     2.13098802939830E-03
      4485.33885808192372     9.36952235670608E-03
      1273.60032301696378     4.57116768597223E-02
       418.75079369228018     1.29815698472524E-01
       152.24712142839283     3.88984269444136E-01
        59.93506405237581     3.48051089779771E-01
        24.88806979770636     8.41734891149259E-01
 1 0 1 5 2 1
       240.82710880865446    -5.22362746235088E-02     7.61618022060436E-02     2.22155163398913E-02
        56.74054074501728     8.36915891686098E-01    -3.52431037520191E-01     9.17502257704855E-02
        18.02568816680041     5.06654331012575E-01     3.90319004241376E-01     6.94833984744179E-01
         7.22835931546723     1.13647744824332E-01     8.46604124895882E-01     5.19336475096237E-01
         2.54051853711273     1.65011335426585E-01     3.00711541924844E-02     4.88450331337750E-01
 1 0 4 4 4 3 3 2 1
         4.64152109972176     7.99092172965100E-01     3.57185510151160E-01    -4.75225254357118E-01     8.96167845059309E-02     2.14101203990999E-03     4.09061558167189E-01    -4.32260580718334E-01     5.23415929943841E-01    -8.45844703511436E-01    -9.90960844591549E-02     6.49830793177351E-01    -6.47812475723957E-01     7.18812892465629E-01
         1.55189089466188    -5.65383503262805E-01     6.20688611440661E-01    -5.16124369070663E-01    -1.69418940846506E-01     9.01357430415779E-01    -3.23634717094166E-01     1.52228377872265E-01     8.31684066132871E-01     4.84322390964955E-01     2.69070652276370E-01     7.59749389285090E-01     5.45754817250953E-01     6.81802537410497E-01
         0.54311529853246     1.47999793272877E-01     6.59726542294831E-01     7.03321697890184E-01    -2.19534826074957E-01     3.64587678140232E-01     2.81361980784028E-01    -7.13536840615867E-01    -1.67858516623561E-01    -2.20433972029506E-01     9.41600143248362E-01     1.96681952393344E-02     4.63299478087506E-01    -2.42238812327185E-02
         0.17933709925335    -1.41029268364327E-01     2.27870683409749E-01     1.14521537491829E-01     9.56593181325010E-01     2.33722107747691E-01     8.05459277239079E-01     5.29945741006902E-01     7.84913805373263E-02     3.72481291736264E-02    -1.76550617000047E-01     1.06755709662101E-02    -2.60469325156765E-01    -1.33665736760872E-01
C QZVPP-MOLOPT-PBE-AE
 3
 1 0 0 8 1
     67025.10701901487482     1.55242819581319E-04
     10039.96335431500120     1.79971855855663E-03
      2284.84440343404003     9.18465603393004E-03
       647.15582521948454     3.30943254643816E-02
       211.19400038923030     1.40054573872043E-01
        76.38630250999670     4.88904212464159E-01
        29.42939055659313     2.78742815383946E-01
        12.03316158077197     8.13926885458716E-01
 1 0 1 5 2 1
       105.22664287722547     1.24505987707591E-01    -1.23979079829649E-01     8.48724734240174E-03
        24.91583300068185     8.86899830964621E-01    -2.61079451396708E-01     7.12935689849336E-02
         7.80229155370005     4.00003776712541E-01     4.47986862457745E-01     2.93646788512991E-01
         3.21099181776232     6.52461897044525E-02     8.43161823281634E-01     4.71754813357094E-01
         1.56967041290132     1.83430810401738E-01     6.96607396504122E-02     8.28289896910713E-01
 1 0 4 4 4 3 3 2 1
         2.47850638544973     9.25363103371105E-01     3.63921965952564E-01    -4.09754907799388E-02     9.79027005345653E-02     8.73685730878957E-02     3.72622955903123E-01    -9.83513676753766E-02     4.18652943059247E-01    -8.11425670640435E-01    -2.99873003208179E-01     8.66784219363824E-01    -3.74034672761027E-01     4.58087622796984E-01
         0.78087017731256    -2.54208430662628E-01     7.69342245085598E-01    -2.12774533576705E-01    -5.46093015490870E-01     7.33644745126078E-01    -6.00104778885827E-01     2.48102701482297E-01     8.43800014184531E-01     5.13566081489940E-01    -1.18528266702603E-01     4.72493367712121E-01     8.15402228229376E-01     8.80208065556334E-01
         0.29223334789975    -1.80276620568274E-01     4.39776512878143E-01     7.84816560471271E-01     3.97693255169442E-01     5.19905537704389E-01     2.32993327506253E-01    -7.89436028296271E-01     2.94729082110152E-01    -2.41293925323745E-01     9.09144108822956E-01    -8.52078289092147E-02     3.90944163971848E-01    -9.54945193189171E-02
         0.09841607149407    -2.15827571862177E-01     2.86827354596128E-01    -5.80612584626446E-01     7.30778731527445E-01     4.28754419510502E-01     6.68386487318509E-01     5.52777364968373E-01     1.60829156214052E-01    -1.40055355380103E-01    -2.63598598880757E-01     1.34813799080373E-01    -2.05863863821392E-01    -7.91851498062194E-02
O QZVPP-MOLOPT-PBE-AE
 3
 1 0 0 8 1
    116506.38604434675653    -9.98096455193836E-05
     17504.60971368530591     2.33919295977431E-03
      3993.52399023383759     6.88020418607601E-03
      1133.09478918324885     4.13200618900893E-02
       369.82539210352701     1.15856592130636E-01
       133.78894948022503     3.83521465148008E-01
        52.21462909576736     4.11693815406844E-01
        21.67293595845605     8.17457382177472E-01
 1 0 1 5 2 1
       191.04192564330430    -5.10687570632457E-03     2.62695839052370E-02     1.26002594453494E-02
        45.06231751131436     7.10386627064769E-01    -6.24048153127723E-01     1.12036824182174E-01
        14.05235016622558     5.61186314944367E-01     2.63654168302179E-01     6.01861899721717E-01
         5.51919750076573     3.93930461642211E-01     7.34005739981864E-01     3.82904045403275E-01
         2.22318311118849     1.58787503341973E-01     3.99482759313346E-02     6.91690486537335E-01
 1 0 4 4 4 3 3 2 1
         4.07110969272635     8.35823185743741E-01     1.43707378138683E-01    -5.04975809725526E-01    -1.60459413041861E-01     1.72086536028372E-01     1.83573320585855E-01    -5.65096491463834E-01     5.87117703432284E-01    -6.86150954111257E-01     3.38448518372782E-01     7.96331496602706E-01    -4.06031379618403E-01     7.19190810290016E-01
         1.29660548931134    -3.21106263793023E-01     8.70808213615098E-01    -3.35156402976138E-01     1.62030885936799E-01     7.37714269017482E-01    -1.23907267761277E-01     5.94500398393531E-01     7.22514408166509E-01     6.34126435292987E-01    -1.48853997263073E-01     5.96617421514652E-01     6.47582903144410E-01     6.77717136798244E-01
         0.45442777800760     1.72702329034076E-01     4.19606306388715E-01     6.11297846324634E-01    -6.48397560346960E-01     6.52371782439809E-01     1.27228381173723E-01    -5.13977719496993E-01    -3.94104996625507E-02     3.37150724159123E-01     9.16679165386756E-01    -9.80648777410346E-02     6.03388801969736E-01     3.99419887891043E-02
         0.14870720086566     4.10443997485985E-01     2.12065537529809E-01     5.08905256619550E-01     7.26346592547186E-01    -2.39778831856476E-02     9.66830266380264E-01     2.51121754346111E-01     3.62922229719464E-01    -1.15801215165473E-01    -1.51639030780056E-01     1.69434240146108E-02    -2.27369426215928E-01    -1.47880689800770E-01
