  BASIS_TYPE GAUSSIAN
  S_EXPONENTS           6.21316215 \
                        0.71661585 \
                        0.31871272 \
                        0.15635556
  P_EXPONENTS           6.43440214 \
                        1.90866420 \
                        0.59679815 \
                        0.16882442

  ORBITAL COEFFICENTS (Quickstep normalization)
  L Quantum Number:  0
        6.21316215    0.00000000 -0.14708562  0.25641584  0.00000000  0.00000000  0.00000000
        0.71661585    0.00000000  0.49609180  0.90162846  0.00000000  0.00000000  0.00000000
        0.31871272    0.00000000  0.37039522  0.67915015  0.00000000  0.00000000  0.00000000
        0.15635556    0.00000000  0.24107924  0.20808123  0.00000000  0.00000000  0.00000000
  L Quantum Number:  1
        6.43440214   -0.04891591  0.08527559  0.00000000  0.00000000  0.00000000  0.00000000
        1.90866420    0.14915767  0.27108853  0.00000000  0.00000000  0.00000000  0.00000000
        0.59679815    0.25939477  0.47562168  0.00000000  0.00000000  0.00000000  0.00000000
        0.16882442    0.47971288  0.41405159  0.00000000  0.00000000  0.00000000  0.00000000
