OS DZVP-MOLOPT-SCAN-GTH-Q16
 1
 2 0 3 6 3 2 2 1
         3.53861455243466     5.41993561476114E-01    -3.57866747381379E-01     7.18983207631345E-02     5.91528425663617E-01    -7.63585259192019E-02     1.42365083706175E-01     7.37020000667826E-02    -1.24216749071737E-02
         3.26613733430135    -1.00834985124138E-01     5.47140259048959E-01     1.09874436830742E-03    -4.87168595034789E-01     1.10495755695068E-01    -1.82381916399450E-01    -9.99341632494068E-02     2.46473528188806E-02
         1.21802426580040    -7.25074936288451E-01    -4.81558329105948E-01    -7.32581392104418E-02    -5.25201971940925E-01    -3.98646641516073E-01    -4.58111398179784E-01    -2.59777251963776E-01    -1.34677994501791E-01
         0.51751965371544    -2.58801397201731E-01    -2.30776743696599E-01    -5.71007172446599E-02    -3.49507700351261E-01     3.63285096004447E-04    -5.85947445594940E-01    -5.35233192774737E-01    -7.91891006129465E-01
         0.19735630246508    -2.41938628099501E-01     5.06455850139174E-01    -3.66489838459819E-01    -1.17392924136353E-01     8.74348244381067E-01    -6.04046616720167E-01     6.28255922729453E-01    -5.94778318260943E-01
         0.07255067318776    -2.11728975106185E-01     1.75826818613654E-01     9.22977451332111E-01    -3.14171779605721E-02     2.41983334699857E-01    -1.68511845872166E-01     4.85712757163605E-01     1.57300453414869E-02
F DZVP-MOLOPT-SCAN-GTH-Q7
 1
 2 0 2 5 2 2 1
        13.16645520019096     1.25688709752362E-01    -6.90191648196731E-02    -9.31572868763813E-02     5.00225599861602E-02    -1.02513605924922E-02
         4.67863609541364     1.25206371205048E-01    -7.54523660806367E-02    -2.93923292691458E-01     1.19602022797720E-01     4.04484470063397E-02
         1.68188350144516    -4.93940854057955E-01     2.15904735709196E-01    -5.53343548452151E-01     3.11861936412921E-01     4.51403790784568E-01
         0.58393450944632    -7.58234802751956E-01     3.05654861844976E-01    -6.44505933144035E-01     2.69615230808562E-01     8.90352206116421E-01
         0.18571155118612    -3.86817953873203E-01    -9.21685166349822E-01    -4.28198362261887E-01    -9.01799789070697E-01     4.20285554084608E-02
C DZVP-MOLOPT-SCAN-GTH-Q4
 1
 2 0 2 5 2 2 1
         5.62346013427220    -1.55253500731420E-01     5.81156225081139E-02    -9.29774868419450E-02     6.15864535855770E-02    -8.37519672759395E-02
         2.09855872766266    -2.36394508865927E-01     1.09598535828912E-01    -2.48489734215218E-01     2.22870166784096E-01     2.49479844044917E-01
         0.82051076634244     4.67426079878225E-01    -1.58417931802923E-01    -5.81990872631545E-01     3.41552398929665E-01     5.62523929081207E-01
         0.31733139976061     8.30527918853097E-01     3.37009387490941E-03    -6.83456388910509E-01     8.65714462205001E-02     7.72454993535448E-01
         0.11111607198944     1.08398443456976E-01     9.79542309813727E-01    -3.51826701035020E-01    -9.06853538878833E-01     1.32761167386880E-01
O DZVP-MOLOPT-SCAN-GTH-Q6
 1
 2 0 2 5 2 2 1
        10.25781699497238    -1.37093335568261E-01     6.42341766590814E-02    -1.01541960662273E-01     5.12250917317880E-02    -1.55308630843787E-02
         3.64428735012608    -1.53382903419191E-01     6.95730187369108E-02    -2.97888826596963E-01     1.18416114723772E-01     1.12242705044625E-01
         1.40222472037927     4.52964005356058E-01    -1.60546208430784E-01    -5.48743422499672E-01     2.65706574607295E-01     4.02080210361362E-01
         0.52205700268808     8.05450964095097E-01    -2.63981031214717E-01    -6.95022929228448E-01     1.92118246587555E-01     9.01700430010169E-01
         0.16818943371335     3.22104729197730E-01     9.46346921445871E-01    -3.41723954857718E-01    -9.35865486749767E-01    -1.11481865840859E-01
