TC DZVP-MOLOPT-PBE-GTH-Q15
 1
 2 0 3 7 3 2 2 1
         6.23837648125976     3.18028275087267E-02    -5.52150509292941E-02    -3.60620231722332E-02    -2.47685036413910E-02     2.98790346572816E-03    -2.28787847746702E-03     2.10617745675468E-02     1.77248398213858E-03
         3.19636318414500    -2.47651759392632E-01     4.70255466923115E-01     3.36514833887465E-01     3.51905862981487E-01     1.27215515686436E-01    -1.34715807859271E-01    -2.54349042134233E-02     4.28429137423365E-02
         1.98423912143124    -2.94696255636623E-02    -1.84120099385759E-01    -2.39874885795626E-01    -4.57849065966761E-01    -2.52916518603703E-01     4.38560649835569E-01    -8.60252376909229E-02    -1.05907408608785E-01
         0.88004282729859     6.67648675596191E-02    -5.56760352557340E-01    -4.31981885447718E-01    -5.66998205563910E-01    -4.62392775476942E-01     5.23356790527037E-01    -3.24383609013495E-01    -3.71584642925348E-01
         0.41505318833476     1.99508309082254E-01    -3.81582562004920E-03    -2.54295064181313E-01    -4.56094201452134E-01     2.87604386759123E-01     5.98050482395554E-01    -1.88274682617237E-01    -8.34515474748367E-01
         0.16595416774034     8.06604140438666E-01    -1.95706273166283E-01     5.27640753329581E-01    -3.49589047991486E-01     7.40169519165960E-01     3.91747453144726E-01     7.07332916143262E-01    -3.86140599597196E-01
         0.05601167349377    -4.91850968379049E-01    -6.27386074853757E-01     5.46111932324135E-01    -1.19170589632841E-01     2.74711194566526E-01     6.69193276341329E-02     5.92044921951846E-01     5.78720721474449E-02
F DZVP-MOLOPT-PBE-GTH-Q7
 1
 2 0 2 5 2 2 1
        13.30428004732790     1.38300641201995E-01    -4.13429187269840E-02    -9.35306094799813E-02     5.06566246623838E-02    -3.27607844899301E-02
         4.80605774544240     1.37253664661734E-01    -3.39425431978004E-02    -2.95918398172795E-01     1.05639317967558E-01     1.33212173705781E-01
         1.70698523266130    -5.18315587577063E-01     1.04830293747595E-01    -5.65287543674134E-01     3.02725510725546E-01     2.66499630071583E-01
         0.58735472443375    -8.26234910698634E-01     4.59821538585404E-02    -6.52514099592094E-01     2.40459771924833E-01     9.50816701157307E-01
         0.17874874061685    -1.03533512436824E-01    -9.91985341560913E-01    -3.97944304537121E-01    -9.14773526135829E-01     7.81459899689756E-02
O DZVP-MOLOPT-PBE-GTH-Q6
 1
 2 0 2 5 2 2 1
        10.34256722623639    -1.36612866576817E-01     5.36780510727693E-02    -9.23817206645146E-02     5.83443637080248E-02    -9.48473896502772E-02
         3.67715896642206    -1.53385468202307E-01     9.10278370989298E-02    -2.98264530995839E-01     1.75046650342809E-01     1.72754284852763E-01
         1.30046451996361     5.48080652961239E-01    -2.61157543615482E-01    -5.68590641449654E-01     3.64872626600995E-01     4.96868401181124E-01
         0.46645021946921     7.84467551986126E-01    -4.09115659592467E-02    -6.49258120291653E-01     1.42983044083434E-01     8.41501659783491E-01
         0.14793951916337     2.05007513424509E-01     9.58621708960114E-01    -3.97079920076698E-01    -9.01320376386329E-01    -7.84645029990108E-02
