TC TZV2P-MOLOPT-PBE-GTH-Q15
 1
 2 0 3 7 4 3 3 2
         6.23837648125976     1.58773028006103E-02    -6.52192312489385E-02    -3.21361475246588E-02    -4.01644908298595E-04    -2.52711845876935E-02     1.08882335454615E-03     3.70755356287754E-03    -5.33213728399088E-03     2.03951824224509E-02    -1.71256293314474E-03     2.28167993020571E-03    -1.70012216886384E-02
         3.19636318414500    -1.03536511373945E-01     5.45090206681151E-01     3.04431323065606E-01     1.12796109434876E-01     3.45217429042275E-01     1.48055443741743E-01    -5.94954068924777E-02    -1.28701211167819E-01    -4.57115763375561E-02    -6.41678118190811E-02     4.02153023837383E-02     3.26602192265536E-02
         1.98423912143124    -6.07779050535773E-02    -1.68537345191320E-01    -2.45687372711234E-01    -1.54375083958118E-01    -4.38605235944901E-01    -2.91627163847257E-01     1.91130488947987E-01     4.43929498782295E-01    -2.37332162704495E-02     1.36956443574202E-01    -9.99734836186002E-02    -2.09742184655744E-02
         0.88004282729859    -1.33004597248664E-01    -5.57037558521086E-01    -4.21658555852675E-01    -1.21682772797491E-01    -5.43020118420254E-01    -4.91185846694123E-01    -7.00482483197071E-03     5.67087765899504E-01    -3.07518015698796E-01     6.38641523899517E-01    -4.14043435612313E-01     7.81891177531236E-01
         0.41505318833476     2.58589523265349E-01    -9.59664416685599E-02    -2.22535640302916E-01     9.29616587850271E-01    -4.96297112178254E-01     3.29882633469964E-01    -3.72938433911041E-01     6.12753067232616E-01    -7.93451103155967E-02    -6.77737054230099E-01    -7.87571637409313E-01    -6.72565342754155E-02
         0.16595416774034     5.99072099982610E-01    -4.60686875468837E-01     6.22189872570528E-01    -8.17823041670500E-02    -3.49690683867760E-01     6.62431642906817E-01    -1.56716431805028E-01     2.98767775585256E-01     7.69992324035842E-01    -4.88330676851324E-02    -4.39443375847800E-01    -6.15911653220496E-01
         0.05601167349377    -7.36130425207473E-01    -3.72136379533852E-01     4.81132274942065E-01     2.78860479368642E-01    -1.56033630885044E-01     3.22692156654942E-01     8.92313568059532E-01    -4.13851456333300E-03     5.50617895807714E-01     3.27944069001602E-01     5.97603109287242E-02    -5.45887463145873E-02
TC TZVP-MOLOPT-PBE-GTH-q15
 1
 2 0 3 7 4 3 3 1
         6.23837648125976     1.58773028006103E-02    -6.52192312489385E-02    -3.21361475246588E-02    -4.01644908298595E-04    -2.52711845876935E-02     1.08882335454615E-03     3.70755356287754E-03    -5.33213728399088E-03     2.03951824224509E-02    -1.71256293314474E-03     2.28167993020571E-03
         3.19636318414500    -1.03536511373945E-01     5.45090206681151E-01     3.04431323065606E-01     1.12796109434876E-01     3.45217429042275E-01     1.48055443741743E-01    -5.94954068924777E-02    -1.28701211167819E-01    -4.57115763375561E-02    -6.41678118190811E-02     4.02153023837383E-02
         1.98423912143124    -6.07779050535773E-02    -1.68537345191320E-01    -2.45687372711234E-01    -1.54375083958118E-01    -4.38605235944901E-01    -2.91627163847257E-01     1.91130488947987E-01     4.43929498782295E-01    -2.37332162704495E-02     1.36956443574202E-01    -9.99734836186002E-02
         0.88004282729859    -1.33004597248664E-01    -5.57037558521086E-01    -4.21658555852675E-01    -1.21682772797491E-01    -5.43020118420254E-01    -4.91185846694123E-01    -7.00482483197071E-03     5.67087765899504E-01    -3.07518015698796E-01     6.38641523899517E-01    -4.14043435612313E-01
         0.41505318833476     2.58589523265349E-01    -9.59664416685599E-02    -2.22535640302916E-01     9.29616587850271E-01    -4.96297112178254E-01     3.29882633469964E-01    -3.72938433911041E-01     6.12753067232616E-01    -7.93451103155967E-02    -6.77737054230099E-01    -7.87571637409313E-01
         0.16595416774034     5.99072099982610E-01    -4.60686875468837E-01     6.22189872570528E-01    -8.17823041670500E-02    -3.49690683867760E-01     6.62431642906817E-01    -1.56716431805028E-01     2.98767775585256E-01     7.69992324035842E-01    -4.88330676851324E-02    -4.39443375847800E-01
         0.05601167349377    -7.36130425207473E-01    -3.72136379533852E-01     4.81132274942065E-01     2.78860479368642E-01    -1.56033630885044E-01     3.22692156654942E-01     8.92313568059532E-01    -4.13851456333300E-03     5.50617895807714E-01     3.27944069001602E-01     5.97603109287242E-02
TC DZVP-MOLOPT-PBE-GTH-q15
 1
 2 0 3 7 3 2 2 1
         6.23837648125976     1.58773028006103E-02    -6.52192312489385E-02    -3.21361475246588E-02    -2.52711845876935E-02     1.08882335454615E-03    -5.33213728399088E-03     2.03951824224509E-02     2.28167993020571E-03
         3.19636318414500    -1.03536511373945E-01     5.45090206681151E-01     3.04431323065606E-01     3.45217429042275E-01     1.48055443741743E-01    -1.28701211167819E-01    -4.57115763375561E-02     4.02153023837383E-02
         1.98423912143124    -6.07779050535773E-02    -1.68537345191320E-01    -2.45687372711234E-01    -4.38605235944901E-01    -2.91627163847257E-01     4.43929498782295E-01    -2.37332162704495E-02    -9.99734836186002E-02
         0.88004282729859    -1.33004597248664E-01    -5.57037558521086E-01    -4.21658555852675E-01    -5.43020118420254E-01    -4.91185846694123E-01     5.67087765899504E-01    -3.07518015698796E-01    -4.14043435612313E-01
         0.41505318833476     2.58589523265349E-01    -9.59664416685599E-02    -2.22535640302916E-01    -4.96297112178254E-01     3.29882633469964E-01     6.12753067232616E-01    -7.93451103155967E-02    -7.87571637409313E-01
         0.16595416774034     5.99072099982610E-01    -4.60686875468837E-01     6.22189872570528E-01    -3.49690683867760E-01     6.62431642906817E-01     2.98767775585256E-01     7.69992324035842E-01    -4.39443375847800E-01
         0.05601167349377    -7.36130425207473E-01    -3.72136379533852E-01     4.81132274942065E-01    -1.56033630885044E-01     3.22692156654942E-01    -4.13851456333300E-03     5.50617895807714E-01     5.97603109287242E-02
O TZV2P-MOLOPT-PBE-GTH-Q6
 1
 2 0 3 5 3 3 2 1
        10.34256722623639    -1.36598767253985E-01     5.35898017733314E-02    -1.18707008771107E-01    -9.23673397522993E-02     5.82948619873807E-02     9.18414097966572E-02    -9.48396929864874E-02     1.47739306049945E-01    -6.27421636348332E-05
         3.67715896642206    -1.53365311059511E-01     9.09944842814309E-02    -2.82507973527509E-01    -2.98268574244154E-01     1.75273022378177E-01     2.27281538167357E-01     1.72695668110757E-01    -2.69128753144972E-01     1.08668748395417E-04
         1.30046451996361     5.48021970885945E-01    -2.61169567089594E-01     6.98682645593308E-01    -5.68604037326135E-01     3.64979965319240E-01     5.95584075165259E-01     4.96837623369842E-01    -7.73936715688092E-01     3.17226823696088E-04
         0.46645021946921     7.84538402757388E-01    -4.08365744734644E-02    -6.15550727563364E-01    -6.49207117094457E-01     1.42847181972710E-01    -7.45101990481658E-01     8.41535542399250E-01     5.40201745515093E-01     9.99999938769363E-01
         0.14793951916337     2.04917720496501E-01     9.58629734771334E-01     1.97579739611495E-01    -3.97144432185278E-01    -9.01257668045223E-01     1.73236517641798E-01    -7.84343402663362E-02     1.22257293978271E-01     7.79931889816245E-05
O TZVP-MOLOPT-PBE-GTH-q6
 1
 2 0 2 5 3 3 1
        10.34256722623639    -1.36598767253985E-01     5.35898017733314E-02    -1.18707008771107E-01    -9.23673397522993E-02     5.82948619873807E-02     9.18414097966572E-02    -9.48396929864874E-02
         3.67715896642206    -1.53365311059511E-01     9.09944842814309E-02    -2.82507973527509E-01    -2.98268574244154E-01     1.75273022378177E-01     2.27281538167357E-01     1.72695668110757E-01
         1.30046451996361     5.48021970885945E-01    -2.61169567089594E-01     6.98682645593308E-01    -5.68604037326135E-01     3.64979965319240E-01     5.95584075165259E-01     4.96837623369842E-01
         0.46645021946921     7.84538402757388E-01    -4.08365744734644E-02    -6.15550727563364E-01    -6.49207117094457E-01     1.42847181972710E-01    -7.45101990481658E-01     8.41535542399250E-01
         0.14793951916337     2.04917720496501E-01     9.58629734771334E-01     1.97579739611495E-01    -3.97144432185278E-01    -9.01257668045223E-01     1.73236517641798E-01    -7.84343402663362E-02
O DZVP-MOLOPT-PBE-GTH-q6
 1
 2 0 2 5 2 2 1
        10.34256722623639    -1.36598767253985E-01     5.35898017733314E-02    -9.23673397522993E-02     5.82948619873807E-02    -9.48396929864874E-02
         3.67715896642206    -1.53365311059511E-01     9.09944842814309E-02    -2.98268574244154E-01     1.75273022378177E-01     1.72695668110757E-01
         1.30046451996361     5.48021970885945E-01    -2.61169567089594E-01    -5.68604037326135E-01     3.64979965319240E-01     4.96837623369842E-01
         0.46645021946921     7.84538402757388E-01    -4.08365744734644E-02    -6.49207117094457E-01     1.42847181972710E-01     8.41535542399250E-01
         0.14793951916337     2.04917720496501E-01     9.58629734771334E-01    -3.97144432185278E-01    -9.01257668045223E-01    -7.84343402663362E-02
F TZV2P-MOLOPT-PBE-GTH-Q7
 1
 2 0 3 5 3 3 2 1
        13.30428004732790     1.38292090777636E-01    -4.13851185732434E-02    -3.68601172475513E-01    -9.35531482386367E-02     5.06296345689289E-02     1.31156005847365E-01    -3.26022751966033E-02     1.00541308351024E-01     9.72064409635608E-05
         4.80605774544240     1.37268979809070E-01    -3.39565337061055E-02    -2.68712697428403E-01    -2.95910126104609E-01     1.05677150923709E-01    -3.03933997040743E-01     1.33191225710905E-01    -4.08920622745241E-01     5.04092340544058E-06
         1.70698523266130    -5.18264453672791E-01     1.04861752881122E-01     6.94838249064691E-01    -5.65276724858415E-01     3.02716360438154E-01     7.47866109869779E-01     2.66499643835383E-01    -8.18034852203344E-01     5.83002400834836E-05
         0.58735472443375    -8.26267224974586E-01     4.59440905301858E-02    -5.51244775686392E-01    -6.52493507471700E-01     2.40526134346493E-01    -5.71224059806739E-01     9.50822081343244E-01     3.09737546860849E-01     9.99999990598423E-01
         0.17874874061685    -1.03522721189923E-01    -9.91981541717081E-01     7.24959778581020E-02    -3.97994287350983E-01    -9.14756231842929E-01     6.94376178966044E-02     7.81824693351836E-02    -2.39910404638869E-01    -7.70047573235798E-05
F TZVP-MOLOPT-PBE-GTH-q7
 1
 2 0 2 5 3 3 1
        13.30428004732790     1.38292090777636E-01    -4.13851185732434E-02    -3.68601172475513E-01    -9.35531482386367E-02     5.06296345689289E-02     1.31156005847365E-01    -3.26022751966033E-02
         4.80605774544240     1.37268979809070E-01    -3.39565337061055E-02    -2.68712697428403E-01    -2.95910126104609E-01     1.05677150923709E-01    -3.03933997040743E-01     1.33191225710905E-01
         1.70698523266130    -5.18264453672791E-01     1.04861752881122E-01     6.94838249064691E-01    -5.65276724858415E-01     3.02716360438154E-01     7.47866109869779E-01     2.66499643835383E-01
         0.58735472443375    -8.26267224974586E-01     4.59440905301858E-02    -5.51244775686392E-01    -6.52493507471700E-01     2.40526134346493E-01    -5.71224059806739E-01     9.50822081343244E-01
         0.17874874061685    -1.03522721189923E-01    -9.91981541717081E-01     7.24959778581020E-02    -3.97994287350983E-01    -9.14756231842929E-01     6.94376178966044E-02     7.81824693351836E-02
F DZVP-MOLOPT-PBE-GTH-q7
 1
 2 0 2 5 2 2 1
        13.30428004732790     1.38292090777636E-01    -4.13851185732434E-02    -9.35531482386367E-02     5.06296345689289E-02    -3.26022751966033E-02
         4.80605774544240     1.37268979809070E-01    -3.39565337061055E-02    -2.95910126104609E-01     1.05677150923709E-01     1.33191225710905E-01
         1.70698523266130    -5.18264453672791E-01     1.04861752881122E-01    -5.65276724858415E-01     3.02716360438154E-01     2.66499643835383E-01
         0.58735472443375    -8.26267224974586E-01     4.59440905301858E-02    -6.52493507471700E-01     2.40526134346493E-01     9.50822081343244E-01
         0.17874874061685    -1.03522721189923E-01    -9.91981541717081E-01    -3.97994287350983E-01    -9.14756231842929E-01     7.81824693351836E-02
