RU DZVP-MOLOPT-PBE0-GTH-Q16
 1
 1 0 3 7 3 2 2 1
         5.01163118071672     1.36960669601051E-01     1.35148474389926E-01     3.91594292431782E-01     1.32490132238644E-01    -1.81333227389853E-01    -3.82741672080325E-02     5.60276624087081E-02     3.86201474488010E-02
         4.26452617905145    -2.00904806293441E-01    -2.57824430130527E-01    -6.60605947226204E-01    -2.81034530757933E-01     3.49449372019084E-01     5.22132546043896E-02    -1.37133788564491E-01    -6.79283946237665E-02
         1.81957679990702     2.37662867824931E-01     1.18806287646136E-01     4.63574934431722E-02     3.89737100322650E-01    -3.56265811797952E-01    -1.24888643527453E-01     5.12292402777570E-01     1.19776835991572E-01
         0.82451469596093     1.71379068265357E-01     4.38113593926856E-01     2.92747608977087E-01     5.21279546868701E-01    -4.16034444278643E-01    -3.43454971452281E-01     5.53374860906875E-01     4.48514078150343E-01
         0.37196310438684    -2.17112206248908E-01     3.25308405030355E-02     1.35867480497388E-01    -1.29174210684612E-01    -3.86475645157661E-01     3.75609601460552E-02     5.71294539870374E-01     7.71799053108662E-01
         0.15471013454753    -5.99612920729487E-01    -4.87881601604243E-01     5.30639760448392E-01    -6.15680759407151E-01    -5.72278963730881E-01     7.56685514280558E-01     2.83595800200577E-01     4.11509557527820E-01
         0.06334155457570     6.69590356262946E-01    -6.85650264466095E-01     1.49549273614590E-01    -2.89982430190781E-01    -2.61011059015960E-01     5.36904628608851E-01     5.08326005093035E-02     1.15624194524752E-01
F DZVP-MOLOPT-PBE0-GTH-Q7
 1
 2 0 2 5 2 2 1
        13.31501907729122     1.31813146289282E-01    -5.24225688764356E-02    -9.80506809064632E-02     4.64420401614479E-02     4.89385522399914E-03
         4.62512020147175     1.34547810393351E-01    -5.37398783766778E-02    -3.12727206728056E-01     1.25929415842544E-01     2.30296758923593E-02
         1.62272294024072    -5.51865766775749E-01     1.65440705311574E-01    -5.86706702362430E-01     2.77907352966805E-01     5.26472480151814E-01
         0.55216173678272    -7.87309125215089E-01     1.14519053917377E-01    -6.52997838515906E-01     1.82287680337408E-01     8.49582617686734E-01
         0.17330337957192    -2.00276553789357E-01    -9.76667117835106E-01    -3.49223175694863E-01    -9.33554296168889E-01    -2.19496600587510E-02
C DZVP-MOLOPT-PBE0-GTH-Q4
 1
 2 0 2 5 2 2 1
         5.37649556675185    -1.22404309942338E-01     1.51052142999233E-01    -1.02230399503479E-01     7.40025761345854E-02    -3.33102657255285E-02
         1.95241253925289    -1.29373346346520E-01     2.06617207371748E-01    -3.09172408281985E-01     2.20213934213870E-01     2.24862943378639E-01
         0.69884308058897     4.93419910923422E-01    -4.42585619435647E-01    -6.76608029554237E-01     4.84079784827656E-01     7.92785845721874E-01
         0.25544398452951     7.50469724701437E-01    -1.05635637414093E-01    -6.23090735983644E-01    -3.82982660790289E-01     5.31193096205402E-01
         0.08778128068034     4.02009584429917E-01     8.52907768337305E-01    -2.18908374551020E-01    -7.51678445453038E-01     1.94040151152179E-01
O DZVP-MOLOPT-PBE0-GTH-Q6
 1
 2 0 2 5 2 2 1
        10.34082423621691    -1.29825249634708E-01     8.18793043945143E-02    -9.31315963557027E-02     6.07168741616306E-02    -1.46443819746845E-04
         3.64864310376424    -1.27684551447027E-01     1.02649506262870E-01    -3.10412801135525E-01     1.66218217874094E-01     4.82789843051162E-02
         1.25503633997207     5.26487514579900E-01    -3.65113179366377E-01    -5.97863015525008E-01     4.26686208369503E-01     7.18155124032992E-01
         0.43936673910305     7.72667288737258E-01    -8.21060762059060E-02    -6.48920500304752E-01    -1.50379113770830E-02     6.93882202281484E-01
         0.14295518532255     3.04365270334762E-01     9.17992274956007E-01    -3.41221918409427E-01    -8.86790677695403E-01    -2.12090879301656E-02
