RU TZV2P-MOLOPT-PBE0-GTH-Q16
 1
 2 0 3 6 4 3 3 2
         2.44117970638547    -3.18146465330908E-04     2.55948560984081E-01     6.87098466587761E-01     4.96513665938366E-01    -6.08148527325263E-02     6.44024366422222E-01    -3.36345571569420E-02     6.77349348082223E-01    -4.19145695322447E-01     5.58423641865611E-03     3.97731261549122E-01     1.13601376242746E-01
         2.27906338463959    -5.60896820720354E-01     1.94116141861730E-01    -3.86522129824612E-01    -5.39938461694357E-02     3.16848220828319E-02    -7.14334831595245E-01     7.01654873572958E-02     2.19301754758777E-01     8.75720028304270E-01    -5.30821012953357E-02    -4.60769737175324E-01    -1.31606643315515E-01
         0.68926780656180     3.23242375904670E-01     7.95154817923641E-02    -5.83125251827226E-01     4.21092837377085E-01     2.05190617984426E-01    -2.22211912762404E-01    -1.57613555271301E-01    -2.17418502968419E-01     3.54674632849465E-02     3.58417681448713E-03    -4.77139474797975E-01    -1.36282224298068E-01
         0.66394645613807     4.92211752146126E-01    -4.28106757429718E-01     1.06115537950212E-01    -4.59342819974399E-01    -1.95583323933405E-01     9.09192138568879E-02     1.67033929879762E-01    -6.58369618085066E-01    -1.16364246591277E-01     2.29970113904683E-02     8.64130813136346E-02     2.46816026589672E-02
         0.24201676690792    -4.75174336252339E-01    -2.44047686168436E-02     1.64818714896880E-01    -4.26310831701211E-01     6.79719639565002E-01     8.33569024640193E-02    -6.35996476753652E-01     1.08367480922579E-01     1.99243636543901E-01    -1.35588048599412E-02    -5.64751676672856E-01    -1.61306323912160E-01
         0.08527129227796    -3.35925531814001E-01    -8.40604281018122E-01     5.96362937362989E-03     4.24856346232677E-01     6.72995401928315E-01     1.01811359945595E-01     7.32606057830110E-01     2.52928970325539E-02     5.41729875451701E-02     9.98211178448795E-01    -2.74640378590843E-01     9.61547015203874E-01
RU TZVP-MOLOPT-PBE0-GTH-q16
 1
 2 0 3 6 4 3 3 1
         2.44117970638547    -3.18146465330908E-04     2.55948560984081E-01     6.87098466587761E-01     4.96513665938366E-01    -6.08148527325263E-02     6.44024366422222E-01    -3.36345571569420E-02     6.77349348082223E-01    -4.19145695322447E-01     5.58423641865611E-03     3.97731261549122E-01
         2.27906338463959    -5.60896820720354E-01     1.94116141861730E-01    -3.86522129824612E-01    -5.39938461694357E-02     3.16848220828319E-02    -7.14334831595245E-01     7.01654873572958E-02     2.19301754758777E-01     8.75720028304270E-01    -5.30821012953357E-02    -4.60769737175324E-01
         0.68926780656180     3.23242375904670E-01     7.95154817923641E-02    -5.83125251827226E-01     4.21092837377085E-01     2.05190617984426E-01    -2.22211912762404E-01    -1.57613555271301E-01    -2.17418502968419E-01     3.54674632849465E-02     3.58417681448713E-03    -4.77139474797975E-01
         0.66394645613807     4.92211752146126E-01    -4.28106757429718E-01     1.06115537950212E-01    -4.59342819974399E-01    -1.95583323933405E-01     9.09192138568879E-02     1.67033929879762E-01    -6.58369618085066E-01    -1.16364246591277E-01     2.29970113904683E-02     8.64130813136346E-02
         0.24201676690792    -4.75174336252339E-01    -2.44047686168436E-02     1.64818714896880E-01    -4.26310831701211E-01     6.79719639565002E-01     8.33569024640193E-02    -6.35996476753652E-01     1.08367480922579E-01     1.99243636543901E-01    -1.35588048599412E-02    -5.64751676672856E-01
         0.08527129227796    -3.35925531814001E-01    -8.40604281018122E-01     5.96362937362989E-03     4.24856346232677E-01     6.72995401928315E-01     1.01811359945595E-01     7.32606057830110E-01     2.52928970325539E-02     5.41729875451701E-02     9.98211178448795E-01    -2.74640378590843E-01
RU DZVP-MOLOPT-PBE0-GTH-q16
 1
 2 0 3 6 3 2 2 1
         2.44117970638547    -3.18146465330908E-04     2.55948560984081E-01     6.87098466587761E-01    -6.08148527325263E-02     6.44024366422222E-01     6.77349348082223E-01    -4.19145695322447E-01     3.97731261549122E-01
         2.27906338463959    -5.60896820720354E-01     1.94116141861730E-01    -3.86522129824612E-01     3.16848220828319E-02    -7.14334831595245E-01     2.19301754758777E-01     8.75720028304270E-01    -4.60769737175324E-01
         0.68926780656180     3.23242375904670E-01     7.95154817923641E-02    -5.83125251827226E-01     2.05190617984426E-01    -2.22211912762404E-01    -2.17418502968419E-01     3.54674632849465E-02    -4.77139474797975E-01
         0.66394645613807     4.92211752146126E-01    -4.28106757429718E-01     1.06115537950212E-01    -1.95583323933405E-01     9.09192138568879E-02    -6.58369618085066E-01    -1.16364246591277E-01     8.64130813136346E-02
         0.24201676690792    -4.75174336252339E-01    -2.44047686168436E-02     1.64818714896880E-01     6.79719639565002E-01     8.33569024640193E-02     1.08367480922579E-01     1.99243636543901E-01    -5.64751676672856E-01
         0.08527129227796    -3.35925531814001E-01    -8.40604281018122E-01     5.96362937362989E-03     6.72995401928315E-01     1.01811359945595E-01     2.52928970325539E-02     5.41729875451701E-02    -2.74640378590843E-01
F TZV2P-MOLOPT-PBE0-GTH-Q7
 1
 2 0 3 5 3 3 2 1
        13.31501907729122     1.31813146289282E-01    -5.24225688764356E-02    -5.17923286744451E-01    -9.80506809064632E-02     4.64420401614479E-02     6.35659142568778E-02     4.89385522399914E-03     1.52535072278595E-01     5.41962851226601E-02
         4.62512020147175     1.34547810393351E-01    -5.37398783766778E-02    -2.73506612070950E-02    -3.12727206728056E-01     1.25929415842544E-01     1.88833971660508E-01     2.30296758923593E-02    -1.84322551941015E-01     3.68925101794283E-02
         1.62272294024072    -5.51865766775749E-01     1.65440705311574E-01    -7.34790083225985E-01    -5.86706702362430E-01     2.77907352966805E-01     6.51110127867809E-01     5.26472480151814E-01    -8.13967424463323E-01     8.50449987353287E-02
         0.55216173678272    -7.87309125215089E-01     1.14519053917377E-01     4.34902286738320E-01    -6.52997838515906E-01     1.82287680337408E-01    -7.27945836193775E-01     8.49582617686734E-01     5.11993820603493E-01     9.94034575948952E-01
         0.17330337957192    -2.00276553789357E-01    -9.76667117835106E-01    -4.41695026221844E-02    -3.49223175694863E-01    -9.33554296168888E-01     8.03216449515110E-02    -2.19496600587510E-02     1.34452996051777E-01    -1.90870474316679E-02
F TZVP-MOLOPT-PBE0-GTH-q7
 1
 2 0 2 5 3 3 1
        13.31501907729122     1.31813146289282E-01    -5.24225688764356E-02    -5.17923286744451E-01    -9.80506809064632E-02     4.64420401614479E-02     6.35659142568778E-02     4.89385522399914E-03
         4.62512020147175     1.34547810393351E-01    -5.37398783766778E-02    -2.73506612070950E-02    -3.12727206728056E-01     1.25929415842544E-01     1.88833971660508E-01     2.30296758923593E-02
         1.62272294024072    -5.51865766775749E-01     1.65440705311574E-01    -7.34790083225985E-01    -5.86706702362430E-01     2.77907352966805E-01     6.51110127867809E-01     5.26472480151814E-01
         0.55216173678272    -7.87309125215089E-01     1.14519053917377E-01     4.34902286738320E-01    -6.52997838515906E-01     1.82287680337408E-01    -7.27945836193775E-01     8.49582617686734E-01
         0.17330337957192    -2.00276553789357E-01    -9.76667117835106E-01    -4.41695026221844E-02    -3.49223175694863E-01    -9.33554296168888E-01     8.03216449515110E-02    -2.19496600587510E-02
F DZVP-MOLOPT-PBE0-GTH-q7
 1
 2 0 2 5 2 2 1
        13.31501907729122     1.31813146289282E-01    -5.24225688764356E-02    -9.80506809064632E-02     4.64420401614479E-02     4.89385522399914E-03
         4.62512020147175     1.34547810393351E-01    -5.37398783766778E-02    -3.12727206728056E-01     1.25929415842544E-01     2.30296758923593E-02
         1.62272294024072    -5.51865766775749E-01     1.65440705311574E-01    -5.86706702362430E-01     2.77907352966805E-01     5.26472480151814E-01
         0.55216173678272    -7.87309125215089E-01     1.14519053917377E-01    -6.52997838515906E-01     1.82287680337408E-01     8.49582617686734E-01
         0.17330337957192    -2.00276553789357E-01    -9.76667117835106E-01    -3.49223175694863E-01    -9.33554296168888E-01    -2.19496600587510E-02
O TZV2P-MOLOPT-PBE0-GTH-Q6
 1
 2 0 3 5 3 3 2 1
        10.34082423621691    -1.29825249634708E-01     8.18793043945143E-02    -1.54163825083534E-01    -9.31315963557027E-02     6.07168741616306E-02     5.24249215362800E-02    -1.46443819746845E-04    -1.35615599706110E-01    -4.53627038333396E-02
         3.64864310376424    -1.27684551447027E-01     1.02649506262870E-01    -2.90598920673850E-01    -3.10412801135525E-01     1.66218217874094E-01     1.57277538743803E-01     4.82789843051162E-02    -2.03664714425298E-01    -7.75510089052828E-02
         1.25503633997207     5.26487514579900E-01    -3.65113179366377E-01     6.61471073309150E-01    -5.97863015525008E-01     4.26686208369503E-01     5.52189434348781E-01     7.18155124032992E-01    -6.65039106707507E-01     7.74070424398802E-02
         0.43936673910305     7.72667288737258E-01    -8.21060762059060E-02    -6.24492813862270E-01    -6.48920500304752E-01    -1.50379113770830E-02    -7.55332729990091E-01     6.93882202281484E-01     7.03924405563841E-01     9.92909576133937E-01
         0.14295518532255     3.04365270334762E-01     9.17992274956007E-01     2.53476876555698E-01    -3.41221918409427E-01    -8.86790677695403E-01     3.11568128998934E-01    -2.12090879301656E-02     4.83994939610748E-02     8.17248560335443E-03
O TZVP-MOLOPT-PBE0-GTH-q6
 1
 2 0 2 5 3 3 1
        10.34082423621691    -1.29825249634708E-01     8.18793043945143E-02    -1.54163825083534E-01    -9.31315963557027E-02     6.07168741616306E-02     5.24249215362800E-02    -1.46443819746845E-04
         3.64864310376424    -1.27684551447027E-01     1.02649506262870E-01    -2.90598920673850E-01    -3.10412801135525E-01     1.66218217874094E-01     1.57277538743803E-01     4.82789843051162E-02
         1.25503633997207     5.26487514579900E-01    -3.65113179366377E-01     6.61471073309150E-01    -5.97863015525008E-01     4.26686208369503E-01     5.52189434348781E-01     7.18155124032992E-01
         0.43936673910305     7.72667288737258E-01    -8.21060762059060E-02    -6.24492813862270E-01    -6.48920500304752E-01    -1.50379113770830E-02    -7.55332729990091E-01     6.93882202281484E-01
         0.14295518532255     3.04365270334762E-01     9.17992274956007E-01     2.53476876555698E-01    -3.41221918409427E-01    -8.86790677695403E-01     3.11568128998934E-01    -2.12090879301656E-02
O DZVP-MOLOPT-PBE0-GTH-q6
 1
 2 0 2 5 2 2 1
        10.34082423621691    -1.29825249634708E-01     8.18793043945143E-02    -9.31315963557027E-02     6.07168741616306E-02    -1.46443819746845E-04
         3.64864310376424    -1.27684551447027E-01     1.02649506262870E-01    -3.10412801135525E-01     1.66218217874094E-01     4.82789843051162E-02
         1.25503633997207     5.26487514579900E-01    -3.65113179366377E-01    -5.97863015525008E-01     4.26686208369503E-01     7.18155124032992E-01
         0.43936673910305     7.72667288737258E-01    -8.21060762059060E-02    -6.48920500304752E-01    -1.50379113770830E-02     6.93882202281484E-01
         0.14295518532255     3.04365270334762E-01     9.17992274956007E-01    -3.41221918409427E-01    -8.86790677695403E-01    -2.12090879301656E-02
C TZV2P-MOLOPT-PBE0-GTH-Q4
 1
 2 0 3 5 3 3 2 1
         5.37649556675185    -1.22404309942338E-01     1.51052142999233E-01    -2.91603005508096E-01    -1.02230399503479E-01     7.40025761345854E-02     8.94622998880541E-02    -3.33102657255285E-02     9.86374456561292E-02     7.95121951184048E-02
         1.95241253925289    -1.29373346346520E-01     2.06617207371748E-01    -1.01805179489666E-01    -3.09172408281985E-01     2.20213934213870E-01     3.39999059653624E-01     2.24862943378639E-01    -4.25828317504440E-02     4.21381944948773E-01
         0.69884308058897     4.93419910923422E-01    -4.42585619435647E-01     6.21910558850215E-01    -6.76608029554237E-01     4.84079784827656E-01     2.48477330781687E-01     7.92785845721874E-01    -5.17543483541305E-01     3.21750315531954E-01
         0.25544398452951     7.50469724701437E-01    -1.05635637414093E-01    -6.44963922243512E-01    -6.23090735983644E-01    -3.82982660790289E-01    -6.66883209981747E-01     5.31193096205402E-01     8.40388777086484E-01     8.41599833069726E-01
         0.08778128068034     4.02009584429917E-01     8.52907768337305E-01     3.19142896525367E-01    -2.18908374551020E-01    -7.51678445453038E-01     6.08212904060281E-01     1.94040151152179E-01    -1.19803183369898E-01    -6.55859949283386E-02
C TZVP-MOLOPT-PBE0-GTH-q4
 1
 2 0 2 5 3 3 1
         5.37649556675185    -1.22404309942338E-01     1.51052142999233E-01    -2.91603005508096E-01    -1.02230399503479E-01     7.40025761345854E-02     8.94622998880541E-02    -3.33102657255285E-02
         1.95241253925289    -1.29373346346520E-01     2.06617207371748E-01    -1.01805179489666E-01    -3.09172408281985E-01     2.20213934213870E-01     3.39999059653624E-01     2.24862943378639E-01
         0.69884308058897     4.93419910923422E-01    -4.42585619435647E-01     6.21910558850215E-01    -6.76608029554237E-01     4.84079784827656E-01     2.48477330781687E-01     7.92785845721874E-01
         0.25544398452951     7.50469724701437E-01    -1.05635637414093E-01    -6.44963922243512E-01    -6.23090735983644E-01    -3.82982660790289E-01    -6.66883209981747E-01     5.31193096205402E-01
         0.08778128068034     4.02009584429917E-01     8.52907768337305E-01     3.19142896525367E-01    -2.18908374551020E-01    -7.51678445453038E-01     6.08212904060281E-01     1.94040151152179E-01
C DZVP-MOLOPT-PBE0-GTH-q4
 1
 2 0 2 5 2 2 1
         5.37649556675185    -1.22404309942338E-01     1.51052142999233E-01    -1.02230399503479E-01     7.40025761345854E-02    -3.33102657255285E-02
         1.95241253925289    -1.29373346346520E-01     2.06617207371748E-01    -3.09172408281985E-01     2.20213934213870E-01     2.24862943378639E-01
         0.69884308058897     4.93419910923422E-01    -4.42585619435647E-01    -6.76608029554237E-01     4.84079784827656E-01     7.92785845721874E-01
         0.25544398452951     7.50469724701437E-01    -1.05635637414093E-01    -6.23090735983644E-01    -3.82982660790289E-01     5.31193096205402E-01
         0.08778128068034     4.02009584429917E-01     8.52907768337305E-01    -2.18908374551020E-01    -7.51678445453038E-01     1.94040151152179E-01
