################################################################################################
# Tungsten 
################################################################################################
W ccGRB-D-q14
    2
  2  0  2  6  3  2  2
   7.95210153147       -0.0236521864   -0.0205350644    0.0065107281    0.0174000241    0.0111801506   -0.0000040222    0.0005727007
   3.14763725307        0.6208918701    0.2371229380   -0.1887821186    0.2023279463   -0.2382909234   -0.0017883465   -0.0039055007
   1.24591219537       -0.8523839659   -0.4067068118    0.1801426490   -0.6742573590    0.8707511026   -0.2744989685    0.2172717279
  0.493162672116       -0.6196554531   -0.4981072603    1.8877524768   -0.4870710550   -0.0007455767   -0.4622288003    0.3069859730
  0.195205907826        0.0542391246    0.2938668460   -3.8848015577   -0.0407982667   -0.9865439459   -0.3356489224    0.1546490273
  0.772672965831E-01   -0.0201318053    0.9865749949    2.2939446275   -0.0034128855   -0.0903282735   -0.1694141386   -1.0418363989
  3 3 3 1 1
      0.4769000              1.0000000

W ccGRB-T-q14
    4
  2  0  2  7  4  3  3
   6.97322472397       -0.0349392572   -0.0224049687    0.0419251015    0.0495015821   -0.0147026018   -0.0165578850   -0.0030606174   -0.0006845218    0.0006679054   -0.0059710615
   3.22515557078        0.6272603058    0.2162329732   -0.3175177484   -0.0980248366   -0.2265643557    0.2545954693   -0.2019431364    0.0051577382   -0.0068256308    0.0356982922
   1.49165255208       -0.5096637995   -0.1598930544    0.4313288939    1.1892664092    0.4776506809   -0.5608850922    0.7706789657   -0.1721871632    0.1285346084   -0.2554232430
  0.689897676961       -0.8555453798   -0.6610126556    0.2234497686   -5.8105227040    0.5593691687   -0.6319231914    0.2410146398   -0.3727827212    0.2807369240   -0.2323084864
  0.319081547519       -0.0390693723    0.0864106409    1.3258432128    9.7920450984    0.1790568454    0.8309930307   -1.5874889978   -0.3408594142    0.1815637283   -0.5691693509
  0.147577006514       -0.0370427746    0.2665797893   -4.2241913270   -7.7918968365    0.0098716075    0.4919903698    0.5830121012   -0.2478726173   -0.0220984342    2.0934150733
  0.682551937615E-01    0.0103142528    0.8796701812    2.8468785011    2.6614607956    0.0012006054    0.0618901836    0.8211594088   -0.1137520367   -0.9601357997   -1.4545994870
  3 3 3 1 1
      0.8266000              1.0000000
  3 3 3 1 1
      0.2560000              1.0000000
  4 4 4 1 1
      0.6205000              1.0000000

W ccGRB-Q-q14
    6
  2  0  2  8  5  4  4
   7.00291020513        0.0344546647   -0.0224387731    0.0388180977    0.0368232197    0.5373555088   -0.0147714502   -0.0164884928   -0.0035144252   -0.0424673415    0.0007062199   -0.0004938862    0.0056004726    0.0224994842
   3.22222503706       -0.6271550791    0.2176200048   -0.3017964199   -0.0362668530   -2.9571174587   -0.2260350043    0.2550977327   -0.1983338675    0.3810151733   -0.0051574527    0.0059595724   -0.0338504864   -0.0786216115
   1.48263134687        0.5204105066   -0.1694158716    0.3967847678    0.9603165018    7.5484639930    0.4845044736   -0.5735317795    0.7787525101   -1.1386846725    0.1758247190   -0.1279541804    0.2529632355   -0.0016670147
  0.682198072897        0.8541945014   -0.6549774167    0.3113666661   -5.1735459706   -8.5511970439    0.5589312235   -0.6176081837    0.1882886104    0.2117239755    0.3751897311   -0.2863533351    0.2411141328   -1.6581661674
  0.313897457819        0.0260194693    0.0852164816    1.0970701786    8.6742101454    4.5459519426    0.1732847834    0.8537170454   -1.5225064440    2.3765708306    0.3438439466   -0.1667619299    0.5397128699    3.2324899761
  0.144432559896        0.0461574657    0.3055986353   -3.9036561562   -6.4373327757    0.4409044896    0.0086942213    0.4695754255    0.5463838974   -3.8677132550    0.2416432710    0.0155921305   -2.0794176277   -2.6514412070
  0.664572580588E-01   -0.0190663762    0.8465801500    2.6081820144    1.5293429261   -2.7745375523    0.0013742877    0.0608377930    0.8740998675    2.3908726058    0.1146917014    0.9871629053    1.4899560512    1.0173083312
  0.305787500537E-01    0.0040765633   -0.0013179223    0.0946274752    0.4902006014    1.6830982386   -0.0001453786   -0.0017875258   -0.0438049236   -0.1211567078   -0.0039816361   -0.0322264308   -0.0352349342    0.0164461684
  3 3 3 2 2
      1.1089000              1.0000000              0.00000000
      0.4332000              0.00000000             1.0000000
  3 3 3 1 1
      0.1692000              1.0000000
  4 4 4 1 1
      1.0815000              1.0000000
  4 4 4 1 1
      0.3533000              1.0000000
  5 5 5 1 1
      0.6834000              1.0000000
 
W aug-cc-D
    4
1 0 0 1 1
      0.0152000              1.0000000
1 1 1 1 1
      0.0143000              1.0000000
1 2 2 1 1
      0.0256000              1.0000000
1 3 3 1 1
      0.1768000              1.0000000

W aug-cc-T
     5
1 0 0 1 1
      0.0140000              1.0000000
1 1 1 1 1
      0.0112000              1.0000000
1 2 2 1 1
      0.0197000              1.0000000
1 3 3 1 1
      0.0913000              1.0000000
1 4 4 1 1
      0.2286000              1.0000000

W aug-cc-Q
     6
1 0 0 1 1
      0.0131000              1.0000000
1 1 1 1 1
      0.0097000              1.0000000
1 2 2 1 1
      0.0164000              1.0000000
1 3 3 1 1
      0.0629000              1.0000000
1 4 4 1 1
      0.1333000              1.0000000
1 5 5 1 1
      0.2579000              1.0000000
