#
# Generated with CP2K Atom Code
#
 W  ccGRB-VAL-0
   1
  2  0  2  6  2  1  1
   7.95210153147       -0.0236521864   -0.0205350644    0.0174000241   -0.0000040222
   3.14763725307        0.6208918701    0.2371229380    0.2023279463   -0.0017883465
   1.24591219537       -0.8523839659   -0.4067068118   -0.6742573590   -0.2744989685
  0.493162672116       -0.6196554531   -0.4981072603   -0.4870710550   -0.4622288003
  0.195205907826        0.0542391246    0.2938668460   -0.0407982667   -0.3356489224
  0.772672965831E-01   -0.0201318053    0.9865749949   -0.0034128855   -0.1694141386

 W  ccGRB-VAL-1
   1
  2  0  2  6  3  2  2
   7.95210153147       -0.0236521864   -0.0205350644    0.0065107281    0.0174000241    0.0111801506   -0.0000040222    0.0005727007
   3.14763725307        0.6208918701    0.2371229380   -0.1887821186    0.2023279463   -0.2382909234   -0.0017883465   -0.0039055007
   1.24591219537       -0.8523839659   -0.4067068118    0.1801426490   -0.6742573590    0.8707511026   -0.2744989685    0.2172717279
  0.493162672116       -0.6196554531   -0.4981072603    1.8877524768   -0.4870710550   -0.0007455767   -0.4622288003    0.3069859730
  0.195205907826        0.0542391246    0.2938668460   -3.8848015577   -0.0407982667   -0.9865439459   -0.3356489224    0.1546490273
  0.772672965831E-01   -0.0201318053    0.9865749949    2.2939446275   -0.0034128855   -0.0903282735   -0.1694141386   -1.0418363989

 W  ccGRB-POL-1
   1
  3  3  3  1  1
  0.293803911641        1.0000000000

 W  ccGRB-EXT
   1
  2  0  2  1  3  2  1
  0.192419843810E-01    1.0000000000    7.6612138025  366.4383067235    7.6612138025  366.4383067235  366.4383067235

