###########################################################################################
# Beryllium
###########################################################################################
 Be ccGRB-D-q4
   3
  0  0  0  7  3
   12.6290369362       -0.2669246549   -0.0529477489    0.0502405479
   4.73506241514       -0.3526243608   -0.0870198738    0.1813150768
   1.77533854629       -0.3940210445   -0.1627466279   -0.0110016356
  0.665635777865       -0.1131263135   -0.0456794173    0.7586296836
  0.249569857929        0.0036775814    0.2187840356   -2.7745616912
  0.935723650351E-01   -0.0017620214    0.8953791374    2.0358226949
  0.350835135738E-01    0.0002347520   -0.0314173062   -0.0479697293
   1 1 1 4 2
      3.619000E+00           2.911100E-02           0.000000E+00
      7.110000E-01           1.693650E-01           0.000000E+00
      1.951000E-01           5.134580E-01           0.000000E+00
      6.018000E-02           4.793380E-01           1.000000E+00
   1 2 2 1 1
      2.354000E-01           1.0000000


 Be ccGRB-T-q4 
   4
  0  0  0  8  4
   13.0496749836       -0.2391688913   -0.0475973859    0.0637965560   -0.0262953874
   5.71199543702       -0.2731541316   -0.0628016488    0.0291486231   -0.4101495204
   2.50020723991       -0.3464382092   -0.1137353905    0.2954161822    0.5431312309
   1.09436996430       -0.2395345965   -0.1406911416   -0.2474336051   -2.5007638314
  0.479018538803       -0.0215567617    0.0800959754    0.9747129289    6.1609925940
  0.209672019520       -0.0069559691    0.1637070471   -3.4209224592   -5.8792860681
  0.917758963552E-01    0.0027350126    0.9039932560    2.6384364453    2.2484236956
  0.401713837216E-01   -0.0004220105   -0.0476466074   -0.1227836793   -0.0370922207
   1 1 1 5 3
      7.436000E+00           1.073600E-02           0.000000E+00           0.000000E+00
      1.577000E+00           6.285400E-02           0.000000E+00           0.000000E+00
      4.352000E-01           2.481800E-01           0.000000E+00           0.000000E+00
      1.438000E-01           5.236990E-01           1.000000E+00           0.000000E+00
      4.994000E-02           3.534250E-01           0.000000E+00           1.000000E+00
   1 2 2 2 2
      3.493000E-01           1.000000E+00           0.000000E+00
      1.724000E-01           0.000000E+00           1.000000E+00
   1 3 3 1 1
      3.423000E-01           1.0000000


 Be ccGRB-Q-q4 
   5
  0  0  0  9  5
   13.4835266646       -0.2111107945   -0.0489487256    0.0479058655   -0.1472225468    0.0400411725
   6.62158619022       -0.2354726838   -0.0217579352    0.0606692978    0.2823458755    0.4603633500
   3.25177564929       -0.2598675334   -0.1480619052    0.0638507472   -1.2068477831   -1.2758832391
   1.59690511753       -0.3124840470   -0.0021127085    0.3167441946    1.9966044208    5.7420581052
  0.784219524783       -0.0811294559   -0.2533507093   -0.4673220757   -4.5705254394  -12.6390912645
  0.385120102816       -0.0326089638    0.3450111134    1.3212769988    9.5765089188   13.5418533321
  0.189127519663        0.0117297959   -0.0820212349   -4.2203755287   -9.4827343945   -7.9951166109
  0.928780877244E-01   -0.0043188203    1.0171688991    3.3000758404    3.8789259490    2.2172279803
  0.456112320128E-01    0.0006604570   -0.0690087047   -0.2068317097   -0.2157428533    0.0453534282
   1 1 1 6 4
      1.403000E+01           4.099000E-03           0.000000E+00           0.000000E+00           0.000000E+00
      3.168000E+00           2.562600E-02           0.000000E+00           0.000000E+00           0.000000E+00
      9.024000E-01           1.037680E-01           0.000000E+00           0.000000E+00           0.000000E+00
      3.036000E-01           3.115470E-01           1.000000E+00           0.000000E+00           0.000000E+00
      1.130000E-01           4.981280E-01           0.000000E+00           1.000000E+00           0.000000E+00
      4.286000E-02           2.588760E-01           0.000000E+00           0.000000E+00           1.000000E+00
   1 2 2 3 3
      1.128800E+00           1.000000E+00           0.000000E+00           0.000000E+00
      4.569000E-01           0.000000E+00           1.000000E+00           0.000000E+00
      1.850000E-01           0.000000E+00           0.000000E+00           1.000000E+00
   1 3 3 2 2
      4.768000E-01           1.000000E+00           0.000000E+00
      2.521000E-01           0.000000E+00           1.000000E+00
   1 4 4 1 1
      4.131000E-01           1.0000000

Be aug-cc-D
    3
   1 0 0 1 1
      1.790000E-02           1.000000E+00
   1 1 1 1 1
      1.110000E-02           1.000000E+00
   1 2 2 1 1
      7.220000E-02           1.000000E+00

Be aug-cc-T
    4
   1 0 0 1 1
      1.470000E-02           1.000000E+00
   1 1 1 1 1
      9.300000E-03           1.000000E+00
   1 2 2 1 1
      5.880000E-02           1.000000E+00
   1 3 3 1 1
      1.188000E-01           1.000000E+00

Be aug-cc-Q
     5
   1 0 0 1 1
      1.410000E-02           1.000000E+00
   1 1 1 1 1
      8.400000E-03           1.000000E+00
   1 2 2 1 1
      5.560000E-02           1.000000E+00
   1 3 3 1 1
      9.050000E-02           1.000000E+00
   1 4 4 1 1
      1.654000E-01           1.000000E+00

