TC DZVP-MOLOPT-PBE0-GTH-Q15
 1
 2 0 3 7 3 2 2 1
         5.98372240528834     4.46539650205216E-02    -3.29946766690618E-02    -7.69156862158781E-02    -2.82491960865815E-02    -2.21031300604783E-03    -8.16343396642704E-03     1.82899448271407E-02     4.34128050034053E-03
         3.34170405640760    -2.63505092289886E-01     2.26775819806643E-01     5.22636272048195E-01     3.06652913281412E-01     1.40893328581175E-01    -9.38171112007735E-02    -3.47316645617615E-02     2.43222648544690E-02
         1.89743436587472    -1.86819220237293E-02    -9.62935022633981E-02    -2.74357113535785E-01    -4.44977669522192E-01    -3.02359643397774E-01     4.56366189738376E-01    -3.79585197874055E-02    -9.16866401515838E-02
         0.84656205361053    -1.16091079098342E-02    -4.00850626529340E-01    -6.19109095574299E-01    -5.61862519963905E-01    -4.85464980675892E-01     5.91706047538574E-01    -2.37460501912464E-01    -4.11926306621240E-01
         0.39372093944001     2.01327309983184E-01     2.04449926146238E-01    -2.49293326146940E-01    -4.69667633808068E-01     2.98402077588073E-01     6.14064028400184E-01    -4.07889469385519E-02    -8.38285351674563E-01
         0.16026269883490     9.39669264685010E-01    -4.71668574097960E-02     2.18629410693171E-01    -3.97836376932703E-01     7.20190907000833E-01     2.34600933316431E-01     8.21413376054261E-01    -3.41742462720783E-01
         0.05667371426017    -6.76482919928516E-02    -8.56449607832414E-01     3.90411865472277E-01    -1.12293752831955E-01     2.12903359822944E-01    -2.51661136008321E-02     5.14049781294385E-01     4.23038649351623E-02
F DZVP-MOLOPT-PBE0-GTH-Q7
 1
 2 0 2 5 2 2 1
        13.31501907729122     1.31813146289282E-01    -5.24225688764356E-02    -9.80506809064632E-02     4.64420401614479E-02     4.89385522399914E-03
         4.62512020147175     1.34547810393351E-01    -5.37398783766778E-02    -3.12727206728056E-01     1.25929415842544E-01     2.30296758923593E-02
         1.62272294024072    -5.51865766775749E-01     1.65440705311574E-01    -5.86706702362430E-01     2.77907352966805E-01     5.26472480151814E-01
         0.55216173678272    -7.87309125215089E-01     1.14519053917377E-01    -6.52997838515906E-01     1.82287680337408E-01     8.49582617686734E-01
         0.17330337957192    -2.00276553789357E-01    -9.76667117835106E-01    -3.49223175694863E-01    -9.33554296168889E-01    -2.19496600587510E-02
O DZVP-MOLOPT-PBE0-GTH-Q6
 1
 2 0 2 5 2 2 1
        10.34082423621691    -1.29825249634708E-01     8.18793043945143E-02    -9.31315963557027E-02     6.07168741616306E-02    -1.46443819746845E-04
         3.64864310376424    -1.27684551447027E-01     1.02649506262870E-01    -3.10412801135525E-01     1.66218217874094E-01     4.82789843051162E-02
         1.25503633997207     5.26487514579900E-01    -3.65113179366377E-01    -5.97863015525008E-01     4.26686208369503E-01     7.18155124032992E-01
         0.43936673910305     7.72667288737258E-01    -8.21060762059060E-02    -6.48920500304752E-01    -1.50379113770830E-02     6.93882202281484E-01
         0.14295518532255     3.04365270334762E-01     9.17992274956007E-01    -3.41221918409427E-01    -8.86790677695403E-01    -2.12090879301656E-02
