TC TZV2P-MOLOPT-PBE0-GTH-Q15
 1
 2 0 3 6 4 3 3 2
         2.41358475083677    -3.35492849535154E-01     6.16779215559464E-01     2.06180396060863E-01     1.95028015848785E-02     3.78953464443377E-01     5.53113998883512E-01     2.04189760227296E-02    -5.66716975770273E-01     2.30540975626343E-01    -9.90157808999157E-02     4.47501396036628E-01     6.86436921467681E-02
         2.25236048205798     2.02638592459749E-01    -5.41235123933282E-01    -3.48329684730047E-01     1.31621251133994E-01    -3.57699518868563E-01    -6.32300584791763E-01     2.88717205141525E-02     6.75000586530871E-01    -3.04074861914331E-01     5.78745762910281E-02    -5.17867760346390E-01    -8.19171746828490E-02
         0.82949607400429    -1.37917295475833E-01    -1.84778887436951E-01    -1.62188527538900E-01    -5.67983635833123E-01     4.02533038922348E-02    -1.97801438204552E-01     1.66250820874021E-01     1.14880677124278E-01    -1.85833995909579E-01     4.57833701745062E-01    -2.26230095179562E-01    -7.97996400148076E-01
         0.45109424314593     2.55945108724529E-01     1.08244297460874E-01    -7.09151324525896E-02     7.39804950193787E-01    -4.44950836791149E-01     2.13008531785597E-01    -4.85393201759347E-01     1.63137094728861E-01    -1.38612606689377E-01    -8.39793970713471E-01    -6.12449281220124E-01     2.28762956943272E-01
         0.18092567238959     5.32582502297474E-01    -1.60940905761416E-01     7.94781834887456E-01    -1.53341138727943E-01    -6.63703504646897E-01     4.15599064695128E-01    -5.17689657925620E-02     3.97961332447796E-01     7.80849154209844E-01    -1.22042237340543E-01    -3.24261563845782E-01     3.64880915655661E-01
         0.06001088646654    -6.91526534510352E-01    -5.04862257999384E-01     4.16105558089502E-01     2.98102679035992E-01    -2.97222825959921E-01     1.92458433346981E-01     8.56051147769821E-01     1.58182090579322E-01     4.36939591373750E-01     2.38927790674386E-01     1.16509020840045E-02     4.07809750118862E-01
TC TZVP-MOLOPT-PBE0-GTH-q15
 1
 2 0 3 6 4 3 3 1
         2.41358475083677    -3.35492849535154E-01     6.16779215559464E-01     2.06180396060863E-01     1.95028015848785E-02     3.78953464443377E-01     5.53113998883512E-01     2.04189760227296E-02    -5.66716975770273E-01     2.30540975626343E-01    -9.90157808999157E-02     4.47501396036628E-01
         2.25236048205798     2.02638592459749E-01    -5.41235123933282E-01    -3.48329684730047E-01     1.31621251133994E-01    -3.57699518868563E-01    -6.32300584791763E-01     2.88717205141525E-02     6.75000586530871E-01    -3.04074861914331E-01     5.78745762910281E-02    -5.17867760346390E-01
         0.82949607400429    -1.37917295475833E-01    -1.84778887436951E-01    -1.62188527538900E-01    -5.67983635833123E-01     4.02533038922348E-02    -1.97801438204552E-01     1.66250820874021E-01     1.14880677124278E-01    -1.85833995909579E-01     4.57833701745062E-01    -2.26230095179562E-01
         0.45109424314593     2.55945108724529E-01     1.08244297460874E-01    -7.09151324525896E-02     7.39804950193787E-01    -4.44950836791149E-01     2.13008531785597E-01    -4.85393201759347E-01     1.63137094728861E-01    -1.38612606689377E-01    -8.39793970713471E-01    -6.12449281220124E-01
         0.18092567238959     5.32582502297474E-01    -1.60940905761416E-01     7.94781834887456E-01    -1.53341138727943E-01    -6.63703504646897E-01     4.15599064695128E-01    -5.17689657925620E-02     3.97961332447796E-01     7.80849154209844E-01    -1.22042237340543E-01    -3.24261563845782E-01
         0.06001088646654    -6.91526534510352E-01    -5.04862257999384E-01     4.16105558089502E-01     2.98102679035992E-01    -2.97222825959921E-01     1.92458433346981E-01     8.56051147769821E-01     1.58182090579322E-01     4.36939591373750E-01     2.38927790674386E-01     1.16509020840045E-02
TC DZVP-MOLOPT-PBE0-GTH-q15
 1
 2 0 3 6 3 2 2 1
         2.41358475083677    -3.35492849535154E-01     6.16779215559464E-01     2.06180396060863E-01     3.78953464443377E-01     5.53113998883512E-01    -5.66716975770273E-01     2.30540975626343E-01     4.47501396036628E-01
         2.25236048205798     2.02638592459749E-01    -5.41235123933282E-01    -3.48329684730047E-01    -3.57699518868563E-01    -6.32300584791763E-01     6.75000586530871E-01    -3.04074861914331E-01    -5.17867760346390E-01
         0.82949607400429    -1.37917295475833E-01    -1.84778887436951E-01    -1.62188527538900E-01     4.02533038922348E-02    -1.97801438204552E-01     1.14880677124278E-01    -1.85833995909579E-01    -2.26230095179562E-01
         0.45109424314593     2.55945108724529E-01     1.08244297460874E-01    -7.09151324525896E-02    -4.44950836791149E-01     2.13008531785597E-01     1.63137094728861E-01    -1.38612606689377E-01    -6.12449281220124E-01
         0.18092567238959     5.32582502297474E-01    -1.60940905761416E-01     7.94781834887456E-01    -6.63703504646897E-01     4.15599064695128E-01     3.97961332447796E-01     7.80849154209844E-01    -3.24261563845782E-01
         0.06001088646654    -6.91526534510352E-01    -5.04862257999384E-01     4.16105558089502E-01    -2.97222825959921E-01     1.92458433346981E-01     1.58182090579322E-01     4.36939591373750E-01     1.16509020840045E-02
O TZV2P-MOLOPT-PBE0-GTH-Q6
 1
 2 0 3 5 3 3 2 1
        10.34082423621691    -1.29825249634708E-01     8.18793043945143E-02    -1.54163825083534E-01    -9.31315963557027E-02     6.07168741616306E-02     5.24249215362802E-02    -1.46443819746845E-04    -1.35615599706110E-01    -4.53627038333396E-02
         3.64864310376424    -1.27684551447027E-01     1.02649506262870E-01    -2.90598920673850E-01    -3.10412801135525E-01     1.66218217874094E-01     1.57277538743803E-01     4.82789843051162E-02    -2.03664714425298E-01    -7.75510089052828E-02
         1.25503633997207     5.26487514579900E-01    -3.65113179366377E-01     6.61471073309150E-01    -5.97863015525008E-01     4.26686208369503E-01     5.52189434348781E-01     7.18155124032992E-01    -6.65039106707507E-01     7.74070424398802E-02
         0.43936673910305     7.72667288737258E-01    -8.21060762059060E-02    -6.24492813862270E-01    -6.48920500304752E-01    -1.50379113770830E-02    -7.55332729990091E-01     6.93882202281484E-01     7.03924405563841E-01     9.92909576133937E-01
         0.14295518532255     3.04365270334762E-01     9.17992274956007E-01     2.53476876555698E-01    -3.41221918409427E-01    -8.86790677695403E-01     3.11568128998934E-01    -2.12090879301656E-02     4.83994939610748E-02     8.17248560335443E-03
O TZVP-MOLOPT-PBE0-GTH-q6
 1
 2 0 2 5 3 3 1
        10.34082423621691    -1.29825249634708E-01     8.18793043945143E-02    -1.54163825083534E-01    -9.31315963557027E-02     6.07168741616306E-02     5.24249215362802E-02    -1.46443819746845E-04
         3.64864310376424    -1.27684551447027E-01     1.02649506262870E-01    -2.90598920673850E-01    -3.10412801135525E-01     1.66218217874094E-01     1.57277538743803E-01     4.82789843051162E-02
         1.25503633997207     5.26487514579900E-01    -3.65113179366377E-01     6.61471073309150E-01    -5.97863015525008E-01     4.26686208369503E-01     5.52189434348781E-01     7.18155124032992E-01
         0.43936673910305     7.72667288737258E-01    -8.21060762059060E-02    -6.24492813862270E-01    -6.48920500304752E-01    -1.50379113770830E-02    -7.55332729990091E-01     6.93882202281484E-01
         0.14295518532255     3.04365270334762E-01     9.17992274956007E-01     2.53476876555698E-01    -3.41221918409427E-01    -8.86790677695403E-01     3.11568128998934E-01    -2.12090879301656E-02
O DZVP-MOLOPT-PBE0-GTH-q6
 1
 2 0 2 5 2 2 1
        10.34082423621691    -1.29825249634708E-01     8.18793043945143E-02    -9.31315963557027E-02     6.07168741616306E-02    -1.46443819746845E-04
         3.64864310376424    -1.27684551447027E-01     1.02649506262870E-01    -3.10412801135525E-01     1.66218217874094E-01     4.82789843051162E-02
         1.25503633997207     5.26487514579900E-01    -3.65113179366377E-01    -5.97863015525008E-01     4.26686208369503E-01     7.18155124032992E-01
         0.43936673910305     7.72667288737258E-01    -8.21060762059060E-02    -6.48920500304752E-01    -1.50379113770830E-02     6.93882202281484E-01
         0.14295518532255     3.04365270334762E-01     9.17992274956007E-01    -3.41221918409427E-01    -8.86790677695403E-01    -2.12090879301656E-02
F TZV2P-MOLOPT-PBE0-GTH-Q7
 1
 2 0 3 5 3 3 2 1
        13.31501907729122     1.31813146289282E-01    -5.24225688764356E-02    -5.17923286744451E-01    -9.80506809064632E-02     4.64420401614479E-02     6.35659142568778E-02     4.89385522399914E-03     1.52535072278595E-01     5.41962851226601E-02
         4.62512020147175     1.34547810393351E-01    -5.37398783766778E-02    -2.73506612070950E-02    -3.12727206728056E-01     1.25929415842544E-01     1.88833971660508E-01     2.30296758923593E-02    -1.84322551941015E-01     3.68925101794283E-02
         1.62272294024072    -5.51865766775749E-01     1.65440705311574E-01    -7.34790083225985E-01    -5.86706702362430E-01     2.77907352966805E-01     6.51110127867809E-01     5.26472480151814E-01    -8.13967424463323E-01     8.50449987353287E-02
         0.55216173678272    -7.87309125215089E-01     1.14519053917377E-01     4.34902286738320E-01    -6.52997838515906E-01     1.82287680337408E-01    -7.27945836193775E-01     8.49582617686734E-01     5.11993820603493E-01     9.94034575948952E-01
         0.17330337957192    -2.00276553789357E-01    -9.76667117835106E-01    -4.41695026221844E-02    -3.49223175694863E-01    -9.33554296168888E-01     8.03216449515110E-02    -2.19496600587510E-02     1.34452996051777E-01    -1.90870474316679E-02
F TZVP-MOLOPT-PBE0-GTH-q7
 1
 2 0 2 5 3 3 1
        13.31501907729122     1.31813146289282E-01    -5.24225688764356E-02    -5.17923286744451E-01    -9.80506809064632E-02     4.64420401614479E-02     6.35659142568778E-02     4.89385522399914E-03
         4.62512020147175     1.34547810393351E-01    -5.37398783766778E-02    -2.73506612070950E-02    -3.12727206728056E-01     1.25929415842544E-01     1.88833971660508E-01     2.30296758923593E-02
         1.62272294024072    -5.51865766775749E-01     1.65440705311574E-01    -7.34790083225985E-01    -5.86706702362430E-01     2.77907352966805E-01     6.51110127867809E-01     5.26472480151814E-01
         0.55216173678272    -7.87309125215089E-01     1.14519053917377E-01     4.34902286738320E-01    -6.52997838515906E-01     1.82287680337408E-01    -7.27945836193775E-01     8.49582617686734E-01
         0.17330337957192    -2.00276553789357E-01    -9.76667117835106E-01    -4.41695026221844E-02    -3.49223175694863E-01    -9.33554296168888E-01     8.03216449515110E-02    -2.19496600587510E-02
F DZVP-MOLOPT-PBE0-GTH-q7
 1
 2 0 2 5 2 2 1
        13.31501907729122     1.31813146289282E-01    -5.24225688764356E-02    -9.80506809064632E-02     4.64420401614479E-02     4.89385522399914E-03
         4.62512020147175     1.34547810393351E-01    -5.37398783766778E-02    -3.12727206728056E-01     1.25929415842544E-01     2.30296758923593E-02
         1.62272294024072    -5.51865766775749E-01     1.65440705311574E-01    -5.86706702362430E-01     2.77907352966805E-01     5.26472480151814E-01
         0.55216173678272    -7.87309125215089E-01     1.14519053917377E-01    -6.52997838515906E-01     1.82287680337408E-01     8.49582617686734E-01
         0.17330337957192    -2.00276553789357E-01    -9.76667117835106E-01    -3.49223175694863E-01    -9.33554296168888E-01    -2.19496600587510E-02
