################################################################################################
# Silver
################################################################################################
Ag ccGRB-D-q11
    2
  2  0  2  6  2  1  2
   5.00842756067       -0.0060698153   -0.0073917336   -0.0040420875   -0.0142129217    0.0057235537
   2.09954954274        0.0806612990   -0.0171323559    0.0246811766   -0.3905828143    0.0629420153
  0.880138172910       -0.3333583872    0.1707734185   -0.0986594839   -0.4480271933    0.2097745422
  0.368956858433       -0.0375269551    0.7781041115    0.0849972292   -0.2613864982    0.2599060272
  0.154667945983        0.4684265302   -3.1777728675    0.0712141270   -0.0937150375   -0.8197220660
  0.648373189649E-01    0.6986763478    2.3528925786    0.9204177874   -0.0057341254   -0.3838150607
  3 3 3 1 1
      1.3299000              1.0000000

Ag ccGRB-T-q11
    4
  2  0  2  7  3  2  3
   5.01379895730       -0.0059469922   -0.0060278982   -0.1514030533   -0.0040959531   -0.0073509613    0.0142976615   -0.0060013052    0.0217693392
   2.09635471246        0.0801951515   -0.0236754604    0.8737508723    0.0249569870    0.0252723933    0.3920111175   -0.0618374809    0.0340409133
  0.876521599271       -0.3351713205    0.1940651661   -3.2434416424   -0.1001852756   -0.0418682814    0.4488562760   -0.2148263818    0.5671202951
  0.366488604920       -0.0332323297    0.7108059520    6.0952713127    0.0901253645    0.4355154661    0.2606885951   -0.2468807264   -0.4795456140
  0.153235125806        0.4757703541   -3.0682887632   -4.7857909173    0.0660391448   -2.1195290062    0.0923322192    0.8103604417   -0.9990710511
  0.640702151870E-01    0.6926445132    2.2562773987    1.3245504503    0.9337525696    1.5759959567    0.0055835075    0.3954730930    1.2541924177
  0.267888478736E-01   -0.0033977772    0.0463587016    0.2917836838   -0.0143568414   -0.0005095568   -0.0001375961   -0.0142155467   -0.0431029960
  3 3 3 1 1
      2.5431000              1.0000000
  3 3 3 1 1
      0.7381000              1.0000000
  4 4 4 1 1
      1.5751000              1.0000000

Ag ccGRB-Q-q11
    6
  2  0  2  8  4  3  4
   4.78690330301       -0.0062690216    0.0201811200    0.0095667524    0.4802518760    0.0006603927    0.0138131291    0.0142893091   -0.0092787694    0.0040704290   -0.0001379400    0.0582403477
   2.28042880427        0.0690802940   -0.1358513642   -0.0008403270   -2.5343682584    0.0003270581   -0.0688621235   -0.0559510259   -0.3167571412    0.0540847827   -0.1026271338   -0.1397133498
   1.08637154381       -0.1538622841    0.3503359589    0.1458456502    7.7265677213    0.0043067146    0.1918697270    0.1931146900   -0.4003862845    0.1160287793   -0.1541015563    0.8662756859
  0.517535618296       -0.3340918646    0.0285165894   -2.6525897353  -13.6101911346   -0.1510319492   -0.2437361685   -1.0736017047   -0.2857553271    0.3252404826   -0.6074760433   -0.5096833143
  0.246548354227        0.3547575877    0.2609079578    7.6680856429   13.1678070395    0.3046904980    0.5259475346    3.9093477858   -0.1575816202   -0.2053626149    1.5629001339   -1.5904130334
  0.117452961348        0.3652102223   -3.0091489224   -7.9190310497   -7.6893762440   -0.0732766276   -2.4713681350   -4.2103933794   -0.0393648114   -0.7345211601   -0.2310092478    2.7947780479
  0.559533166331E-01    0.6025861398    2.7006911071    3.1373596792    2.3436318919    0.9739013750    2.0524211401    1.7403916621   -0.0049856076   -0.2393485518   -0.8642175614   -1.8735121199
  0.266555530513E-01   -0.0215045702   -0.0709272621   -0.0193176421   -0.0863103265   -0.0496648419   -0.0938236014   -0.0337444450    0.0003859473    0.0171980653    0.0615028341    0.1374254137
  3 3 3 2 2
      4.1942000              1.0000000              0.00000000
      1.4253000              0.00000000             1.0000000
  3 3 3 1 1
      0.4844000              1.0000000
  4 4 4 1 1
      2.5305000              1.0000000
  4 4 4 1 1
      0.9067000              1.0000000
  5 5 5 1 1
      1.7423000              1.0000000

Ag aug-cc-D
    4
1 0 0 1 1
      0.0162000              1.0000000
1 1 1 1 1
      0.0152000              1.0000000
1 2 2 1 1
      0.0620000              1.0000000
1 3 3 1 1
      0.4449000              1.0000000

Ag aug-cc-T
     5
1 0 0 1 1
      0.0151000              1.0000000
1 1 1 1 1
      0.0132000              1.0000000
1 2 2 1 1
      0.0481000              1.0000000
1 3 3 1 1
      0.2889000              1.0000000
1 4 4 1 1
      0.7090000              1.0000000

Ag aug-cc-Q
     6
1 0 0 1 1
      0.0142000              1.0000000
1 1 1 1 1
      0.0119000              1.0000000
1 2 2 1 1
      0.0361000              1.0000000
1 3 3 1 1
      0.1792000              1.0000000
1 4 4 1 1
      0.4021000              1.0000000
1 5 5 1 1
      0.8207000              1.0000000

