#
# Generated with CP2K Atom Code
#
 Ag ccGRB-VAL-0
   1
  2  0  2  6  1  0  1
   5.00842756067       -0.0060698153   -0.0142129217
   2.09954954274        0.0806612990   -0.3905828143
  0.880138172910       -0.3333583872   -0.4480271933
  0.368956858433       -0.0375269551   -0.2613864982
  0.154667945983        0.4684265302   -0.0937150375
  0.648373189649E-01    0.6986763478   -0.0057341254

 Ag ccGRB-VAL-1
   1
  2  0  2  6  2  1  2
   5.00842756067       -0.0060698153   -0.0073917336   -0.0040420875   -0.0142129217    0.0057235537
   2.09954954274        0.0806612990   -0.0171323559    0.0246811766   -0.3905828143    0.0629420153
  0.880138172910       -0.3333583872    0.1707734185   -0.0986594839   -0.4480271933    0.2097745422
  0.368956858433       -0.0375269551    0.7781041115    0.0849972292   -0.2613864982    0.2599060272
  0.154667945983        0.4684265302   -3.1777728675    0.0712141270   -0.0937150375   -0.8197220660
  0.648373189649E-01    0.6986763478    2.3528925786    0.9204177874   -0.0057341254   -0.3838150607

 Ag ccGRB-POL-1
   1
  3  3  3  1  1
  0.346061938103        1.0000000000

 Ag ccGRB-EXT
   1
  2  0  2  1  3  2  1
  0.175979526117E-01    1.0000000000    8.1919702764  438.1030689383    8.1919702764  438.1030689383  438.1030689383

