################################################################################################
# Tantalum
################################################################################################
Ta ccGRB-D-q13
    2
  2  0  2  6  3  2  2
   7.62601971496       -0.0229846659   -0.0194436936    0.0041749288    0.0192763733    0.0095870546   -0.0004931180    0.0011287836
   3.01413508789        0.6072842715    0.2326402962   -0.1811130198    0.1951052519   -0.2324674843    0.0024344919   -0.0073969399
   1.19131744575       -0.8164079787   -0.3828514223    0.1244038297   -0.6513586048    0.8344072458   -0.2444651376    0.2062879852
  0.470860533839       -0.6424589624   -0.4984836234    1.9868738315   -0.4994609470    0.0507854160   -0.4397843561    0.2958885763
  0.186104587924        0.0525468093    0.2406007406   -3.9405164540   -0.0493928675   -0.9818695483   -0.3520609091    0.2858473866
  0.735566375967E-01   -0.0204891244    1.0234004301    2.2880319817   -0.0029905786   -0.1210116976   -0.2196488452   -1.0928901373
  3 3 3 1 1
      0.3735000              1.0000000

Ta ccGRB-T-q13
    4
  2  0  2  7  4  3  3
   7.54453065719       -0.0234139578   -0.0198575166    0.0050346943   -0.1671078692   -0.0192594668   -0.0099524975    0.0026436666    0.0005307466   -0.0014367107   -0.0067561790
   3.01608669969        0.6082269609    0.2336547443   -0.1820403629    1.1140421574   -0.1969434121    0.2342658575   -0.2095459191   -0.0028353709    0.0090521801    0.0232488322
   1.20574484927       -0.7936175376   -0.3718691410    0.1178433992   -2.9945352095    0.6387903043   -0.8153277177    1.0609496157    0.2372105531   -0.2075889118    0.2071937293
  0.482022165238       -0.6666056849   -0.5028888150    1.9159897790    2.5654591693    0.5067516385   -0.1016889005   -0.7365409226    0.4349577150   -0.2849746315    0.9918241273
  0.192698619383        0.0606529804    0.1987664022   -3.5833954564    0.4082164433    0.0564842348    0.9909148099   -0.9106809636    0.3484509659   -0.3313782806   -1.8860913204
  0.770353742833E-01   -0.0348418001    1.0248675317    1.6957241651   -2.6270773517    0.0033250470    0.1413255591    1.4612762990    0.2351664967    1.1144586104    0.9917973060
  0.307965304057E-01    0.0085431282    0.0354527954    0.3552094599    1.8481046788   -0.0004667743    0.0006133771   -0.0856906160   -0.0021193987   -0.0002859311    0.0401059143
  3 3 3 1 1
      0.6951000              1.0000000
  3 3 3 1 1
      0.2086000              1.0000000
  4 4 4 1 1
      0.4780000              1.0000000

Ta ccGRB-Q-q13
    6
  2  0  2  8  5  4  4
   6.76150483065       -0.0339185014   -0.0214118916    0.0395392929    0.0460160540    0.5901242322   -0.0163718532   -0.0156078480   -0.0055421819   -0.0485616878    0.0011639842   -0.0006266647    0.0071493483    0.0246044740
   3.10878038731        0.6037342580    0.2107042390   -0.3057773230   -0.0803763464   -3.2214402657   -0.2166630628    0.2492508659   -0.1784009503    0.4144318297   -0.0082012383    0.0067590498   -0.0410210556   -0.0876771556
   1.42934387220       -0.4645762416   -0.1466861486    0.3960775165    1.1560703659    8.0303158462    0.4555288397   -0.5377895689    0.6600702221   -1.1573542882    0.1509796519   -0.1105872348    0.2515103816    0.0651805620
  0.657178587891       -0.8741897190   -0.6368991894    0.2263255721   -5.5463292409   -9.1147648994    0.5628381199   -0.6321075656    0.3445757699    0.0959405886    0.3484824151   -0.2822960723    0.1995008719   -1.8019269559
  0.302155208961       -0.0404051224    0.0445192698    1.3476124085    9.0504036140    5.1547203615    0.1908910749    0.7830596114   -1.5046885480    2.5739894052    0.3411976387   -0.1742576427    0.7342545646    3.2866095643
  0.138923835902       -0.0462339861    0.2660321844   -4.1649422453   -6.7298410272   -0.1823217716    0.0113863010    0.5145499414    0.3445909498   -3.9437489716    0.2656949674   -0.1487573954   -2.2194959268   -2.5963648317
  0.638739019196E-01    0.0184201726    0.9009514520    2.7340280440    1.7773256853   -2.3016589057    0.0014399389    0.0766001839    1.0038003651    2.3404787182    0.1606926500    1.0946353385    1.4815305997    0.9880981068
  0.293677130346E-01   -0.0036541601   -0.0081489714    0.0519172414    0.3629449352    1.4994143349   -0.0001379613   -0.0029586454   -0.0531281749   -0.1133841637   -0.0066102664   -0.0429631086   -0.0466474345   -0.0010216207
  3 3 3 2 2
      0.9634000              1.0000000              0.00000000
      0.3651000              0.00000000             1.0000000
  3 3 3 1 1
      0.1384000              1.0000000
  4 4 4 1 1
      0.8970000              1.0000000
  4 4 4 1 1
      0.2862000              1.0000000
  5 5 5 1 1
      0.5532000              1.0000000

Ta aug-cc-D
    4
1 0 0 1 1
      0.0144000              1.0000000
1 1 1 1 1
      0.0136000              1.0000000
1 2 2 1 1
      0.0226000              1.0000000
1 3 3 1 1
      0.1286000              1.0000000

Ta aug-cc-T
     5
1 0 0 1 1
      0.0133000              1.0000000
1 1 1 1 1
      0.0107000              1.0000000
1 2 2 1 1
      0.0178000              1.0000000
1 3 3 1 1
      0.0708000              1.0000000
1 4 4 1 1
      0.1604000              1.0000000

Ta aug-cc-Q
     6
1 0 0 1 1
      0.0124000              1.0000000
1 1 1 1 1
      0.0093000              1.0000000
1 2 2 1 1
      0.0150000              1.0000000
1 3 3 1 1
      0.0497000              1.0000000
1 4 4 1 1
      0.1016000              1.0000000
1 5 5 1 1
      0.1934000              1.0000000

