################################################################################################
# Thalium 
################################################################################################
Tl ccGRB-D-q13
    1
  2  0  2  6  2  2  2
   3.96128647845        0.0369161739   -0.0213122391    0.0006733425   -0.0097789614   -0.0204757947   -0.0071780658
   1.68001021943       -0.0153151990   -0.0136869484    0.0296064580    0.0110137617    0.4491558373    0.0067888255
  0.712504473673       -0.6014621562    0.5518495957   -0.1663132000    0.0616762653    0.4689244783   -0.1965940209
  0.302178295782        0.5763001869   -0.4985890294    0.2326476096    0.0992685586    0.2168437070   -0.3591069414
  0.128155998756        0.6065306881   -1.7652089113    0.2808188986   -1.7715072583    0.0444104115    1.0664442941
  0.543518851168E-01    0.2432011418    2.0503748438    0.6638464771    1.6309202775   -0.0001632901    0.1917288708

Tl ccGRB-T-q13
    2
  2  0  2  7  3  3  3
   3.77878845883        0.0189912100   -0.0120609100    0.0052044126   -0.0011282586    0.0109618056   -0.0012706056    0.0298198719   -0.0017808158    0.0108418302
   1.82481592095        0.0974748718   -0.0714744839    0.1363942987    0.0350572214   -0.0819373177    0.0473850541   -0.3709123977    0.0324013608   -0.1038603434
  0.881222429266       -0.6298468554    0.4414136657   -0.6543105838   -0.1094158301    0.2536766930   -0.1567790371   -0.4248676769   -0.0138823879   -0.2156596554
  0.425551399965        0.2150864887    0.1530993397   -0.7451703336   -0.0204524754   -0.2871468123   -0.4639697554   -0.2718988062    0.5523152243   -0.6077710486
  0.205503160154        0.4891528047   -1.3526014716    5.7278599237    0.3509455855    0.1944472201    3.4009247473   -0.1060485661   -0.4000423692    2.0052557182
  0.992395955849E-01    0.5397297397   -0.5766109897   -7.6565156845    0.1954348987   -1.8903404089   -4.2470570525   -0.0138230225   -0.7794740561   -0.9420156401
  0.479238242589E-01    0.1123070981    1.7360928147    3.5302166125    0.6038059236    1.8774445719    1.8332422270   -0.0011055206   -0.0966789363   -0.4263611627
   3 3 3 1 1
      0.2918000              1.0000000

Tl ccGRB-Q-q13
    3
  2  0  2  8  4  4  4
   3.80008465855       -0.0211703508    0.0135044740    0.0063783547   -0.3767050332    0.0009099346   -0.0090184448    0.0030735599   -0.1639000522   -0.0287149593    0.0009158581   -0.0057633393   -0.0757596751
   1.80767717437       -0.0853215954    0.0633694445   -0.1956410199    2.1846711090   -0.0345715441    0.0726920535   -0.0571650810    0.8558736312    0.3797397611   -0.0287771197    0.0847614362    0.2737292371
  0.859901044409        0.6333235044   -0.4485274471    0.8974229682   -7.2505544696    0.1163688332   -0.2360010554    0.2085828320   -2.8578134309    0.4313471547   -0.0010045194    0.2941967381   -0.9094827268
  0.409049700168       -0.2567796742   -0.1234490631    0.0449249534   13.5543746342   -0.0024116289    0.2615461897    0.2636993734    6.3400421126    0.2670962988   -0.5641068375    0.4380143583    0.6647630489
  0.194582456081       -0.5137797469    1.5205865859   -4.7026970801  -14.1899666035   -0.3548106643   -0.0797123604   -3.0711000271   -7.0492512673    0.0979346962    0.5114974979   -1.9298888336    1.1402853122
  0.925616916450E-01   -0.5180388038    0.1914525948    7.0420591726    8.8585937408   -0.2271591879    1.7200533336    4.0548412078    4.7074752660    0.0103833679    0.7205991407    1.0735704979   -2.5585890872
  0.440310341063E-01   -0.0819036784   -1.5768897321   -3.5309042798   -2.7698456815   -0.5742754316   -1.8693964177   -1.8502703622   -1.8381646963    0.0010920744    0.0716827912    0.3386727985    2.0342225488
  0.209452952946E-01    0.0007963622    0.0391937919    0.0880310846    0.0194273450    0.0192543763    0.0527804148    0.0385543982    0.2538926730   -0.0000781107   -0.0030273425   -0.0178438762   -0.1399483510
   3 3 3 2 2
      0.4263000              1.0000000              0.00000000
      0.1690000              0.00000000             1.0000000
   4 4 4 1 1
      0.3693000              1.0000000

Tl aug-cc-D
    3
1 0 0 1 1
      0.0206000              1.0000000
1 1 1 1 1
      0.0130000              1.0000000
1 2 2 1 1
      0.0437000              1.0000000

Tl aug-cc-T
    4
1 0 0 1 1
      0.0183000              1.0000000
1 1 1 1 1
      0.0122000              1.0000000
1 2 2 1 1
      0.0294000              1.0000000
1 3 3 1 1
      0.0990000              1.0000000

Tl aug-cc-Q
     5
1 0 0 1 1
      0.0159000              1.0000000
1 1 1 1 1
      0.0081000              1.0000000
1 2 2 1 1
      0.0237000              1.0000000
1 3 3 1 1
      0.0605000              1.0000000
1 4 4 1 1
      0.1527000              1.0000000



