KR DZVP-MOLOPT-PBE-GTH-Q26
 2
 2 0 2 5 2 2 1
         4.54876479971366    -8.68498166400821E-02     3.02790114262894E-01    -4.65918375971557E-02    -1.01402654504003E-03    -3.09157187980309E-02
         2.15789540650738    -7.47504607009008E-02     3.91735710393545E-01    -5.26815032268424E-01     3.14744483302750E-01    -1.75818487480447E-02
         0.65010565695930     9.84966428256048E-02    -5.89219535371816E-01    -5.31331068622522E-01     3.01636096242702E-01     8.27572901900627E-01
         0.25054570818015     4.25872995419855E-01    -5.17277435097245E-01    -5.24972954593989E-01     6.78103697989994E-02     5.48966139762296E-01
         0.09334443676433     8.92076275381647E-01     3.74306925106343E-01    -4.02971233348792E-01    -8.97414230537848E-01    -1.11778201631894E-01
 2 0 2 4 1 1 1
        10.81726141695890     4.53239699254280E-01     3.85815316480199E-02     3.39433818985078E-01
         5.83799474990562    -4.21980195099451E-01     3.35069067061411E-01     6.53780004630874E-01
         2.75380598822401    -7.68291498910986E-01     9.11356390667954E-01     6.13815045938287E-01
         1.19345682100146    -1.61971178500465E-01     2.35944304663128E-01     2.83879336081084E-01
XE DZVP-MOLOPT-PBE-GTH-Q26
 2
 2 0 2 5 2 2 1
         2.88779998432507     7.52988432742234E-01     5.71309615234225E-01    -6.03559348380627E-01    -3.91932294568925E-03    -2.65067437079126E-01
         0.76984945309759    -4.37930389307141E-02     1.51556573048119E-02     1.90581599326765E-01     1.58592403285934E-01    -8.04973527954639E-02
         2.66051766639960    -6.55784952390274E-01     6.29111400862622E-01     6.86462339911390E-01    -2.23556066039307E-01     3.53663325361627E-01
         0.10010803012565    -6.85214193334643E-03     1.11926437119910E-01     1.88731650416878E-01    -5.87188609134397E-01     8.14120830329391E-02
         0.27644093852291    -3.14600423874085E-02     5.14846528172128E-01     3.04211418251692E-01     7.61620188261499E-01     8.89693067874321E-01
 2 0 2 4 1 1 1
         4.18257627748736    -4.60381680206187E-01     6.36475935251509E-01    -5.99801532220756E-01
         3.86996437606863     8.71009676456413E-01    -7.14164777735662E-01     7.20328372911917E-01
         1.75445301174904    -1.50504370752714E-01    -2.84130691764875E-01     3.20128757485695E-01
         0.74913143239367    -8.20931570482774E-02    -6.43179919206352E-02     1.37414467049029E-01
RN DZVP-MOLOPT-PBE-GTH-Q26
 2
 2 0 2 5 2 2 1
         3.55339179840618     4.12881397306486E-01    -1.01791723546634E-01    -1.66515027170876E-01     1.70081929773738E-01    -7.72545457494256E-02
         1.79067556255203    -4.91858761814243E-01    -1.28611758018360E-01    -6.35767180461220E-01     1.24140634688461E-01     2.17114923976174E-01
         0.32286183036075    -1.23609111858665E-01     7.80900899913674E-01     4.13554872592934E-01    -5.13308441693540E-01     9.72666830492563E-01
         0.10740839221914    -7.51928456942831E-01    -3.35186096941621E-02     3.02824644095461E-01    -3.34706417052100E-01     2.70138256466856E-02
         0.10825569724959    -8.32363699946617E-02    -6.01803745447814E-01     5.52577994728140E-01     7.61674010357372E-01    -9.07386529280299E-03
 2 0 2 4 1 1 1
         3.80433134470846     7.00631846927725E-01    -4.64904573239166E-01     3.60264612769729E-01
         3.20801053822038    -6.86939208688428E-01     5.58615218495296E-01    -4.47083581071489E-01
         1.60789204286433    -1.89043942992126E-01     6.65095137138828E-01    -7.05185124628153E-01
         0.74167001595626    -3.86254612289615E-02     1.71642751087965E-01    -4.15980312425175E-01
