KR TZV2P-MOLOPT-PBE-GTH-Q8
 1
 2 0 3 4 3 3 2 1
         1.80739894788004     2.77756825054504E-01    -4.14285569233001E-01     1.92004994510813E-01     6.19372570673507E-01    -1.79945165584764E-01    -3.92530611171424E-01     5.67782424614722E-01    -1.46888822277129E-01    -5.91258639493084E-02
         1.65111167180844    -1.39800850990444E-01     1.17108013441431E-01    -9.31425962472188E-01    -6.17774698655777E-01     1.94152322082872E-01    -7.36368024258097E-01    -6.62959199657033E-01    -6.23318639186982E-01     3.34395002861273E-01
         0.41967761989538    -4.31204822578797E-01     7.32096837383230E-01     3.02762656972722E-01    -3.81289333770424E-01     1.40992411512485E-01     5.51044724192032E-01    -4.80179676509759E-01     7.30036937052810E-01     9.37236111196775E-01
         0.12928062725261    -8.46976545828028E-01    -5.27908515754920E-01     6.25662213856481E-02     2.98915513734170E-01     9.53963182260403E-01    -5.61819221304954E-03    -8.68083875885108E-02    -2.38628620393024E-01     7.91996599891948E-02
KR TZVP-MOLOPT-PBE-GTH-q8
 1
 2 0 2 4 3 3 1
         1.80739894788004     2.77756825054504E-01    -4.14285569233001E-01     1.92004994510813E-01     6.19372570673507E-01    -1.79945165584764E-01    -3.92530611171424E-01     5.67782424614722E-01
         1.65111167180844    -1.39800850990444E-01     1.17108013441431E-01    -9.31425962472188E-01    -6.17774698655777E-01     1.94152322082872E-01    -7.36368024258097E-01    -6.62959199657033E-01
         0.41967761989538    -4.31204822578797E-01     7.32096837383230E-01     3.02762656972722E-01    -3.81289333770424E-01     1.40992411512485E-01     5.51044724192032E-01    -4.80179676509759E-01
         0.12928062725261    -8.46976545828028E-01    -5.27908515754920E-01     6.25662213856481E-02     2.98915513734170E-01     9.53963182260403E-01    -5.61819221304954E-03    -8.68083875885108E-02
KR DZVP-MOLOPT-PBE-GTH-q8
 1
 2 0 2 4 2 2 1
         1.80739894788004     2.77756825054504E-01    -4.14285569233001E-01     6.19372570673507E-01    -1.79945165584764E-01     5.67782424614722E-01
         1.65111167180844    -1.39800850990444E-01     1.17108013441431E-01    -6.17774698655777E-01     1.94152322082872E-01    -6.62959199657033E-01
         0.41967761989538    -4.31204822578797E-01     7.32096837383230E-01    -3.81289333770424E-01     1.40992411512485E-01    -4.80179676509759E-01
         0.12928062725261    -8.46976545828028E-01    -5.27908515754920E-01     2.98915513734170E-01     9.53963182260403E-01    -8.68083875885108E-02
XE TZV2P-MOLOPT-PBE-GTH-Q8
 1
 2 0 3 4 3 3 2 1
         0.91002149819418     7.10561734872125E-01    -9.10142757581694E-02     6.57783254878040E-01    -6.75424329937173E-01     6.02366602681447E-02    -5.84709311468914E-01     3.66538091049708E-01     1.52049259577109E-01     1.45443798560202E-02
         0.84467042999473    -6.88962428374585E-01    -1.16317460957648E-01     7.14336328063572E-01     6.86268895099868E-01    -1.86488403820151E-01    -6.82017218191265E-01    -3.93548769815277E-01    -2.13488675286906E-01     9.23129345954241E-02
         0.24137284829354    -1.03368337164779E-01     7.57271101408199E-01    -1.16315348552382E-02     2.69846248571973E-01     6.12359664034117E-01     2.76622870545375E-01    -6.19270173644334E-01     7.66869565223738E-01     9.89139533772180E-01
         0.08489800714197    -9.87308467273462E-02    -6.36181679126800E-01    -2.38557136568193E-01    -4.46993053190667E-03    -7.65904211938005E-01     3.41243787728705E-01    -5.72078356189984E-01    -5.85845268069864E-01    -1.13444990413590E-01
XE TZVP-MOLOPT-PBE-GTH-q8
 1
 2 0 2 4 3 3 1
         0.91002149819418     7.10561734872125E-01    -9.10142757581694E-02     6.57783254878040E-01    -6.75424329937173E-01     6.02366602681447E-02    -5.84709311468914E-01     3.66538091049708E-01
         0.84467042999473    -6.88962428374585E-01    -1.16317460957648E-01     7.14336328063572E-01     6.86268895099868E-01    -1.86488403820151E-01    -6.82017218191265E-01    -3.93548769815277E-01
         0.24137284829354    -1.03368337164779E-01     7.57271101408199E-01    -1.16315348552382E-02     2.69846248571973E-01     6.12359664034117E-01     2.76622870545375E-01    -6.19270173644334E-01
         0.08489800714197    -9.87308467273462E-02    -6.36181679126800E-01    -2.38557136568193E-01    -4.46993053190667E-03    -7.65904211938005E-01     3.41243787728705E-01    -5.72078356189984E-01
XE DZVP-MOLOPT-PBE-GTH-q8
 1
 2 0 2 4 2 2 1
         0.91002149819418     7.10561734872125E-01    -9.10142757581694E-02    -6.75424329937173E-01     6.02366602681447E-02     3.66538091049708E-01
         0.84467042999473    -6.88962428374585E-01    -1.16317460957648E-01     6.86268895099868E-01    -1.86488403820151E-01    -3.93548769815277E-01
         0.24137284829354    -1.03368337164779E-01     7.57271101408199E-01     2.69846248571973E-01     6.12359664034117E-01    -6.19270173644334E-01
         0.08489800714197    -9.87308467273462E-02    -6.36181679126800E-01    -4.46993053190667E-03    -7.65904211938005E-01    -5.72078356189984E-01
RN TZV2P-MOLOPT-PBE-GTH-Q8
 1
 2 0 3 4 3 3 2 1
         1.85687190777427    -4.60216404411063E-01    -4.66817005088422E-01     1.60504967508642E-01    -4.23769765991498E-01    -8.48250419926953E-02    -5.37132145230472E-01    -5.60428538144614E-02    -8.03369299096880E-02    -2.83561403901141E-02
         1.63653001685247     8.18206686031667E-01    -5.06424819987775E-01    -1.55085638654659E-01     5.59121049341645E-01     1.67252884286955E-01    -7.78593110651424E-01     1.57425921360600E-01    -1.13326537102999E-01     2.02925523429333E-02
         0.30650314194320    -3.44232771930311E-01    -5.58718135767032E-01    -6.17332580685646E-01    -5.57702024477237E-01    -4.58715586933743E-01    -3.16859179531415E-01    -4.23476787614473E-01     8.88409491788345E-01     9.68725422907316E-01
         0.10319282589091    -1.55717299361310E-02    -4.62006309724919E-01     7.54378608466681E-01     4.43589099853231E-01    -8.68568474705745E-01     6.98719325117752E-02    -8.90361549131489E-01    -4.37529025987194E-01     2.45672946485009E-01
RN TZVP-MOLOPT-PBE-GTH-q8
 1
 2 0 2 4 3 3 1
         1.85687190777427    -4.60216404411063E-01    -4.66817005088422E-01     1.60504967508642E-01    -4.23769765991498E-01    -8.48250419926953E-02    -5.37132145230472E-01    -5.60428538144614E-02
         1.63653001685247     8.18206686031667E-01    -5.06424819987775E-01    -1.55085638654659E-01     5.59121049341645E-01     1.67252884286955E-01    -7.78593110651424E-01     1.57425921360600E-01
         0.30650314194320    -3.44232771930311E-01    -5.58718135767032E-01    -6.17332580685646E-01    -5.57702024477237E-01    -4.58715586933743E-01    -3.16859179531415E-01    -4.23476787614473E-01
         0.10319282589091    -1.55717299361310E-02    -4.62006309724919E-01     7.54378608466681E-01     4.43589099853231E-01    -8.68568474705745E-01     6.98719325117752E-02    -8.90361549131489E-01
RN DZVP-MOLOPT-PBE-GTH-q8
 1
 2 0 2 4 2 2 1
         1.85687190777427    -4.60216404411063E-01    -4.66817005088422E-01    -4.23769765991498E-01    -8.48250419926953E-02    -5.60428538144614E-02
         1.63653001685247     8.18206686031667E-01    -5.06424819987775E-01     5.59121049341645E-01     1.67252884286955E-01     1.57425921360600E-01
         0.30650314194320    -3.44232771930311E-01    -5.58718135767032E-01    -5.57702024477237E-01    -4.58715586933743E-01    -4.23476787614473E-01
         0.10319282589091    -1.55717299361310E-02    -4.62006309724919E-01     4.43589099853231E-01    -8.68568474705745E-01    -8.90361549131489E-01
