IN QZVPP-MOLOPT-PBE-Q21
 2
 1 0 2 10 2 2 1
      8931.94583996833535     1.42557345900902E-03    -2.40119453079890E-03     5.37155725703584E-04     8.75104918922197E-04     1.89808791601523E-05
      1352.24458162187943    -4.82354589523359E-03     8.50535599260901E-03    -3.63895581382246E-02    -6.07167635831906E-02    -5.65176021268246E-05
       303.27677785713689     1.09424758883103E-02    -1.77720818213772E-02     9.57156852227680E-03     1.53739800324410E-02     2.03667263031771E-04
        45.22757333476090    -1.36530069027548E-02     3.91798123597484E-02    -6.12707929705099E-02    -9.07879469055739E-02     1.07281942380486E-03
        28.27820788672217    -1.70285210506516E-01     1.44933843346276E-01     9.43085769006372E-02     1.18350744515415E-01     6.47342927207820E-03
        17.71952759030475     4.94415334366162E-01    -3.91153272186997E-01    -2.05874312445187E-02    -1.40853218531052E-02    -1.50442632985009E-02
         6.86672072257352    -6.42982775118479E-01     8.68962413720382E-02     1.76054984136396E-01     7.69898765319640E-01    -2.57578123100734E-02
         4.01261485799843    -3.61688773835372E-01     2.60776361247041E-01     7.87579041787380E-01    -1.71964363291554E-01     2.51863230348853E-01
         1.89684005714534     3.93782686175854E-01     8.02935449789473E-01     5.74414527622784E-01    -1.00470983110780E-01     6.57194416496646E-01
         0.83259852628830    -1.64056578186119E-01    -3.22185790231781E-01     6.54498470483059E-02     5.84138967795092E-01     7.09737638925649E-01
 1 0 4 7 5 4 3 4 1
         4.31575449599087    -3.41658126003067E-02    -4.72311077995222E-03    -5.00897296089086E-02    -2.28154230137301E-02    -3.35364540260784E-02     2.68589329651800E-01    -1.45800817045971E-01    -2.47787124610758E-01     2.10419609390002E-02     1.46521963110620E-01     2.91918584943477E-01     9.11500043152769E-02     9.51739921454207E-01    -9.19580296252727E-02     1.48103422484812E-01     1.52683602353437E-01    -1.65294464455755E-03
         1.04977605517779    -2.12822689482368E-01    -2.16220430051870E-01    -1.11200294147390E-02     4.77029790062010E-01     3.78652733391700E-01    -1.00757096789020E-01     2.15757819032470E-01    -2.89639384894802E-02     2.95969593896340E-01    -2.71256449597803E-01    -1.66631888478361E-01     3.52331194354051E-02     7.10732408771149E-02     7.06640744390464E-01     1.28640801205662E-01     4.73963847169047E-01     9.85917819635976E-02
         0.97547147701437     7.48455183752260E-01     1.95347838719408E-01     2.03492986565180E-01    -3.75902231212831E-01     1.68270569284805E-01    -6.61165187996766E-01    -7.25635080326286E-02     5.46178066710733E-01    -1.34503251146610E-01    -2.59538198646789E-01    -4.94759083063667E-01    -1.75587986212738E-01     1.23922427330211E-02     6.40792983833002E-01     1.45158210931415E-01    -4.82404632620712E-01    -9.32926173424301E-02
         0.30671204232477    -5.70567695722117E-01     2.79471662458055E-01     3.67808788757441E-01    -4.78476276571606E-01    -2.90010174038786E-01     3.56760268440348E-01    -7.41628022733205E-01     2.69118932390363E-01    -3.25139597123178E-01     5.77252442997326E-01    -5.51648851653705E-01     4.90114728956024E-01     9.74879106869206E-03     2.18490303323962E-02     6.42651121042560E-01    -3.50245489005746E-01     8.19218776227825E-01
         0.20105472137713     1.28810460801944E-01    -7.49652489582198E-01     5.71770756689935E-01     1.19680630473507E-02    -3.05505245935605E-01     3.15326342686008E-01     3.63705901054993E-01    -1.37233380695622E-01    -2.41404546837078E-01     5.79974546059114E-01     5.08473628520466E-02    -7.56682063227219E-01    -2.55419051015908E-01    -1.03051923298967E-01     5.03945718206399E-01     5.70326437986743E-01    -2.99142315741166E-01
         0.15858643231148     1.07706629152278E-01     5.23106367787114E-01     5.70570676940686E-01     5.94825943712577E-01    -1.33835575866545E-01     4.73028845870599E-01     4.32331151453091E-01     7.12179175707839E-01    -4.37102167496849E-02     4.02867627889452E-01     2.75560316597825E-01     3.07390014684927E-01     9.98718742902786E-02    -1.89502963036572E-01     2.45739645903062E-01    -2.66220944931308E-01    -4.63168095031269E-01
         0.05231411673800    -1.99031881436670E-01    -3.66347169651571E-02     4.10124331971117E-01    -2.18446477075788E-01     7.94878048225768E-01     1.73503582297347E-01    -2.40251725269425E-01     2.02472150500905E-01     8.53209010090920E-01    -7.54850561161207E-02     5.09308752437438E-01     2.28801987815869E-01     1.16952241698006E-01     1.85952894581947E-01    -4.61623537602078E-01     2.26720007835827E-02    -8.02695658798949E-02
H QZVPP-MOLOPT-PBE-AE
 2
 1 0 0 4 1
       190.54117440353127     1.96600972886938E-02
        28.48589623081718     5.38615245148400E-01
         6.82683105625948     8.41690491707832E-01
         1.91976916792120    -3.26222996883324E-02
 1 0 3 4 3 3 2 1
         3.13044722440195    -3.66327628299461E-01     2.56023465069061E-01     1.80301571342015E-01     9.57864765395543E-01    -2.86990854469403E-01     7.09708425215968E-03     9.99207337838246E-01    -1.14391682399844E-02     5.85140484472903E-01
         0.96627664577475     8.95826280526715E-01     1.78507674168198E-01     3.15139388181339E-01     2.45050348375012E-01     8.29767518144689E-01     5.01170647875718E-01     1.62635846128724E-02     9.81329325317073E-01     6.84086073735301E-01
         0.31928820204257    -2.30012077387642E-01     6.10224429055026E-01     6.40105374762635E-01    -1.47922353363481E-01    -4.66731275488582E-01     8.51205422301253E-01    -4.48915950780499E-03     1.60295348734119E-01    -4.27324109791794E-01
         0.10666805621490    -1.01949929465328E-01    -7.28157360590113E-01     6.77084646545968E-01     2.37570063441528E-02     1.06226323308904E-01    -1.55650063115620E-01     3.60560573643188E-02    -1.05675455413839E-01    -8.38508338830758E-02
O QZVPP-MOLOPT-PBE-AE
 3
 1 0 0 8 1
    116506.38604434675653    -9.98096455193836E-05
     17504.60971368530591     2.33919295977431E-03
      3993.52399023383759     6.88020418607601E-03
      1133.09478918324885     4.13200618900893E-02
       369.82539210352701     1.15856592130636E-01
       133.78894948022503     3.83521465148008E-01
        52.21462909576736     4.11693815406844E-01
        21.67293595845605     8.17457382177472E-01
 1 0 1 5 2 1
       191.04192564330430    -5.10687570632457E-03     2.62695839052370E-02     1.26002594453494E-02
        45.06231751131436     7.10386627064769E-01    -6.24048153127724E-01     1.12036824182174E-01
        14.05235016622558     5.61186314944367E-01     2.63654168302179E-01     6.01861899721717E-01
         5.51919750076573     3.93930461642211E-01     7.34005739981864E-01     3.82904045403275E-01
         2.22318311118849     1.58787503341973E-01     3.99482759313346E-02     6.91690486537335E-01
 1 0 4 4 4 3 3 2 1
         4.07110969272635     8.35823185743741E-01     1.43707378138683E-01    -5.04975809725526E-01    -1.60459413041861E-01     1.72086536028372E-01     1.83573320585855E-01    -5.65096491463834E-01     5.87117703432284E-01    -6.86150954111257E-01     3.38448518372782E-01     7.96331496602706E-01    -4.06031379618403E-01     7.19190810290016E-01
         1.29660548931134    -3.21106263793023E-01     8.70808213615098E-01    -3.35156402976138E-01     1.62030885936799E-01     7.37714269017482E-01    -1.23907267761277E-01     5.94500398393531E-01     7.22514408166509E-01     6.34126435292987E-01    -1.48853997263073E-01     5.96617421514652E-01     6.47582903144410E-01     6.77717136798244E-01
         0.45442777800760     1.72702329034076E-01     4.19606306388715E-01     6.11297846324634E-01    -6.48397560346960E-01     6.52371782439809E-01     1.27228381173723E-01    -5.13977719496993E-01    -3.94104996625507E-02     3.37150724159123E-01     9.16679165386756E-01    -9.80648777410346E-02     6.03388801969736E-01     3.99419887891043E-02
         0.14870720086566     4.10443997485985E-01     2.12065537529809E-01     5.08905256619550E-01     7.26346592547186E-01    -2.39778831856476E-02     9.66830266380264E-01     2.51121754346111E-01     3.62922229719464E-01    -1.15801215165473E-01    -1.51639030780056E-01     1.69434240146108E-02    -2.27369426215928E-01    -1.47880689800770E-01
CL QZVPP-MOLOPT-PBE-AE
 3
 1 0 0 10 1
   1467458.93775052158162     5.00027973996311E-05
    219756.22561595341540     2.92119625382510E-04
     50010.78269045410707     1.28590722749441E-03
     14164.71914344428478     6.48940441751174E-03
      4620.77877126598923     1.97871266811614E-02
      1667.78852683964556     6.65018359892871E-02
       650.34523295930057     1.78047411514083E-01
       269.43766657761569     4.24217234215202E-01
       117.09536851846944     6.88319212568402E-01
        52.76000788002602     5.56504843396412E-01
 1 0 1 8 2 2
      2501.95646798690223    -3.82883357554072E-02     8.37909091563773E-02     4.17887012633053E-04     1.59916949870661E-03
       592.94635448432632    -4.07348538060098E-02     1.30718267465741E-01     3.99041739687339E-03    -2.59213449401013E-02
       192.18114183797039     2.20528820527411E-01    -1.98966788392605E-01     2.18359541428443E-02     3.32964376441369E-02
        72.87930898689872     7.33114974004280E-01    -3.92594344886567E-01     8.68350005331845E-02    -2.17375228769997E-01
        30.43574290352728     6.34280900802578E-01     5.37964084760841E-01     2.47733889523512E-01    -2.17956740087419E-01
        13.46035723428640     7.71650835004062E-03     6.98209154610030E-01     5.32066586940945E-01    -4.48983934995352E-01
         5.97563269106637     1.31312121901711E-02     1.06376827476728E-02     7.10008437176348E-01     6.90916424895068E-01
         3.08191027511841    -9.07739768895670E-02     7.18273987087125E-02     3.78665897473595E-01    -4.73822396122835E-01
 1 0 4 6 6 4 4 2 1
         9.78337990819075     8.91563859098250E-01     4.20492586467600E-01    -1.05500184052396E-01    -6.37580026009092E-03    -1.27727899356303E-01    -2.85396905660187E-02    -1.53857744271598E-02     1.06253051057092E-01    -1.15431250361608E-01    -2.24073346383234E-02     3.39725575429827E-02     1.01895475255016E-01     3.78215008137413E-02    -4.46426713878059E-02    -6.35534933198293E-02     3.84866238399188E-02    -6.11006722560778E-02
         4.33269446539561    -4.29731410091877E-01     7.82174610574314E-01    -3.34369761244485E-01    -2.72432075009675E-01    -1.25354633131214E-01    -4.23985492338582E-02     7.30865995598478E-02    -1.69780800664228E-01     9.20852072943818E-03     3.68926930660954E-02     9.84874476080405E-01    -1.38014851189017E-01    -4.74208272594507E-02     1.83642605819760E-02     4.69010615356294E-02    -6.41463169582076E-02    -1.95982450216892E-02
         1.89618722201134    -1.08607609504601E-01     3.85249243565499E-01     8.24406939689850E-01     3.51646048346057E-01    -1.90711290748148E-01     1.07175344599846E-02     9.91627029311956E-01     8.56131566559374E-02    -7.28575131920513E-02     2.31284362812144E-02     7.90619312155555E-02     7.33791834593761E-01    -6.62746105231222E-01     4.37386186866967E-02     6.43881756150717E-01    -4.40208755319482E-01     7.22168984314687E-01
         0.75937665037877    -8.64870311670285E-02     5.72642042507304E-02    -4.40832017733930E-01     8.81987013108728E-01    -1.10544464050763E-01     6.91864630354052E-02    -7.17104623334244E-02     9.75883878241501E-01     2.82742999161818E-02    -5.63192675837825E-03     1.32325112586378E-01     6.30921978952516E-01     7.45720946790107E-01     7.09504044527997E-02     7.55448939940310E-01     4.62184592162924E-01     6.65787803325587E-01
         0.29257745973674     3.21350778484430E-02     2.43787785919905E-01     5.55589531759151E-02     1.28047138769592E-01     9.55294229503361E-01     8.63997700254051E-02     6.90556986584205E-02    -6.16188331121305E-03     9.83715665542611E-01     1.12973648641345E-01    -3.38233190166359E-02    -5.85726486891373E-02    -1.98834428606854E-02     9.93139085193975E-01    -8.21528343028837E-02     7.63814987833132E-01     1.70005500533451E-01
         0.10605356801669     1.16840788925550E-02     1.61310253462363E-02    -3.26472144511487E-04    -8.82496986965603E-02    -8.24248737035741E-02     9.92482391084379E-01    -3.44438923863824E-02     1.29554489179424E-02    -1.13078139742878E-01     9.92374501940459E-01    -6.29554636350571E-02     1.75001307873770E-01     2.43581082505283E-02    -6.63137740448836E-02    -4.15371998214924E-02    -5.99362050420123E-02     4.66830318968192E-02
