IN TZVPP-MOLOPT-PBE-Q21
 2
 1 0 2 8 1 1 1
       847.58442722217148     2.36161246066980E-04     9.62637409755976E-05     1.38297787758800E-04
        71.97937257212074     2.45083423519171E-03    -1.33461760793201E-03    -2.16026527731785E-03
        40.96440781527832    -9.99287727995213E-03     4.16103983633393E-03     7.53788306024041E-03
        12.14193817783559     8.67032197846857E-01     6.66023515413069E-02    -5.56313724460978E-02
         8.05218372912208    -6.68621992615355E-02    -5.01817372781643E-01     7.59523480588165E-02
         2.74213794852594     4.30123098186991E-02     7.21706573076003E-01     5.29876873216820E-01
         1.11000035730576    -3.86247411299914E-01     4.48943139860836E-01     7.07198024399712E-01
         0.43584953409633     3.04370781643081E-01    -1.45993239470522E-01     4.58449930947590E-01
 1 0 3 7 5 4 2 2
        11.61124657492034     5.19739425814668E-01    -3.27421362469885E-01    -1.00046011625051E-01    -1.04476012225818E-01     1.29527323706696E-01    -6.58965585602008E-02    -9.06167286880407E-02    -4.24562898239468E-01     1.97860007721117E-01    -8.17273551405081E-02     8.80621774975640E-02    -1.77063839225578E-02    -1.60799346848489E-02
         6.41390432584162     5.18383309187236E-01    -2.70667418526767E-01     8.04539713942499E-02     6.87275916015474E-01    -5.81833679832494E-02     8.43073265738135E-02    -1.63325524568070E-01    -4.20014913256046E-01     8.94072705311293E-02     1.59414173223345E-01    -1.66918413994290E-01     7.59512102799621E-02     5.13530508144655E-02
         1.29454408067228     2.29522644655235E-01     8.54523904752264E-01    -7.43481752392512E-02     3.08232695996514E-01    -1.98447897365608E-01     6.55376547278715E-01    -3.13732868958078E-01    -4.96859330554208E-01    -1.55866678018919E-01    -8.42549546944960E-02     2.22700114014990E-01    -3.67434078886861E-01     6.48931318990393E-02
         0.66588369066615    -1.08831259958001E-01    -1.03286995242018E-01     8.03322955818202E-01     1.76745523979324E-01    -2.43528567666887E-01     3.61854452279553E-01    -2.25510774081512E-01     4.16560141465042E-01    -5.52553897883277E-01     3.03140157982917E-01    -2.73602151591612E-01     8.41228388263976E-01     4.28675646022803E-01
         0.38261962208714     1.44153798177179E-01    -1.20127759122761E-01    -4.77947043662579E-01     6.38447308903392E-02    -1.75962009260600E-01     5.42406313440404E-01     7.86884995829797E-01     4.32816612002093E-02     6.92810083127288E-02     5.00625458994573E-01     8.02132106425118E-01    -3.56535804878952E-01     7.86818204302348E-01
         0.16807759921575    -5.97238954451508E-01    -1.55222339758686E-01    -2.64735051255024E-01     6.19410627501928E-01     1.96592225377212E-01     2.91467636223622E-01    -1.30546039414194E-01     2.36662939168188E-01     7.52152360454205E-01    -7.86295379088706E-01     3.36404444033297E-01    -1.25056873368310E-01     4.29901217342607E-01
         0.05734720026445     1.38383887115206E-01     2.00325833319673E-01     1.84782324993802E-01     5.23882418266119E-02     9.00854319567264E-01     2.21212257961889E-01    -4.23792041154787E-01     4.06275304803150E-01     2.29596372986284E-01    -5.35113586037201E-03     2.88696989424588E-01     9.21297581643082E-02    -7.23355273542459E-02
H TZVPP-MOLOPT-PBE-AE
 1
 1 0 2 5 3 2 1
        34.17773832674855    -4.67038702307212E-01     3.25930727691839E-01    -1.51283436822271E-01    -1.00054440080746E-01     7.49322156514700E-02     1.29694886730211E-02
         4.94770130521271    -8.38132979846024E-02     2.28656356488893E-01    -2.28133785557746E-02     1.35570007424312E-01    -4.78523016653350E-02    -4.42398660674758E-02
         1.06512662518152     8.14717082181122E-01     2.11440298046549E-01     2.96545250287854E-01     9.76472815332876E-01     6.34720246090092E-02     9.35175251752971E-01
         0.29382327136550    -1.33307568322592E-01     8.19165770735029E-01     3.66068869122815E-01    -2.64980945419224E-02     9.79893619096044E-01     2.87655408521357E-01
         0.09137129667664    -3.05475612542697E-01    -3.54606643763996E-01     8.68704419864991E-01     1.31941555275947E-01    -1.66958430843673E-01    -2.01435451376045E-01
O TZVPP-MOLOPT-PBE-AE
 2
 1 0 0 6 1
     27032.34110717467047     7.35264897360634E-04
      4052.43915960016602     8.66846509689763E-03
       922.34965292725667     3.34607178584762E-02
       261.27735857055188     1.68914563970243E-01
        85.30942400544160     3.28333881314405E-01
        31.08080221478707     9.28692322525900E-01
 1 0 3 6 4 3 2 1
        62.91495630413323     1.16332726109966E-01    -5.81371416541881E-02     1.11937556008261E-02     5.75105170781194E-02    -1.16673038976174E-01     1.57254063503839E-01    -3.81929188419382E-02     1.36166697203113E-01    -8.71583721921845E-02     3.21000644845466E-04
        12.30944986692977     8.69241308775708E-01    -1.42460076990705E-02    -1.06600413011436E-01    -2.47597695986788E-02     1.45932079266690E-01    -6.05243600472558E-02     1.73638156652357E-02    -3.58452443966721E-02     4.76694147153259E-02     4.38837435813283E-02
         4.39539910954103     4.65741956926282E-01    -6.40342096322616E-02    -3.00344470998385E-02    -3.98106989985230E-03     3.91422103647488E-01     5.26377359502661E-02    -3.09523103597808E-02     7.70731222820744E-01    -3.53322944888660E-01    -1.34769543790620E-01
         1.33540846189799     9.21608149605863E-03     9.33076668604289E-01    -3.27550581669708E-01    -1.21459202569881E-01     9.00080356671289E-01     4.50466786404856E-02    -1.97504472088648E-02     5.53665920222864E-01     3.94485051877056E-01     9.40647803425498E-01
         0.45443287552085     9.32917636734327E-02     2.31107250617785E-01     8.41720615852045E-01    -4.78471205438802E-01    -3.61150582409544E-02     9.80775789580233E-01    -6.12678902654526E-02     1.14853463706434E-01     8.35162106564474E-01     2.94962206933611E-01
         0.14893102365245     7.19887781862831E-02     2.61293155746377E-01     4.14519004469322E-01     8.67396456641546E-01     2.07610475621550E-02     6.99062044682833E-02     9.96563053096360E-01     2.57701109533086E-01    -1.10361865139449E-01     8.99460419695147E-02
CL TZVPP-MOLOPT-PBE-AE
 3
 1 0 0 7 1
     69508.00450217274192     8.54639670881115E-04
     10426.07404861877149     6.36610882195957E-03
      2373.21372557596396     3.32269466123591E-02
       671.48082610673112     1.29170911439118E-01
       218.35953271185565     3.78680461942424E-01
        77.68193958237838     7.12972790189941E-01
        28.63569494373375     5.74839539435266E-01
 1 0 1 5 1 1
       666.45268090401123     1.43814656418117E-03     5.81778333606563E-03
       157.54073854080110     2.68716178613030E-02     4.29983499959330E-02
        50.27147981024441     2.23252919385808E-01     2.08198314680469E-01
        18.56181800307728     1.26049949313096E-01     5.59198731644810E-01
         7.67698456608668    -9.66201527711407E-01     8.01291167794660E-01
 1 0 3 5 3 4 3 1
         7.92291630827550    -3.55714849236007E-02    -2.05335282550433E-02    -6.21248979322775E-03     1.19403838140099E-01     1.05841381548266E-01    -1.46122271692726E-02     1.83454633514435E-02    -6.37399836508334E-02     8.49429480795528E-02     1.55420574128900E-02     9.92703827764435E-03
         3.21359254353200     9.59549625721583E-01    -2.59950857602373E-02    -1.29366285576508E-01     9.67663531581177E-01     2.77689868599938E-03     2.12406118864062E-01    -7.59992235115861E-02     9.93189642383517E-01     9.67974271551950E-02     3.26871756359324E-02     7.10821712077589E-02
         1.26147295769703     2.42813469124242E-01     1.04956178351874E-01    -5.23619012807164E-02    -7.82419592685200E-03     9.92946336504231E-01    -1.67130180932895E-02     4.83191202193000E-02    -8.82726077217294E-02     9.57739641027515E-01    -9.19882652581050E-02     1.80157385026295E-01
         0.41296442360435    -1.45904199321127E-02     9.89285109716447E-01    -9.35576426318930E-02    -2.17443131180686E-01     2.49858269018969E-02     9.66832988440937E-01    -1.25324606656000E-01    -3.65554258774248E-02     3.24811484808539E-02     9.74023579148050E-01     9.80783981908141E-01
         0.13005620364658     1.37214882924396E-01     9.59260238559098E-02     9.85764154311841E-01     4.50253233824506E-02    -4.71505255802842E-02     1.40088439832982E-01     9.87849466056346E-01    -1.95754006656028E-02     2.55136647045343E-01     2.03730752020278E-01    -2.13278292454652E-02
