IN SVP-MOLOPT-PBE-Q21
 2
 1 0 2 6 1 1 1
       284.16225454801145     6.03072162242890E-04    -1.08034244754483E-04     2.59193426677761E-04
        23.65931660161881    -6.29250238650738E-02     1.25158340558668E-02     1.96000246509252E-02
        16.83879590545719     1.92407255371251E-01    -1.17975245832897E-02    -3.62938437218980E-02
         6.54384150785528    -4.77836760742081E-01    -2.04560444276043E-01     3.54987978928776E-02
         2.95557063669114    -2.20935542606082E-02    -5.14423790936270E-01     5.92137684750604E-01
         1.24107281834438     8.54519415051348E-01     8.32602755578276E-01     8.03997093531249E-01
 1 0 2 4 3 3 1
         3.11160649692857    -2.89130597304969E-01    -3.33397766996804E-01    -2.15218603943669E-01     6.04849127031556E-01    -7.44334645304289E-01    -8.06368958155822E-02    -1.13173908274826E-01
         0.46050170825438    -5.24790923667095E-01     4.03631682148163E-01    -7.22752337078121E-01     1.56893557173575E-02    -2.47059772724458E-01    -4.63906785149729E-01     9.91169571134724E-01
         0.25302602454972    -5.57003913613682E-01     5.02891487966517E-01     6.39844967537428E-01     5.52517490588124E-01     5.71640438799304E-01    -5.84323929911155E-01     2.95187833538431E-02
         0.06950217405055    -5.75104011773306E-01    -6.87769980050461E-01     1.48014963033062E-01     5.73267651486233E-01     2.41152676183403E-01     6.60949113516656E-01     6.24755085750947E-02
H SVP-MOLOPT-PBE-AE
 1
 2 0 1 4 2 1
        12.24885489931877     9.13601065893484E-02    -2.92233653979741E-02    -2.98536765580705E-02
         1.44668572118719     5.46801357436806E-01    -1.89238960127749E-01     5.05674686289909E-01
         0.37494771895490     8.27248429081306E-01     2.01024168753657E-02     8.56401740098416E-01
         0.11192006491493     9.12230399173390E-02     9.81290224001215E-01     9.98895850325395E-02
O SVP-MOLOPT-PBE-AE
 2
 1 0 0 7 3
      2266.11882679815517    -6.53195164418799E-03     4.31511781018852E-03    -1.50255386286268E-02
       340.90332514956907    -6.49692043203330E-02    -8.38643395903431E-03     2.78970138112306E-02
        76.92814265988143    -2.68398557546813E-01     9.66356731438743E-02    -1.03149893654597E-01
        19.69260394517260    -7.46654382968193E-01     7.27513962145946E-02    -4.77845342576543E-02
         5.94653840051691    -5.84020787076508E-01     6.76448442348491E-02    -6.55152912382769E-02
         0.94188304160944     1.58317373375200E-01     7.83140450398519E-01    -5.91846167956205E-01
         0.29333843489112    -7.81743877443225E-03     6.06131205686227E-01     7.94668854066698E-01
 2 1 2 4 2 1
        16.36868614237306     1.01723539743118E-01    -2.55855611750852E-02     8.33706707858758E-03
         2.90797745788635     5.10732722414240E-01    -9.49942456369113E-02     1.82905409616553E-01
         0.75006795444374     8.35859133120747E-01    -1.43391921218567E-01     8.94419927848460E-01
         0.19193642427748     1.73620037138872E-01     9.84764047518226E-01     4.08030755106872E-01
CL SVP-MOLOPT-PBE-AE
 3
 1 0 0 5 1
     10449.73865986333476     7.92960573941961E-03
      1571.78177464848341     6.21680867531297E-02
       357.17329535888280     2.69577117620510E-01
       100.08667457398440     7.19173472798793E-01
        30.61002596530858     6.37330325671244E-01
 1 0 0 5 3
        51.91245118574216    -1.18096328736624E-01    -6.40377047377502E-02     3.89634888740843E-02
         5.60412729707609     7.74483936348342E-01    -1.94653261999477E-01     5.74322043222265E-01
         2.19075124977087     6.12385827448821E-01     3.85229430631324E-01    -6.60064309823226E-01
         0.56484358945251    -5.02206802462349E-02     5.97599003556938E-01     4.62892544090272E-01
         0.20200153999791    -9.32167961943450E-02     6.72668563772758E-01     1.36680784044379E-01
 1 1 2 7 3 1
       307.66262352364191    -1.41860191757227E-02     4.53707609941391E-03    -4.23704216636409E-03     5.12444630001981E-03
        72.14728379673939    -8.85277776059412E-02    -4.94482703050064E-03    -1.47096881368273E-02    -3.60621072277412E-03
        22.55518606717056    -3.78386770918235E-01    -9.49655880135036E-04     2.33703317780398E-03     7.21261594348665E-03
         7.24782137179115    -7.68325377362051E-01    -8.89706781187266E-02    -6.32538811770098E-02    -8.30729065003500E-03
         2.47105439082271    -5.07191220590418E-01     1.39408082259565E-01     2.81680450029172E-02     2.51018124766366E-01
         0.54359214040661     1.77332693550757E-03     9.86199274331532E-01    -1.36123356582732E-02     8.60344615069135E-01
         0.15406764967487    -3.48579490965011E-02     3.82859289817821E-03     9.97386797034735E-01     4.43437421456475E-01
