CO TZV2P-MOLOPT-SCAN-GTH-Q17
 1
 2 0 3 6 4 3 3 2
        14.78515183074338    -4.59484896510670E-01     3.36226021844859E-02     5.60703765018214E-01     1.01345944572044E-01     1.67147932939953E-02     6.69384468729572E-03     8.84646741151036E-04     1.62294998300398E-02    -1.34439233228452E-03    -2.17942051350099E-03     2.90996514190052E-05    -3.90129644309292E-02
         6.65436501525399     1.88025328998741E-01     1.31923423533757E-01     4.32828152647699E-01     1.99117559346977E-01    -4.71734008772280E-02    -4.30287205064610E-02     1.79557518733557E-02     4.20688963829917E-01    -1.96403094970010E-01     9.16855065599061E-02    -4.95562383163282E-03    -2.93016068142451E-01
         2.45607634261107    -3.16142647681143E-01    -2.76805658062519E-01    -5.76849155339632E-01    -2.25826785116451E-01    -7.86679871104898E-01    -2.71509958442108E-01     1.19240710812920E-01     6.08601193381216E-01    -3.00940716319189E-01     1.51842767277548E-01    -2.98573258940352E-02    -8.32436006791309E-01
         0.90545404886837    -5.88880017816098E-01    -5.06853451232307E-01     7.67630629747021E-02     3.77465348770154E-01    -4.87217189201266E-01    -2.64401451076910E-01    -1.01885490220735E-01     5.49902670731889E-01    -1.14467018281617E-01    -5.64196386527542E-03    -2.56449710893387E-01    -4.42987673317133E-01
         0.32537751033325    -4.36892485270752E-01     3.34231634191991E-01     1.86057473442566E-01    -7.32193886192187E-01    -3.03384057018172E-01     6.70224051928583E-01    -6.75176175044996E-01     3.72125058867937E-01     7.13225181551015E-01    -5.73866958670258E-01    -9.25961017690189E-01     1.52947921562028E-01
         0.10986084654690    -3.40469106941450E-01     7.32279422276294E-01    -3.53562128759350E-01     4.69569466323227E-01    -2.21827840514237E-01     6.36614213638449E-01     7.20565708866113E-01     1.07200651800298E-01     5.90817945126914E-01     7.99485881069120E-01    -2.75524446350874E-01    -6.22266766887462E-03
CO TZVP-MOLOPT-SCAN-GTH-q17
 1
 2 0 3 6 4 3 3 1
        14.78515183074338    -4.59484896510670E-01     3.36226021844859E-02     5.60703765018214E-01     1.01345944572044E-01     1.67147932939953E-02     6.69384468729572E-03     8.84646741151036E-04     1.62294998300398E-02    -1.34439233228452E-03    -2.17942051350099E-03     2.90996514190052E-05
         6.65436501525399     1.88025328998741E-01     1.31923423533757E-01     4.32828152647699E-01     1.99117559346977E-01    -4.71734008772280E-02    -4.30287205064610E-02     1.79557518733557E-02     4.20688963829917E-01    -1.96403094970010E-01     9.16855065599061E-02    -4.95562383163282E-03
         2.45607634261107    -3.16142647681143E-01    -2.76805658062519E-01    -5.76849155339632E-01    -2.25826785116451E-01    -7.86679871104898E-01    -2.71509958442108E-01     1.19240710812920E-01     6.08601193381216E-01    -3.00940716319189E-01     1.51842767277548E-01    -2.98573258940352E-02
         0.90545404886837    -5.88880017816098E-01    -5.06853451232307E-01     7.67630629747021E-02     3.77465348770154E-01    -4.87217189201266E-01    -2.64401451076910E-01    -1.01885490220735E-01     5.49902670731889E-01    -1.14467018281617E-01    -5.64196386527542E-03    -2.56449710893387E-01
         0.32537751033325    -4.36892485270752E-01     3.34231634191991E-01     1.86057473442566E-01    -7.32193886192187E-01    -3.03384057018172E-01     6.70224051928583E-01    -6.75176175044996E-01     3.72125058867937E-01     7.13225181551015E-01    -5.73866958670258E-01    -9.25961017690189E-01
         0.10986084654690    -3.40469106941450E-01     7.32279422276294E-01    -3.53562128759350E-01     4.69569466323227E-01    -2.21827840514237E-01     6.36614213638449E-01     7.20565708866113E-01     1.07200651800298E-01     5.90817945126914E-01     7.99485881069120E-01    -2.75524446350874E-01
CO DZVP-MOLOPT-SCAN-GTH-q17
 1
 2 0 3 6 3 2 2 1
        14.78515183074338    -4.59484896510670E-01     3.36226021844859E-02     5.60703765018214E-01     1.67147932939953E-02     6.69384468729572E-03     1.62294998300398E-02    -1.34439233228452E-03     2.90996514190052E-05
         6.65436501525399     1.88025328998741E-01     1.31923423533757E-01     4.32828152647699E-01    -4.71734008772280E-02    -4.30287205064610E-02     4.20688963829917E-01    -1.96403094970010E-01    -4.95562383163282E-03
         2.45607634261107    -3.16142647681143E-01    -2.76805658062519E-01    -5.76849155339632E-01    -7.86679871104898E-01    -2.71509958442108E-01     6.08601193381216E-01    -3.00940716319189E-01    -2.98573258940352E-02
         0.90545404886837    -5.88880017816098E-01    -5.06853451232307E-01     7.67630629747021E-02    -4.87217189201266E-01    -2.64401451076910E-01     5.49902670731889E-01    -1.14467018281617E-01    -2.56449710893387E-01
         0.32537751033325    -4.36892485270752E-01     3.34231634191991E-01     1.86057473442566E-01    -3.03384057018172E-01     6.70224051928583E-01     3.72125058867937E-01     7.13225181551015E-01    -9.25961017690189E-01
         0.10986084654690    -3.40469106941450E-01     7.32279422276294E-01    -3.53562128759350E-01    -2.21827840514237E-01     6.36614213638449E-01     1.07200651800298E-01     5.90817945126914E-01    -2.75524446350874E-01
CL TZV2P-MOLOPT-SCAN-GTH-Q7
 1
 2 0 3 4 3 3 2 1
         1.99031135450461     4.85018816633289E-01     1.94158525239581E-01    -1.02487019822790E-01     3.26464872695311E-01     1.51626624474172E-01    -3.04303079631876E-01     1.14349988907458E-01    -6.94120784194127E-02    -3.74274318976047E-02
         1.46501921747017    -3.69443122264159E-01     8.84925501203065E-02    -9.21581198729358E-01    -4.91090003440862E-01    -1.60659090706497E-01    -8.51979523656754E-01     2.49763916797096E-01     9.08906621638742E-01     2.75533996785233E-01
         0.40655378963524    -5.57894471564660E-01    -6.37209072162332E-01     2.04948617227288E-01    -6.93734950650820E-01    -3.56105172703454E-01     4.21045721459141E-01     9.48735957067630E-01    -2.80461592308605E-01     9.57496717801440E-01
         0.13370286337397    -5.63047320854067E-01     7.40564739914085E-01     3.13337787719621E-01    -4.13501044329990E-01     9.07957669331436E-01     6.51999036588082E-02     1.56339853108561E-01     3.00685902147853E-01    -7.66827187609711E-02
CL TZVP-MOLOPT-SCAN-GTH-q7
 1
 2 0 2 4 3 3 1
         1.99031135450461     4.85018816633289E-01     1.94158525239581E-01    -1.02487019822790E-01     3.26464872695311E-01     1.51626624474172E-01    -3.04303079631876E-01     1.14349988907458E-01
         1.46501921747017    -3.69443122264159E-01     8.84925501203065E-02    -9.21581198729358E-01    -4.91090003440862E-01    -1.60659090706497E-01    -8.51979523656754E-01     2.49763916797096E-01
         0.40655378963524    -5.57894471564660E-01    -6.37209072162332E-01     2.04948617227288E-01    -6.93734950650820E-01    -3.56105172703454E-01     4.21045721459141E-01     9.48735957067630E-01
         0.13370286337397    -5.63047320854067E-01     7.40564739914085E-01     3.13337787719621E-01    -4.13501044329990E-01     9.07957669331436E-01     6.51999036588082E-02     1.56339853108561E-01
CL DZVP-MOLOPT-SCAN-GTH-q7
 1
 2 0 2 4 2 2 1
         1.99031135450461     4.85018816633289E-01     1.94158525239581E-01     3.26464872695311E-01     1.51626624474172E-01     1.14349988907458E-01
         1.46501921747017    -3.69443122264159E-01     8.84925501203065E-02    -4.91090003440862E-01    -1.60659090706497E-01     2.49763916797096E-01
         0.40655378963524    -5.57894471564660E-01    -6.37209072162332E-01    -6.93734950650820E-01    -3.56105172703454E-01     9.48735957067630E-01
         0.13370286337397    -5.63047320854067E-01     7.40564739914085E-01    -4.13501044329990E-01     9.07957669331436E-01     1.56339853108561E-01
F TZV2P-MOLOPT-SCAN-GTH-Q7
 1
 2 0 3 5 3 3 2 1
        13.16645520019096     1.25688709752362E-01    -6.90191648196731E-02    -4.19619998203344E-01    -9.31572868763813E-02     5.00225599861602E-02    -6.88622277281857E-02    -1.02513605924922E-02    -1.03135180619022E-01    -3.14119421202531E-02
         4.67863609541364     1.25206371205048E-01    -7.54523660806367E-02    -2.93986334505468E-01    -2.93923292691458E-01     1.19602022797720E-01    -4.99826189781570E-01     4.04484470063397E-02    -1.25856773171103E-01     1.01835664406271E-01
         1.68188350144516    -4.93940854057955E-01     2.15904735709196E-01    -7.69158858630548E-01    -5.53343548452151E-01     3.11861936412921E-01     7.42571819653283E-01     4.51403790784568E-01    -8.76791264789868E-01     2.29748587047615E-01
         0.58393450944632    -7.58234802751956E-01     3.05654861844976E-01     3.81944805550917E-01    -6.44505933144035E-01     2.69615230808562E-01    -4.36892722870730E-01     8.90352206116421E-01     4.45248862484439E-01     9.66043910568162E-01
         0.18571155118612    -3.86817953873203E-01    -9.21685166349822E-01     1.97684968795902E-03    -4.28198362261887E-01    -9.01799789070697E-01     5.60679494913207E-02     4.20285554084608E-02     8.07077171659289E-02    -5.11618700886137E-02
F TZVP-MOLOPT-SCAN-GTH-q7
 1
 2 0 2 5 3 3 1
        13.16645520019096     1.25688709752362E-01    -6.90191648196731E-02    -4.19619998203344E-01    -9.31572868763813E-02     5.00225599861602E-02    -6.88622277281857E-02    -1.02513605924922E-02
         4.67863609541364     1.25206371205048E-01    -7.54523660806367E-02    -2.93986334505468E-01    -2.93923292691458E-01     1.19602022797720E-01    -4.99826189781570E-01     4.04484470063397E-02
         1.68188350144516    -4.93940854057955E-01     2.15904735709196E-01    -7.69158858630548E-01    -5.53343548452151E-01     3.11861936412921E-01     7.42571819653283E-01     4.51403790784568E-01
         0.58393450944632    -7.58234802751956E-01     3.05654861844976E-01     3.81944805550917E-01    -6.44505933144035E-01     2.69615230808562E-01    -4.36892722870730E-01     8.90352206116421E-01
         0.18571155118612    -3.86817953873203E-01    -9.21685166349822E-01     1.97684968795902E-03    -4.28198362261887E-01    -9.01799789070697E-01     5.60679494913207E-02     4.20285554084608E-02
F DZVP-MOLOPT-SCAN-GTH-q7
 1
 2 0 2 5 2 2 1
        13.16645520019096     1.25688709752362E-01    -6.90191648196731E-02    -9.31572868763813E-02     5.00225599861602E-02    -1.02513605924922E-02
         4.67863609541364     1.25206371205048E-01    -7.54523660806367E-02    -2.93923292691458E-01     1.19602022797720E-01     4.04484470063397E-02
         1.68188350144516    -4.93940854057955E-01     2.15904735709196E-01    -5.53343548452151E-01     3.11861936412921E-01     4.51403790784568E-01
         0.58393450944632    -7.58234802751956E-01     3.05654861844976E-01    -6.44505933144035E-01     2.69615230808562E-01     8.90352206116421E-01
         0.18571155118612    -3.86817953873203E-01    -9.21685166349822E-01    -4.28198362261887E-01    -9.01799789070697E-01     4.20285554084608E-02
