CO DZVP-MOLOPT-SCAN-GTH-Q17
 1
 2 0 3 6 3 2 2 1
        14.78515183074338    -2.50372694182636E-01     1.91286255776287E-02     8.56880429910533E-01     1.66085947012968E-02     6.93222778507357E-03     1.62681869247672E-02    -8.40979341880143E-04     2.65431813543340E-04
         6.65436501525399     4.14168826633538E-01     1.26615463448607E-01     8.90743103539031E-02    -4.67219054192434E-02    -4.26911613715863E-02     4.26170810057765E-01    -1.80222924777553E-01    -4.50041037619788E-03
         2.45607634261107    -5.14495870717455E-01    -2.79707843904470E-01    -4.03728840103549E-01    -7.78918465556507E-01    -2.93562839078959E-01     6.17360285287597E-01    -2.70660011266413E-01    -2.82783282695151E-02
         0.90545404886837    -4.54035856800903E-01    -5.20381590571239E-01     1.28728981862298E-01    -4.85106387373419E-01    -2.64076190301259E-01     5.51815645042096E-01    -1.17997708470617E-01    -2.14628042325280E-01
         0.32537751033325    -2.81751047915740E-01     3.07809980473615E-01     2.07824391113036E-01    -3.07602766057126E-01     6.35979155391537E-01     3.52622970112985E-01     7.23570372182502E-01    -8.61754812197571E-01
         0.10986084654690    -4.64262300650038E-01     7.34725906901953E-01    -1.87250077242045E-01    -2.46737863723133E-01     6.61622662923530E-01     9.02031026848794E-02     5.97314494830818E-01    -4.58795661601792E-01
F DZVP-MOLOPT-SCAN-GTH-Q7
 1
 2 0 2 5 2 2 1
        13.16645520019096     1.25688709752362E-01    -6.90191648196731E-02    -9.31572868763813E-02     5.00225599861602E-02    -1.02513605924922E-02
         4.67863609541364     1.25206371205048E-01    -7.54523660806367E-02    -2.93923292691458E-01     1.19602022797720E-01     4.04484470063397E-02
         1.68188350144516    -4.93940854057955E-01     2.15904735709196E-01    -5.53343548452151E-01     3.11861936412921E-01     4.51403790784568E-01
         0.58393450944632    -7.58234802751956E-01     3.05654861844976E-01    -6.44505933144035E-01     2.69615230808562E-01     8.90352206116421E-01
         0.18571155118612    -3.86817953873203E-01    -9.21685166349822E-01    -4.28198362261887E-01    -9.01799789070697E-01     4.20285554084608E-02
CL DZVP-MOLOPT-SCAN-GTH-Q7
 1
 2 0 2 4 2 2 1
         1.99031135450461     4.85018816633289E-01     1.94158525239581E-01     3.26464872695311E-01     1.51626624474172E-01     1.14349988907458E-01
         1.46501921747017    -3.69443122264159E-01     8.84925501203065E-02    -4.91090003440862E-01    -1.60659090706497E-01     2.49763916797096E-01
         0.40655378963524    -5.57894471564660E-01    -6.37209072162332E-01    -6.93734950650820E-01    -3.56105172703454E-01     9.48735957067630E-01
         0.13370286337397    -5.63047320854067E-01     7.40564739914085E-01    -4.13501044329990E-01     9.07957669331436E-01     1.56339853108561E-01
