CO DZVP-MOLOPT-SCAN-GTH-Q17
 1
 2 0 3 6 3 2 2 1
        15.00154284460954    -2.53503186716526E-01    -1.19032703639895E-01     9.13017977384246E-01     1.27816301375461E-02     9.71288412335750E-03     1.86472101094259E-02    -5.95783807490221E-02    -6.47920196934969E-03
         6.41468577143799     3.92226248359236E-01     1.71959343853661E-01     1.22869268595973E-01    -5.37474875200477E-02    -5.35804372749676E-02     4.16854714585579E-01    -2.51635132332927E-01     2.61678503246504E-03
         2.35197007042779    -5.39425443349975E-01    -3.59007640517106E-01    -3.77128919891866E-01    -8.00535998145371E-01    -2.95729424947171E-01     5.83501337241014E-01    -3.88562862028823E-01    -4.02559297174249E-02
         0.84393804193608    -2.31302495003818E-01    -6.26435374724902E-01     7.90756201828738E-02    -4.61652928929955E-01    -2.35459836302695E-01     5.46673933100044E-01    -5.79262747370872E-02    -3.00356815098012E-01
         0.30095668687951    -3.96125717936588E-01     3.97762924261859E-01    -4.07754876546611E-02    -3.23674360971427E-01     7.52761259065065E-01     4.12356412119511E-01     7.28408820755284E-01    -9.30449583407586E-01
         0.09303673844269    -5.29621059705446E-01     5.26059018506348E-01     3.40514241741053E-02    -1.95451872464388E-01     5.36179126955658E-01     1.28531778847533E-01     4.98211015048909E-01    -2.05864005744930E-01
F DZVP-MOLOPT-SCAN-GTH-Q7
 1
 2 0 2 5 2 2 1
        13.16645520019096     1.25688709752362E-01    -6.90191648196731E-02    -9.31572868763813E-02     5.00225599861602E-02    -1.02513605924922E-02
         4.67863609541364     1.25206371205048E-01    -7.54523660806367E-02    -2.93923292691458E-01     1.19602022797720E-01     4.04484470063397E-02
         1.68188350144516    -4.93940854057955E-01     2.15904735709196E-01    -5.53343548452151E-01     3.11861936412921E-01     4.51403790784568E-01
         0.58393450944632    -7.58234802751956E-01     3.05654861844976E-01    -6.44505933144035E-01     2.69615230808562E-01     8.90352206116421E-01
         0.18571155118612    -3.86817953873203E-01    -9.21685166349822E-01    -4.28198362261887E-01    -9.01799789070697E-01     4.20285554084608E-02
CL DZVP-MOLOPT-SCAN-GTH-Q7
 1
 2 0 2 4 2 2 1
         1.99031135450461     4.85018816633289E-01     1.94158525239581E-01     3.26464872695311E-01     1.51626624474172E-01     1.14349988907458E-01
         1.46501921747017    -3.69443122264159E-01     8.84925501203066E-02    -4.91090003440862E-01    -1.60659090706497E-01     2.49763916797096E-01
         0.40655378963524    -5.57894471564660E-01    -6.37209072162332E-01    -6.93734950650820E-01    -3.56105172703454E-01     9.48735957067630E-01
         0.13370286337397    -5.63047320854067E-01     7.40564739914085E-01    -4.13501044329990E-01     9.07957669331436E-01     1.56339853108561E-01
