################################################################################################
# Chromium
################################################################################################
Cr ccGRB-D-q14
    2
  2  0  2  6  3  2  2
   6.88121096270       -0.2420094835    0.0608778051   -0.1017941973   -0.1225482183   -0.1460684987   -0.1696231700    0.0522539725
   2.82723778838       -0.1244625664    0.0350224046    0.1134454100    0.3329450375    0.6534549889   -0.2646215217    0.0751914521
   1.16160855340        1.0232436844   -0.4520459022    0.0437234054    0.5993171598    0.5635131098   -0.3735858636    0.1173941789
  0.477262449195        0.1623077449   -0.1026776231    1.7862663728    0.2172851359   -2.1385645295   -0.2936922108    0.1931283673
  0.196089676462        0.0680887227   -0.0126045350   -3.9786376670    0.0249311856    1.4887369868   -0.2011045634   -0.0105093359
  0.805660727754E-01   -0.0195301227    1.1107882447    2.3752528278   -0.0024083222    0.0491489882   -0.0715257810   -1.0002796609
   3 3 3 2 1
      2.221100E+00           4.235450E-01
      5.231000E-01           7.741140E-01

Cr ccGRB-T-q14
    3
  2  0  2  7  4  3  3
   7.32786540202        0.1612875951   -0.0424365430    0.1731902556    0.0210892584    0.1117602653    0.0705044778    0.0569968113   -0.1450332298    0.0423896247   -0.0624224736
   3.37165939154        0.3510343478   -0.0856898226   -0.3630482016   -0.2849697144   -0.1725137359   -0.1021102143   -0.1456594260   -0.2045789276    0.0608888809   -0.0909315392
   1.55135041774       -0.8706884410    0.2907197770    1.0648793578    0.8892489121   -0.5528425971   -1.5031589773   -0.2317410138   -0.3195990188    0.0792147174   -0.1326181063
  0.713799301512       -0.3748210368    0.3077033059   -5.0778221629   -1.6920616579   -0.3304334497    1.9835887111   -0.6169028288   -0.2867235153    0.1474760172   -0.1462594998
  0.328429629446       -0.1716205986   -0.0110688164    8.5148260002    4.1352026524   -0.1096423600   -0.0218626447    1.0501596987   -0.2375593539    0.1326204353   -0.3107855832
  0.151115336299        0.0489683904   -0.1638919821   -6.0331153353   -6.2306336375    0.0080704306   -0.7832398614    0.5190459820   -0.1308518975   -0.1806959266    1.9095399776
  0.695304041335E-01   -0.0143591776   -0.9479192699    1.6738408322    3.4356030220   -0.0042646208   -0.1479875320   -0.2242402247   -0.0512860412   -0.8849210153   -1.4161317892
   3 3 3 2 2
      2.251000E+00           1.000000E+00           0.000000E+00
      5.315000E-01           0.000000E+00           1.000000E+00
   4 4 4 1 1
      1.445900E+00           1.0000000

Cr ccGRB-Q-q14
    4
  2  0  2  8  5  4  4
   7.70172861001       -0.1001731972   -0.0226363521    0.0359579719    0.4254545885    0.6211755185   -0.0954413590   -0.0362005085   -0.0419813631   -0.1042428967   -0.1262247695    0.0363385667   -0.0511720503    0.0685853474
   3.85393608700       -0.4570625080   -0.1333617881    0.0551159065   -1.7040238762   -3.7951847709    0.0613792128   -0.1071358880    0.0548486589    0.7701096170   -0.1665863498    0.0469254873   -0.0685810127    0.0100461986
   1.92850515966        0.6530629028    0.2477833392   -0.0240714793    5.1849406579   11.2758232465    0.4810133298    1.2963012751    0.2228738903   -3.4450534226   -0.2690217383    0.0725397001   -0.1093275851    0.2993053152
  0.965021750976        0.4692833231    0.1769253401   -0.6851088842  -13.0592064279  -16.5171034107    0.3645795249   -0.3801059680    0.3983484765    6.2949023353   -0.2707529001    0.0771321926   -0.1004416182   -0.3675719404
  0.482895767840        0.3351589580    0.3488332726    0.5302243085   18.6284019611   17.2878782481    0.2229012795   -1.7042662815    0.1405922360   -6.0993853911   -0.2428626087    0.1914945502   -0.2398648595    1.5974128259
  0.241640483608       -0.0567267127   -0.2987515013   -1.5152670048  -15.1416237121  -15.4620245655    0.0042261229    0.8816703782   -1.3667865376    2.6623666783   -0.1724940967   -0.0200124257    0.1709935067   -3.9630558992
  0.120916618465        0.0359412257   -0.1604373764    4.4701948661    7.2621408993    9.9398223937    0.0146793815    0.4946608438    0.0816140067    0.9152378973   -0.0947819119   -0.2537125837    1.6217009240    3.9356231906
  0.605065360021E-01   -0.0096854302   -0.8221067266   -3.1751394820   -1.7531957408   -3.1243378718   -0.0040072342    0.0415038207    0.0940454928   -1.4753525405   -0.0335538227   -0.7800304455   -1.4982660085   -1.7038654645
   3 3 3 3 3
      3.761100E+00           1.000000E+00           0.000000E+00           0.000000E+00
      1.092800E+00           0.000000E+00           1.000000E+00           0.000000E+00
      3.175000E-01           0.000000E+00           0.000000E+00           1.000000E+00
   4 4 4 2 2
      2.614300E+00           1.000000E+00           0.000000E+00
      6.951000E-01           0.000000E+00           1.000000E+00
   5 5 5 1 1
      1.677500E+00           1.0000000

Cr aug-cc-D
    4
1 0 0 1 1
      1.247000E-02           1.000000E+00
1 1 1 1 1
      1.307000E-02           1.000000E+00
1 2 2 1 1
      2.517000E-02           1.000000E+00
1 3 3 1 1
      1.763600E-01           1.000000E+00

Cr aug-cc-T
     5
1 0 0 1 1
      0.0124700              1.0000000
1 1 1 1 1
      0.0130700              1.0000000
1 2 2 1 1
      0.0251700              1.0000000
1 3 3 1 1
      0.1763600              1.0000000
1 4 4 1 1
      0.5132900              1.0000000

Cr aug-cc-Q
     6
1 0 0 1 1
      0.0115700              1.0000000
1 1 1 1 1
      0.0123300              1.0000000
1 2 2 1 1
      0.0177800              1.0000000
1 3 3 1 1
      0.1037300              1.0000000
1 4 4 1 1
      0.2454500              1.0000000
1 5 5 1 1
      0.6329200              1.0000000

