#
# Generated with CP2K Atom Code
#
 Cr ccGRB-VAL-0
   1
  2  0  2  8  2  1  1
   7.74211093988       -0.0935377327    0.0206107219   -0.0932531497    0.1242013123
   3.91429004596       -0.4647405833    0.1374785431    0.0494029192    0.1621348441
   1.97900374754        0.6224533688   -0.2415408777    0.4705686733    0.2629349521
   1.00055330259        0.4742315187   -0.1622976913    0.3646056835    0.2670344988
  0.505864080634        0.3559035871   -0.3803624311    0.2372585567    0.2440163709
  0.255756957089       -0.0503981106    0.3135838695    0.0091887521    0.1734400785
  0.129306712225        0.0354380048    0.0478710084    0.0157082967    0.1043333308
  0.653754486947E-01   -0.0094783051    0.9238377315   -0.0041195684    0.0371243054

 Cr ccGRB-VAL-1
   1
  2  0  2  8  3  2  2
   7.74211093988       -0.0935377327    0.0206107219   -0.0178535137   -0.0932531497   -0.0335322479    0.1242013123    0.0475161460
   3.91429004596       -0.4647405833    0.1374785431    0.3685626006    0.0494029192   -0.1178018877    0.1621348441    0.0552395682
   1.97900374754        0.6224533688   -0.2415408777   -0.9676773773    0.4705686733    1.2271105830    0.2629349521    0.1166102353
   1.00055330259        0.4742315187   -0.1622976913    1.6095022891    0.3646056835   -0.1846243122    0.2670344988    0.0488742623
  0.505864080634        0.3559035871   -0.3803624311   -5.8124470102    0.2372585567   -1.8189127116    0.2440163709    0.2787415442
  0.255756957089       -0.0503981106    0.3135838695   11.9127938203    0.0091887521    0.7941447240    0.1734400785   -0.1990029897
  0.129306712225        0.0354380048    0.0478710084  -11.2764473912    0.0157082967    0.5759926131    0.1043333308   -1.5979445949
  0.653754486947E-01   -0.0094783051    0.9238377315    4.3007385352   -0.0041195684    0.0513690987    0.0371243054    1.6146909756

 Cr ccGRB-VAL-2
   1
  2  0  2  8  4  3  3
   7.74211093988       -0.0935377327    0.0206107219   -0.0178535137   -0.0346372331   -0.0932531497   -0.0335322479   -0.0401688024    0.1242013123    0.0475161460   -0.0439228084
   3.91429004596       -0.4647405833    0.1374785431    0.3685626006   -0.1223956625    0.0494029192   -0.1178018877    0.0391196113    0.1621348441    0.0552395682   -0.0582835823
   1.97900374754        0.6224533688   -0.2415408777   -0.9676773773    0.1737544151    0.4705686733    1.2271105830    0.2617508269    0.2629349521    0.1166102353   -0.0856110777
   1.00055330259        0.4742315187   -0.1622976913    1.6095022891    0.4677449333    0.3646056835   -0.1846243122    0.3333308069    0.2670344988    0.0488742623   -0.0981126712
  0.505864080634        0.3559035871   -0.3803624311   -5.8124470102    0.4503836561    0.2372585567   -1.8189127116    0.2474416726    0.2440163709    0.2787415442   -0.2056953675
  0.255756957089       -0.0503981106    0.3135838695   11.9127938203   -0.4100564754    0.0091887521    0.7941447240   -1.3749336915    0.1734400785   -0.1990029897   -0.0242627150
  0.129306712225        0.0354380048    0.0478710084  -11.2764473912   -2.7945206511    0.0157082967    0.5759926131    0.0047605020    0.1043333308   -1.5979445949    0.5282371931
  0.653754486947E-01   -0.0094783051    0.9238377315    4.3007385352    2.5489125310   -0.0041195684    0.0513690987    0.1227012791    0.0371243054    1.6146909756    0.5482321441

 Cr ccGRB-VAL-3
   1
  2  0  2  8  5  4  4
   7.74211093988       -0.0935377327    0.0206107219   -0.0178535137   -0.0346372331    0.3344498340   -0.0932531497   -0.0335322479   -0.0401688024   -0.0918969421    0.1242013123    0.0475161460   -0.0439228084    0.0030429371
   3.91429004596       -0.4647405833    0.1374785431    0.3685626006   -0.1223956625   -1.2854021392    0.0494029192   -0.1178018877    0.0391196113    0.1387395402    0.1621348441    0.0552395682   -0.0582835823    0.5579951024
   1.97900374754        0.6224533688   -0.2415408777   -0.9676773773    0.1737544151    4.2230795430    0.4705686733    1.2271105830    0.2617508269    0.7598211897    0.2629349521    0.1166102353   -0.0856110777   -0.9900953058
   1.00055330259        0.4742315187   -0.1622976913    1.6095022891    0.4677449333  -12.2930264264    0.3646056835   -0.1846243122    0.3333308069   -0.0089326172    0.2670344988    0.0488742623   -0.0981126712    3.1018830935
  0.505864080634        0.3559035871   -0.3803624311   -5.8124470102    0.4503836561   19.5023056049    0.2372585567   -1.8189127116    0.2474416726   -3.6486349836    0.2440163709    0.2787415442   -0.2056953675   -5.0946004765
  0.255756957089       -0.0503981106    0.3135838695   11.9127938203   -0.4100564754  -17.7202092081    0.0091887521    0.7941447240   -1.3749336915    6.7934317823    0.1734400785   -0.1990029897   -0.0242627150    3.9179531637
  0.129306712225        0.0354380048    0.0478710084  -11.2764473912   -2.7945206511    9.5900086467    0.0157082967    0.5759926131    0.0047605020   -5.7554730108    0.1043333308   -1.5979445949    0.5282371931   -1.7941323576
  0.653754486947E-01   -0.0094783051    0.9238377315    4.3007385352    2.5489125310   -2.5657111619   -0.0041195684    0.0513690987    0.1227012791    1.8362732712    0.0371243054    1.6146909756    0.5482321441    0.4276441626

 Cr ccGRB-POL-1
   1
  3  3  3  1  1
  0.607571127372        1.0000000000

 Cr ccGRB-EXT
   1
  2  0  2  1  3  2  1
  0.235020151776E-01    1.0000000000    6.5941094137  245.6350734489    6.5941094137  245.6350734489  245.6350734489

