He admm-dz
    2
1 0 0 2 1
        7.95348087      0.13175060
        1.47679244      0.45685378
1 0 0 1 1
        0.31336919      1.00000000  

He admm-dzp
    3
1 0 0 2 1
        7.95348087      0.13175060
        1.47679244      0.45685378
1 0 0 1 1
        0.31336919      1.00000000  
1 1 1 1 1
        1.27500000      1.00000000

He admm-tzp
    4
1 0 0 2 1
       10.98267980      0.07610722
        2.76724087      0.24722261
1 0 0 1 1
        0.76605808      1.00000000
1 0 0 1 1
        0.21422948      1.00000000
1 1 1 1 1
        1.27500000      1.0000000

He admm-tz2p
    6
1 0 0 2 1
       10.98267980      0.07610722
        2.76724087      0.24722261
1 0 0 1 1
        0.76605808      1.00000000
1 0 0 1 1
        0.21422948      1.00000000
1 1 1 1 1
        3.04400000      1.00000000
1 1 1 1 1
        0.75800000      1.00000000
1 2 2 1 1
        1.96500000      1.00000000

