SR DZVP-MOLOPT-PBE-GTH-Q10
 1
 2 0 2 6 3 2 1
        14.48916111145965     2.08151851326564E-02    -1.50550298158404E-02     8.70653190072193E-03     1.82673555102214E-02     1.53264463344521E-02     9.29818701387416E-04
         2.15623936661967    -4.17420446614624E-01     4.01736351884207E-01    -1.04560014889795E-01    -1.88929732232424E-01    -1.63868800952712E-01    -1.65252103971993E-02
         1.03613539116593     2.95140690311335E-01    -3.68259146351229E-01    -3.55650488309750E-03     4.23842834518607E-01     3.97058475309881E-01     2.73946316041456E-01
         0.40204859937069     1.69033243166255E-01    -6.74696979417219E-01    -3.05711966141131E-01     4.92156079648447E-01     5.66952042591106E-01     6.46971884966828E-01
         0.14809754979486     4.41499211766559E-01     8.97883927442457E-02     8.11428214517429E-01     3.29304711230543E-01    -5.17652853342920E-02     6.67007618615131E-01
         0.04236584632575     7.17443433625742E-01     4.89375603472796E-01    -4.86932436077846E-01     6.58536188872654E-01    -7.00815539166836E-01     2.47401870562184E-01
H DZVP-MOLOPT-PBE-GTH-Q1
 1
 2 0 1 5 2 1
         9.42354063693337     1.73378201014863E-02    -1.21445159969598E-01    -8.76671027046430E-02
         2.22615949373757     1.93709872716504E-01    -1.18321991639862E-01     2.94039390163616E-01
         0.63906011750762     5.93969954529689E-01    -1.91879319676876E-01     4.09265411017209E-01
         0.31891311049636     2.87972643705189E-01     9.48793006176853E-01     1.56988630151590E-01
         0.16139156624546     7.25566905805197E-01    -1.85000371687637E-01     8.44814600657224E-01
F DZVP-MOLOPT-PBE-GTH-Q7
 1
 2 0 2 5 2 2 1
        13.30428004732790     1.38300641201995E-01    -4.13429187269840E-02    -9.35306094799813E-02     5.06566246623838E-02    -3.27607844899301E-02
         4.80605774544240     1.37253664661734E-01    -3.39425431978004E-02    -2.95918398172795E-01     1.05639317967558E-01     1.33212173705781E-01
         1.70698523266130    -5.18315587577063E-01     1.04830293747595E-01    -5.65287543674134E-01     3.02725510725546E-01     2.66499630071583E-01
         0.58735472443375    -8.26234910698634E-01     4.59821538585404E-02    -6.52514099592094E-01     2.40459771924833E-01     9.50816701157307E-01
         0.17874874061685    -1.03533512436824E-01    -9.91985341560913E-01    -3.97944304537121E-01    -9.14773526135829E-01     7.81459899689756E-02
O DZVP-MOLOPT-PBE-GTH-Q6
 1
 2 0 2 5 2 2 1
        10.34256722623639    -1.36612866576817E-01     5.36780510727693E-02    -9.23817206645146E-02     5.83443637080248E-02    -9.48473896502772E-02
         3.67715896642206    -1.53385468202307E-01     9.10278370989298E-02    -2.98264530995839E-01     1.75046650342809E-01     1.72754284852763E-01
         1.30046451996361     5.48080652961239E-01    -2.61157543615482E-01    -5.68590641449654E-01     3.64872626600995E-01     4.96868401181124E-01
         0.46645021946921     7.84467551986126E-01    -4.09115659592467E-02    -6.49258120291653E-01     1.42983044083434E-01     8.41501659783491E-01
         0.14793951916337     2.05007513424509E-01     9.58621708960114E-01    -3.97079920076698E-01    -9.01320376386329E-01    -7.84645029990108E-02
S DZVP-MOLOPT-PBE-GTH-Q6
 1
 2 0 2 4 2 2 1
         1.90928473004308     3.13525266390759E-01    -1.51675736920755E-01     2.14054427784196E-01     1.45259453005035E-01     7.24574522157166E-02
         1.19506924590343    -7.14378794138230E-02    -1.22108655812001E-01    -3.46925058611244E-01    -1.90735670677686E-01     3.77729399511775E-01
         0.37255650459583    -7.35868321394836E-01     5.84868049787620E-01    -8.25555992336665E-01    -3.16083367485665E-01     9.06091042409042E-01
         0.11964558871342    -5.95899614269893E-01    -7.87409240067043E-01    -3.90231994037637E-01     9.17938396649107E-01     1.76265258145152E-01
