####################################################################################################
# Tin
####################################################################################################
 Sn ccGRB-D-q4 
   2
  1  0  1  4  2  2
   2.68979173255        0.0496172093   -0.1386588485   -0.0051409228   -0.0338882032
  0.883351281338       -0.5022181982    1.1057371045   -0.1161661919    0.4248046918
  0.290100336320        0.5927857250   -2.6974838466    0.3298729696   -1.7123217791
  0.952715039995E-01    0.7180347133    1.8063829179    0.7882671827    1.2430768029
  2  2  2  1  1
  0.839143864954E-01    1.0000000000

 Sn ccGRB-T-q4 
   3
  1  0  1  5  3  3
   2.70407446846       -0.0468776885    0.1205713131    0.8233528962    0.0056607099    0.0274832105    0.5180722927
  0.870370145642        0.5041118008   -1.0167676961   -1.8790480618    0.1159219900   -0.3900803340   -1.7791402033
  0.280149159818       -0.6418862895    2.5528938832    0.4830596443   -0.3593744014    1.6575390799    1.0422501344
  0.901726146513E-01   -0.6829032136   -1.7208069777    1.0042180284   -0.7732454344   -1.2328799147   -0.1227278118
  0.290241828258E-01    0.0091139880   -0.0420808055   -1.0769746252    0.0129141908    0.0016111673   -0.2867643694
  2  2  2  2  2
  0.829423266912E-01    1.0000000000    0.0000000000
  0.433257985491E-01    0.0000000000    1.0000000000
  3 3 3 1 1
      0.2822000              1.0000000

 Sn ccGRB-Q-q4 
   4
  1  0  1  6  4  4
   2.13154603572        0.0872375196   -0.0186436514    0.6455088092    0.5856164687   -0.0034798534   -0.0285093860   -0.2491544018   -1.0276905425
  0.949250227725       -0.5302697675    0.2297240928   -3.5275002474   -0.5720691438    0.1456056575   -0.0229983166    1.4921271797    2.8857133463
  0.422733536944        0.2080387075    0.6713036606    7.2878589685   -2.3798940562   -0.1850181730   -0.2760386826   -3.9244942767   -2.0228770151
  0.188257677520        0.5952093016   -3.3120022975   -6.2153169820    5.7498428842   -0.2769807432    2.1130435236    3.7106881729   -0.0053647251
  0.838375715384E-01    0.5099420497    2.6770995983    1.9833926805   -6.4414551369   -0.7142594705   -1.8916332323   -1.4501734037    1.3726671062
  0.373357330976E-01   -0.0165086332   -0.0537679557    0.1967363493    3.2688060731    0.0334075877    0.0759804033    0.0043093099   -1.1395195985
  2  2  2  3  3
  0.294797885521        1.0000000000    0.0000000000    0.0000000000
  0.791441264885E-01    0.0000000000    1.0000000000    0.0000000000
  0.212477533431E-01    0.0000000000    0.0000000000    1.0000000000
  3 3 3 2 2
      0.4315000              1.0000000              0.00000000
      0.1772000              0.00000000             1.0000000
  4 4 4 1 1
      0.3774000              1.0000000

Sn aug-cc-D
    3
1 0 0 1 1
      0.0275000              1.0000000
1 1 1 1 1
      0.0209000              1.0000000
1 2 2 1 1
      0.0649000              1.0000000

Sn aug-cc-T
    4
1 0 0 1 1
      0.0251000              1.0000000
1 1 1 1 1
      0.0202000              1.0000000
1 2 2 1 1
      0.0425000              1.0000000
1 3 3 1 1
      0.1093000              1.0000000

Sn aug-cc-Q
     5
1 0 0 1 1
      0.0218000              1.0000000
1 1 1 1 1
      0.0145000              1.0000000
1 2 2 1 1
      0.0336000              1.0000000
1 3 3 1 1
      0.0730000              1.0000000
1 4 4 1 1
      0.1720000              1.0000000

