#
# Generated with CP2K Atom Code
#
 Sn ccGRB-VAL-0
   1
  1  0  1  6  1  1
   2.13154603572        0.0872375196   -0.0034798534
  0.949250227725       -0.5302697675    0.1456056575
  0.422733536944        0.2080387075   -0.1850181730
  0.188257677520        0.5952093016   -0.2769807432
  0.838375715384E-01    0.5099420497   -0.7142594705
  0.373357330976E-01   -0.0165086332    0.0334075877

 Sn ccGRB-VAL-1
   1
  1  0  1  6  2  2
   2.13154603572        0.0872375196   -0.0186436514   -0.0034798534   -0.0285093860
  0.949250227725       -0.5302697675    0.2297240928    0.1456056575   -0.0229983166
  0.422733536944        0.2080387075    0.6713036606   -0.1850181730   -0.2760386826
  0.188257677520        0.5952093016   -3.3120022975   -0.2769807432    2.1130435236
  0.838375715384E-01    0.5099420497    2.6770995983   -0.7142594705   -1.8916332323
  0.373357330976E-01   -0.0165086332   -0.0537679557    0.0334075877    0.0759804033

 Sn ccGRB-VAL-2
   1
  1  0  1  6  3  3
   2.13154603572        0.0872375196   -0.0186436514    0.6455088092   -0.0034798534   -0.0285093860   -0.2491544018
  0.949250227725       -0.5302697675    0.2297240928   -3.5275002474    0.1456056575   -0.0229983166    1.4921271797
  0.422733536944        0.2080387075    0.6713036606    7.2878589685   -0.1850181730   -0.2760386826   -3.9244942767
  0.188257677520        0.5952093016   -3.3120022975   -6.2153169820   -0.2769807432    2.1130435236    3.7106881729
  0.838375715384E-01    0.5099420497    2.6770995983    1.9833926805   -0.7142594705   -1.8916332323   -1.4501734037
  0.373357330976E-01   -0.0165086332   -0.0537679557    0.1967363493    0.0334075877    0.0759804033    0.0043093099

 Sn ccGRB-VAL-3
   1
  1  0  1  6  4  4
   2.13154603572        0.0872375196   -0.0186436514    0.6455088092    0.5856164687   -0.0034798534   -0.0285093860   -0.2491544018   -1.0276905425
  0.949250227725       -0.5302697675    0.2297240928   -3.5275002474   -0.5720691438    0.1456056575   -0.0229983166    1.4921271797    2.8857133463
  0.422733536944        0.2080387075    0.6713036606    7.2878589685   -2.3798940562   -0.1850181730   -0.2760386826   -3.9244942767   -2.0228770151
  0.188257677520        0.5952093016   -3.3120022975   -6.2153169820    5.7498428842   -0.2769807432    2.1130435236    3.7106881729   -0.0053647251
  0.838375715384E-01    0.5099420497    2.6770995983    1.9833926805   -6.4414551369   -0.7142594705   -1.8916332323   -1.4501734037    1.3726671062
  0.373357330976E-01   -0.0165086332   -0.0537679557    0.1967363493    3.2688060731    0.0334075877    0.0759804033    0.0043093099   -1.1395195985

 Sn ccGRB-POL-1
   1
  2  2  2  3  1
  0.294797885521        0.1816314859
  0.791441264885E-01    0.8979528797
  0.212477533431E-01   -0.0000704203

 Sn ccGRB-POL-2
   1
  3  2  3  3  2  1
  0.294797885521        0.1816314859    1.1348126798    0.1878058897
  0.791441264885E-01    0.8979528797   -0.7173283633    0.9095237271
  0.212477533431E-01   -0.0000704203    0.0000240030   -0.0000643901

 Sn ccGRB-POL-3
   1
  4  2  4  3  3  2  1
  0.294797885521        0.1816314859    1.1348126798    0.2386807531    0.1878058897    1.0761932885    0.2085528256
  0.791441264885E-01    0.8979528797   -0.7173283633   -0.6960295449    0.9095237271   -0.6052237286    0.9118342331
  0.212477533431E-01   -0.0000704203    0.0000240030    1.1737794985   -0.0000643901    0.0000353281   -0.0000541045

 Sn ccGRB-EXT
   1
  1  0  1  1  2  1
  0.110956736138E-01    1.0000000000   11.5776314573   11.5776314573

