RB TZVPP-MOLOPT-PBE-Q9
 2
 1 0 1 5 2 1
         6.99759513738450     5.07381082846698E-01     6.76108492563538E-02     1.43248437576511E-01
         6.65351914288335    -7.74502313025432E-01     2.91311903638580E-01    -1.32833848421182E-01
         3.09614073259676     5.93239969911954E-02     5.89738412844870E-01    -1.40110265492288E-01
         0.69581404248200     3.20786775050491E-01     4.25774298026225E-02     6.21257720515672E-01
         0.26198549964164    -1.90491764182241E-01    -7.48973907921977E-01     7.45817009761013E-01
 1 0 3 5 4 3 3 1
         0.59184032356338     9.37194690272216E-01     8.26565461399673E-02     5.63574716853677E-02    -6.20611149458343E-02    -4.74674905341605E-01     2.94854089077881E-01     3.43766245315220E-01     1.70662176889791E-01     1.00297956657582E-01    -4.83113652898136E-01     2.48489240719743E-01
         0.29968512237322    -2.43592107283614E-01    -3.34033294287275E-01    -3.67825642122315E-01    -6.35445158247764E-02    -4.48846128173961E-02     2.92643510875844E-02    -6.02321996868562E-01     2.99274029885575E-01    -1.03075570090579E-01    -6.03728655526343E-01     1.28645049869934E-01
         0.08855141746356    -1.24654626237530E-01     8.43197378152358E-01    -1.82025221031834E-01     4.19298175829718E-01     4.93370002673841E-01    -2.99997198897228E-01    -3.62463431535228E-01     7.29399779278989E-01    -4.51419303792042E-01    -1.33606533190650E-02     9.37585093678548E-01
         0.03215560875766    -8.44696714667760E-02    -2.06839538414402E-01     7.54468876076724E-01     5.55576571803214E-01     6.86105594829244E-01     6.45978918620475E-01     2.59537855844260E-01     5.26685926092937E-01     8.17690690781013E-01     2.14367548275887E-01     1.97020405874938E-01
         0.01250616063118     1.99135874604676E-01    -3.57526559171915E-01    -5.09089055394414E-01     7.12484543782905E-01     2.41897207459687E-01    -6.36331345496365E-01     5.65944646457245E-01     2.68118208368385E-01    -3.26983628206053E-01     5.96641396543054E-01     6.18118125535163E-02
H TZVPP-MOLOPT-PBE-AE
 1
 1 0 2 5 3 2 1
        34.17773832674855    -4.67038702307212E-01     3.25930727691839E-01    -1.51283436822271E-01    -1.00054440080746E-01     7.49322156514700E-02     1.29694886730211E-02
         4.94770130521271    -8.38132979846024E-02     2.28656356488893E-01    -2.28133785557746E-02     1.35570007424312E-01    -4.78523016653350E-02    -4.42398660674758E-02
         1.06512662518152     8.14717082181122E-01     2.11440298046549E-01     2.96545250287854E-01     9.76472815332876E-01     6.34720246090092E-02     9.35175251752971E-01
         0.29382327136550    -1.33307568322592E-01     8.19165770735029E-01     3.66068869122815E-01    -2.64980945419224E-02     9.79893619096044E-01     2.87655408521357E-01
         0.09137129667664    -3.05475612542697E-01    -3.54606643763996E-01     8.68704419864991E-01     1.31941555275947E-01    -1.66958430843673E-01    -2.01435451376045E-01
F TZVPP-MOLOPT-PBE-AE
 2
 1 0 0 6 1
     35479.02878767263610     6.72585320603450E-04
      5318.56312951047130     8.20097950478645E-03
      1210.53207767191157     3.41581776414553E-02
       342.85143677005027     1.67981165419731E-01
       112.04698837680320     3.40179960458393E-01
        40.78491787387953     9.24567700620738E-01
 1 0 3 6 4 3 2 1
        79.87901815644609     1.16918239284466E-01    -1.68147951461107E-02    -2.12818697913285E-02    -7.26226478740949E-03    -2.45424567087636E-01     2.14619427519455E-01     6.35891870315225E-02     1.01451133211560E-01    -3.43565246327839E-02    -1.31870850864618E-02
        16.19635642859436     8.53271420269594E-01     1.38508493184908E-02     1.47303644984199E-01    -9.44612873543679E-02    -1.04048621424425E-01     1.57592183640012E-01     5.70164828779390E-02     5.65110690465166E-02     4.45853785965348E-03     1.05680763536942E-01
         5.77801148801512     4.75828101997680E-01     9.06865843098779E-03     4.56280442532807E-02    -3.42227538288093E-02     3.85471543429814E-01     1.08618595980577E-01    -3.86557846134089E-02     7.78219890128867E-01    -1.58938198405914E-01    -1.90738906372033E-01
         1.80048565891898     5.42202862380103E-03     9.84951172129337E-01    -1.65338157360219E-01    -4.82246452283413E-02     8.82036252116551E-01     2.29685585491659E-02     9.54990517737228E-02     5.96805252189064E-01     2.06883586435839E-01     7.91345089335059E-01
         0.61342852936985    -1.78123417267227E-01     1.16155230853301E-01     8.34960810060312E-01    -5.05012861636734E-01     2.35771402740000E-03     9.52591193174218E-01     7.86110613461027E-02     2.14870962580005E-02     9.58447372992515E-01     5.67195057415070E-01
         0.19458219035665     9.39552285204502E-03     1.25786831338083E-01     5.01268928973589E-01     8.55856016509765E-01    -4.85679584923393E-02    -9.66833470619191E-02     9.87882330256585E-01     1.55723360184243E-01    -1.10073678097833E-01    -6.58715646571095E-02
O TZVPP-MOLOPT-PBE-AE
 2
 1 0 0 6 1
     27032.34110717467047     7.35264897360634E-04
      4052.43915960016602     8.66846509689763E-03
       922.34965292725667     3.34607178584762E-02
       261.27735857055188     1.68914563970243E-01
        85.30942400544160     3.28333881314405E-01
        31.08080221478707     9.28692322525900E-01
 1 0 3 6 4 3 2 1
        62.91495630413323     1.16332726109966E-01    -5.81371416541881E-02     1.11937556008261E-02     5.75105170781194E-02    -1.16673038976174E-01     1.57254063503839E-01    -3.81929188419382E-02     1.36166697203113E-01    -8.71583721921845E-02     3.21000644845466E-04
        12.30944986692977     8.69241308775708E-01    -1.42460076990705E-02    -1.06600413011436E-01    -2.47597695986788E-02     1.45932079266690E-01    -6.05243600472558E-02     1.73638156652357E-02    -3.58452443966721E-02     4.76694147153259E-02     4.38837435813283E-02
         4.39539910954103     4.65741956926282E-01    -6.40342096322616E-02    -3.00344470998385E-02    -3.98106989985230E-03     3.91422103647488E-01     5.26377359502661E-02    -3.09523103597808E-02     7.70731222820744E-01    -3.53322944888660E-01    -1.34769543790620E-01
         1.33540846189799     9.21608149605863E-03     9.33076668604289E-01    -3.27550581669708E-01    -1.21459202569881E-01     9.00080356671289E-01     4.50466786404856E-02    -1.97504472088648E-02     5.53665920222864E-01     3.94485051877056E-01     9.40647803425498E-01
         0.45443287552085     9.32917636734327E-02     2.31107250617785E-01     8.41720615852045E-01    -4.78471205438802E-01    -3.61150582409544E-02     9.80775789580233E-01    -6.12678902654526E-02     1.14853463706434E-01     8.35162106564474E-01     2.94962206933611E-01
         0.14893102365245     7.19887781862831E-02     2.61293155746377E-01     4.14519004469322E-01     8.67396456641546E-01     2.07610475621550E-02     6.99062044682833E-02     9.96563053096360E-01     2.57701109533086E-01    -1.10361865139449E-01     8.99460419695147E-02
