##################################################################################################
# Cesium
##################################################################################################
 Cs ccGRB-D-q9 
   2
  1  0  1  6  3  2
   3.95638623536       -0.0699914436   -0.0218984560    0.1400118977    0.0137706846    0.0519678864
   1.32350489845        0.6671294532    0.2447461568   -1.1548940666   -0.2001100205   -0.4268306934
  0.442743734312       -0.9738485388   -0.3715466357    3.2106727335    0.7142688765    1.7373583127
  0.148108265033       -0.4872605127   -0.8735301063   -3.3898027895    0.4685551748   -1.6551122082
  0.495457224375E-01    0.0402677232    1.5905027769    1.4136982480    0.0113912711    0.2409750572
  0.165742175921E-01   -0.0022720776   -0.0327685870    0.0084315426   -0.0002424848    0.0082984120
  2  2  2  1  1
  0.105292485963        1.0000000000

 Cs ccGRB-D-q9 
   3
  1  0  1  7  4  3
   3.13827399141       -0.1167213591   -0.0530692069    0.0348416195    0.5078919192    0.0294041834    0.0060861461    0.0835291492
   1.36547369380        0.7540860655    0.3513884751   -0.3058567588   -2.9735711153   -0.2556789676    0.0201520311   -0.4782335425
  0.594122251136       -0.5548645584   -0.4297006603   -0.4276374418    6.6739786996    0.4391001715    0.0680008387    0.9343473999
  0.258504613380       -0.7991749566   -0.0180800950    3.9010562824   -6.6535888012    0.5699890077   -0.8523776620    0.7383763773
  0.112476237021       -0.1041989096   -1.1560716900   -5.7085716594    2.8307656388    0.2116568888    0.3302931313   -2.6052734344
  0.489387935059E-01   -0.0070701650    1.9347435636    2.8287820787    0.6818444965    0.0153156471    1.0110649648    1.7561757365
  0.212934356023E-01    0.0006300105   -0.0830318570   -0.1446686577   -1.1098871506   -0.0009761252   -0.0683948903   -0.0951219001
  2  2  2  2  2  
  0.262520036136        1.0000000000    0.0000000000
  0.767794709560E-01    0.0000000000    1.0000000000
  3  3  3  1  1
  0.105292485963        1.0000000000

 Cs ccGRB-D-q9 
   4
  1  0  1  8  5  4
   3.16709967521       -0.1140254941   -0.0505607899    0.0167757587   -0.4517736719    0.0369490053    0.0284990428    0.0054727966    0.0884631015    0.1750464824
   1.36247362544        0.7509752360    0.3415235147   -0.2032408996    2.6891530884   -1.2994334123   -0.2535217603    0.0233012296   -0.5092952865   -1.1591866949
  0.586130709608       -0.5754387627   -0.4201909636   -0.5941830594   -6.0079652988    4.6623435011    0.4517319914    0.0541597929    1.0610923355    3.7012538094
  0.252151089261       -0.7943530277   -0.0530819714    3.9567753917    5.6882356828   -7.4710326613    0.5723484773   -0.8571251134    0.5090520130   -4.9529825210
  0.108474391076       -0.0870030091   -1.0812806753   -5.6960462462   -1.8046731076    8.6412367064    0.1978262833    0.3960688145   -2.4373228388    4.0957997241
  0.466652496081E-01   -0.0086428399    1.9419814443    2.8585818197   -1.5903416755   -7.9327702347    0.0130647379    0.9925858109    1.7696427638   -2.2644792254
  0.200752039203E-01    0.0013085119   -0.1430305878   -0.1767895755    1.7994628795    4.5112703679   -0.0014134964   -0.1131125724   -0.1661847902    0.6227848458
  0.863627251169E-02   -0.0001823567    0.0147096958    0.0160463283   -0.2938012632   -0.7252243770    0.0002003602    0.0164726119    0.0222580408   -0.1115216498
  2  2  2  3  3
  0.518451948877        1.0000000000    0.0000000000    0.0000000000
  0.184479928956        0.0000000000    1.0000000000    0.0000000000
  0.656431984902E-01    0.0000000000    0.0000000000    1.0000000000
  3  3  3  2  2  
  0.262520036136        1.0000000000    0.0000000000
  0.767794709560E-01    0.0000000000    1.0000000000
  4  4  4  1  1
  0.105292485963        1.0000000000


Cs aug-cc-D-q9
    3
1 0 0 1 1
      5.580000E-03           1.000000E+00
1 1 1 1 1
      4.460000E-03           1.000000E+00
1 2 2 1 1
      6.370000E-03           1.000000E+00

Cs aug-cc-T-q9
    4
1 0 0 1 1
      5.860000E-03           1.000000E+00
1 1 1 1 1
      4.090000E-03           1.000000E+00
1 2 2 1 1
      4.580000E-03           1.000000E+00
1 3 3 1 1
      2.868000E-02           1.000000E+00

Cs aug-cc-Q-q9
    5
1 0 0 1 1
      5.270000E-03           1.000000E+00
1 1 1 1 1
      3.640000E-03           1.000000E+00
1 2 2 1 1
      5.580000E-03           1.000000E+00
1 3 3 1 1
      2.267000E-02           1.000000E+00
1 4 4 1 1
      2.669000E-02           1.000000E+00

