#
# Generated with CP2K Atom Code
#
 Cs ccGRB-VAL-0
   1
  1  0  1  6  2  1
   3.95638834275       -0.0699913822   -0.0218984524    0.0137706674
   1.32350494160        0.6671292273    0.2447461341   -0.2001099131
  0.442743527354       -0.9738490166   -0.3715474248    0.7142692921
  0.148108121740       -0.4872599314   -0.8735279170    0.4685548513
  0.495456497271E-01    0.0402677829    1.5905017577    0.0113910708
  0.165741849809E-01   -0.0022720753   -0.0327687430   -0.0002424794

 Cs ccGRB-VAL-1
   1
  1  0  1  6  3  2
   3.95638834275       -0.0699913822   -0.0218984524    0.1400115755    0.0137706674    0.0519676978
   1.32350494160        0.6671292273    0.2447461341   -1.1548921815   -0.2001099131   -0.4268296051
  0.442743527354       -0.9738490166   -0.3715474248    3.2106691128    0.7142692921    1.7373556638
  0.148108121740       -0.4872599314   -0.8735279170   -3.3898004224    0.4685548513   -1.6551092143
  0.495456497271E-01    0.0402677829    1.5905017577    1.4136982752    0.0113910708    0.2409725703
  0.165741849809E-01   -0.0022720753   -0.0327687430    0.0084310502   -0.0002424794    0.0082983239

 Cs ccGRB-POL-1
   1
  2  2  2  3  1
  0.262787133746        0.3537782621
  0.768889767891E-01    0.7643981692
  0.224969718547E-01    0.0004988207

 Cs ccGRB-POL-2
   1
  3  2  3  3  2  1
  0.262787133746        0.3537782621    1.1295615465    0.3681234332
  0.768889767891E-01    0.7643981692   -0.9015417216    0.7791089688
  0.224969718547E-01    0.0004988207   -0.0051792598   -0.0000267002

 Cs ccGRB-POL-3
   1
  4  2  4  3  3  2  1
  0.262787133746        0.3537782621    1.1295615465    0.3007022697    0.3681234332    1.0566171048    0.3727518452
  0.768889767891E-01    0.7643981692   -0.9015417216   -0.8179544897    0.7791089688   -0.8027768145    0.7984253323
  0.224969718547E-01    0.0004988207   -0.0051792598    1.2212547349   -0.0000267002   -0.0010865514   -0.0000903214

