Hg admm-dz
    5
1 0 0 2 1
        1.54600554    1.34329907
        1.38709837   -1.61823468
1 0 0 1 1
        0.11292531    1.00000000
2 1 1 1 1
        0.07012933    1.00000000
2 2 2 2 1
        1.49013590   -0.48172492
        0.58209042   -0.48248928
2 2 2 1 1
        0.20360769    1.00000000

Hg admm-dzp
    6
1 0 0 2 1
        1.54600554    1.34329907
        1.38709837   -1.61823468
1 0 0 1 1
        0.11292531    1.00000000
2 1 1 1 1
        0.07012933    1.00000000
2 2 2 2 1
        1.49013590   -0.48172492
        0.58209042   -0.48248928
2 2 2 1 1
        0.20360769    1.00000000
3 3 3 1 1
      0.9974000       1.00000000

Hg admm-tzp
    9
1 0 0 2 1
        1.98439338   -1.79826146
        1.77767656    5.20083025
1 0 0 1 1
        1.59314079   -3.67325850
1 0 0 1 1
        0.11204722    1.10281812
2 1 1 1 1
        0.14229128   -0.19194811
2 1 1 1 1
        0.06218900   -0.83784116
2 2 2 2 1
        6.08787911   -0.00499677
        1.53864699    0.45763588
2 2 2 1 1
        0.61197454    0.49169507
2 2 2 1 1
        0.21281534    0.22636357
3 3 3 1 1
      0.9974000       1.00000000

Hg admm-tz2p
   11
1 0 0 2 1
        1.98439338   -1.79826146
        1.77767656    5.20083025
1 0 0 1 1
        1.59314079   -3.67325850
1 0 0 1 1
        0.11204722    1.10281812
2 1 1 1 1
        0.14229128   -0.19194811
2 1 1 1 1
        0.06218900   -0.83784116
2 2 2 2 1
        6.08787911   -0.00499677
        1.53864699    0.45763588
2 2 2 1 1
        0.61197454    0.49169507
2 2 2 1 1
        0.21281534    0.22636357
3 3 3 1 1
      1.5814000       1.0000000
3 3 3 1 1
      0.5423000       1.0000000
4 4 4 1 1
      1.3737000       1.0000000

