C admm-dz
    4
1 0 0 2 1
        4.39823841     -0.14474584
        0.46952468      0.58824606
1 0 0 1 1
        0.15447823      1.00000000  
1 1 1 2 1
        3.21834365     -0.08831923
        0.73006106      0.42818800
1 1 1 1 1
        0.17006229      1.00000000  

C admm-dzp
    5
1 0 0 2 1
        4.39823841     -0.14474584
        0.46952468      0.58824606
1 0 0 1 1
        0.15447823      1.00000000  
1 1 1 2 1
        3.21834365     -0.08831923
        0.73006106      0.42818800
1 1 1 1 1
        0.17006229      1.00000000  
1 2 2 1 1
        0.55000000      1.00000000

C admm-tzp
    7
1 0 0 2 1
        8.47750251      0.02590095
        3.57700340      0.13094020
1 0 0 1 1
        0.49572552      1.00000000
1 0 0 1 1
        0.15917180      1.00000000
1 1 1 2 1
        4.98635518      0.01495610
        1.66438442      0.15601850
1 1 1 1 1
        0.55571575      1.00000000
1 1 1 1 1
        0.15815718      1.00000000
1 2 2 1 1
        0.55000000      1.00000000

C admm-tz2p
    9
1 0 0 2 1
        8.47750251      0.02590095
        3.57700340      0.13094020
1 0 0 1 1
        0.49572552      1.00000000
1 0 0 1 1
        0.15917180      1.00000000
1 1 1 2 1
        4.98635518      0.01495610
        1.66438442      0.15601850
1 1 1 1 1
        0.55571575      1.00000000
1 1 1 1 1
        0.15815718      1.00000000
1 2 2 1 1
        1.09700000      1.00000000
1 2 2 1 1
        0.31800000      1.00000000
1 3 3 1 1
        0.76100000      1.00000000

