MO DZVP-MOLOPT-PBE-GTH-Q14
 1
 2 0 3 6 3 2 2 1
         2.54468372351744    -1.99751010319837E-01    -3.70902081384464E-01     6.06044455498281E-01     5.47937125354741E-01     3.48685677224346E-01    -8.00740480115292E-01     7.61960244781939E-02    -3.05346185035842E-02
         2.31624458403262     2.24670043082491E-01     2.56399878437817E-01     3.80453291035451E-01    -5.23757715216469E-01    -3.88811520715696E-01     3.73057363117874E-01     5.12503956862760E-01     3.66662733745233E-02
         1.08341339475384     8.32749585254246E-01     1.27862752969244E-01    -1.10822395714231E-02    -2.29583494732912E-01    -1.84644867008387E-01     4.46574488485102E-01    -1.39308118835038E-01    -2.29063819950997E-01
         0.49304953123563     7.45340478202645E-02     3.01106843336419E-01    -3.89728146862794E-01    -3.08249915313751E-01    -4.39360581894672E-03    -1.25985411382383E-01     7.44470110477012E-01    -5.81053401480928E-01
         0.17115655125569     4.46250803153547E-01    -4.10913123367607E-01     2.86374751001088E-01    -4.70813770492218E-01     7.29601953299818E-01     6.58702419028376E-02     3.90081963102396E-01    -7.50869644969170E-01
         0.05724923145677     1.07032379571498E-01    -7.21683406145054E-01    -5.03928634628085E-01    -2.36750004391543E-01     4.01013539564190E-01     1.70320668536536E-03     7.56797512476271E-02    -2.09343518529804E-01
C DZVP-MOLOPT-PBE-GTH-Q4
 1
 2 0 2 5 2 2 1
         5.26168129831067    -1.61180329987319E-01     9.95867208365846E-02    -9.87196463656005E-02     8.04180361628404E-02    -7.94810431764520E-02
         1.93765185829818    -1.80818549742989E-01     2.07627108755464E-01    -2.33418997562279E-01     3.08840032955768E-01     2.69065919998737E-01
         0.75874037796781     4.91719768047513E-01    -4.16765369564797E-01    -5.45204647452669E-01     4.47360294645044E-01     5.09115674523642E-01
         0.29195902016920     8.01363369134776E-01     6.04318650540438E-02    -6.71299816524380E-01     5.57121483533110E-02     7.95876444290429E-01
         0.09607356854063     2.39486896539835E-01     8.77284494996048E-01    -4.33449480019086E-01    -8.33616036796648E-01     1.69316891799892E-01
O DZVP-MOLOPT-PBE-GTH-Q6
 1
 2 0 2 5 2 2 1
        10.34256722623639    -1.36612866576817E-01     5.36780510727693E-02    -9.23817206645146E-02     5.83443637080248E-02    -9.48473896502772E-02
         3.67715896642206    -1.53385468202307E-01     9.10278370989298E-02    -2.98264530995839E-01     1.75046650342809E-01     1.72754284852763E-01
         1.30046451996361     5.48080652961239E-01    -2.61157543615482E-01    -5.68590641449654E-01     3.64872626600995E-01     4.96868401181124E-01
         0.46645021946921     7.84467551986126E-01    -4.09115659592467E-02    -6.49258120291653E-01     1.42983044083434E-01     8.41501659783491E-01
         0.14793951916337     2.05007513424509E-01     9.58621708960114E-01    -3.97079920076698E-01    -9.01320376386329E-01    -7.84645029990108E-02
F DZVP-MOLOPT-PBE-GTH-Q7
 1
 2 0 2 5 2 2 1
        13.30428004732790     1.38300641201995E-01    -4.13429187269840E-02    -9.35306094799813E-02     5.06566246623838E-02    -3.27607844899301E-02
         4.80605774544240     1.37253664661734E-01    -3.39425431978004E-02    -2.95918398172795E-01     1.05639317967558E-01     1.33212173705781E-01
         1.70698523266130    -5.18315587577063E-01     1.04830293747595E-01    -5.65287543674134E-01     3.02725510725546E-01     2.66499630071583E-01
         0.58735472443375    -8.26234910698634E-01     4.59821538585404E-02    -6.52514099592094E-01     2.40459771924833E-01     9.50816701157307E-01
         0.17874874061685    -1.03533512436824E-01    -9.91985341560913E-01    -3.97944304537121E-01    -9.14773526135829E-01     7.81459899689756E-02
H DZVP-MOLOPT-PBE-GTH-Q1
 1
 2 0 1 5 2 1
         9.42354063693337     1.73378201014863E-02    -1.21445159969598E-01    -8.76671027046430E-02
         2.22615949373757     1.93709872716504E-01    -1.18321991639862E-01     2.94039390163616E-01
         0.63906011750762     5.93969954529689E-01    -1.91879319676876E-01     4.09265411017209E-01
         0.31891311049636     2.87972643705189E-01     9.48793006176853E-01     1.56988630151590E-01
         0.16139156624546     7.25566905805197E-01    -1.85000371687637E-01     8.44814600657224E-01
