# Helium def2-TZVPP (5s,2p,1d) -> [3s,2p,1d]
He TZVPP-MOLOPT-PBE-AE
    2
1 0 0 3 1
     98.078321616            0.75803064967E-02
     14.764404247            0.54848620937E-01
      3.3185831473           0.22074382186
1 0 2 3 2 2 1
      3.04400000             0.00 0.00 1.00 0.00 0.70
      0.87413869551          1.00 0.00 0.00 1.00 0.70
      0.24459897208          0.00 1.00 0.00 0.00 0.00

# Neon def2-TZVPP (11s,6p,2d,1f) -> [5s,3p,2d,1f]
Ne TZVPP-MOLOPT-PBE-AE
     3
1 0 0 6 1
  45069.4640220              0.21687155182E-03
   6755.9768656              0.16812736757E-02
   1537.6502864              0.87356062782E-02
    435.51697667             0.35361266922E-01
    142.28655638             0.11321521454
     51.692153804            0.26654653104
1 0 1 4 1 1
     99.782996032            0.0000    0.65569234163E-02
     23.176124101            0.3960    0.45888009138E-01
      7.1163945872           0.2550    0.17331287812
      2.4418711435           0.0000    0.36475267512
1 0 3 4 3 2 2 1
      4.01400000             0.00  0.00  0.00  0.00  0.00  1.00  0.00  0.70
      1.9681276278           1.00  0.00  0.00  0.00  0.00  0.00  0.70  0.70
      0.77904756001          0.00  1.00  0.00  1.00  0.00  0.00  0.70  0.00
      0.30229502043          0.00  0.00  1.00  0.00  1.00  0.00  0.00  0.00

# Argon def2-TZVPP (14s,9p,3d,1f) -> [5s,5p,3d,1f]
Ar TZVPP-MOLOPT-PBE-AE
     3
1 0 0 7 1
  79111.4229980              0.51029325002E-03
  11864.7460090              0.39463036981E-02
   2700.1642973              0.20307073910E-01
    763.95943485             0.79691825214E-01
    248.45150561             0.23420623836
     88.283581000            0.44833849481
     32.948607069            0.36408167400
1 1 1 5 1
    776.77541998             0.0000   0.22028005003E-02
    183.80107018             0.0260   0.17694180008E-01
     58.694003175            0.1100   0.82431293717E-01
     21.701591695            0.1100   0.24207278863
      8.5821489635          -0.2600   0.42263558251
1 0 3 5 3 4 3 1
      6.0000000000           0.70  0.00  0.00 0.000  0.00  0.00  0.00  0.90  0.00  0.00  0.00
      3.4922679161           0.70  0.00  0.00  .341  0.00  0.00  0.00  0.10  0.00  0.00  0.00
      1.2637426998           0.20  0.70  0.00 0.000  1.00  0.00  0.00  0.00  1.00  0.00  0.70
      0.46607870005          0.00  0.70  0.00 0.000  0.00  1.00  0.00  0.00  0.00  1.00  0.70
      0.15766003000          0.00  0.00  1.00 0.000  0.00  0.00  1.00  0.00  0.00  0.00  0.00

