KR TZVPP-MOLOPT-PBE-AE
 4
 1 0 0 8 1
    600251.02179902046919     4.05920860982925E-04
     89976.51235645296401     3.00466408422097E-03
     20476.80696522759536     1.58091221033309E-02
      5796.28560793257475     6.37774589463483E-02
      1887.71923273671041     2.08717293448650E-01
       679.07770525666103     5.01014738191285E-01
       264.52122426946079     7.31065931799366E-01
       104.95258904559238     4.08212250555490E-01
 1 0 1 6 1 1
      3232.86038112134383    -1.47812882266614E-03     4.19702768552746E-03
       766.03278245957370    -2.71240226565832E-02     3.43705324887120E-02
       246.25581281072937    -1.26692046580094E-01     1.61758531364678E-01
        92.39093302854101    -9.22931033232136E-02     4.71967347073208E-01
        37.09449803986492     6.50700143271207E-01     7.58547047244681E-01
        14.95899545158978     7.42484029787347E-01     4.17718121942113E-01
 1 0 2 6 1 1 1
       186.33033860150766     3.73160953038102E-03    -2.59470675704380E-03     1.55447387679806E-02
        55.17658753561247    -2.39374905817068E-02    -4.20101695490199E-02     1.04356179167712E-01
        20.26209185449347    -3.11868620575296E-01     3.00583122353693E-02     3.72398515802342E-01
         8.21672761756262     9.59144682157112E-02     5.59223865262720E-01     6.55789101785852E-01
         3.66194066372598     9.21431196677123E-01     7.51082463073077E-01     6.38558437407120E-01
         1.65452696068405    -2.09561446150020E-01     3.47086031412345E-01    -1.11226212690386E-01
 1 0 3 4 3 3 3 1
         1.65194800002528     9.80975965166039E-01     1.82768827462570E-01     6.37693581747623E-02     6.65129056203569E-02    -5.58108400649736E-03    -6.40429929012714E-03     6.75453201169925E-01    -7.36684739512001E-01    -3.20816443784797E-02     1.73519741361058E-01
         0.64319691614947    -1.84364242236695E-01     9.53862022576836E-01     1.45313921086543E-01     9.95075294419954E-01    -5.46047704550482E-02    -4.85892157989598E-02     7.36332492764953E-01     6.71997958426862E-01     7.57070874934342E-02     8.62556006894305E-01
         0.23217605555768    -4.66937060966841E-02    -1.04812391969288E-01     9.59618848497564E-01     6.33745050827106E-02     9.78878039780984E-01     1.94358466973123E-01    -3.88905222277593E-02    -7.43580533528624E-02     9.43020208319830E-01     4.43677117367063E-01
         0.08260497851307     3.89317320704343E-02    -2.13909233281926E-01     2.32269237964572E-01     3.72137599081356E-02    -1.96938959526555E-01     9.79705496245939E-01     8.05980202628243E-03    -1.36094945474661E-02     3.22416022706159E-01     1.70407305751241E-01
XE TZVPP-MOLOPT-PBE-Q26
 2
 1 0 2 9 2 2 1
      6420.26049880995197    -4.24204363662476E-02    -5.47121318403830E-02     6.86534218017972E-04    -2.54621598420558E-03     4.59093817509399E-05
       983.54296601898932     7.38126221898438E-02     9.42633937431108E-02    -5.57447417996695E-04     1.91972066382021E-03    -9.01808560772554E-05
       219.47371464461483     1.29112053809504E-01     1.62043615322377E-01     2.33099394724039E-03    -5.39044032760418E-03     6.25889591590564E-04
        23.14429778789517    -2.80158108497494E-01     1.43197544024677E-02    -1.73417073768497E-02     6.53604248547497E-02     2.37831660645707E-02
        17.95830944148757     9.02597607955444E-01     9.96883880570458E-02    -1.15778662898725E-03     3.71670211301744E-01    -3.86609415331003E-02
        11.75496971989716    -3.43839098548051E-02     9.10581685868117E-01    -6.48414391788619E-02    -9.08957478403462E-01     2.29346126297578E-02
         4.41022506199041    -1.44789210923919E-01     3.07654426713257E-01     3.99864605655590E-01     2.20775528733449E-02     2.02998757960247E-01
         1.99693801244150     9.88062140862963E-03     2.75556895397438E-02     8.44799662552060E-01    -5.78267655027551E-03     1.74169898650455E-01
         0.82301181759272    -2.46307689212029E-01     1.64773975319253E-01     3.49154871320418E-01    -1.75571889176463E-01     9.62221203698968E-01
 1 0 3 5 4 3 2 2
         2.06085892559201     9.85787746935568E-01     1.31679645019315E-01    -2.91051479660083E-02     5.83312112968450E-02    -2.55461982903094E-02    -2.10284281914640E-01     1.25628602354616E-01    -2.61856860519357E-01    -2.11092458372112E-02     9.75322913642471E-01     1.38027806617139E-01
         0.92961963610695    -1.47125458009287E-01     9.09651311626609E-01    -2.22933534527979E-01    -9.99764612768509E-02     8.35009224006051E-01    -3.09546346858212E-01     3.02227455796147E-01     7.11597191673312E-01     7.76345364121277E-02    -2.83897432475817E-02     6.95110363298710E-01
         0.33226314358554    -2.64121324758734E-02     1.35983351386524E-01     9.25076317430816E-01     1.62304058629742E-01     5.48559382876410E-01     4.82378868820113E-01    -4.00437844486298E-01     4.95296917740058E-01     1.90227298227963E-01    -1.76141706724440E-01     6.72589767526433E-01
         0.10932162430347    -7.33373641240320E-02     8.91990910894859E-03    -2.08894605670213E-01     9.69562807153231E-01    -5.02557320812602E-03     7.59213329163615E-01     1.62835693392239E-01    -1.46917596978668E-01     9.78025154187375E-01    -1.19270750707318E-01    -1.09490289671501E-01
         0.15313196213779     2.23751620925756E-02     3.69626738360137E-01     2.23719422928063E-01     1.42153200866744E-01    -3.41223482472459E-02     2.25537863035251E-01     8.40244065075172E-01    -3.97689080032143E-01     2.84192062153368E-02    -5.18442261029225E-02     1.82769769167626E-01
RN TZVPP-MOLOPT-PBE-Q26
 2
 1 0 2 9 2 2 1
      5187.74418670775322    -3.87322736251490E-03    -3.48159875363849E-03     1.79693816070109E-05    -9.80563753034241E-05     5.43263597131763E-05
       768.16846718967065     8.22165621434184E-03     5.55965469155553E-03    -1.87363916216954E-04     1.85431785250447E-03    -1.67742479912718E-04
       159.32743028305273    -1.24519780260453E-02    -1.30535939150376E-02     8.39222896457131E-04    -4.94910270344033E-03     1.58920670084196E-03
        21.86515183684854    -5.34688362327684E-01    -8.69304045122833E-02    -4.54926089194211E-02     5.25204748856195E-02    -6.45205362445180E-02
        18.38655001750664     8.38072464763255E-01     1.73457700647970E-02     7.96411351216583E-02    -1.47857747443397E-03     1.20302296458793E-01
         9.06614611002428    -8.64279036248251E-02     1.82370859444890E-01    -1.80598472108070E-01     2.52951220607651E-01    -2.19040126290067E-01
         6.55671899853818    -5.32619135766804E-02     9.59445473247162E-01     1.38044471940295E-01    -9.03618644997614E-01     1.23017159036475E-01
         2.26788647951526    -1.65978316074713E-02    -1.72980548887440E-01     4.35070554210065E-01     3.40410136118532E-01     8.65263225324682E-01
         0.89248258704704    -3.03833464616676E-02    -9.06188977276969E-02     8.66388192962794E-01     2.86606949088498E-02     4.11788360399833E-01
 1 0 3 5 4 3 2 2
         2.07053369906224     9.31636595250788E-01     1.56447011516801E-02    -1.73133452108630E-01    -1.29347653653854E-01     2.44716010782797E-03    -5.80829103979060E-02    -6.67899894655142E-02     2.01477071793151E-01    -7.87358539479606E-02     9.86202459317013E-01    -9.78643014470463E-02
         0.94644812849214     1.17482063992555E-01     9.05197974637046E-01     1.00816573465824E-01    -6.11961927105442E-02     6.66352755237059E-01    -4.18001215593962E-01    -2.34966304060689E-01     6.40001950580887E-01    -4.49326963007154E-01     5.68554220979256E-02     6.54536117246789E-01
         0.64873957061518     2.10890867962223E-01    -1.44322836442171E-01     9.58055850412055E-01     1.22417469625844E-01     7.22058849083112E-01     5.59842811793513E-01     2.15075293024599E-01     7.23088269006248E-01     3.35748295564277E-01     6.89856580173267E-02     7.01094074410622E-01
         0.28528843710459     1.30530341368047E-01     3.31776232265480E-02    -1.51873119794582E-01     9.76233724377563E-01    -1.82965155484623E-01     7.05385064066510E-01    -1.77927420960142E-01     4.22515206863410E-02     8.06929847669449E-01     8.60307787795731E-02     2.47941091504357E-01
         0.11782508361084    -2.38197587775464E-01     3.98047778837149E-01     1.37565872405383E-01     1.07265507085428E-01    -3.35080189603461E-02    -1.04447578989164E-01     9.28662686051352E-01     1.58627415724889E-01     1.67461185304819E-01    -1.09598605400066E-01     9.48544342227669E-02
