HE QZVPP-MOLOPT-PBE-AE
 2
 1 0 0 5 1
      1144.58126292726956    -8.26383444468031E-04
       171.62671965972041     1.36297756207363E-02
        39.02756875842514     4.01115713265853E-03
        10.85798465426520     3.38663683583295E-01
         4.20854088233295     9.40799854563755E-01
 1 0 3 4 3 3 2 1
         6.10809502989507    -4.15060201817296E-01     1.26020566583250E-01     3.27744634024281E-01     9.12629666116471E-01     3.67730295007464E-01     1.49024403935448E-01     9.70357751567565E-01    -2.40477760331974E-01     6.92169461786660E-01
         1.07381881849339     2.85520578300237E-01    -5.69409198945817E-01    -6.13792836099708E-01    -2.11680108610135E-01     7.43654702991954E-01    -6.21601886540309E-01     2.20374208122070E-01     9.16978554946962E-01     7.08965301681044E-01
         0.50449147437741     5.64069313715768E-01     7.48118446855827E-01    -2.35231978578687E-01    -3.43585919418881E-01     4.58037517214358E-01     7.37393855257670E-01    -9.70082805921679E-02    -3.17498447080591E-01    -1.31622459747744E-01
         0.18582677784475     6.54239128727950E-01    -3.16560847907547E-01     6.78607195271995E-01     6.51716205109491E-02    -3.19301966288619E-01    -2.18295954862761E-01    -2.07469483023970E-02    -2.27049037547300E-02    -3.07435403333113E-02
NE QZVPP-MOLOPT-PBE-AE
 3
 1 0 0 8 1
    160676.10434785144753     4.45132615821881E-06
     23953.32423259737698     1.43692810991558E-03
      5437.62486871893907     4.47654356769895E-03
      1544.22666082730507     2.59935930444919E-02
       507.93934786667279     1.35545370985783E-01
       184.87270540152815     2.75082493673161E-01
        72.52748190306053     5.46865042934330E-01
        30.05764662872585     7.78587135644709E-01
 1 0 1 6 1 1
       498.69316538359641    -2.53218475767576E-01     1.31892411994937E-03
       118.19344137794781    -1.55488753726122E-01     9.84889416113047E-03
        38.02789976492630     7.89998616909265E-01     5.12997485409185E-02
        14.13871338573775    -5.15267983789938E-01     2.63626833585219E-01
         5.84831188143706    -1.47666987977231E-01     5.29308388256481E-01
         2.31763223752620     1.72974512248439E-02     8.04737918988390E-01
 1 0 4 6 5 3 3 2 1
        13.27860320482027     7.83369027426653E-01    -4.56039658518296E-01     3.55825994805963E-01     1.96155345109750E-01     3.37350058300814E-02    -2.21139618605726E-01     2.25283705973181E-02    -3.29372258857554E-01     1.54082155628264E-01    -1.42983377439192E-01     1.22138962566772E-01    -4.01517971475763E-03    -1.33655478608473E-03    -4.81705505787860E-03
         5.69341041659809     2.63311808029500E-01     6.73546550433660E-01     4.67549100062762E-01    -8.50028423788229E-02    -3.80153936039166E-01    -8.53995717755257E-02     5.88083889002405E-02     2.55278390117504E-03     9.86577733349895E-01     8.21939939600021E-04    -6.76306713715548E-02     9.95838152704136E-01     4.56579145791278E-02     6.82532749396364E-01
         2.05545319792436    -3.75545189356356E-01    -3.26832785256256E-01     6.52253266066282E-01    -5.34660473586934E-01    -7.77216084197347E-02     2.63673051999131E-01    -7.99262180474892E-02     1.27011038317640E-01     1.51386808568582E-02     9.80293834701802E-01    -1.12040092545720E-01    -4.32477080168486E-02     9.89328728955676E-01     7.26247221182097E-01
         0.88308280751178    -4.09818460937889E-01    -6.30139626673030E-02     4.28547779328239E-01     7.83317958974219E-01     8.73072933005185E-02     9.24636361182618E-01     1.37143216518766E-01    -2.07841273817049E-01     4.95043096003644E-02     1.22555449359483E-01     9.73326124280935E-01     5.30994342571177E-02    -9.51453495152670E-02     3.33526080500836E-02
         0.36072096117443     8.94557238989241E-02     3.62329223606391E-01     2.10706865537449E-01    -1.15589639706835E-01     8.88407656277808E-01    -1.36334362351551E-01     8.13253987278525E-01    -4.75887735168183E-01    -4.56592973748798E-03    -5.95966126711762E-02    -1.32839495027998E-01     4.51934915722999E-02    -3.10864043109104E-02     5.67880545225820E-02
         0.15754561133803     3.48882621705360E-03    -3.10306266402766E-01    -3.60665358044707E-02    -2.03685506841059E-01     2.26745581398476E-01     2.72258166837765E-02     5.56287278229765E-01     7.78272743290875E-01    -1.49117850597952E-02    -2.73521971163349E-03    -5.42688504415987E-02     3.94700659112715E-02     9.55156136617060E-02     4.85132570241353E-02
AR QZVPP-MOLOPT-PBE-AE
 3
 1 0 0 10 1
   1673422.04722157563083     7.85163935171664E-05
    250601.71788905927679     2.18638120663177E-05
     57030.96071612880769     1.61704159518168E-03
     16153.22049389691165     2.46966941405573E-03
      5269.26268328707556     2.44508741980881E-02
      1902.15230550404635     7.02865554375484E-02
       741.55941468439221     1.78583832693826E-01
       307.16052181576794     4.38149861281174E-01
       133.48999675535038     7.16740509812973E-01
        60.37244115929064     5.06822246448397E-01
 1 0 1 8 2 2
      2868.50853502481596    -3.59490388086133E-01     1.65443436442132E-01     1.16029244700838E-02    -2.75085751406330E-01
       679.96914093138491    -1.71463844738313E-01    -2.98375678958448E-03     8.45745243415411E-04     7.84088979089591E-02
       220.37876836351811     3.45970618944500E-01    -4.17718033973784E-01     3.39127820493395E-02    -3.11480381483369E-01
        83.76537339939428     7.06163039341881E-01    -2.16749633453128E-01     9.17030482688863E-02    -1.63314532728782E-01
        35.08813641553639     3.53431706815251E-01     7.69965493075148E-01     2.52477264072339E-01    -1.68615339982610E-01
        15.44582788599065     1.32816961351184E-01     1.21217924829579E-02     5.52964063181882E-01    -3.32796979438336E-01
         7.00900107101683    -1.81148848090321E-01    -3.94254604835862E-01     6.69813378057495E-01     6.66067385230702E-01
         3.62894539640778    -2.18256000482186E-01    -5.21566411007520E-02     4.14898958231677E-01    -4.60062479869502E-01
 1 0 4 6 6 4 4 2 1
        11.18432909047168     7.94774930648237E-01    -3.69073904942252E-01     3.62547560490799E-01     2.54159005674551E-01     4.87697281556224E-02    -1.83578980648896E-01     5.98664683859665E-03     7.94761379612762E-02    -1.93281155352768E-01    -2.16945275091774E-02    -5.33582522222704E-02    -6.44582226785787E-02     9.45050174826752E-02    -3.90009115520939E-01     1.82007682466437E-01    -1.62483978469428E-01    -4.80529595896221E-02
         4.97063402261433     2.68597554844809E-01     6.83543298257209E-01     4.89998968626621E-01    -4.21587820368278E-01     7.53173054476238E-02     1.92654968534752E-01    -6.79054529849539E-03    -9.95812401762447E-02     1.79143140376573E-01     1.00998953373244E-01     9.90265121681660E-01     5.92596755339348E-02     9.60488498550668E-02    -4.81605868223120E-02     1.32184352966168E-02    -1.98789684980744E-01    -1.41826635274408E-02
         2.13314752512703    -3.99521509882093E-01    -5.01171217247033E-01     6.41720293498761E-01    -1.26644329435340E-01     8.52633909085371E-02     3.92551152143481E-01     6.63807044768366E-01    -6.72387191406658E-01     1.20976247083353E-01    -2.90592572565901E-01    -3.32551587023839E-02     7.54798152831663E-01    -3.11841156359434E-01     2.96116425722003E-01     6.33392850370350E-01    -3.39266321634857E-01     4.05882511660386E-02
         0.82262436853676    -3.41283156396125E-01     3.10894149380022E-01     3.85360522154675E-01     5.78731941659809E-01     3.03614367229306E-01    -4.59625454822579E-01     7.00520326075251E-01     4.24872680509875E-01    -3.59848504483882E-01     4.28435709260139E-01    -7.88676053847833E-02     6.28607746412064E-01     4.41392860807437E-01    -5.00232849006480E-01     7.44588697510613E-01     3.94513096885613E-01     9.91600614092938E-01
         0.32067707728706    -2.00421776532209E-02    -2.04967286027427E-01    -9.97445973717203E-02    -5.41377055040627E-01     6.78278748808858E-01    -4.41006305236614E-01     2.29705662708110E-01     5.82324382834238E-01     3.02120737738839E-01    -7.14444621595403E-01    -7.98209896787105E-02    -5.25319444406587E-02     8.30432899066837E-01     4.18472388024544E-01    -3.13350901502161E-02     7.84307145195653E-01     1.11873092795737E-01
         0.11971156252659     1.40338321784277E-01     8.19369430799275E-02    -2.41254275192611E-01     3.37058373804488E-01     6.57598073455779E-01     6.07737026956807E-01     1.25637721824773E-01     1.09745630642248E-01     8.33754755028119E-01     4.59234407865262E-01     5.32023547209319E-02     1.57181019307904E-01     1.23310943635843E-02     5.76659750061530E-01     1.00587063064571E-01    -2.19548853950833E-01     7.41567502343522E-03
