HE SVP-MOLOPT-PBE-AE
 1
 1 0 1 4 2 1
        38.83746214584831     4.55724632090114E-02    -7.24942436654710E-02     8.84215583460126E-02
         4.18552075723528     3.33321910327787E-01    -2.26554118755619E-01     2.14030586453580E-02
         0.87348767289087     7.43304561935166E-01    -5.28085815572035E-01     9.83425533542586E-01
         0.21732138836872     5.78202371924285E-01     8.15195183561492E-01     1.56836721072478E-01
NE SVP-MOLOPT-PBE-AE
 2
 1 0 1 7 1 1
      3598.72305551079535    -8.85333623177079E-03     4.52589449924650E-05
       541.37706102669995    -6.15664079391336E-02    -1.39502441748783E-03
       122.57768760818537    -2.86485640795043E-01    -1.32807208873533E-02
        34.34422490709700    -6.90810181507652E-01    -9.17506128988206E-02
        11.86225084780824    -6.52709858743730E-01    -3.18598159159534E-01
         4.35245013858557    -1.02970001051303E-01    -9.38433566561373E-01
         3.00025119272152    -1.43347750904337E-02    -9.61309184131864E-02
 1 0 2 3 2 1 1
         1.38519522701895     8.79827868817718E-01     1.23243843809160E-01     7.79953953397777E-01     6.25818754084383E-01
         0.43179764216094     4.11605820056927E-01    -6.80502517771862E-01     6.00291590146804E-01     7.79195982963299E-01
         0.15087836967448     2.37662723511570E-01     7.22306914177969E-01     1.76979765448483E-01    -3.47060105764030E-02
AR SVP-MOLOPT-PBE-AE
 2
 1 0 1 7 2 1
     11797.29251815874159     8.30263860236788E-03    -2.98426999811062E-03    -1.64466572622534E-04
      1774.33091455036106     5.91076963295339E-02    -1.86760118146034E-02    -1.90868477749967E-04
       403.15326304889169     2.70477336892243E-01    -9.74281089764066E-02    -1.05208470435973E-02
       112.29513287353208     6.64615856224018E-01    -2.55512386279230E-01    -5.05076989572059E-02
        37.23617188451058     5.38894192227637E-01    -3.45067212229306E-01    -2.56007550086703E-01
        12.13440479821684     1.89683894407610E-01     2.06036102501518E-01    -6.65115374409241E-01
         4.25480367223746     3.93926630346101E-01     8.73694012950034E-01    -6.99585515620902E-01
 1 0 2 3 2 2 1
         1.36027948124467     5.97347471663083E-01    -8.00904853403921E-01     9.55035154277677E-01     2.85137647320465E-01     1.66696678629379E-01
         0.53363313908041     7.49326806045431E-01     5.75846325432831E-01    -2.80526959728791E-01     7.80270915633146E-01     9.86003355528928E-01
         0.16656216546050     2.85806465706210E-01     1.64171938161031E-01    -9.59816594935443E-02     5.56663112032369E-01     3.09842211910543E-03
