Li admm-dz
    4
1 0 0 2 1
        7.05395715      0.30345763
        1.91205125      0.48994982
1 0 0 1 1
        0.56904394      1.00000000  
1 0 0 1 1
        0.07304986      1.00000000  
1 1 1 2 1
      1.1470900000      0.15853000
      0.2134730000      0.50000000


Li admm-dzp
    5
1 0 0 2 1
        7.05395715      0.30345763
        1.91205125      0.48994982
1 0 0 1 1
        0.56904394      1.00000000
1 0 0 1 1
        0.07304986      1.00000000
1 1 1 2 1
      1.1470900000      0.15853000
      0.2134730000      0.50000000
1 1 1 1 1
      0.0477473000      1.00000000


Li admm-tzp
    6
1 0 0 2 1
        7.44206880      0.26976380
        2.33775119      0.40990384
1 0 0 1 1
        0.75347741      1.00000000
1 0 0 1 1
        0.10461624      1.00000000
1 0 0 1 1
        0.09420767      1.00000000
1 1 1 2 1
      1.1470900000      0.15853000
      0.2134730000      0.50000000
1 1 1 1 1
      0.0477473000      1.00000000

Li admm-tz2p
    8
1 0 0 2 1
        7.44206880      0.26976380
        2.33775119      0.40990384
1 0 0 1 1
        0.75347741      1.00000000
1 0 0 1 1
        0.10461624      1.00000000
1 0 0 1 1
        0.09420767      1.00000000
1 1 1 1 1
      0.114709E+01      1.00000000
1 1 1 1 1
      0.213473E+00      1.00000000
1 1 1 1 1
      0.477473E-01      1.00000000
1 2 2 1 1
      0.260000E+00      1.00000000


