  BASIS_TYPE GAUSSIAN
  S_EXPONENTS           7.44206880 \
                        2.33775119 \
                        0.75347741 \
                        0.10461624 \
                        0.09420767

  ORBITAL COEFFICENTS (Quickstep normalization)
  L Quantum Number:  0
        7.44206880    0.00000000  0.00000000  0.26976380 -0.04696106  0.00000000  0.00000000
        2.33775119    0.00000000  0.00000000  0.40990384 -0.10638967  0.00000000  0.00000000
        0.75347741    0.00000000  0.00000000  0.41922273 -0.12228217  0.00000000  0.00000000
        0.10461624    0.00000000  0.00000000  0.25666406 -4.72426524  0.00000000  0.00000000
        0.09420767    0.00000000  0.00000000 -0.22184288  5.69769732  0.00000000  0.00000000
