################################################################################################
# Platinum
################################################################################################
Pt ccGRB-D-q18
    2
  2  0  2  7  3  2  2
   9.13653227419       -0.1175047131    0.0162592953   -0.0218990206   -0.0022717359   -0.0748187525   -0.0061466375    0.0039774115
   4.09836902207        0.8840494566   -0.2510886176    0.2682993526    0.2206166699    0.4217951137   -0.0758235265    0.0205121459
   1.83840303268       -0.8368152950    0.2691622936   -0.3827266181   -0.5182950408   -1.2952220437    0.3025921067   -0.0910422090
  0.824651389949       -0.6805269106    0.5946321209   -0.2071302104   -0.5777833153    0.9606690923    0.4225083398   -0.2066986037
  0.369913399214       -0.0654731352   -0.1293720414   -1.0842920077   -0.1052210511    0.9693866255    0.3409302951   -0.2845469542
  0.165931840516       -0.0024117477   -0.4104996409    3.7987769120   -0.0157077479   -1.7432717694    0.1547762041    0.3985864886
  0.744319501684E-01    0.0006540071   -0.7192714023   -2.7029596123    0.0032924568    0.1307963972    0.0371387813    0.7498166887
  3 3 3 1 1
      0.8018000              1.0000000

Pt ccGRB-T-q18
    4
  2  0  2  8  4  3  3
   8.33115992972       -0.1565703253    0.0222192442   -0.0037563196    0.0310665944   -0.0051814127   -0.0646360764   -0.0182122825    0.0046914203   -0.0026977015    0.0032524843
   4.17116933141        0.9549350416   -0.2569000365    0.1474094160   -0.3643181708    0.2281661525    0.3312797724    0.1760584365    0.0858317172   -0.0285585825    0.0369989179
   2.08838309888       -0.6528801121    0.1704184226    0.0447097074    0.4401384377   -0.3575167113   -0.6352301218   -0.3031037008   -0.2255918103    0.0815222345   -0.1131908891
   1.04559264349       -0.7187188827    0.4887713699   -0.8209596738   -0.1555010987   -0.5953630379   -0.8399638926   -1.1274617053   -0.3518125339    0.1093012054   -0.1646928338
  0.523497808764       -0.2508851416    0.2571300658    0.3397105770    3.8464280654   -0.2192401043    2.8177576864    0.8129863365   -0.3488369711    0.3057597133   -0.5607375731
  0.262100118518        0.0147008645   -0.3512006676   -0.8341971207   -9.9822556004   -0.0513314880   -1.9279285855    1.1543150600   -0.2192360762    0.0306394190    0.6977858189
  0.131225901956       -0.0113140118   -0.3861561030    3.7607115253    9.7795099584    0.0074991201   -0.1288314834   -0.4627597383   -0.1007040112   -0.5319827964    1.1199541419
  0.657009902996E-01    0.0028912167   -0.5802124346   -2.9988267472   -3.6688240316   -0.0028492048   -0.2179508041   -0.1562377368   -0.0199172072   -0.5613735391   -1.3805059799
  3 3 3 1 1
      1.3040000              1.0000000
  3 3 3 1 1
      0.4337000              1.0000000
  4 4 4 1 1
      1.0772000              1.0000000

Pt ccGRB-Q-q18
    6
  2  0  2  9  5  4  4
   8.37378520981       -0.1538786541   -0.0218482435    0.0050386011   -0.0249014708   -0.2612355769   -0.0050065610   -0.0660420964   -0.0398986509   -0.2401655334   -0.0047978975    0.0024895469   -0.0040529824    0.0180193133
   4.16600573784        0.9506565465    0.2567899853   -0.1542869512    0.3287141021    1.0670592097    0.2280186546    0.3412242828    0.1055702947    1.1808733747   -0.0852708814    0.0291874816   -0.0328035474   -0.0214287812
   2.07261153384       -0.6638097161   -0.1762811626   -0.0158682206   -0.3472683449   -4.2983932533   -0.3670385140   -0.6843482960   -0.3642076412   -2.8384862002    0.2298423158   -0.0851781520    0.1035700566    0.0310246103
   1.03113601865       -0.7193395312   -0.4957022161    0.7673066223   -0.0995952672   12.4105003143   -0.5965225181   -0.7419824445    1.7265507354    2.3030554125    0.3566073836   -0.1048414307    0.1923042603   -0.5349984907
  0.512996030179       -0.2392088603   -0.2406112569   -0.2329743044   -3.2034594999  -19.3411837907   -0.2117036297    2.7692330685   -0.7785631721    0.6201364781    0.3488242763   -0.3258789228    0.5094772290   -0.6374457283
  0.255218440845        0.0170988110    0.3619999908    0.5637104109    8.9877618148   17.8742351154   -0.0488628210   -2.0090018897   -2.0541856733   -3.9296271163    0.2172223706    0.0236689138   -0.6774615767    3.1630686459
  0.126972624963       -0.0136705137    0.4062928908   -3.4270452496   -8.8262505331  -10.2132799842    0.0087818515   -0.0386912151    1.8015867378    5.4744674240    0.0945571289    0.5018166027   -1.1317374782   -3.6807327489
  0.631696026218E-01    0.0052830568    0.5542443654    2.8535396925    3.0500927864    3.1224020943   -0.0039964608   -0.2532840834   -0.6353337581   -3.2247894710    0.0196334491    0.5868167084    1.4630721448    1.8575321871
  0.314272363556E-01   -0.0010586324   -0.0086164357    0.0127876862    0.2321647250   -0.1840978039    0.0005863223    0.0192797767    0.0800890587    0.3234114364   -0.0010697850   -0.0319258788   -0.0711567528   -0.0844851523
  3 3 3 2 2
      1.6660000              1.0000000              0.00000000
      0.7019000              0.00000000             1.0000000
  3 3 3 1 1
      0.2958000              1.0000000
  4 4 4 1 1
      1.7070000              1.0000000
  4 4 4 1 1
      0.6166000              1.0000000
  5 5 5 1 1
      1.1498000              1.0000000

Pt aug-cc-D
    4
1 0 0 1 1
      0.0185000              1.0000000
1 1 1 1 1
      0.0139000              1.0000000
1 2 2 1 1
      0.0389000              1.0000000
1 3 3 1 1
      0.3357000              1.0000000

Pt aug-cc-T
     5
1 0 0 1 1
      0.0167000              1.0000000
1 1 1 1 1
      0.0122000              1.0000000
1 2 2 1 1
      0.0301000              1.0000000
1 3 3 1 1
      0.1662000              1.0000000
1 4 4 1 1
      0.4643000              1.0000000

Pt aug-cc-Q
     6
1 0 0 1 1
      0.0159000              1.0000000
1 1 1 1 1
      0.0110000              1.0000000
1 2 2 1 1
      0.0248000              1.0000000
1 3 3 1 1
      0.1143000              1.0000000
1 4 4 1 1
      0.2661000              1.0000000
1 5 5 1 1
      0.5162000              1.0000000


