#
# Generated with CP2K Atom Code
#
 Pt ccGRB-VAL-0
   1
  2  0  2  7  2  1  1
   9.13653227419       -0.1175047131    0.0162592953   -0.0022717359   -0.0061466375
   4.09836902207        0.8840494566   -0.2510886176    0.2206166699   -0.0758235265
   1.83840303268       -0.8368152950    0.2691622936   -0.5182950408    0.3025921067
  0.824651389949       -0.6805269106    0.5946321209   -0.5777833153    0.4225083398
  0.369913399214       -0.0654731352   -0.1293720414   -0.1052210511    0.3409302951
  0.165931840516       -0.0024117477   -0.4104996409   -0.0157077479    0.1547762041
  0.744319501684E-01    0.0006540071   -0.7192714023    0.0032924568    0.0371387813

 Pt ccGRB-VAL-1
   1
  2  0  2  7  3  2  2
   9.13653227419       -0.1175047131    0.0162592953   -0.0218990206   -0.0022717359   -0.0748187525   -0.0061466375    0.0039774115
   4.09836902207        0.8840494566   -0.2510886176    0.2682993526    0.2206166699    0.4217951137   -0.0758235265    0.0205121459
   1.83840303268       -0.8368152950    0.2691622936   -0.3827266181   -0.5182950408   -1.2952220437    0.3025921067   -0.0910422090
  0.824651389949       -0.6805269106    0.5946321209   -0.2071302104   -0.5777833153    0.9606690923    0.4225083398   -0.2066986037
  0.369913399214       -0.0654731352   -0.1293720414   -1.0842920077   -0.1052210511    0.9693866255    0.3409302951   -0.2845469542
  0.165931840516       -0.0024117477   -0.4104996409    3.7987769120   -0.0157077479   -1.7432717694    0.1547762041    0.3985864886
  0.744319501684E-01    0.0006540071   -0.7192714023   -2.7029596123    0.0032924568    0.1307963972    0.0371387813    0.7498166887

 Pt ccGRB-POL-1
   1
  3  3  3  1  1
  0.332054531450        1.0000000000

 Pt ccGRB-EXT
   1
  2  0  2  1  3  2  1
  0.223616527585E-01    1.0000000000    6.8447415029  271.3268573755    6.8447415029  271.3268573755  271.3268573755

