PD DZVP-MOLOPT-SCAN-GTH-Q18
 1
 2 0 3 6 2 2 2 1
         2.84005924903837    -9.93069661075018E-02    -1.32674228861632E-01    -7.37027895473887E-01    -4.33075815137311E-02    -6.74862572974854E-01     7.89345096943462E-02     1.10469304395512E-01
         2.69875234655932    -6.34781069209450E-01    -4.59552567388272E-02     4.83075864914811E-01     4.08342965204408E-06     6.72463773723229E-01     1.85342416558748E-01    -5.55611363895174E-02
         2.33607857883218     7.18333475890466E-01     1.20057727267991E-01     3.88628918069881E-01     2.43771310743756E-02     1.41106883988059E-01    -3.64879975007760E-01    -1.10573681520028E-01
         0.81652796689720     2.47319423405888E-01    -1.29537199433841E-01     2.66707717283483E-01    -7.06786647202589E-02     2.53600407321424E-01    -3.05032379097665E-01    -3.18440149274324E-01
         0.27718116728084    -7.37190112969820E-03     2.07948920368913E-01     8.78813513981546E-03     5.87186453832067E-01     8.90216583837830E-02     7.19988324338252E-01    -7.14352611902207E-01
         0.08172429329690    -9.98343425423587E-02     9.51761086606048E-01    -3.44226130933243E-02     8.04827188678926E-01    -1.42760521105787E-02     4.63521516394253E-01    -6.00648958263665E-01
C DZVP-MOLOPT-SCAN-GTH-Q4
 1
 2 0 2 5 2 2 1
         5.62346013427220    -1.55253500731420E-01     5.81156225081139E-02    -9.29774868419450E-02     6.15864535855770E-02    -8.37519672759395E-02
         2.09855872766266    -2.36394508865927E-01     1.09598535828912E-01    -2.48489734215218E-01     2.22870166784096E-01     2.49479844044917E-01
         0.82051076634244     4.67426079878225E-01    -1.58417931802923E-01    -5.81990872631545E-01     3.41552398929665E-01     5.62523929081207E-01
         0.31733139976061     8.30527918853097E-01     3.37009387490941E-03    -6.83456388910509E-01     8.65714462205001E-02     7.72454993535448E-01
         0.11111607198944     1.08398443456976E-01     9.79542309813727E-01    -3.51826701035020E-01    -9.06853538878833E-01     1.32761167386880E-01
O DZVP-MOLOPT-SCAN-GTH-Q6
 1
 2 0 2 5 2 2 1
        10.25781699497238    -1.37093335568261E-01     6.42341766590814E-02    -1.01541960662273E-01     5.12250917317880E-02    -1.55308630843787E-02
         3.64428735012608    -1.53382903419191E-01     6.95730187369108E-02    -2.97888826596963E-01     1.18416114723772E-01     1.12242705044625E-01
         1.40222472037927     4.52964005356058E-01    -1.60546208430784E-01    -5.48743422499672E-01     2.65706574607295E-01     4.02080210361362E-01
         0.52205700268808     8.05450964095097E-01    -2.63981031214717E-01    -6.95022929228448E-01     1.92118246587555E-01     9.01700430010169E-01
         0.16818943371335     3.22104729197730E-01     9.46346921445871E-01    -3.41723954857718E-01    -9.35865486749767E-01    -1.11481865840859E-01
F DZVP-MOLOPT-SCAN-GTH-Q7
 1
 2 0 2 5 2 2 1
        13.16645520019096     1.25688709752362E-01    -6.90191648196731E-02    -9.31572868763813E-02     5.00225599861602E-02    -1.02513605924922E-02
         4.67863609541364     1.25206371205048E-01    -7.54523660806367E-02    -2.93923292691458E-01     1.19602022797720E-01     4.04484470063397E-02
         1.68188350144516    -4.93940854057955E-01     2.15904735709196E-01    -5.53343548452151E-01     3.11861936412921E-01     4.51403790784568E-01
         0.58393450944632    -7.58234802751956E-01     3.05654861844976E-01    -6.44505933144035E-01     2.69615230808562E-01     8.90352206116421E-01
         0.18571155118612    -3.86817953873203E-01    -9.21685166349822E-01    -4.28198362261887E-01    -9.01799789070697E-01     4.20285554084608E-02
