V TZV2P-MOLOPT-PBE0-GTH-Q13
 1
 2 0 3 6 4 3 3 2
         6.80003333752556     1.39287455430658E-01     7.07797666420672E-02     2.51998019722959E-02     4.94915827954248E-02    -2.03411841221724E-01     4.06788652245988E-02     5.60896381820966E-02     1.76970302509071E-01    -2.36103364372848E-02     8.11089225077036E-02     6.99335971971965E-03    -4.21520108805006E-02
         3.42341833228843     3.19007546590952E-01     1.74103586403553E-01    -2.68120412999647E-02     4.70893429040145E-02     2.42013410127093E-01    -5.88249881975719E-02    -6.47670201428597E-02     3.39893655075331E-01    -2.98047645852226E-02     1.52684704830713E-01    -3.07727376927759E-02     6.81712435646556E-02
         1.46167895757363    -5.84343698958233E-01    -4.56452168762848E-01     2.70646236230810E-01    -5.01369913265879E-01     6.89181016460861E-01    -3.57020236784868E-01     3.47644926192693E-01     5.61279920542299E-01    -4.95024042191228E-02     3.17441698700016E-01    -8.49985155113222E-02    -8.72069250427274E-01
         0.57896022359238    -1.54755376750121E-01    -4.55570877999988E-01     2.87805699686165E-01     8.21261703009644E-01     5.13353365557488E-01    -1.86975844238850E-01    -3.81377651532310E-01     6.62113724755796E-01    -2.34908516975261E-01    -3.41541752956447E-02    -7.83111710472468E-01    -1.61921284182491E-01
         0.21478399303159    -5.49939327835646E-01     1.21790103454687E-01    -7.80818720595607E-01     2.19309131348129E-01     3.08849775927927E-01     6.33439856272410E-01    -5.76737772366634E-01     3.13487858962898E-01     7.10608595875863E-01    -6.23462840279699E-01    -6.15235827047706E-01     3.22406217540150E-01
         0.06471190562433    -4.59339896516828E-01     7.30720144300144E-01     4.82583364851690E-01     1.46267245704790E-01     2.57221299078221E-01     6.56669919647937E-01     6.27476549139619E-01    -3.80715620676764E-02     6.60270514348235E-01     6.92435607567296E-01    -5.56716629069557E-04     3.20790960921498E-01
V TZVP-MOLOPT-PBE0-GTH-q13
 1
 2 0 3 6 4 3 3 1
         6.80003333752556     1.39287455430658E-01     7.07797666420672E-02     2.51998019722959E-02     4.94915827954248E-02    -2.03411841221724E-01     4.06788652245988E-02     5.60896381820966E-02     1.76970302509071E-01    -2.36103364372848E-02     8.11089225077036E-02     6.99335971971965E-03
         3.42341833228843     3.19007546590952E-01     1.74103586403553E-01    -2.68120412999647E-02     4.70893429040145E-02     2.42013410127093E-01    -5.88249881975719E-02    -6.47670201428597E-02     3.39893655075331E-01    -2.98047645852226E-02     1.52684704830713E-01    -3.07727376927759E-02
         1.46167895757363    -5.84343698958233E-01    -4.56452168762848E-01     2.70646236230810E-01    -5.01369913265879E-01     6.89181016460861E-01    -3.57020236784868E-01     3.47644926192693E-01     5.61279920542299E-01    -4.95024042191228E-02     3.17441698700016E-01    -8.49985155113222E-02
         0.57896022359238    -1.54755376750121E-01    -4.55570877999988E-01     2.87805699686165E-01     8.21261703009644E-01     5.13353365557488E-01    -1.86975844238850E-01    -3.81377651532310E-01     6.62113724755796E-01    -2.34908516975261E-01    -3.41541752956447E-02    -7.83111710472468E-01
         0.21478399303159    -5.49939327835646E-01     1.21790103454687E-01    -7.80818720595607E-01     2.19309131348129E-01     3.08849775927927E-01     6.33439856272410E-01    -5.76737772366634E-01     3.13487858962898E-01     7.10608595875863E-01    -6.23462840279699E-01    -6.15235827047706E-01
         0.06471190562433    -4.59339896516828E-01     7.30720144300144E-01     4.82583364851690E-01     1.46267245704790E-01     2.57221299078221E-01     6.56669919647937E-01     6.27476549139619E-01    -3.80715620676764E-02     6.60270514348235E-01     6.92435607567296E-01    -5.56716629069557E-04
V DZVP-MOLOPT-PBE0-GTH-q13
 1
 2 0 3 6 3 2 2 1
         6.80003333752556     1.39287455430658E-01     7.07797666420672E-02     2.51998019722959E-02    -2.03411841221724E-01     4.06788652245988E-02     1.76970302509071E-01    -2.36103364372848E-02     6.99335971971965E-03
         3.42341833228843     3.19007546590952E-01     1.74103586403553E-01    -2.68120412999647E-02     2.42013410127093E-01    -5.88249881975719E-02     3.39893655075331E-01    -2.98047645852226E-02    -3.07727376927759E-02
         1.46167895757363    -5.84343698958233E-01    -4.56452168762848E-01     2.70646236230810E-01     6.89181016460861E-01    -3.57020236784868E-01     5.61279920542299E-01    -4.95024042191228E-02    -8.49985155113222E-02
         0.57896022359238    -1.54755376750121E-01    -4.55570877999988E-01     2.87805699686165E-01     5.13353365557488E-01    -1.86975844238850E-01     6.62113724755796E-01    -2.34908516975261E-01    -7.83111710472468E-01
         0.21478399303159    -5.49939327835646E-01     1.21790103454687E-01    -7.80818720595607E-01     3.08849775927927E-01     6.33439856272410E-01     3.13487858962898E-01     7.10608595875863E-01    -6.15235827047706E-01
         0.06471190562433    -4.59339896516828E-01     7.30720144300144E-01     4.82583364851690E-01     2.57221299078221E-01     6.56669919647937E-01    -3.80715620676764E-02     6.60270514348235E-01    -5.56716629069557E-04
O TZV2P-MOLOPT-PBE0-GTH-Q6
 1
 2 0 3 5 3 3 2 1
        10.34082423621691    -1.29825249634708E-01     8.18793043945143E-02    -1.54163825083534E-01    -9.31315963557027E-02     6.07168741616306E-02     5.24249215362802E-02    -1.46443819746845E-04    -1.35615599706110E-01    -4.53627038333396E-02
         3.64864310376424    -1.27684551447027E-01     1.02649506262870E-01    -2.90598920673850E-01    -3.10412801135525E-01     1.66218217874094E-01     1.57277538743803E-01     4.82789843051162E-02    -2.03664714425298E-01    -7.75510089052828E-02
         1.25503633997207     5.26487514579900E-01    -3.65113179366377E-01     6.61471073309150E-01    -5.97863015525008E-01     4.26686208369503E-01     5.52189434348781E-01     7.18155124032992E-01    -6.65039106707507E-01     7.74070424398802E-02
         0.43936673910305     7.72667288737258E-01    -8.21060762059060E-02    -6.24492813862270E-01    -6.48920500304752E-01    -1.50379113770830E-02    -7.55332729990091E-01     6.93882202281484E-01     7.03924405563841E-01     9.92909576133937E-01
         0.14295518532255     3.04365270334762E-01     9.17992274956007E-01     2.53476876555698E-01    -3.41221918409427E-01    -8.86790677695403E-01     3.11568128998934E-01    -2.12090879301656E-02     4.83994939610748E-02     8.17248560335443E-03
O TZVP-MOLOPT-PBE0-GTH-q6
 1
 2 0 2 5 3 3 1
        10.34082423621691    -1.29825249634708E-01     8.18793043945143E-02    -1.54163825083534E-01    -9.31315963557027E-02     6.07168741616306E-02     5.24249215362802E-02    -1.46443819746845E-04
         3.64864310376424    -1.27684551447027E-01     1.02649506262870E-01    -2.90598920673850E-01    -3.10412801135525E-01     1.66218217874094E-01     1.57277538743803E-01     4.82789843051162E-02
         1.25503633997207     5.26487514579900E-01    -3.65113179366377E-01     6.61471073309150E-01    -5.97863015525008E-01     4.26686208369503E-01     5.52189434348781E-01     7.18155124032992E-01
         0.43936673910305     7.72667288737258E-01    -8.21060762059060E-02    -6.24492813862270E-01    -6.48920500304752E-01    -1.50379113770830E-02    -7.55332729990091E-01     6.93882202281484E-01
         0.14295518532255     3.04365270334762E-01     9.17992274956007E-01     2.53476876555698E-01    -3.41221918409427E-01    -8.86790677695403E-01     3.11568128998934E-01    -2.12090879301656E-02
O DZVP-MOLOPT-PBE0-GTH-q6
 1
 2 0 2 5 2 2 1
        10.34082423621691    -1.29825249634708E-01     8.18793043945143E-02    -9.31315963557027E-02     6.07168741616306E-02    -1.46443819746845E-04
         3.64864310376424    -1.27684551447027E-01     1.02649506262870E-01    -3.10412801135525E-01     1.66218217874094E-01     4.82789843051162E-02
         1.25503633997207     5.26487514579900E-01    -3.65113179366377E-01    -5.97863015525008E-01     4.26686208369503E-01     7.18155124032992E-01
         0.43936673910305     7.72667288737258E-01    -8.21060762059060E-02    -6.48920500304752E-01    -1.50379113770830E-02     6.93882202281484E-01
         0.14295518532255     3.04365270334762E-01     9.17992274956007E-01    -3.41221918409427E-01    -8.86790677695403E-01    -2.12090879301656E-02
H TZV2P-MOLOPT-PBE0-GTH-Q1
 1
 2 0 2 5 3 2 1
         9.40376558777484     5.57995409025206E-02    -4.70579310756749E-02    -9.03982952048893E-02    -9.22922683878503E-02     5.62771387719766E-01     7.80341103329014E-02
         2.19236236036235     2.26741263852150E-01    -2.37595450605385E-01    -3.31859181820579E-01     3.56629407794935E-01    -1.55610962004131E-01     3.11602862374432E-01
         0.70785664525623     4.70071809062586E-01    -3.84865803668886E-01    -6.33091997698946E-01     4.70685683046521E-01    -1.55533260185636E-01     6.35783567219683E-05
         0.37495748172786     5.50419957177599E-01     8.25544608526065E-01    -1.19262368808400E-01     4.93402007633953E-01     7.41061881197701E-01     9.44971331284660E-01
         0.15142571456720     6.49265104227107E-01    -3.34198093163844E-01     6.83131496493313E-01     6.31907468961614E-01    -2.92763192495008E-01     6.19960707827798E-02
H TZVP-MOLOPT-PBE0-GTH-q1
 1
 2 0 1 5 3 1
         9.40376558777484     5.57995409025206E-02    -4.70579310756749E-02    -9.03982952048893E-02    -9.22922683878503E-02
         2.19236236036235     2.26741263852150E-01    -2.37595450605385E-01    -3.31859181820579E-01     3.56629407794935E-01
         0.70785664525623     4.70071809062586E-01    -3.84865803668886E-01    -6.33091997698946E-01     4.70685683046521E-01
         0.37495748172786     5.50419957177599E-01     8.25544608526065E-01    -1.19262368808400E-01     4.93402007633953E-01
         0.15142571456720     6.49265104227107E-01    -3.34198093163844E-01     6.83131496493313E-01     6.31907468961614E-01
H DZVP-MOLOPT-PBE0-GTH-q1
 1
 2 0 1 5 2 1
         9.40376558777484     5.57995409025206E-02    -4.70579310756749E-02    -9.22922683878503E-02
         2.19236236036235     2.26741263852150E-01    -2.37595450605385E-01     3.56629407794935E-01
         0.70785664525623     4.70071809062586E-01    -3.84865803668886E-01     4.70685683046521E-01
         0.37495748172786     5.50419957177599E-01     8.25544608526065E-01     4.93402007633953E-01
         0.15142571456720     6.49265104227107E-01    -3.34198093163844E-01     6.31907468961614E-01
F TZV2P-MOLOPT-PBE0-GTH-Q7
 1
 2 0 3 5 3 3 2 1
        13.31501907729122     1.31813146289282E-01    -5.24225688764356E-02    -5.17923286744451E-01    -9.80506809064632E-02     4.64420401614479E-02     6.35659142568778E-02     4.89385522399914E-03     1.52535072278595E-01     5.41962851226601E-02
         4.62512020147175     1.34547810393351E-01    -5.37398783766778E-02    -2.73506612070950E-02    -3.12727206728056E-01     1.25929415842544E-01     1.88833971660508E-01     2.30296758923593E-02    -1.84322551941015E-01     3.68925101794283E-02
         1.62272294024072    -5.51865766775749E-01     1.65440705311574E-01    -7.34790083225985E-01    -5.86706702362430E-01     2.77907352966805E-01     6.51110127867809E-01     5.26472480151814E-01    -8.13967424463323E-01     8.50449987353287E-02
         0.55216173678272    -7.87309125215089E-01     1.14519053917377E-01     4.34902286738320E-01    -6.52997838515906E-01     1.82287680337408E-01    -7.27945836193775E-01     8.49582617686734E-01     5.11993820603493E-01     9.94034575948952E-01
         0.17330337957192    -2.00276553789357E-01    -9.76667117835106E-01    -4.41695026221844E-02    -3.49223175694863E-01    -9.33554296168888E-01     8.03216449515110E-02    -2.19496600587510E-02     1.34452996051777E-01    -1.90870474316679E-02
F TZVP-MOLOPT-PBE0-GTH-q7
 1
 2 0 2 5 3 3 1
        13.31501907729122     1.31813146289282E-01    -5.24225688764356E-02    -5.17923286744451E-01    -9.80506809064632E-02     4.64420401614479E-02     6.35659142568778E-02     4.89385522399914E-03
         4.62512020147175     1.34547810393351E-01    -5.37398783766778E-02    -2.73506612070950E-02    -3.12727206728056E-01     1.25929415842544E-01     1.88833971660508E-01     2.30296758923593E-02
         1.62272294024072    -5.51865766775749E-01     1.65440705311574E-01    -7.34790083225985E-01    -5.86706702362430E-01     2.77907352966805E-01     6.51110127867809E-01     5.26472480151814E-01
         0.55216173678272    -7.87309125215089E-01     1.14519053917377E-01     4.34902286738320E-01    -6.52997838515906E-01     1.82287680337408E-01    -7.27945836193775E-01     8.49582617686734E-01
         0.17330337957192    -2.00276553789357E-01    -9.76667117835106E-01    -4.41695026221844E-02    -3.49223175694863E-01    -9.33554296168888E-01     8.03216449515110E-02    -2.19496600587510E-02
F DZVP-MOLOPT-PBE0-GTH-q7
 1
 2 0 2 5 2 2 1
        13.31501907729122     1.31813146289282E-01    -5.24225688764356E-02    -9.80506809064632E-02     4.64420401614479E-02     4.89385522399914E-03
         4.62512020147175     1.34547810393351E-01    -5.37398783766778E-02    -3.12727206728056E-01     1.25929415842544E-01     2.30296758923593E-02
         1.62272294024072    -5.51865766775749E-01     1.65440705311574E-01    -5.86706702362430E-01     2.77907352966805E-01     5.26472480151814E-01
         0.55216173678272    -7.87309125215089E-01     1.14519053917377E-01    -6.52997838515906E-01     1.82287680337408E-01     8.49582617686734E-01
         0.17330337957192    -2.00276553789357E-01    -9.76667117835106E-01    -3.49223175694863E-01    -9.33554296168888E-01    -2.19496600587510E-02
