V TZV2P-MOLOPT-PBE0-GTH-Q13
 1
 2 0 3 6 4 3 3 2
         6.80003333752556     1.46358043972000E-01     6.94554135792464E-02     2.06175760384990E-02    -1.60395240740962E-02    -2.01296584618097E-01     4.52308562643651E-02     2.78221303155332E-02     1.80633917125814E-01    -1.63555425672119E-02     4.07464221503121E-02     6.28848652994991E-03     8.26829160294469E-04
         3.42341833228843     3.19657109951447E-01     1.63590940715284E-01    -6.05106340670831E-02     1.55975492509827E-01     2.38584039535856E-01    -6.64215404068102E-02    -2.21774137452498E-02     3.42205283759203E-01    -5.92021119794404E-03     5.35351110271434E-02    -2.86423146251505E-02    -3.76597784500491E-03
         1.46167895757363    -5.79443041500548E-01    -3.89882088159718E-01     3.74660260754419E-01    -4.65500318541036E-01     7.02097636000517E-01    -3.29668911017064E-01     4.78476009793607E-02     5.76649893027148E-01    -4.75376560051304E-02     1.25664782835252E-01    -8.49746496648340E-02    -1.11727230223154E-02
         0.57896022359238    -1.62418622506873E-01    -4.20443734804158E-01     3.15380584271940E-01     8.32763659013331E-01     4.95259948437486E-01    -2.25221249666500E-01     2.75761311160917E-02     6.65185626428448E-01    -1.22578023458886E-01     2.08897342123253E-01    -7.24781505288294E-01    -9.52964565576090E-02
         0.21478399303159    -5.83738310271194E-01     4.10369705514518E-02    -7.72479790243157E-01     1.89854634606128E-01     3.24487619070102E-01     6.65835725968927E-01    -6.67476446825056E-01     2.54939859365949E-01     7.18408106712061E-01    -6.42356291993724E-01    -6.70534978104562E-01    -8.81639596831069E-02
         0.06471190562433    -4.16550348533612E-01     7.98717058716372E-01     3.99190591653543E-01     1.70832487505417E-01     2.42984812624663E-01     6.25139130468166E-01     7.41727341002921E-01    -1.01368550952993E-01     6.82863118760669E-01     7.23479355554907E-01    -1.30361015624931E-01     9.91466593287558E-01
V TZVP-MOLOPT-PBE0-GTH-q13
 1
 2 0 3 6 4 3 3 1
         6.80003333752556     1.46358043972000E-01     6.94554135792464E-02     2.06175760384990E-02    -1.60395240740962E-02    -2.01296584618097E-01     4.52308562643651E-02     2.78221303155332E-02     1.80633917125814E-01    -1.63555425672119E-02     4.07464221503121E-02     6.28848652994991E-03
         3.42341833228843     3.19657109951447E-01     1.63590940715284E-01    -6.05106340670831E-02     1.55975492509827E-01     2.38584039535856E-01    -6.64215404068102E-02    -2.21774137452498E-02     3.42205283759203E-01    -5.92021119794404E-03     5.35351110271434E-02    -2.86423146251505E-02
         1.46167895757363    -5.79443041500548E-01    -3.89882088159718E-01     3.74660260754419E-01    -4.65500318541036E-01     7.02097636000517E-01    -3.29668911017064E-01     4.78476009793607E-02     5.76649893027148E-01    -4.75376560051304E-02     1.25664782835252E-01    -8.49746496648340E-02
         0.57896022359238    -1.62418622506873E-01    -4.20443734804158E-01     3.15380584271940E-01     8.32763659013331E-01     4.95259948437486E-01    -2.25221249666500E-01     2.75761311160917E-02     6.65185626428448E-01    -1.22578023458886E-01     2.08897342123253E-01    -7.24781505288294E-01
         0.21478399303159    -5.83738310271194E-01     4.10369705514518E-02    -7.72479790243157E-01     1.89854634606128E-01     3.24487619070102E-01     6.65835725968927E-01    -6.67476446825056E-01     2.54939859365949E-01     7.18408106712061E-01    -6.42356291993724E-01    -6.70534978104562E-01
         0.06471190562433    -4.16550348533612E-01     7.98717058716372E-01     3.99190591653543E-01     1.70832487505417E-01     2.42984812624663E-01     6.25139130468166E-01     7.41727341002921E-01    -1.01368550952993E-01     6.82863118760669E-01     7.23479355554907E-01    -1.30361015624931E-01
V DZVP-MOLOPT-PBE0-GTH-q13
 1
 2 0 3 6 3 2 2 1
         6.80003333752556     1.46358043972000E-01     6.94554135792464E-02     2.06175760384990E-02    -2.01296584618097E-01     4.52308562643651E-02     1.80633917125814E-01    -1.63555425672119E-02     6.28848652994991E-03
         3.42341833228843     3.19657109951447E-01     1.63590940715284E-01    -6.05106340670831E-02     2.38584039535856E-01    -6.64215404068102E-02     3.42205283759203E-01    -5.92021119794404E-03    -2.86423146251505E-02
         1.46167895757363    -5.79443041500548E-01    -3.89882088159718E-01     3.74660260754419E-01     7.02097636000517E-01    -3.29668911017064E-01     5.76649893027148E-01    -4.75376560051304E-02    -8.49746496648340E-02
         0.57896022359238    -1.62418622506873E-01    -4.20443734804158E-01     3.15380584271940E-01     4.95259948437486E-01    -2.25221249666500E-01     6.65185626428448E-01    -1.22578023458886E-01    -7.24781505288294E-01
         0.21478399303159    -5.83738310271194E-01     4.10369705514518E-02    -7.72479790243157E-01     3.24487619070102E-01     6.65835725968927E-01     2.54939859365949E-01     7.18408106712061E-01    -6.70534978104562E-01
         0.06471190562433    -4.16550348533612E-01     7.98717058716372E-01     3.99190591653543E-01     2.42984812624663E-01     6.25139130468166E-01    -1.01368550952993E-01     6.82863118760669E-01    -1.30361015624931E-01
O TZV2P-MOLOPT-PBE0-GTH-Q6
 1
 2 0 3 5 3 3 2 1
        10.34082423621691    -1.29825249634708E-01     8.18793043945143E-02    -1.54163825083534E-01    -9.31315963557027E-02     6.07168741616306E-02     5.24249215362800E-02    -1.46443819746845E-04    -1.35615599706110E-01    -4.53627038333396E-02
         3.64864310376424    -1.27684551447027E-01     1.02649506262870E-01    -2.90598920673850E-01    -3.10412801135525E-01     1.66218217874094E-01     1.57277538743803E-01     4.82789843051162E-02    -2.03664714425298E-01    -7.75510089052828E-02
         1.25503633997207     5.26487514579900E-01    -3.65113179366377E-01     6.61471073309150E-01    -5.97863015525008E-01     4.26686208369503E-01     5.52189434348781E-01     7.18155124032992E-01    -6.65039106707507E-01     7.74070424398802E-02
         0.43936673910305     7.72667288737258E-01    -8.21060762059060E-02    -6.24492813862270E-01    -6.48920500304752E-01    -1.50379113770830E-02    -7.55332729990091E-01     6.93882202281484E-01     7.03924405563841E-01     9.92909576133937E-01
         0.14295518532255     3.04365270334762E-01     9.17992274956007E-01     2.53476876555698E-01    -3.41221918409427E-01    -8.86790677695403E-01     3.11568128998934E-01    -2.12090879301656E-02     4.83994939610748E-02     8.17248560335443E-03
O TZVP-MOLOPT-PBE0-GTH-q6
 1
 2 0 2 5 3 3 1
        10.34082423621691    -1.29825249634708E-01     8.18793043945143E-02    -1.54163825083534E-01    -9.31315963557027E-02     6.07168741616306E-02     5.24249215362800E-02    -1.46443819746845E-04
         3.64864310376424    -1.27684551447027E-01     1.02649506262870E-01    -2.90598920673850E-01    -3.10412801135525E-01     1.66218217874094E-01     1.57277538743803E-01     4.82789843051162E-02
         1.25503633997207     5.26487514579900E-01    -3.65113179366377E-01     6.61471073309150E-01    -5.97863015525008E-01     4.26686208369503E-01     5.52189434348781E-01     7.18155124032992E-01
         0.43936673910305     7.72667288737258E-01    -8.21060762059060E-02    -6.24492813862270E-01    -6.48920500304752E-01    -1.50379113770830E-02    -7.55332729990091E-01     6.93882202281484E-01
         0.14295518532255     3.04365270334762E-01     9.17992274956007E-01     2.53476876555698E-01    -3.41221918409427E-01    -8.86790677695403E-01     3.11568128998934E-01    -2.12090879301656E-02
O DZVP-MOLOPT-PBE0-GTH-q6
 1
 2 0 2 5 2 2 1
        10.34082423621691    -1.29825249634708E-01     8.18793043945143E-02    -9.31315963557027E-02     6.07168741616306E-02    -1.46443819746845E-04
         3.64864310376424    -1.27684551447027E-01     1.02649506262870E-01    -3.10412801135525E-01     1.66218217874094E-01     4.82789843051162E-02
         1.25503633997207     5.26487514579900E-01    -3.65113179366377E-01    -5.97863015525008E-01     4.26686208369503E-01     7.18155124032992E-01
         0.43936673910305     7.72667288737258E-01    -8.21060762059060E-02    -6.48920500304752E-01    -1.50379113770830E-02     6.93882202281484E-01
         0.14295518532255     3.04365270334762E-01     9.17992274956007E-01    -3.41221918409427E-01    -8.86790677695403E-01    -2.12090879301656E-02
H TZV2P-MOLOPT-PBE0-GTH-Q1
 1
 2 0 2 5 3 2 1
         9.40376558777484     5.57995409025206E-02    -4.70579310756749E-02    -9.03982952048893E-02    -9.22922683878503E-02     5.62771387719766E-01     7.80341103329014E-02
         2.19236236036235     2.26741263852150E-01    -2.37595450605385E-01    -3.31859181820579E-01     3.56629407794935E-01    -1.55610962004131E-01     3.11602862374432E-01
         0.70785664525623     4.70071809062586E-01    -3.84865803668886E-01    -6.33091997698946E-01     4.70685683046521E-01    -1.55533260185636E-01     6.35783567219683E-05
         0.37495748172786     5.50419957177599E-01     8.25544608526065E-01    -1.19262368808400E-01     4.93402007633953E-01     7.41061881197701E-01     9.44971331284660E-01
         0.15142571456720     6.49265104227107E-01    -3.34198093163844E-01     6.83131496493313E-01     6.31907468961614E-01    -2.92763192495008E-01     6.19960707827798E-02
H TZVP-MOLOPT-PBE0-GTH-q1
 1
 2 0 1 5 3 1
         9.40376558777484     5.57995409025206E-02    -4.70579310756749E-02    -9.03982952048893E-02    -9.22922683878503E-02
         2.19236236036235     2.26741263852150E-01    -2.37595450605385E-01    -3.31859181820579E-01     3.56629407794935E-01
         0.70785664525623     4.70071809062586E-01    -3.84865803668886E-01    -6.33091997698946E-01     4.70685683046521E-01
         0.37495748172786     5.50419957177599E-01     8.25544608526065E-01    -1.19262368808400E-01     4.93402007633953E-01
         0.15142571456720     6.49265104227107E-01    -3.34198093163844E-01     6.83131496493313E-01     6.31907468961614E-01
H DZVP-MOLOPT-PBE0-GTH-q1
 1
 2 0 1 5 2 1
         9.40376558777484     5.57995409025206E-02    -4.70579310756749E-02    -9.22922683878503E-02
         2.19236236036235     2.26741263852150E-01    -2.37595450605385E-01     3.56629407794935E-01
         0.70785664525623     4.70071809062586E-01    -3.84865803668886E-01     4.70685683046521E-01
         0.37495748172786     5.50419957177599E-01     8.25544608526065E-01     4.93402007633953E-01
         0.15142571456720     6.49265104227107E-01    -3.34198093163844E-01     6.31907468961614E-01
F TZV2P-MOLOPT-PBE0-GTH-Q7
 1
 2 0 3 5 3 3 2 1
        13.31501907729122     1.31813146289282E-01    -5.24225688764356E-02    -5.17923286744451E-01    -9.80506809064632E-02     4.64420401614479E-02     6.35659142568778E-02     4.89385522399914E-03     1.52535072278595E-01     5.41962851226601E-02
         4.62512020147175     1.34547810393351E-01    -5.37398783766778E-02    -2.73506612070950E-02    -3.12727206728056E-01     1.25929415842544E-01     1.88833971660508E-01     2.30296758923593E-02    -1.84322551941015E-01     3.68925101794283E-02
         1.62272294024072    -5.51865766775749E-01     1.65440705311574E-01    -7.34790083225985E-01    -5.86706702362430E-01     2.77907352966805E-01     6.51110127867809E-01     5.26472480151814E-01    -8.13967424463323E-01     8.50449987353287E-02
         0.55216173678272    -7.87309125215089E-01     1.14519053917377E-01     4.34902286738320E-01    -6.52997838515906E-01     1.82287680337408E-01    -7.27945836193775E-01     8.49582617686734E-01     5.11993820603493E-01     9.94034575948952E-01
         0.17330337957192    -2.00276553789357E-01    -9.76667117835106E-01    -4.41695026221844E-02    -3.49223175694863E-01    -9.33554296168888E-01     8.03216449515110E-02    -2.19496600587510E-02     1.34452996051777E-01    -1.90870474316679E-02
F TZVP-MOLOPT-PBE0-GTH-q7
 1
 2 0 2 5 3 3 1
        13.31501907729122     1.31813146289282E-01    -5.24225688764356E-02    -5.17923286744451E-01    -9.80506809064632E-02     4.64420401614479E-02     6.35659142568778E-02     4.89385522399914E-03
         4.62512020147175     1.34547810393351E-01    -5.37398783766778E-02    -2.73506612070950E-02    -3.12727206728056E-01     1.25929415842544E-01     1.88833971660508E-01     2.30296758923593E-02
         1.62272294024072    -5.51865766775749E-01     1.65440705311574E-01    -7.34790083225985E-01    -5.86706702362430E-01     2.77907352966805E-01     6.51110127867809E-01     5.26472480151814E-01
         0.55216173678272    -7.87309125215089E-01     1.14519053917377E-01     4.34902286738320E-01    -6.52997838515906E-01     1.82287680337408E-01    -7.27945836193775E-01     8.49582617686734E-01
         0.17330337957192    -2.00276553789357E-01    -9.76667117835106E-01    -4.41695026221844E-02    -3.49223175694863E-01    -9.33554296168888E-01     8.03216449515110E-02    -2.19496600587510E-02
F DZVP-MOLOPT-PBE0-GTH-q7
 1
 2 0 2 5 2 2 1
        13.31501907729122     1.31813146289282E-01    -5.24225688764356E-02    -9.80506809064632E-02     4.64420401614479E-02     4.89385522399914E-03
         4.62512020147175     1.34547810393351E-01    -5.37398783766778E-02    -3.12727206728056E-01     1.25929415842544E-01     2.30296758923593E-02
         1.62272294024072    -5.51865766775749E-01     1.65440705311574E-01    -5.86706702362430E-01     2.77907352966805E-01     5.26472480151814E-01
         0.55216173678272    -7.87309125215089E-01     1.14519053917377E-01    -6.52997838515906E-01     1.82287680337408E-01     8.49582617686734E-01
         0.17330337957192    -2.00276553789357E-01    -9.76667117835106E-01    -3.49223175694863E-01    -9.33554296168888E-01    -2.19496600587510E-02
