AU TZV2P-MOLOPT-PBE-GTH-Q11
 1
 2 0 3 5 3 3 3 2
         1.83085678209038     4.21454188531887E-01    -2.41487838358830E-01    -4.66172666661580E-01     3.08591551369353E-01    -1.74493597314719E-01    -2.03384996355601E-01    -2.60252668665876E-01     2.57181773472445E-01    -1.92896077528292E-01    -2.24104380713964E-01    -4.01120942276549E-02
         1.63805790047158    -4.52095457111711E-01     2.76041183604411E-01     3.46697300600492E-01    -4.46962473484566E-01     1.53594150498554E-01    -2.08293350232905E-01     5.89781099019620E-01    -4.66704135825188E-01     2.02937626808803E-01     3.16053247297990E-01     4.30668175932785E-02
         0.59359546957877    -3.10042745786408E-01     1.33458178567729E-01     2.07278618797782E-01     4.49960860281611E-01     3.67091509984626E-01    -7.73109153121623E-01     4.39662696279560E-01    -2.44056134766612E-01     5.86174687467336E-03    -5.05448147272473E-01     4.41231178970437E-01
         0.21037364409708     4.08690799857536E-01    -4.85007588866364E-01     7.67573330223740E-01    -2.30035310997640E-01    -8.30488542918526E-01    -4.68773533914273E-01     4.31143263397068E-01     2.24514844056861E-01    -8.56208708136743E-01    -7.65847931819667E-01    -3.56926870229857E-01
         0.06270709044043     5.95677253657477E-01     7.82586380021066E-01     1.74214762670920E-01     6.70533206954635E-01    -3.48559069322643E-01     3.12733168639457E-01     4.53033115366871E-01     7.78507850235395E-01     4.34142500722743E-01    -8.88070220397528E-02     8.21251803730948E-01
AU TZVP-MOLOPT-PBE-GTH-q11
 1
 2 0 3 5 3 3 3 1
         1.83085678209038     4.21454188531887E-01    -2.41487838358830E-01    -4.66172666661580E-01     3.08591551369353E-01    -1.74493597314719E-01    -2.03384996355601E-01    -2.60252668665876E-01     2.57181773472445E-01    -1.92896077528292E-01    -2.24104380713964E-01
         1.63805790047158    -4.52095457111711E-01     2.76041183604411E-01     3.46697300600492E-01    -4.46962473484566E-01     1.53594150498554E-01    -2.08293350232905E-01     5.89781099019620E-01    -4.66704135825188E-01     2.02937626808803E-01     3.16053247297990E-01
         0.59359546957877    -3.10042745786408E-01     1.33458178567729E-01     2.07278618797782E-01     4.49960860281611E-01     3.67091509984626E-01    -7.73109153121623E-01     4.39662696279560E-01    -2.44056134766612E-01     5.86174687467336E-03    -5.05448147272473E-01
         0.21037364409708     4.08690799857536E-01    -4.85007588866364E-01     7.67573330223740E-01    -2.30035310997640E-01    -8.30488542918526E-01    -4.68773533914273E-01     4.31143263397068E-01     2.24514844056861E-01    -8.56208708136743E-01    -7.65847931819667E-01
         0.06270709044043     5.95677253657477E-01     7.82586380021066E-01     1.74214762670920E-01     6.70533206954635E-01    -3.48559069322643E-01     3.12733168639457E-01     4.53033115366871E-01     7.78507850235395E-01     4.34142500722743E-01    -8.88070220397528E-02
AU DZVP-MOLOPT-PBE-GTH-q11
 1
 2 0 3 5 2 2 2 1
         1.83085678209038     4.21454188531887E-01    -2.41487838358830E-01     3.08591551369353E-01    -1.74493597314719E-01    -2.60252668665876E-01     2.57181773472445E-01    -2.24104380713964E-01
         1.63805790047158    -4.52095457111711E-01     2.76041183604411E-01    -4.46962473484566E-01     1.53594150498554E-01     5.89781099019620E-01    -4.66704135825188E-01     3.16053247297990E-01
         0.59359546957877    -3.10042745786408E-01     1.33458178567729E-01     4.49960860281611E-01     3.67091509984626E-01     4.39662696279560E-01    -2.44056134766612E-01    -5.05448147272473E-01
         0.21037364409708     4.08690799857536E-01    -4.85007588866364E-01    -2.30035310997640E-01    -8.30488542918526E-01     4.31143263397068E-01     2.24514844056861E-01    -7.65847931819667E-01
         0.06270709044043     5.95677253657477E-01     7.82586380021066E-01     6.70533206954635E-01    -3.48559069322643E-01     4.53033115366871E-01     7.78507850235395E-01    -8.88070220397528E-02
CL TZV2P-MOLOPT-PBE-GTH-Q7
 1
 2 0 3 4 3 3 2 1
         1.99824811943664     4.33846894941631E-01     3.07041170622732E-01     1.75957585523759E-02     3.45339975324402E-01     1.79965250304009E-01    -3.72667358036020E-01     9.05635141754461E-02    -2.17425270215822E-01    -1.43769165568981E-01
         1.50363082119869    -3.38194302379175E-01    -3.89997660747775E-02    -9.17322433894228E-01    -4.97369383451272E-01    -2.01781984518266E-01    -8.34831128966391E-01     2.85556761650639E-01     9.18680132432251E-01     4.08136672326571E-01
         0.40650884550636    -5.13548002397481E-01    -6.29188376955880E-01     3.25113335470044E-01    -6.70835040884209E-01    -3.34082727506389E-01     4.03493031418158E-01     9.41536415237722E-01    -2.84903780503556E-01     9.00979681734397E-01
         0.12853799110242    -6.58536206158268E-01     7.12970352884578E-01     2.29153356193791E-01    -4.28187278851352E-01     9.02931487206409E-01     3.70054044720497E-02     1.54158245180379E-01     1.66081010355251E-01     3.14721596903698E-02
CL TZVP-MOLOPT-PBE-GTH-q7
 1
 2 0 2 4 3 3 1
         1.99824811943664     4.33846894941631E-01     3.07041170622732E-01     1.75957585523759E-02     3.45339975324402E-01     1.79965250304009E-01    -3.72667358036020E-01     9.05635141754461E-02
         1.50363082119869    -3.38194302379175E-01    -3.89997660747775E-02    -9.17322433894228E-01    -4.97369383451272E-01    -2.01781984518266E-01    -8.34831128966391E-01     2.85556761650639E-01
         0.40650884550636    -5.13548002397481E-01    -6.29188376955880E-01     3.25113335470044E-01    -6.70835040884209E-01    -3.34082727506389E-01     4.03493031418158E-01     9.41536415237722E-01
         0.12853799110242    -6.58536206158268E-01     7.12970352884578E-01     2.29153356193791E-01    -4.28187278851352E-01     9.02931487206409E-01     3.70054044720497E-02     1.54158245180379E-01
CL DZVP-MOLOPT-PBE-GTH-q7
 1
 2 0 2 4 2 2 1
         1.99824811943664     4.33846894941631E-01     3.07041170622732E-01     3.45339975324402E-01     1.79965250304009E-01     9.05635141754461E-02
         1.50363082119869    -3.38194302379175E-01    -3.89997660747775E-02    -4.97369383451272E-01    -2.01781984518266E-01     2.85556761650639E-01
         0.40650884550636    -5.13548002397481E-01    -6.29188376955880E-01    -6.70835040884209E-01    -3.34082727506389E-01     9.41536415237722E-01
         0.12853799110242    -6.58536206158268E-01     7.12970352884578E-01    -4.28187278851352E-01     9.02931487206409E-01     1.54158245180379E-01
