AU TZV2P-MOLOPT-PBE-GTH-Q19
 1
 2 0 3 6 4 3 3 2
         6.27473429840258    -5.95194895473231E-01    -1.59949867794435E-01    -2.18362787528700E-01     1.78683843593317E-01    -4.28349278685889E-01    -6.02270612263949E-02    -1.34347634916109E-02     7.74210113230673E-02    -8.16593143006062E-02     7.48302267329037E-02     3.37782659416115E-02     4.64723910962429E-02
         5.96282533186039     6.68553796889765E-01     2.22966352009924E-01     2.32612294261451E-01     3.25770202783931E-01     5.60926232843900E-01     6.80545720306097E-02     2.09822998836242E-02    -1.41658388473852E-01     1.07048236017027E-01    -8.85640760620552E-02    -3.56503814794153E-02    -4.78531428604673E-02
         1.54015488949696    -1.14481895095654E-01    -1.82444755168964E-01     5.19231265758676E-02     6.10605257429760E-01    -5.38271634265782E-01    -3.20695459331253E-01    -1.52814569851772E-01     5.48997700810614E-01    -2.15205693279460E-01     2.54022451996038E-01    -4.81498255794767E-02    -8.95019332380148E-02
         0.64319242521429    -3.74638467152422E-02    -3.65553611703556E-01     3.02024799513674E-01     5.60197520462550E-01    -2.83414661600653E-01    -3.06691440140509E-01     3.22703283589937E-01     6.08178442348853E-01    -2.18901436368471E-01     3.45558301525087E-01    -4.71508815758687E-01    -7.39998772688367E-01
         0.25174664273672     8.74707963277524E-02     4.34971390214293E-01    -7.57150891930727E-01     3.97442110231642E-01    -3.21762880064074E-01     7.76133149037626E-01    -4.12108432475323E-01     4.63091250106591E-01    -1.51408976574506E-02    -8.84778900040370E-01    -8.71365994939374E-01     4.71698511093895E-01
         0.07478402557499    -4.20259530220651E-01     7.54046685319150E-01     4.80642018382637E-01     1.31626690675571E-01    -1.68187642543482E-01     4.38695103911087E-01     8.37887932903644E-01     2.96994762280755E-01     9.42025400670094E-01     1.40659851310694E-01    -1.16920540847927E-01    -4.66306903854473E-01
AU TZVP-MOLOPT-PBE-GTH-q19
 1
 2 0 3 6 4 3 3 1
         6.27473429840258    -5.95194895473231E-01    -1.59949867794435E-01    -2.18362787528700E-01     1.78683843593317E-01    -4.28349278685889E-01    -6.02270612263949E-02    -1.34347634916109E-02     7.74210113230673E-02    -8.16593143006062E-02     7.48302267329037E-02     3.37782659416115E-02
         5.96282533186039     6.68553796889765E-01     2.22966352009924E-01     2.32612294261451E-01     3.25770202783931E-01     5.60926232843900E-01     6.80545720306097E-02     2.09822998836242E-02    -1.41658388473852E-01     1.07048236017027E-01    -8.85640760620552E-02    -3.56503814794153E-02
         1.54015488949696    -1.14481895095654E-01    -1.82444755168964E-01     5.19231265758676E-02     6.10605257429760E-01    -5.38271634265782E-01    -3.20695459331253E-01    -1.52814569851772E-01     5.48997700810614E-01    -2.15205693279460E-01     2.54022451996038E-01    -4.81498255794767E-02
         0.64319242521429    -3.74638467152422E-02    -3.65553611703556E-01     3.02024799513674E-01     5.60197520462550E-01    -2.83414661600653E-01    -3.06691440140509E-01     3.22703283589937E-01     6.08178442348853E-01    -2.18901436368471E-01     3.45558301525087E-01    -4.71508815758687E-01
         0.25174664273672     8.74707963277524E-02     4.34971390214293E-01    -7.57150891930727E-01     3.97442110231642E-01    -3.21762880064074E-01     7.76133149037626E-01    -4.12108432475323E-01     4.63091250106591E-01    -1.51408976574506E-02    -8.84778900040370E-01    -8.71365994939374E-01
         0.07478402557499    -4.20259530220651E-01     7.54046685319150E-01     4.80642018382637E-01     1.31626690675571E-01    -1.68187642543482E-01     4.38695103911087E-01     8.37887932903644E-01     2.96994762280755E-01     9.42025400670094E-01     1.40659851310694E-01    -1.16920540847927E-01
AU DZVP-MOLOPT-PBE-GTH-q19
 1
 2 0 3 6 3 2 2 1
         6.27473429840258    -5.95194895473231E-01    -1.59949867794435E-01    -2.18362787528700E-01    -4.28349278685889E-01    -6.02270612263949E-02     7.74210113230673E-02    -8.16593143006062E-02     3.37782659416115E-02
         5.96282533186039     6.68553796889765E-01     2.22966352009924E-01     2.32612294261451E-01     5.60926232843900E-01     6.80545720306097E-02    -1.41658388473852E-01     1.07048236017027E-01    -3.56503814794153E-02
         1.54015488949696    -1.14481895095654E-01    -1.82444755168964E-01     5.19231265758676E-02    -5.38271634265782E-01    -3.20695459331253E-01     5.48997700810614E-01    -2.15205693279460E-01    -4.81498255794767E-02
         0.64319242521429    -3.74638467152422E-02    -3.65553611703556E-01     3.02024799513674E-01    -2.83414661600653E-01    -3.06691440140509E-01     6.08178442348853E-01    -2.18901436368471E-01    -4.71508815758687E-01
         0.25174664273672     8.74707963277524E-02     4.34971390214293E-01    -7.57150891930727E-01    -3.21762880064074E-01     7.76133149037626E-01     4.63091250106591E-01    -1.51408976574506E-02    -8.71365994939374E-01
         0.07478402557499    -4.20259530220651E-01     7.54046685319150E-01     4.80642018382637E-01    -1.68187642543482E-01     4.38695103911087E-01     2.96994762280755E-01     9.42025400670094E-01    -1.16920540847927E-01
CL TZV2P-MOLOPT-PBE-GTH-Q7
 1
 2 0 3 4 3 3 2 1
         1.99824811943664     4.33846894941631E-01     3.07041170622732E-01     1.75957585523759E-02     3.45339975324402E-01     1.79965250304009E-01    -3.72667358036020E-01     9.05635141754461E-02    -2.17425270215822E-01    -1.43769165568981E-01
         1.50363082119869    -3.38194302379175E-01    -3.89997660747776E-02    -9.17322433894228E-01    -4.97369383451272E-01    -2.01781984518266E-01    -8.34831128966391E-01     2.85556761650639E-01     9.18680132432251E-01     4.08136672326571E-01
         0.40650884550636    -5.13548002397481E-01    -6.29188376955880E-01     3.25113335470044E-01    -6.70835040884209E-01    -3.34082727506389E-01     4.03493031418158E-01     9.41536415237722E-01    -2.84903780503556E-01     9.00979681734397E-01
         0.12853799110242    -6.58536206158268E-01     7.12970352884578E-01     2.29153356193791E-01    -4.28187278851352E-01     9.02931487206409E-01     3.70054044720497E-02     1.54158245180379E-01     1.66081010355251E-01     3.14721596903698E-02
CL TZVP-MOLOPT-PBE-GTH-q7
 1
 2 0 2 4 3 3 1
         1.99824811943664     4.33846894941631E-01     3.07041170622732E-01     1.75957585523759E-02     3.45339975324402E-01     1.79965250304009E-01    -3.72667358036020E-01     9.05635141754461E-02
         1.50363082119869    -3.38194302379175E-01    -3.89997660747776E-02    -9.17322433894228E-01    -4.97369383451272E-01    -2.01781984518266E-01    -8.34831128966391E-01     2.85556761650639E-01
         0.40650884550636    -5.13548002397481E-01    -6.29188376955880E-01     3.25113335470044E-01    -6.70835040884209E-01    -3.34082727506389E-01     4.03493031418158E-01     9.41536415237722E-01
         0.12853799110242    -6.58536206158268E-01     7.12970352884578E-01     2.29153356193791E-01    -4.28187278851352E-01     9.02931487206409E-01     3.70054044720497E-02     1.54158245180379E-01
CL DZVP-MOLOPT-PBE-GTH-q7
 1
 2 0 2 4 2 2 1
         1.99824811943664     4.33846894941631E-01     3.07041170622732E-01     3.45339975324402E-01     1.79965250304009E-01     9.05635141754461E-02
         1.50363082119869    -3.38194302379175E-01    -3.89997660747776E-02    -4.97369383451272E-01    -2.01781984518266E-01     2.85556761650639E-01
         0.40650884550636    -5.13548002397481E-01    -6.29188376955880E-01    -6.70835040884209E-01    -3.34082727506389E-01     9.41536415237722E-01
         0.12853799110242    -6.58536206158268E-01     7.12970352884578E-01    -4.28187278851352E-01     9.02931487206409E-01     1.54158245180379E-01
