
AU SVP-MOLOPT-PBE-Q19
 1
 1 0 3 7 6 3 2 1
        20.10909376027383    -2.54415665878113E-01    -1.30284468016700E-01    -2.55212496991392E-01     3.01101725338839E-01     4.72250595333098E-01     1.80760913151568E-01    -5.38051387127971E-02     9.81287939073220E-02    -6.32500059794496E-02     5.81724535638822E-03    -3.37083552766541E-03     1.09497110399451E-03
        12.32580372670072     5.65797103615125E-01     6.96025881266085E-01    -2.29229701393438E-01     1.20403005852919E-01     2.08113160376635E-01     2.91249453235921E-01     1.07671421014676E-01    -1.53505937138630E-01     1.00328740209032E-01    -7.24386238676698E-03     6.16172865293981E-03    -3.47339569125836E-03
         4.68114455325309    -6.62161022757865E-01     6.54184249749289E-01     2.33887177086791E-01     1.88475769623714E-01    -2.04932908484220E-01    -2.28688062491803E-02    -2.24403025889606E-01    -1.21675202656386E-01     2.73318225329119E-02    -1.31237758597491E-01     1.04827585517465E-02    -2.11360412403503E-03
         2.49626278008939     4.12466684596635E-01     2.22521292380881E-02     3.82969281434748E-01     3.79283148406264E-01    -3.60902649545693E-01    -4.26569370867151E-01     2.46157476111308E-01     1.31632167671642E-01    -1.49685590338375E-02     2.83548451768527E-01    -2.44902186374567E-02     5.20552791094640E-02
         0.93234506347993    -7.67466066615046E-02     1.80192100026570E-02    -6.20507148872579E-01     4.27490361353885E-01     1.49719569335808E-02    -5.85162229751963E-01     8.03869537094082E-01     3.39229405376108E-01    -3.24053557347192E-01     7.24262012639831E-01    -3.29395849252051E-01     6.98101940676404E-02
         0.30073223468892     2.34655167312555E-02    -1.63786763402366E-01     4.77243799309960E-01     6.02944944405253E-01     4.24254838208894E-01     1.46424261476926E-01    -4.54828558823430E-01     8.11938044162923E-01    -2.73950740059981E-01     5.33146064530552E-01    -7.62972357874447E-02     9.43418739718602E-01
         0.08647438992081    -1.09383922552071E-02    -2.07294342254593E-01    -2.61076382440918E-01     4.11304546224581E-01    -6.17416991196876E-01     5.79793013348537E-01     1.46582401677773E-01     4.00443263810414E-01     8.97163741097670E-01     3.05762036974260E-01     9.40700865226988E-01     3.19937705666430E-01


AU TZVPP-MOLOPT-PBE-Q19
 2
 1 0 1 5 2 1
        29.81819083762774     5.35519866251944E-01     2.77703991485467E-01    -6.16727926522978E-02
        27.09509602115227    -4.91476821076379E-01    -9.05869552198774E-02     8.51404783204285E-02
        14.82875943452411     6.27896072467354E-01     1.13067818189643E-01    -8.14707710475495E-02
         4.41378689562118    -2.53248266442731E-01     8.66280717846643E-01     2.45362956667284E-01
         2.09113643330355    -1.15242548210197E-01     3.89163054559360E-01    -9.60264077511099E-01
 1 0 4 6 4 3 3 2 1
         9.44946915543574    -3.93640673661469E-01     1.19181301140980E-01     1.18428863009627E-01    -2.58102283951072E-01     1.78201746134778E-01     3.67799639518881E-02    -4.64499961956391E-02     1.14897887505471E-01    -1.84470699452322E-01    -4.84354588797868E-02     2.42306765458238E-02     1.59520411322324E-04     3.35342739414523E-01
         6.34461535700450     3.04399671395888E-02    -1.99819861179791E-01     2.79633311194683E-01     9.47147913483568E-02    -3.04479261315306E-01    -1.23134582799816E-01     8.37363839923320E-02    -1.69458878583869E-01     1.30675569210855E-01    -2.38892582813848E-02    -8.56875094614497E-04     9.99959364557462E-03    -9.68362618656130E-02
         1.93333334012892     8.37106589070077E-01    -5.05629993211121E-03     2.91565386808416E-01     1.86566888597835E-01     8.95246145507191E-01     9.21631233484892E-02    -4.82285273541560E-02     3.50753344619731E-01     8.64623457470682E-02     4.94266938533594E-02     5.71651747114240E-03     3.09535826064710E-02     4.09024925708913E-02
         0.82090436708838     3.69150281666880E-02     7.95892446257676E-01     4.62934572523792E-01    -2.94523069012170E-01     2.36681828720139E-01    -7.62300065892526E-02     1.06093712721632E-02     9.02204358153058E-01    -7.90474045788700E-02    -1.42384548993135E-01     2.84892932362482E-01     9.28339481368334E-02     4.07464828580143E-01
         0.27523638638995    -1.57239655792042E-01    -5.34321588525771E-01     7.08682638619711E-01    -2.71345680620675E-01    -1.32492751784751E-01     8.89927869355964E-01    -4.09186526262013E-01     1.12290391282842E-01     9.39346452291400E-01     2.13049437654028E-01     9.31993386724428E-03     9.94445025089913E-01     8.24674356674328E-01
         0.08222493356145    -3.42470375824245E-01     1.64005879140652E-01     3.25929348437697E-01     8.53951285979567E-01     2.23212619740502E-02     4.20961329463908E-01     9.06067576379047E-01     9.20457457415872E-02    -2.29779176210136E-01     9.63834471742902E-01     9.58190282475158E-01    -3.74540859084218E-02     1.74297419732147E-01


AU QZVPP-MOLOPT-PBE-Q19
 2
 1 0 2 5 2 1 1
        24.13641575932734     3.37049355722337E-01     3.99688921177428E-02     9.37711113580899E-02    -8.60131696281967E-03
        22.13773726070110    -7.92049139320956E-01    -9.19730269769164E-02    -2.81795748016766E-02     1.08337577037395E-02
        19.97132365486627     4.93180551455928E-01     6.37435108102009E-02    -1.16203917348295E-01     6.13887183467328E-03
         5.58138678551960    -1.12202554711706E-01     9.84653101892087E-01     4.22000182414793E-01    -2.14558328160447E-01
         1.69071511012225     5.69159300186106E-02    -1.27822078435081E-01    -8.93770320537361E-01     9.76593920270914E-01
 1 0 4 6 5 4 3 4 2
         2.85108103213158    -2.26135143947867E-02    -9.07014998797018E-02    -2.39686897070397E-01    -1.37108218933271E-01    -3.17755974069286E-03    -2.86419722387698E-02     3.72139185463282E-02    -1.51329775008199E-01    -2.33995922461117E-01     7.06443094101319E-02     2.26569015109434E-02    -9.08371810649810E-03     3.20013884710588E-01     8.08553641728453E-04    -1.09285024394452E-01    -2.30319446842923E-02     3.46012718842380E-01     1.36858025549889E-01
         1.54212555495902     9.56431525496995E-01    -2.16292924136846E-01    -1.02808368952906E-01     1.48104637833700E-01     7.71157194857190E-02     4.35634349485645E-02    -2.79800754372669E-01     3.74527956661834E-01     3.26687108823322E-01    -9.55884341607435E-02     4.32490812100048E-02     1.69406539496152E-02     9.29995550182844E-01    -7.06127304267406E-02     5.34252680873465E-02     9.16525961602102E-02     9.34508054431030E-01    -3.14096072616550E-03
         0.78824578054904     2.44368558981134E-01     9.39284716192392E-01     1.88596590642859E-01    -5.23922014656966E-02    -4.04576781978489E-02     9.42956426393923E-01     2.71309817076784E-02    -2.75587896353440E-01    -1.12221064678998E-01     9.86745546675221E-01     4.94683783505747E-02    -5.68358784685678E-02     6.60536294239241E-02     9.94831555336686E-01     7.36029633816257E-02    -1.42494286299358E-02    -3.55634976090445E-02     8.99432614574454E-01
         0.33662586823849     1.32060081305788E-01    -2.36861099725726E-01     7.23740323403002E-01    -4.91195644534868E-01    -3.91444195511032E-01    -2.12187148511983E-01     7.51630819191588E-01    -3.15585377913363E-01    -1.50700358827169E-01    -5.33295678292906E-02     9.88749376503461E-01    -1.30164272760727E-01     1.34266850238358E-02    -6.89049331352936E-02     9.66904268675369E-01    -2.04572270690313E-02     7.04464783963156E-03    -4.86988526034333E-02
         0.12978938990059    -8.69946461072184E-02    -7.47954218830049E-02     5.55022949509589E-01     7.78167432086729E-01     1.21421264640054E-01     2.47032202530801E-01     5.56862563538549E-01     7.53550596518814E-01     4.94983599003432E-02     6.79727000179552E-02     1.28286072502694E-01     9.67456420246192E-01    -8.10469696509521E-02     1.89562371889472E-02     1.92281371934968E-02     9.94843892207788E-01     6.52809900108067E-02    -3.27981214068177E-01
         0.04186831297705    -1.85468538575043E-03    -3.22070662641742E-02     2.54089406394859E-01    -3.31215483044187E-01     9.07983790323960E-01     4.54614936324361E-02     2.11058685964706E-01    -3.05690673707235E-01     8.94855959391835E-01     6.88558506351711E-02    -3.29608160947070E-02    -2.08531820710706E-01    -1.46926584089276E-01    -1.47015750971245E-02     2.10977586278164E-01    -2.70816713364982E-02     3.73349369983362E-02     2.49675253122007E-01
