AU SVP-MOLOPT-PBE-Q19
 1
 1 0 3 7 6 3 2 1
        20.10909376027383    -2.54415665878113E-01    -1.30284468016700E-01    -2.55212496991392E-01     3.01101725338839E-01     4.72250595333098E-01     1.80760913151568E-01    -5.38051387127971E-02     9.81287939073220E-02    -6.32500059794496E-02     5.81724535638822E-03    -3.37083552766541E-03     1.09497110399451E-03
        12.32580372670072     5.65797103615125E-01     6.96025881266085E-01    -2.29229701393438E-01     1.20403005852919E-01     2.08113160376635E-01     2.91249453235921E-01     1.07671421014676E-01    -1.53505937138630E-01     1.00328740209032E-01    -7.24386238676698E-03     6.16172865293981E-03    -3.47339569125836E-03
         4.68114455325309    -6.62161022757865E-01     6.54184249749289E-01     2.33887177086791E-01     1.88475769623714E-01    -2.04932908484220E-01    -2.28688062491803E-02    -2.24403025889606E-01    -1.21675202656386E-01     2.73318225329119E-02    -1.31237758597491E-01     1.04827585517465E-02    -2.11360412403503E-03
         2.49626278008939     4.12466684596635E-01     2.22521292380881E-02     3.82969281434748E-01     3.79283148406264E-01    -3.60902649545693E-01    -4.26569370867151E-01     2.46157476111308E-01     1.31632167671642E-01    -1.49685590338375E-02     2.83548451768527E-01    -2.44902186374567E-02     5.20552791094640E-02
         0.93234506347993    -7.67466066615046E-02     1.80192100026570E-02    -6.20507148872579E-01     4.27490361353885E-01     1.49719569335808E-02    -5.85162229751963E-01     8.03869537094082E-01     3.39229405376108E-01    -3.24053557347192E-01     7.24262012639831E-01    -3.29395849252051E-01     6.98101940676404E-02
         0.30073223468892     2.34655167312555E-02    -1.63786763402366E-01     4.77243799309960E-01     6.02944944405253E-01     4.24254838208894E-01     1.46424261476926E-01    -4.54828558823430E-01     8.11938044162923E-01    -2.73950740059981E-01     5.33146064530552E-01    -7.62972357874447E-02     9.43418739718602E-01
         0.08647438992081    -1.09383922552071E-02    -2.07294342254593E-01    -2.61076382440918E-01     4.11304546224581E-01    -6.17416991196876E-01     5.79793013348537E-01     1.46582401677773E-01     4.00443263810414E-01     8.97163741097670E-01     3.05762036974260E-01     9.40700865226988E-01     3.19937705666430E-01
CL SVP-MOLOPT-PBE-AE
 3
 1 0 0 5 1
     10449.73865986333476     7.92960573941961E-03
      1571.78177464848341     6.21680867531297E-02
       357.17329535888280     2.69577117620510E-01
       100.08667457398440     7.19173472798793E-01
        30.61002596530858     6.37330325671244E-01
 1 0 0 5 3
        51.91245118574216    -1.18096328736624E-01    -6.40377047377502E-02     3.89634888740843E-02
         5.60412729707609     7.74483936348342E-01    -1.94653261999477E-01     5.74322043222265E-01
         2.19075124977087     6.12385827448821E-01     3.85229430631324E-01    -6.60064309823226E-01
         0.56484358945251    -5.02206802462349E-02     5.97599003556938E-01     4.62892544090272E-01
         0.20200153999791    -9.32167961943450E-02     6.72668563772758E-01     1.36680784044379E-01
 1 1 2 7 3 1
       307.66262352364191    -1.41860191757227E-02     4.53707609941391E-03    -4.23704216636410E-03     5.12444630001981E-03
        72.14728379673939    -8.85277776059412E-02    -4.94482703050475E-03    -1.47096881368270E-02    -3.60621072277412E-03
        22.55518606717056    -3.78386770918235E-01    -9.49655880134075E-04     2.33703317781698E-03     7.21261594348665E-03
         7.24782137179115    -7.68325377362051E-01    -8.89706781187266E-02    -6.32538811770121E-02    -8.30729065003500E-03
         2.47105439082271    -5.07191220590418E-01     1.39408082259565E-01     2.81680450029110E-02     2.51018124766366E-01
         0.54359214040661     1.77332693550757E-03     9.86199274331532E-01    -1.36123356582726E-02     8.60344615069135E-01
         0.15406764967487    -3.48579490965011E-02     3.82859289817821E-03     9.97386797034735E-01     4.43437421456475E-01
