AU QZVPP-MOLOPT-PBE-Q19
 2
 1 0 2 5 2 1 1
        24.20000000000000     2.90508768861457E-01     0.00000000000000E+00     0.00000000000000E+00     0.00000000000000E+00
        22.00000000000000    -7.88909905978107E-01     0.00000000000000E+00     0.00000000000000E+00     0.00000000000000E+00
        20.00000000000000     5.41503292200716E-01     0.00000000000000E+00    -1.51330010571371E-01     0.00000000000000E+00
         5.40435530010000     0.00000000000000E+00     1.00000000000000E+00     4.75932883246963E-01    -3.08988256444087E-01
         1.65956016810000     0.00000000000000E+00     0.00000000000000E+00    -8.66364310521100E-01     9.51065853334901E-01
 1 0 4 6 5 4 3 4 2
         2.90000000000000     1.10431526074847E-01     0.00000000000000E+00     0.00000000000000E+00     0.00000000000000E+00     0.00000000000000E+00     0.00000000000000E+00     0.00000000000000E+00     0.00000000000000E+00     0.00000000000000E+00     0.00000000000000E+00     0.00000000000000E+00     0.00000000000000E+00     3.51123441588392E-01     0.00000000000000E+00     0.00000000000000E+00     0.00000000000000E+00     3.51123441588392E-01     0.00000000000000E+00
         1.45325467730000     9.93883734673619E-01     0.00000000000000E+00     0.00000000000000E+00     0.00000000000000E+00     0.00000000000000E+00     0.00000000000000E+00     0.00000000000000E+00     0.00000000000000E+00     0.00000000000000E+00     0.00000000000000E+00     0.00000000000000E+00     0.00000000000000E+00     9.36329177569044E-01     0.00000000000000E+00     0.00000000000000E+00     0.00000000000000E+00     9.36329177569044E-01     0.00000000000000E+00
         0.68294298420000     0.00000000000000E+00     1.00000000000000E+00     0.00000000000000E+00     0.00000000000000E+00     0.00000000000000E+00     1.00000000000000E+00     0.00000000000000E+00     0.00000000000000E+00     0.00000000000000E+00     1.00000000000000E+00     0.00000000000000E+00     0.00000000000000E+00     0.00000000000000E+00     1.00000000000000E+00     0.00000000000000E+00     0.00000000000000E+00     0.00000000000000E+00     1.00000000000000E+00
         0.19002755303000     0.00000000000000E+00     0.00000000000000E+00     1.00000000000000E+00     0.00000000000000E+00     0.00000000000000E+00     0.00000000000000E+00     1.00000000000000E+00     0.00000000000000E+00     0.00000000000000E+00     0.00000000000000E+00     1.00000000000000E+00     0.00000000000000E+00     0.00000000000000E+00     0.00000000000000E+00     1.00000000000000E+00     0.00000000000000E+00     0.00000000000000E+00     0.00000000000000E+00
         0.08815598174000     0.00000000000000E+00     0.00000000000000E+00     0.00000000000000E+00     1.00000000000000E+00     0.00000000000000E+00     0.00000000000000E+00     0.00000000000000E+00     1.00000000000000E+00     0.00000000000000E+00     0.00000000000000E+00     0.00000000000000E+00     1.00000000000000E+00     0.00000000000000E+00     0.00000000000000E+00     0.00000000000000E+00     1.00000000000000E+00     0.00000000000000E+00     0.00000000000000E+00
         0.03773955518700     0.00000000000000E+00     0.00000000000000E+00     0.00000000000000E+00     0.00000000000000E+00     1.00000000000000E+00     0.00000000000000E+00     0.00000000000000E+00     0.00000000000000E+00     1.00000000000000E+00     0.00000000000000E+00     0.00000000000000E+00     0.00000000000000E+00     0.00000000000000E+00     0.00000000000000E+00     0.00000000000000E+00     0.00000000000000E+00     0.00000000000000E+00     0.00000000000000E+00
CL QZVPP-MOLOPT-PBE-AE
 3
 1 0 0 10 1
   1467458.93775052158162     5.00027973996311E-05
    219756.22561595341540     2.92119625382510E-04
     50010.78269045410707     1.28590722749441E-03
     14164.71914344428478     6.48940441751174E-03
      4620.77877126598923     1.97871266811614E-02
      1667.78852683964556     6.65018359892871E-02
       650.34523295930057     1.78047411514083E-01
       269.43766657761569     4.24217234215202E-01
       117.09536851846944     6.88319212568402E-01
        52.76000788002602     5.56504843396412E-01
 1 0 1 8 2 2
      2501.95646798690223    -3.82883357554072E-02     8.37909091563773E-02     4.17887012633053E-04     1.59916949870661E-03
       592.94635448432632    -4.07348538060098E-02     1.30718267465741E-01     3.99041739687339E-03    -2.59213449401013E-02
       192.18114183797039     2.20528820527411E-01    -1.98966788392605E-01     2.18359541428443E-02     3.32964376441369E-02
        72.87930898689872     7.33114974004280E-01    -3.92594344886566E-01     8.68350005331845E-02    -2.17375228769997E-01
        30.43574290352728     6.34280900802578E-01     5.37964084760841E-01     2.47733889523512E-01    -2.17956740087419E-01
        13.46035723428640     7.71650835004062E-03     6.98209154610030E-01     5.32066586940945E-01    -4.48983934995352E-01
         5.97563269106637     1.31312121901711E-02     1.06376827476728E-02     7.10008437176348E-01     6.90916424895068E-01
         3.08191027511841    -9.07739768895670E-02     7.18273987087124E-02     3.78665897473595E-01    -4.73822396122835E-01
 1 0 4 6 6 4 4 2 1
         9.78337990819075     8.91563859098250E-01     4.20492586467600E-01    -1.05500184052396E-01    -6.37580026009097E-03    -1.27727899356303E-01    -2.85396905660188E-02    -1.53857744271598E-02     1.06253051057092E-01    -1.15431250361608E-01    -2.24073346383234E-02     3.39725575429827E-02     1.01895475255016E-01     3.78215008137413E-02    -4.46426713878059E-02    -6.35534933198293E-02     3.84866238399183E-02    -6.11006722560778E-02
         4.33269446539561    -4.29731410091877E-01     7.82174610574314E-01    -3.34369761244485E-01    -2.72432075009675E-01    -1.25354633131214E-01    -4.23985492338584E-02     7.30865995598478E-02    -1.69780800664228E-01     9.20852072943818E-03     3.68926930660954E-02     9.84874476080405E-01    -1.38014851189017E-01    -4.74208272594508E-02     1.83642605819760E-02     4.69010615356294E-02    -6.41463169582076E-02    -1.95982450216892E-02
         1.89618722201134    -1.08607609504601E-01     3.85249243565499E-01     8.24406939689850E-01     3.51646048346057E-01    -1.90711290748148E-01     1.07175344599850E-02     9.91627029311956E-01     8.56131566559374E-02    -7.28575131920513E-02     2.31284362812144E-02     7.90619312155555E-02     7.33791834593761E-01    -6.62746105231222E-01     4.37386186866967E-02     6.43881756150717E-01    -4.40208755319482E-01     7.22168984314687E-01
         0.75937665037877    -8.64870311670285E-02     5.72642042507304E-02    -4.40832017733930E-01     8.81987013108728E-01    -1.10544464050763E-01     6.91864630354050E-02    -7.17104623334244E-02     9.75883878241501E-01     2.82742999161818E-02    -5.63192675837824E-03     1.32325112586378E-01     6.30921978952516E-01     7.45720946790107E-01     7.09504044527997E-02     7.55448939940310E-01     4.62184592162924E-01     6.65787803325587E-01
         0.29257745973674     3.21350778484430E-02     2.43787785919905E-01     5.55589531759151E-02     1.28047138769592E-01     9.55294229503361E-01     8.63997700254051E-02     6.90556986584205E-02    -6.16188331121305E-03     9.83715665542611E-01     1.12973648641345E-01    -3.38233190166359E-02    -5.85726486891373E-02    -1.98834428606854E-02     9.93139085193975E-01    -8.21528343028837E-02     7.63814987833132E-01     1.70005500533451E-01
         0.10605356801669     1.16840788925550E-02     1.61310253462363E-02    -3.26472144511987E-04    -8.82496986965603E-02    -8.24248737035741E-02     9.92482391084379E-01    -3.44438923863824E-02     1.29554489179424E-02    -1.13078139742878E-01     9.92374501940459E-01    -6.29554636350571E-02     1.75001307873770E-01     2.43581082505283E-02    -6.63137740448836E-02    -4.15371998214924E-02    -5.99362050420123E-02     4.66830318968192E-02
