##################################################################################################
# Strontium
##################################################################################################
 Sr ccGRB-D-q10
   2
  1  0  1  6  3  2
   6.71347842192        0.0851404470   -0.0292159300    0.0148435525   -0.0436226215    0.0073442299
   2.58314820807       -0.5914489542    0.2247556482   -0.2003699318    0.1897829640   -0.0238732202
  0.993919134833        0.4354016703   -0.2292585599   -0.1924776493   -0.4610390713    0.0588475532
  0.382430726779        0.8719120270   -0.3999190345    2.5904478867   -0.6057407356    0.8024340106
  0.147148048225        0.0205311259   -0.3243954167   -4.0894360392   -0.1216410735   -0.8752638488
  0.566182228057E-01    0.0162886255    1.3560464106    2.0759040298   -0.0056045858   -0.5091963827
1 2 2 1 1
      0.36891000             1.0000000

 Sr ccGRB-T-q10
   3
  1  0  1  7  4  3
   6.76319121820        0.0830713605   -0.0278207048    0.0164891412   -0.3129638424   -0.0423626194    0.0080651093   -0.0431568215
   2.56362385556       -0.5944407393    0.2217547067   -0.2110092949    1.9415762840    0.1875234562   -0.0284586476    0.1964828188
  0.971755353466        0.4729780364   -0.2364668851   -0.1084001277   -4.5852573702   -0.4823646923    0.0855931064   -0.6096727897
  0.368349071546        0.8567642565   -0.4192656350    2.3865114841    4.5922879451   -0.6003506300    0.7727344868   -0.3183358587
  0.139624688483       -0.0000751474   -0.2361207442   -3.9296959865   -2.1594780053   -0.1049243109   -0.9229164121    1.8239285638
  0.529254860126E-01    0.0214875076    1.3288407526    2.0592015006   -0.1138163983   -0.0055196448   -0.4726057389   -1.5632819572
  0.200616889471E-01   -0.0021776386   -0.0301681332   -0.0095444471    0.6272116419    0.0003138119    0.0210088056    0.0547431215
1 2 2 2 1 1
      0.41534997             1.0000000   0.0000000
      0.08607999             0.0000000   1.0000000
1 3 3 1 1
      1.71100000             1.0000000

 Sr ccGRB-Q-q10
   4
  1  0  1  8  5  4
   6.46395521962       -0.1035093047   -0.0321316384    0.0656220692    0.1018147923    0.0048006851   -0.0565166055    0.0235953809   -0.0386151172    0.1348722082
   2.89163274739        0.4990383668    0.1718647541   -0.3510478656   -0.4633921889   -0.0211873733    0.1924391043   -0.0809410273    0.1337884957   -0.4740551351
   1.29356402724        0.0165631460    0.0157968766    0.3437666627    2.5735914039   -0.5695109930   -0.2140073775    0.1234550038   -0.2123514298    0.4822761236
  0.578672341458       -0.9062578868   -0.4901192757   -0.2548754605   -7.2989391580    2.8162105171   -0.5886327592    0.2202825536   -0.4720709103    1.8294761205
  0.258867494548       -0.3126505642   -0.0942907860    2.7688202441    9.5223969984   -5.9821415116   -0.3219090463    0.6399183552   -0.0203448006   -4.1203332046
  0.115803668039       -0.0352853384   -0.3382001459   -5.2536429365   -6.3428247890    8.3259935399   -0.0593201030   -1.2556038628    1.9664860119    3.7356175241
  0.518044552277E-01    0.0066586089    1.4295158704    2.9859504759    1.7808133158   -7.8864582519    0.0007349120   -0.1931761750   -1.9678488546   -1.6814856981
  0.231745818323E-01   -0.0007462532   -0.0562447420   -0.0872543625    0.1554776234    3.7664129132   -0.0000827346    0.0117041779    0.1274072174    0.0465612422
1 2 2 3 1 1 1
      0.40872570             1.0000000   0.0000000   0.0000000
      0.08581180              .0000000   1.0000000   0.0000000
      0.03745480              .0000000   0.0000000   1.0000000
1 3 3 2 1 1
      0.14446980             1.0000000   0.0000000
      0.05403840             0.0000000   1.0000000
1 4 4 1 1
      0.12849560             1.0000000

Sr aug-cc-D-q10
    3
1 0 0 1 1
      9.600000E-03           1.000000E+00
1 1 1 1 1
      1.033000E-02           1.000000E+00
1 2 2 1 1
      1.249000E-02           1.000000E+00

Sr aug-cc-T-q10
    4
1 0 0 1 1
      8.590000E-03           1.000000E+00
1 1 1 1 1
      7.880000E-03           1.000000E+00
1 2 2 1 1
      1.177000E-02           1.000000E+00
1 3 3 1 1
      7.391000E-02           1.000000E+00

Sr aug-cc-Q-q10
    5
1 0 0 1 1
      7.220000E-03           1.000000E+00
1 1 1 1 1
      6.860000E-03           1.000000E+00
1 2 2 1 1
      6.760000E-03           1.000000E+00
1 3 3 1 1
      4.134000E-02           1.000000E+00
1 4 4 1 1
      4.803000E-02           1.000000E+00

