 V  DZVP-MOLOPT-PBE-GTH-q13
 1
 2 0 3 6 3 2 2 1
      7.984623749528  0.020761670278  0.003472483927  0.004588768658 -0.127318262252  0.022347856999  0.054932269310 -0.022459138650 -0.026581274918
      4.192169946044  0.491008828907  0.116393516673  0.265023422395  0.142383719999 -0.034743188380  0.194803913356 -0.101116586232  0.051515222079
      1.674403287155 -0.682491382781 -0.215217539970  0.055753124298  0.556224679524 -0.168852773516  0.318207922138 -0.120777522887 -0.165483508295
      0.666664577236 -0.670820374730 -0.436714762412  1.571857662805  0.483736882428 -0.212388638969  0.350513304180 -0.254635388920 -0.672649310115
      0.242419878750 -0.048891386418  0.104274844115 -2.575720417590  0.086227000831  0.567082913076  0.324484835051  0.328826511242 -0.518402997758
      0.067390273084 -0.000084103227  1.134107947863  1.490359925888 -0.004719320688  0.737649031611  0.134088585517  0.919495386218  0.651022121928


##################################################################################
H DZVP-MOLOPT-PBE-GTH-Q1
 1
 2 0 1 5 2 1
         9.42354063693337     1.73378201014863E-02    -1.21445159969598E-01    -8.76671027046430E-02
         2.22615949373757     1.93709872716504E-01    -1.18321991639862E-01     2.94039390163616E-01
         0.63906011750762     5.93969954529689E-01    -1.91879319676876E-01     4.09265411017209E-01
         0.31891311049636     2.87972643705189E-01     9.48793006176853E-01     1.56988630151590E-01
         0.16139156624546     7.25566905805197E-01    -1.85000371687637E-01     8.44814600657224E-01

F DZVP-MOLOPT-PBE-GTH-Q7
 1
 2 0 2 5 2 2 1
        13.30428004732790     1.38300641201995E-01    -4.13429187269840E-02    -9.35306094799813E-02     5.06566246623838E-02    -3.27607844899301E-02
         4.80605774544240     1.37253664661734E-01    -3.39425431978004E-02    -2.95918398172795E-01     1.05639317967558E-01     1.33212173705781E-01
         1.70698523266130    -5.18315587577063E-01     1.04830293747595E-01    -5.65287543674134E-01     3.02725510725546E-01     2.66499630071583E-01
         0.58735472443375    -8.26234910698634E-01     4.59821538585407E-02    -6.52514099592094E-01     2.40459771924833E-01     9.50816701157307E-01
         0.17874874061685    -1.03533512436824E-01    -9.91985341560913E-01    -3.97944304537121E-01    -9.14773526135829E-01     7.81459899689756E-02
O DZVP-MOLOPT-PBE-GTH-Q6
 1
 2 0 2 5 2 2 1
        10.34256722623639    -1.36612866576817E-01     5.36780510727693E-02    -9.23817206645146E-02     5.83443637080248E-02    -9.48473896502772E-02
         3.67715896642206    -1.53385468202307E-01     9.10278370989298E-02    -2.98264530995839E-01     1.75046650342809E-01     1.72754284852763E-01
         1.30046451996361     5.48080652961239E-01    -2.61157543615482E-01    -5.68590641449654E-01     3.64872626600995E-01     4.96868401181124E-01
         0.46645021946921     7.84467551986126E-01    -4.09115659592466E-02    -6.49258120291653E-01     1.42983044083434E-01     8.41501659783491E-01
         0.14793951916337     2.05007513424509E-01     9.58621708960114E-01    -3.97079920076698E-01    -9.01320376386329E-01    -7.84645029990108E-02


