V DZVP-MOLOPT-PBE-GTH-Q13
 1
 2 0 3 6 3 2 2 1
         7.33442219698472     1.14424957236011E-01     2.34454494271359E-02    -5.42950353729259E-03    -1.81498352765503E-01     4.27356169390530E-02     1.38391676598209E-01    -3.08809894547414E-02     7.63463287422786E-03
         3.71180865126492     3.96793833683530E-01    -1.91459600735005E-02    -1.29205944349674E-01     2.24612100369121E-01    -6.38299615706766E-02     3.48735034775078E-01    -5.29856739761078E-02    -2.75872304250956E-02
         1.52733194631141    -5.61871388548240E-01     1.39571064117196E-01     4.85609050745837E-01     6.91500460519688E-01    -3.34205023878801E-01     5.63748540411835E-01    -1.11094665520120E-01    -7.38824116280412E-02
         0.59629749846074    -2.46565541537899E-01    -1.94391266895642E-01     5.35552414188766E-01     5.23988715923506E-01    -2.18149818001937E-01     6.46385334835685E-01    -2.23634871369832E-01    -6.81000883604105E-01
         0.21465533405075    -6.72963637000469E-01    -6.60690262528941E-02    -6.78614897154095E-01     3.23520789839854E-01     6.63560482010583E-01     3.51426822647148E-01     6.74413582380447E-01    -7.13933660029957E-01
         0.06343681403080    -9.35427412260749E-03     9.68220315992140E-01    -1.12083579036476E-02     2.43320754434290E-01     6.28095970918854E-01    -1.02171319741384E-02     6.92134829599506E-01    -1.42332610307798E-01
H DZVP-MOLOPT-PBE-GTH-Q1
 1
 2 0 1 5 2 1
         9.42354063693337     1.73378201014863E-02    -1.21445159969598E-01    -8.76671027046430E-02
         2.22615949373757     1.93709872716504E-01    -1.18321991639862E-01     2.94039390163616E-01
         0.63906011750762     5.93969954529689E-01    -1.91879319676876E-01     4.09265411017209E-01
         0.31891311049636     2.87972643705189E-01     9.48793006176853E-01     1.56988630151590E-01
         0.16139156624546     7.25566905805197E-01    -1.85000371687637E-01     8.44814600657224E-01
O DZVP-MOLOPT-PBE-GTH-Q6
 1
 2 0 2 5 2 2 1
        10.34256722623639    -1.36612866576817E-01     5.36780510727693E-02    -9.23817206645146E-02     5.83443637080248E-02    -9.48473896502772E-02
         3.67715896642206    -1.53385468202307E-01     9.10278370989298E-02    -2.98264530995839E-01     1.75046650342809E-01     1.72754284852763E-01
         1.30046451996361     5.48080652961239E-01    -2.61157543615482E-01    -5.68590641449654E-01     3.64872626600995E-01     4.96868401181124E-01
         0.46645021946921     7.84467551986126E-01    -4.09115659592467E-02    -6.49258120291653E-01     1.42983044083434E-01     8.41501659783491E-01
         0.14793951916337     2.05007513424509E-01     9.58621708960114E-01    -3.97079920076698E-01    -9.01320376386329E-01    -7.84645029990108E-02
F DZVP-MOLOPT-PBE-GTH-Q7
 1
 2 0 2 5 2 2 1
        13.30428004732790     1.38300641201995E-01    -4.13429187269840E-02    -9.35306094799813E-02     5.06566246623838E-02    -3.27607844899301E-02
         4.80605774544240     1.37253664661734E-01    -3.39425431978004E-02    -2.95918398172795E-01     1.05639317967558E-01     1.33212173705781E-01
         1.70698523266130    -5.18315587577063E-01     1.04830293747595E-01    -5.65287543674134E-01     3.02725510725546E-01     2.66499630071583E-01
         0.58735472443375    -8.26234910698634E-01     4.59821538585404E-02    -6.52514099592094E-01     2.40459771924833E-01     9.50816701157307E-01
         0.17874874061685    -1.03533512436824E-01    -9.91985341560913E-01    -3.97944304537121E-01    -9.14773526135829E-01     7.81459899689756E-02
