V TZV2P-MOLOPT-PBE-GTH-Q13
 1
 2 0 3 6 4 3 3 2
         7.33442219698472     8.27825761961714E-02     7.55011658547867E-02     2.24511235524045E-02     1.22895771891037E-01    -1.83579503640807E-01     3.57180401864135E-02     4.48474756328750E-02     1.40590997734590E-01    -1.07169041006575E-02     8.92275620154863E-02     6.55903605941630E-03    -2.28245876482730E-02
         3.71180865126492     3.47305780415066E-01     2.27060968905872E-01    -4.69617631181605E-02     1.08151153599133E-01     2.27317946465339E-01    -5.54382379165022E-02    -5.07409971207343E-02     3.54293109697276E-01    -1.45996628563614E-02     2.38719792100295E-01    -2.44760939719959E-02     3.65524134680134E-02
         1.52733194631141    -5.48399617008117E-01    -3.65860899789597E-01     3.63857440971976E-01    -5.11789811341402E-01     6.92745649304493E-01    -3.32978321369422E-01     3.08502840955541E-01     5.71040303624255E-01    -3.02941302182320E-02     5.08321915100566E-01    -9.15243347888105E-02    -4.02706515170967E-01
         0.59629749846074    -1.01757099618302E-01    -4.72373457722919E-01     3.94696315466647E-01     7.74796088175320E-01     5.39593940777681E-01    -1.80643198550142E-01    -3.16142108387358E-01     6.66097442307729E-01    -1.24844025389668E-01    -2.62758620793206E-01    -6.80441969106978E-01    -6.01661154255030E-01
         0.21465533405075    -5.39057602096820E-01    -1.11723359065070E-01    -7.79365563349408E-01     2.43487845403239E-01     2.96134776157562E-01     6.48082113478254E-01    -6.04927743685262E-01     2.70864233148312E-01     6.81537901024263E-01    -5.75079047942911E-01    -7.26070149834146E-01     6.00008005931383E-01
         0.06343681403080    -5.20428664019244E-01     7.57145890722093E-01     3.18908199530063E-01     2.27323199701933E-01     2.36370801609666E-01     6.57368899391423E-01     6.59057390890328E-01    -1.07565328827752E-01     7.20190476386105E-01     5.26214908075383E-01    -2.83206675230326E-02     3.37586537329254E-01
V TZVP-MOLOPT-PBE-GTH-q13
 1
 2 0 3 6 4 3 3 1
         7.33442219698472     8.27825761961714E-02     7.55011658547867E-02     2.24511235524045E-02     1.22895771891037E-01    -1.83579503640807E-01     3.57180401864135E-02     4.48474756328750E-02     1.40590997734590E-01    -1.07169041006575E-02     8.92275620154863E-02     6.55903605941630E-03
         3.71180865126492     3.47305780415066E-01     2.27060968905872E-01    -4.69617631181605E-02     1.08151153599133E-01     2.27317946465339E-01    -5.54382379165022E-02    -5.07409971207343E-02     3.54293109697276E-01    -1.45996628563614E-02     2.38719792100295E-01    -2.44760939719959E-02
         1.52733194631141    -5.48399617008117E-01    -3.65860899789597E-01     3.63857440971976E-01    -5.11789811341402E-01     6.92745649304493E-01    -3.32978321369422E-01     3.08502840955541E-01     5.71040303624255E-01    -3.02941302182320E-02     5.08321915100566E-01    -9.15243347888105E-02
         0.59629749846074    -1.01757099618302E-01    -4.72373457722919E-01     3.94696315466647E-01     7.74796088175320E-01     5.39593940777681E-01    -1.80643198550142E-01    -3.16142108387358E-01     6.66097442307729E-01    -1.24844025389668E-01    -2.62758620793206E-01    -6.80441969106978E-01
         0.21465533405075    -5.39057602096820E-01    -1.11723359065070E-01    -7.79365563349408E-01     2.43487845403239E-01     2.96134776157562E-01     6.48082113478254E-01    -6.04927743685262E-01     2.70864233148312E-01     6.81537901024263E-01    -5.75079047942911E-01    -7.26070149834146E-01
         0.06343681403080    -5.20428664019244E-01     7.57145890722093E-01     3.18908199530063E-01     2.27323199701933E-01     2.36370801609666E-01     6.57368899391423E-01     6.59057390890328E-01    -1.07565328827752E-01     7.20190476386105E-01     5.26214908075383E-01    -2.83206675230326E-02
V DZVP-MOLOPT-PBE-GTH-q13
 1
 2 0 3 6 3 2 2 1
         7.33442219698472     8.27825761961714E-02     7.55011658547867E-02     2.24511235524045E-02    -1.83579503640807E-01     3.57180401864135E-02     1.40590997734590E-01    -1.07169041006575E-02     6.55903605941630E-03
         3.71180865126492     3.47305780415066E-01     2.27060968905872E-01    -4.69617631181605E-02     2.27317946465339E-01    -5.54382379165022E-02     3.54293109697276E-01    -1.45996628563614E-02    -2.44760939719959E-02
         1.52733194631141    -5.48399617008117E-01    -3.65860899789597E-01     3.63857440971976E-01     6.92745649304493E-01    -3.32978321369422E-01     5.71040303624255E-01    -3.02941302182320E-02    -9.15243347888105E-02
         0.59629749846074    -1.01757099618302E-01    -4.72373457722919E-01     3.94696315466647E-01     5.39593940777681E-01    -1.80643198550142E-01     6.66097442307729E-01    -1.24844025389668E-01    -6.80441969106978E-01
         0.21465533405075    -5.39057602096820E-01    -1.11723359065070E-01    -7.79365563349408E-01     2.96134776157562E-01     6.48082113478254E-01     2.70864233148312E-01     6.81537901024263E-01    -7.26070149834146E-01
         0.06343681403080    -5.20428664019244E-01     7.57145890722093E-01     3.18908199530063E-01     2.36370801609666E-01     6.57368899391423E-01    -1.07565328827752E-01     7.20190476386105E-01    -2.83206675230326E-02
O TZV2P-MOLOPT-PBE-GTH-Q6
 1
 2 0 3 5 3 3 2 1
        10.34256722623639    -1.36598767253985E-01     5.35898017733314E-02    -1.18707008771107E-01    -9.23673397522993E-02     5.82948619873808E-02     9.18414097966573E-02    -9.48396929864874E-02     1.47739306049945E-01    -6.27421636348332E-05
         3.67715896642206    -1.53365311059511E-01     9.09944842814309E-02    -2.82507973527509E-01    -2.98268574244154E-01     1.75273022378177E-01     2.27281538167357E-01     1.72695668110757E-01    -2.69128753144972E-01     1.08668748395417E-04
         1.30046451996361     5.48021970885945E-01    -2.61169567089594E-01     6.98682645593308E-01    -5.68604037326135E-01     3.64979965319240E-01     5.95584075165259E-01     4.96837623369842E-01    -7.73936715688092E-01     3.17226823696088E-04
         0.46645021946921     7.84538402757388E-01    -4.08365744734643E-02    -6.15550727563364E-01    -6.49207117094457E-01     1.42847181972710E-01    -7.45101990481658E-01     8.41535542399250E-01     5.40201745515093E-01     9.99999938769363E-01
         0.14793951916337     2.04917720496501E-01     9.58629734771334E-01     1.97579739611495E-01    -3.97144432185278E-01    -9.01257668045223E-01     1.73236517641798E-01    -7.84343402663362E-02     1.22257293978271E-01     7.79931889816245E-05
O TZVP-MOLOPT-PBE-GTH-q6
 1
 2 0 2 5 3 3 1
        10.34256722623639    -1.36598767253985E-01     5.35898017733314E-02    -1.18707008771107E-01    -9.23673397522993E-02     5.82948619873808E-02     9.18414097966573E-02    -9.48396929864874E-02
         3.67715896642206    -1.53365311059511E-01     9.09944842814309E-02    -2.82507973527509E-01    -2.98268574244154E-01     1.75273022378177E-01     2.27281538167357E-01     1.72695668110757E-01
         1.30046451996361     5.48021970885945E-01    -2.61169567089594E-01     6.98682645593308E-01    -5.68604037326135E-01     3.64979965319240E-01     5.95584075165259E-01     4.96837623369842E-01
         0.46645021946921     7.84538402757388E-01    -4.08365744734643E-02    -6.15550727563364E-01    -6.49207117094457E-01     1.42847181972710E-01    -7.45101990481658E-01     8.41535542399250E-01
         0.14793951916337     2.04917720496501E-01     9.58629734771334E-01     1.97579739611495E-01    -3.97144432185278E-01    -9.01257668045223E-01     1.73236517641798E-01    -7.84343402663362E-02
O DZVP-MOLOPT-PBE-GTH-q6
 1
 2 0 2 5 2 2 1
        10.34256722623639    -1.36598767253985E-01     5.35898017733314E-02    -9.23673397522993E-02     5.82948619873808E-02    -9.48396929864874E-02
         3.67715896642206    -1.53365311059511E-01     9.09944842814309E-02    -2.98268574244154E-01     1.75273022378177E-01     1.72695668110757E-01
         1.30046451996361     5.48021970885945E-01    -2.61169567089594E-01    -5.68604037326135E-01     3.64979965319240E-01     4.96837623369842E-01
         0.46645021946921     7.84538402757388E-01    -4.08365744734643E-02    -6.49207117094457E-01     1.42847181972710E-01     8.41535542399250E-01
         0.14793951916337     2.04917720496501E-01     9.58629734771334E-01    -3.97144432185278E-01    -9.01257668045223E-01    -7.84343402663362E-02
H TZV2P-MOLOPT-PBE-GTH-Q1
 1
 2 0 2 5 3 2 1
         9.42354063693337     1.73389254674243E-02    -1.21441381781897E-01     8.48842952201243E-01    -8.76722314909129E-02     1.38509912982294E-01     1.01583846424117E-05
         2.22615949373757     1.93701953472634E-01    -1.18295700700916E-01     4.34966851840939E-01     2.94035801652179E-01    -4.64264354132394E-01    -5.41805899933135E-06
         0.63906011750762     5.93968178416321E-01    -1.91886640436410E-01     8.47731161618519E-02     4.09268475073086E-01    -6.46177309023364E-01    -2.13029117448260E-05
         0.31891311049636     2.87977189530933E-01     9.48793640784133E-01     1.29845157344792E-01     1.56986057354678E-01    -2.47870371773730E-01     1.00804100896023E-05
         0.16139156624546     7.25568643357183E-01    -1.85008817130971E-01    -2.57338753762772E-01     8.44814311123899E-01     5.35059601902204E-01     9.99999999656012E-01
H TZVP-MOLOPT-PBE-GTH-q1
 1
 2 0 1 5 3 1
         9.42354063693337     1.73389254674243E-02    -1.21441381781897E-01     8.48842952201243E-01    -8.76722314909129E-02
         2.22615949373757     1.93701953472634E-01    -1.18295700700916E-01     4.34966851840939E-01     2.94035801652179E-01
         0.63906011750762     5.93968178416321E-01    -1.91886640436410E-01     8.47731161618519E-02     4.09268475073086E-01
         0.31891311049636     2.87977189530933E-01     9.48793640784133E-01     1.29845157344792E-01     1.56986057354678E-01
         0.16139156624546     7.25568643357183E-01    -1.85008817130971E-01    -2.57338753762772E-01     8.44814311123899E-01
H DZVP-MOLOPT-PBE-GTH-q1
 1
 2 0 1 5 2 1
         9.42354063693337     1.73389254674243E-02    -1.21441381781897E-01    -8.76722314909129E-02
         2.22615949373757     1.93701953472634E-01    -1.18295700700916E-01     2.94035801652179E-01
         0.63906011750762     5.93968178416321E-01    -1.91886640436410E-01     4.09268475073086E-01
         0.31891311049636     2.87977189530933E-01     9.48793640784133E-01     1.56986057354678E-01
         0.16139156624546     7.25568643357183E-01    -1.85008817130971E-01     8.44814311123899E-01
F TZV2P-MOLOPT-PBE-GTH-Q7
 1
 2 0 3 5 3 3 2 1
        13.30428004732790     1.38292090777636E-01    -4.13851185732434E-02    -3.68601172475513E-01    -9.35531482386367E-02     5.06296345689289E-02     1.31156005847365E-01    -3.26022751966033E-02     1.00541308351024E-01     9.72064409635608E-05
         4.80605774544240     1.37268979809070E-01    -3.39565337061055E-02    -2.68712697428403E-01    -2.95910126104609E-01     1.05677150923709E-01    -3.03933997040743E-01     1.33191225710905E-01    -4.08920622745241E-01     5.04092340544058E-06
         1.70698523266130    -5.18264453672791E-01     1.04861752881122E-01     6.94838249064691E-01    -5.65276724858415E-01     3.02716360438154E-01     7.47866109869779E-01     2.66499643835383E-01    -8.18034852203344E-01     5.83002400834836E-05
         0.58735472443375    -8.26267224974586E-01     4.59440905301858E-02    -5.51244775686392E-01    -6.52493507471700E-01     2.40526134346493E-01    -5.71224059806739E-01     9.50822081343244E-01     3.09737546860849E-01     9.99999990598423E-01
         0.17874874061685    -1.03522721189923E-01    -9.91981541717081E-01     7.24959778581021E-02    -3.97994287350983E-01    -9.14756231842929E-01     6.94376178966045E-02     7.81824693351836E-02    -2.39910404638869E-01    -7.70047573235798E-05
F TZVP-MOLOPT-PBE-GTH-q7
 1
 2 0 2 5 3 3 1
        13.30428004732790     1.38292090777636E-01    -4.13851185732434E-02    -3.68601172475513E-01    -9.35531482386367E-02     5.06296345689289E-02     1.31156005847365E-01    -3.26022751966033E-02
         4.80605774544240     1.37268979809070E-01    -3.39565337061055E-02    -2.68712697428403E-01    -2.95910126104609E-01     1.05677150923709E-01    -3.03933997040743E-01     1.33191225710905E-01
         1.70698523266130    -5.18264453672791E-01     1.04861752881122E-01     6.94838249064691E-01    -5.65276724858415E-01     3.02716360438154E-01     7.47866109869779E-01     2.66499643835383E-01
         0.58735472443375    -8.26267224974586E-01     4.59440905301858E-02    -5.51244775686392E-01    -6.52493507471700E-01     2.40526134346493E-01    -5.71224059806739E-01     9.50822081343244E-01
         0.17874874061685    -1.03522721189923E-01    -9.91981541717081E-01     7.24959778581021E-02    -3.97994287350983E-01    -9.14756231842929E-01     6.94376178966045E-02     7.81824693351836E-02
F DZVP-MOLOPT-PBE-GTH-q7
 1
 2 0 2 5 2 2 1
        13.30428004732790     1.38292090777636E-01    -4.13851185732434E-02    -9.35531482386367E-02     5.06296345689289E-02    -3.26022751966033E-02
         4.80605774544240     1.37268979809070E-01    -3.39565337061055E-02    -2.95910126104609E-01     1.05677150923709E-01     1.33191225710905E-01
         1.70698523266130    -5.18264453672791E-01     1.04861752881122E-01    -5.65276724858415E-01     3.02716360438154E-01     2.66499643835383E-01
         0.58735472443375    -8.26267224974586E-01     4.59440905301858E-02    -6.52493507471700E-01     2.40526134346493E-01     9.50822081343244E-01
         0.17874874061685    -1.03522721189923E-01    -9.91981541717081E-01    -3.97994287350983E-01    -9.14756231842929E-01     7.81824693351836E-02
