V TZV2P-MOLOPT-PBE-GTH-Q13
 1
 2 0 3 6 4 3 3 2
         7.33442219698472     1.14424957236011E-01     2.34454494271359E-02    -5.42950353729260E-03    -8.68772714743759E-02    -1.81498352765503E-01     4.27356169390530E-02     2.34337763076598E-02     1.38391676598209E-01    -3.08809894547414E-02     3.15753131652414E-02     7.63463287422786E-03     1.09783440240179E-03
         3.71180865126492     3.96793833683530E-01    -1.91459600735004E-02    -1.29205944349674E-01     8.33133427262283E-02     2.24612100369121E-01    -6.38299615706767E-02    -1.97011980274627E-02     3.48735034775078E-01    -5.29856739761078E-02     5.57524321434602E-02    -2.75872304250956E-02    -3.96695049082086E-03
         1.52733194631141    -5.61871388548240E-01     1.39571064117196E-01     4.85609050745837E-01    -5.40502584724059E-01     6.91500460519688E-01    -3.34205023878801E-01     5.63598832317674E-02     5.63748540411835E-01    -1.11094665520120E-01     1.14525216748129E-01    -7.38824116280412E-02    -1.06240410709830E-02
         0.59629749846074    -2.46565541537899E-01    -1.94391266895642E-01     5.35552414188766E-01     7.68646522567247E-01     5.23988715923506E-01    -2.18149818001937E-01     1.28825644378503E-02     6.46385334835685E-01    -2.23634871369832E-01     2.23625609364638E-01    -6.81000883604105E-01    -9.79256252923905E-02
         0.21465533405075    -6.72963637000469E-01    -6.60690262528942E-02    -6.78614897154095E-01     2.00535323342334E-01     3.23520789839854E-01     6.63560482010583E-01    -6.70395302968944E-01     3.51426822647148E-01     6.74413582380447E-01    -6.41814022598610E-01    -7.13933660029957E-01    -1.02661247230278E-01
         0.06343681403080    -9.35427412260749E-03     9.68220315992140E-01    -1.12083579036477E-02     2.49672365248588E-01     2.43320754434290E-01     6.28095970918854E-01     7.39114647248334E-01    -1.02171319741384E-02     6.92134829599506E-01     7.21695910941364E-01    -1.42332610307798E-01     9.89818886485284E-01
V TZVP-MOLOPT-PBE-GTH-q13
 1
 2 0 3 6 4 3 3 1
         7.33442219698472     1.14424957236011E-01     2.34454494271359E-02    -5.42950353729260E-03    -8.68772714743759E-02    -1.81498352765503E-01     4.27356169390530E-02     2.34337763076598E-02     1.38391676598209E-01    -3.08809894547414E-02     3.15753131652414E-02     7.63463287422786E-03
         3.71180865126492     3.96793833683530E-01    -1.91459600735004E-02    -1.29205944349674E-01     8.33133427262283E-02     2.24612100369121E-01    -6.38299615706767E-02    -1.97011980274627E-02     3.48735034775078E-01    -5.29856739761078E-02     5.57524321434602E-02    -2.75872304250956E-02
         1.52733194631141    -5.61871388548240E-01     1.39571064117196E-01     4.85609050745837E-01    -5.40502584724059E-01     6.91500460519688E-01    -3.34205023878801E-01     5.63598832317674E-02     5.63748540411835E-01    -1.11094665520120E-01     1.14525216748129E-01    -7.38824116280412E-02
         0.59629749846074    -2.46565541537899E-01    -1.94391266895642E-01     5.35552414188766E-01     7.68646522567247E-01     5.23988715923506E-01    -2.18149818001937E-01     1.28825644378503E-02     6.46385334835685E-01    -2.23634871369832E-01     2.23625609364638E-01    -6.81000883604105E-01
         0.21465533405075    -6.72963637000469E-01    -6.60690262528942E-02    -6.78614897154095E-01     2.00535323342334E-01     3.23520789839854E-01     6.63560482010583E-01    -6.70395302968944E-01     3.51426822647148E-01     6.74413582380447E-01    -6.41814022598610E-01    -7.13933660029957E-01
         0.06343681403080    -9.35427412260749E-03     9.68220315992140E-01    -1.12083579036477E-02     2.49672365248588E-01     2.43320754434290E-01     6.28095970918854E-01     7.39114647248334E-01    -1.02171319741384E-02     6.92134829599506E-01     7.21695910941364E-01    -1.42332610307798E-01
V DZVP-MOLOPT-PBE-GTH-q13
 1
 2 0 3 6 3 2 2 1
         7.33442219698472     1.14424957236011E-01     2.34454494271359E-02    -5.42950353729260E-03    -1.81498352765503E-01     4.27356169390530E-02     1.38391676598209E-01    -3.08809894547414E-02     7.63463287422786E-03
         3.71180865126492     3.96793833683530E-01    -1.91459600735004E-02    -1.29205944349674E-01     2.24612100369121E-01    -6.38299615706767E-02     3.48735034775078E-01    -5.29856739761078E-02    -2.75872304250956E-02
         1.52733194631141    -5.61871388548240E-01     1.39571064117196E-01     4.85609050745837E-01     6.91500460519688E-01    -3.34205023878801E-01     5.63748540411835E-01    -1.11094665520120E-01    -7.38824116280412E-02
         0.59629749846074    -2.46565541537899E-01    -1.94391266895642E-01     5.35552414188766E-01     5.23988715923506E-01    -2.18149818001937E-01     6.46385334835685E-01    -2.23634871369832E-01    -6.81000883604105E-01
         0.21465533405075    -6.72963637000469E-01    -6.60690262528942E-02    -6.78614897154095E-01     3.23520789839854E-01     6.63560482010583E-01     3.51426822647148E-01     6.74413582380447E-01    -7.13933660029957E-01
         0.06343681403080    -9.35427412260749E-03     9.68220315992140E-01    -1.12083579036477E-02     2.43320754434290E-01     6.28095970918854E-01    -1.02171319741384E-02     6.92134829599506E-01    -1.42332610307798E-01
O TZV2P-MOLOPT-PBE-GTH-Q6
 1
 2 0 3 5 3 3 2 1
        10.34256722623639    -1.36598767253985E-01     5.35898017733314E-02    -1.18707008771107E-01    -9.23673397522993E-02     5.82948619873808E-02     9.18414097966573E-02    -9.48396929864874E-02     1.47739306049945E-01    -6.27421636348332E-05
         3.67715896642206    -1.53365311059511E-01     9.09944842814309E-02    -2.82507973527509E-01    -2.98268574244154E-01     1.75273022378177E-01     2.27281538167357E-01     1.72695668110757E-01    -2.69128753144972E-01     1.08668748395417E-04
         1.30046451996361     5.48021970885945E-01    -2.61169567089594E-01     6.98682645593308E-01    -5.68604037326135E-01     3.64979965319240E-01     5.95584075165259E-01     4.96837623369842E-01    -7.73936715688092E-01     3.17226823696088E-04
         0.46645021946921     7.84538402757388E-01    -4.08365744734644E-02    -6.15550727563364E-01    -6.49207117094457E-01     1.42847181972710E-01    -7.45101990481658E-01     8.41535542399250E-01     5.40201745515093E-01     9.99999938769363E-01
         0.14793951916337     2.04917720496501E-01     9.58629734771334E-01     1.97579739611495E-01    -3.97144432185278E-01    -9.01257668045223E-01     1.73236517641798E-01    -7.84343402663362E-02     1.22257293978271E-01     7.79931889816245E-05
O TZVP-MOLOPT-PBE-GTH-q6
 1
 2 0 2 5 3 3 1
        10.34256722623639    -1.36598767253985E-01     5.35898017733314E-02    -1.18707008771107E-01    -9.23673397522993E-02     5.82948619873808E-02     9.18414097966573E-02    -9.48396929864874E-02
         3.67715896642206    -1.53365311059511E-01     9.09944842814309E-02    -2.82507973527509E-01    -2.98268574244154E-01     1.75273022378177E-01     2.27281538167357E-01     1.72695668110757E-01
         1.30046451996361     5.48021970885945E-01    -2.61169567089594E-01     6.98682645593308E-01    -5.68604037326135E-01     3.64979965319240E-01     5.95584075165259E-01     4.96837623369842E-01
         0.46645021946921     7.84538402757388E-01    -4.08365744734644E-02    -6.15550727563364E-01    -6.49207117094457E-01     1.42847181972710E-01    -7.45101990481658E-01     8.41535542399250E-01
         0.14793951916337     2.04917720496501E-01     9.58629734771334E-01     1.97579739611495E-01    -3.97144432185278E-01    -9.01257668045223E-01     1.73236517641798E-01    -7.84343402663362E-02
O DZVP-MOLOPT-PBE-GTH-q6
 1
 2 0 2 5 2 2 1
        10.34256722623639    -1.36598767253985E-01     5.35898017733314E-02    -9.23673397522993E-02     5.82948619873808E-02    -9.48396929864874E-02
         3.67715896642206    -1.53365311059511E-01     9.09944842814309E-02    -2.98268574244154E-01     1.75273022378177E-01     1.72695668110757E-01
         1.30046451996361     5.48021970885945E-01    -2.61169567089594E-01    -5.68604037326135E-01     3.64979965319240E-01     4.96837623369842E-01
         0.46645021946921     7.84538402757388E-01    -4.08365744734644E-02    -6.49207117094457E-01     1.42847181972710E-01     8.41535542399250E-01
         0.14793951916337     2.04917720496501E-01     9.58629734771334E-01    -3.97144432185278E-01    -9.01257668045223E-01    -7.84343402663362E-02
H TZV2P-MOLOPT-PBE-GTH-Q1
 1
 2 0 2 5 3 2 1
         9.42354063693337     1.73389254674243E-02    -1.21441381781897E-01     8.48842952201243E-01    -8.76722314909129E-02     1.38509912982294E-01     1.01583846424117E-05
         2.22615949373757     1.93701953472634E-01    -1.18295700700916E-01     4.34966851840939E-01     2.94035801652179E-01    -4.64264354132394E-01    -5.41805899933135E-06
         0.63906011750762     5.93968178416321E-01    -1.91886640436410E-01     8.47731161618519E-02     4.09268475073086E-01    -6.46177309023364E-01    -2.13029117448260E-05
         0.31891311049636     2.87977189530933E-01     9.48793640784133E-01     1.29845157344792E-01     1.56986057354678E-01    -2.47870371773730E-01     1.00804100896023E-05
         0.16139156624546     7.25568643357183E-01    -1.85008817130971E-01    -2.57338753762772E-01     8.44814311123899E-01     5.35059601902204E-01     9.99999999656012E-01
H TZVP-MOLOPT-PBE-GTH-q1
 1
 2 0 1 5 3 1
         9.42354063693337     1.73389254674243E-02    -1.21441381781897E-01     8.48842952201243E-01    -8.76722314909129E-02
         2.22615949373757     1.93701953472634E-01    -1.18295700700916E-01     4.34966851840939E-01     2.94035801652179E-01
         0.63906011750762     5.93968178416321E-01    -1.91886640436410E-01     8.47731161618519E-02     4.09268475073086E-01
         0.31891311049636     2.87977189530933E-01     9.48793640784133E-01     1.29845157344792E-01     1.56986057354678E-01
         0.16139156624546     7.25568643357183E-01    -1.85008817130971E-01    -2.57338753762772E-01     8.44814311123899E-01
H DZVP-MOLOPT-PBE-GTH-q1
 1
 2 0 1 5 2 1
         9.42354063693337     1.73389254674243E-02    -1.21441381781897E-01    -8.76722314909129E-02
         2.22615949373757     1.93701953472634E-01    -1.18295700700916E-01     2.94035801652179E-01
         0.63906011750762     5.93968178416321E-01    -1.91886640436410E-01     4.09268475073086E-01
         0.31891311049636     2.87977189530933E-01     9.48793640784133E-01     1.56986057354678E-01
         0.16139156624546     7.25568643357183E-01    -1.85008817130971E-01     8.44814311123899E-01
F TZV2P-MOLOPT-PBE-GTH-Q7
 1
 2 0 3 5 3 3 2 1
        13.30428004732790     1.38292090777636E-01    -4.13851185732434E-02    -3.68601172475513E-01    -9.35531482386367E-02     5.06296345689289E-02     1.31156005847365E-01    -3.26022751966033E-02     1.00541308351024E-01     9.72064409635608E-05
         4.80605774544240     1.37268979809070E-01    -3.39565337061055E-02    -2.68712697428403E-01    -2.95910126104609E-01     1.05677150923709E-01    -3.03933997040743E-01     1.33191225710905E-01    -4.08920622745241E-01     5.04092340544058E-06
         1.70698523266130    -5.18264453672791E-01     1.04861752881122E-01     6.94838249064691E-01    -5.65276724858415E-01     3.02716360438154E-01     7.47866109869779E-01     2.66499643835383E-01    -8.18034852203344E-01     5.83002400834836E-05
         0.58735472443375    -8.26267224974586E-01     4.59440905301858E-02    -5.51244775686392E-01    -6.52493507471700E-01     2.40526134346493E-01    -5.71224059806739E-01     9.50822081343244E-01     3.09737546860849E-01     9.99999990598423E-01
         0.17874874061685    -1.03522721189923E-01    -9.91981541717081E-01     7.24959778581021E-02    -3.97994287350983E-01    -9.14756231842929E-01     6.94376178966044E-02     7.81824693351836E-02    -2.39910404638869E-01    -7.70047573235798E-05
F TZVP-MOLOPT-PBE-GTH-q7
 1
 2 0 2 5 3 3 1
        13.30428004732790     1.38292090777636E-01    -4.13851185732434E-02    -3.68601172475513E-01    -9.35531482386367E-02     5.06296345689289E-02     1.31156005847365E-01    -3.26022751966033E-02
         4.80605774544240     1.37268979809070E-01    -3.39565337061055E-02    -2.68712697428403E-01    -2.95910126104609E-01     1.05677150923709E-01    -3.03933997040743E-01     1.33191225710905E-01
         1.70698523266130    -5.18264453672791E-01     1.04861752881122E-01     6.94838249064691E-01    -5.65276724858415E-01     3.02716360438154E-01     7.47866109869779E-01     2.66499643835383E-01
         0.58735472443375    -8.26267224974586E-01     4.59440905301858E-02    -5.51244775686392E-01    -6.52493507471700E-01     2.40526134346493E-01    -5.71224059806739E-01     9.50822081343244E-01
         0.17874874061685    -1.03522721189923E-01    -9.91981541717081E-01     7.24959778581021E-02    -3.97994287350983E-01    -9.14756231842929E-01     6.94376178966044E-02     7.81824693351836E-02
F DZVP-MOLOPT-PBE-GTH-q7
 1
 2 0 2 5 2 2 1
        13.30428004732790     1.38292090777636E-01    -4.13851185732434E-02    -9.35531482386367E-02     5.06296345689289E-02    -3.26022751966033E-02
         4.80605774544240     1.37268979809070E-01    -3.39565337061055E-02    -2.95910126104609E-01     1.05677150923709E-01     1.33191225710905E-01
         1.70698523266130    -5.18264453672791E-01     1.04861752881122E-01    -5.65276724858415E-01     3.02716360438154E-01     2.66499643835383E-01
         0.58735472443375    -8.26267224974586E-01     4.59440905301858E-02    -6.52493507471700E-01     2.40526134346493E-01     9.50822081343244E-01
         0.17874874061685    -1.03522721189923E-01    -9.91981541717081E-01    -3.97994287350983E-01    -9.14756231842929E-01     7.81824693351836E-02
