MG DZVP-MOLOPT-PBE0-GTH-Q10
 1
 2 0 1 7 3 2
        30.84215575374221     6.02723084635905E-02     4.28387494983392E-02    -8.48369655722686E-03     6.02397321683861E-02     2.23034163212830E-02
        12.30275298204925     1.90729931462435E-01     1.33836241319871E-01    -3.73726595585357E-02     2.53894433897057E-01     9.77691761627955E-02
         4.26393750955946    -3.03017136236052E-01    -2.02723806922415E-01     5.93716732851788E-02     5.68354549968210E-01     2.21728242807399E-01
         1.49568611063657    -7.67237363691103E-01    -3.41898708085769E-01    -1.34365673269007E-01     6.24933664066408E-01     2.70597747983141E-01
         0.54036093595027    -3.27930642497642E-01    -5.35348699800242E-02     4.99253875387149E-02     3.21740446984079E-01    -1.86696107501911E-02
         0.15393567368276     2.46300897660424E-01    -6.58528316345933E-01     6.97802031288077E-01     2.75583087408789E-01    -7.34297928634151E-01
         0.05577473923817     3.33637747419540E-01    -6.21076088602488E-01    -6.98234890475887E-01     1.97172155387283E-01    -5.72726102582094E-01
H DZVP-MOLOPT-PBE0-GTH-Q1
 1
 2 0 1 5 2 1
         9.40376558777484     5.57995409025206E-02    -4.70579310756749E-02    -9.22922683878503E-02
         2.19236236036235     2.26741263852150E-01    -2.37595450605385E-01     3.56629407794935E-01
         0.70785664525623     4.70071809062586E-01    -3.84865803668886E-01     4.70685683046521E-01
         0.37495748172786     5.50419957177599E-01     8.25544608526065E-01     4.93402007633953E-01
         0.15142571456720     6.49265104227107E-01    -3.34198093163844E-01     6.31907468961614E-01
F DZVP-MOLOPT-PBE0-GTH-Q7
 1
 2 0 2 5 2 2 1
        13.31501907729122     1.31813146289282E-01    -5.24225688764356E-02    -9.80506809064632E-02     4.64420401614479E-02     4.89385522399914E-03
         4.62512020147175     1.34547810393351E-01    -5.37398783766778E-02    -3.12727206728056E-01     1.25929415842544E-01     2.30296758923593E-02
         1.62272294024072    -5.51865766775749E-01     1.65440705311574E-01    -5.86706702362430E-01     2.77907352966805E-01     5.26472480151814E-01
         0.55216173678272    -7.87309125215089E-01     1.14519053917377E-01    -6.52997838515906E-01     1.82287680337408E-01     8.49582617686734E-01
         0.17330337957192    -2.00276553789357E-01    -9.76667117835106E-01    -3.49223175694863E-01    -9.33554296168888E-01    -2.19496600587510E-02
CL DZVP-MOLOPT-PBE0-GTH-Q7
 1
 2 0 2 4 2 2 1
         1.95736377876919     5.14900988266686E-01     2.40693792976429E-01     3.91491934421244E-01     1.94579618291814E-01     1.03302579489917E-01
         1.54347371438383    -4.22981434715776E-01     4.84506053505592E-02    -5.31183852831214E-01    -2.06763688400425E-01     2.53080986425568E-01
         0.40766941393095    -4.94589672987331E-01    -6.25944067103656E-01    -6.13505638411310E-01    -3.32691397032460E-01     9.52098239408987E-01
         0.13062819821750    -5.57982735881729E-01     7.40211497966303E-01    -4.33807113141348E-01     8.99279702676011E-01     1.37067625261757E-01
