MG TZV2P-MOLOPT-PBE0-GTH-Q10
 1
 2 0 2 7 4 3 1
        30.84215575374221     4.53572304519953E-02     5.89079046611453E-02     5.29810259844712E-04    -1.68320337180452E-02     6.10177382729902E-02     2.00777742080770E-02    -4.48013994043090E-03     3.91099197892314E-02
        12.30275298204925     1.45843862122241E-01     1.83772140510974E-01    -5.56605811820439E-03    -7.14437195534226E-02     2.57375400588181E-01     8.81838773351886E-02    -2.80127223833718E-02    -2.14547416108433E-02
         4.26393750955946    -2.35076600552832E-01    -2.79804529033437E-01     3.24937427347674E-03     6.31045436771129E-02     5.75783085183760E-01     2.01646615635321E-01    -6.34694039639353E-02     3.75470189184340E-02
         1.49568611063657    -5.98630626619778E-01    -5.58509440596071E-01    -2.26907526391348E-01    -3.86528397434530E-01     6.34633114109158E-01     2.46902471429739E-01    -1.41813934786368E-01     8.64108032969620E-02
         0.54036093595027    -2.99914808602185E-01    -1.40977621219033E-01    -3.07444444110390E-02     9.10910072462782E-01     3.21685800890947E-01    -3.28455386251750E-02     4.45800800499898E-01     4.50077265021942E-01
         0.15393567368276     3.14969896066884E-01    -5.68744749648074E-01     7.49706461666395E-01     8.01474242086508E-03     2.52579249904792E-01    -7.60669677312240E-01     4.63460832381225E-01     8.80546020999662E-01
         0.05577473923817     6.11471770750753E-01    -4.78736889638830E-01    -6.20859206910403E-01     1.06792770874536E-01     1.68734572933908E-01    -5.57226265870341E-01    -7.49347290322590E-01     1.05842633623867E-01
MG TZVP-MOLOPT-PBE0-GTH-q10
 1
 2 0 1 7 4 2
        30.84215575374221     4.53572304519953E-02     5.89079046611453E-02     5.29810259844712E-04    -1.68320337180452E-02     6.10177382729902E-02     2.00777742080770E-02
        12.30275298204925     1.45843862122241E-01     1.83772140510974E-01    -5.56605811820439E-03    -7.14437195534226E-02     2.57375400588181E-01     8.81838773351886E-02
         4.26393750955946    -2.35076600552832E-01    -2.79804529033437E-01     3.24937427347674E-03     6.31045436771129E-02     5.75783085183760E-01     2.01646615635321E-01
         1.49568611063657    -5.98630626619778E-01    -5.58509440596071E-01    -2.26907526391348E-01    -3.86528397434530E-01     6.34633114109158E-01     2.46902471429739E-01
         0.54036093595027    -2.99914808602185E-01    -1.40977621219033E-01    -3.07444444110390E-02     9.10910072462782E-01     3.21685800890947E-01    -3.28455386251750E-02
         0.15393567368276     3.14969896066884E-01    -5.68744749648074E-01     7.49706461666395E-01     8.01474242086508E-03     2.52579249904792E-01    -7.60669677312240E-01
         0.05577473923817     6.11471770750753E-01    -4.78736889638830E-01    -6.20859206910403E-01     1.06792770874536E-01     1.68734572933908E-01    -5.57226265870341E-01
MG DZVP-MOLOPT-PBE0-GTH-q10
 1
 2 0 1 7 3 2
        30.84215575374221     4.53572304519953E-02     5.89079046611453E-02     5.29810259844712E-04     6.10177382729902E-02     2.00777742080770E-02
        12.30275298204925     1.45843862122241E-01     1.83772140510974E-01    -5.56605811820439E-03     2.57375400588181E-01     8.81838773351886E-02
         4.26393750955946    -2.35076600552832E-01    -2.79804529033437E-01     3.24937427347674E-03     5.75783085183760E-01     2.01646615635321E-01
         1.49568611063657    -5.98630626619778E-01    -5.58509440596071E-01    -2.26907526391348E-01     6.34633114109158E-01     2.46902471429739E-01
         0.54036093595027    -2.99914808602185E-01    -1.40977621219033E-01    -3.07444444110390E-02     3.21685800890947E-01    -3.28455386251750E-02
         0.15393567368276     3.14969896066884E-01    -5.68744749648074E-01     7.49706461666395E-01     2.52579249904792E-01    -7.60669677312240E-01
         0.05577473923817     6.11471770750753E-01    -4.78736889638830E-01    -6.20859206910403E-01     1.68734572933908E-01    -5.57226265870341E-01
CL TZV2P-MOLOPT-PBE0-GTH-Q7
 1
 2 0 3 4 3 3 2 1
         1.95736377876919     5.14900988266686E-01     2.40693792976429E-01    -1.28104442415964E-01     3.91491934421244E-01     1.94579618291814E-01    -4.24624922261607E-01     1.03302579489917E-01    -1.51719991846673E-01    -8.80894837945973E-02
         1.54347371438383    -4.22981434715776E-01     4.84506053505592E-02    -8.97870765280675E-01    -5.31183852831214E-01    -2.06763688400425E-01    -8.12512692066251E-01     2.53080986425568E-01     7.90079486051753E-01     3.40736837991551E-01
         0.40766941393095    -4.94589672987331E-01    -6.25944067103656E-01     2.66738548390740E-01    -6.13505638411310E-01    -3.32691397032460E-01     3.96050456242181E-01     9.52098239408987E-01    -2.69731069825107E-01     9.35543949131780E-01
         0.13062819821750    -5.57982735881729E-01     7.40211497966303E-01     3.25987557262529E-01    -4.33807113141348E-01     8.99279702676011E-01     5.15832990020733E-02     1.37067625261757E-01     5.29150828937503E-01     2.99360873066907E-02
CL TZVP-MOLOPT-PBE0-GTH-q7
 1
 2 0 2 4 3 3 1
         1.95736377876919     5.14900988266686E-01     2.40693792976429E-01    -1.28104442415964E-01     3.91491934421244E-01     1.94579618291814E-01    -4.24624922261607E-01     1.03302579489917E-01
         1.54347371438383    -4.22981434715776E-01     4.84506053505592E-02    -8.97870765280675E-01    -5.31183852831214E-01    -2.06763688400425E-01    -8.12512692066251E-01     2.53080986425568E-01
         0.40766941393095    -4.94589672987331E-01    -6.25944067103656E-01     2.66738548390740E-01    -6.13505638411310E-01    -3.32691397032460E-01     3.96050456242181E-01     9.52098239408987E-01
         0.13062819821750    -5.57982735881729E-01     7.40211497966303E-01     3.25987557262529E-01    -4.33807113141348E-01     8.99279702676011E-01     5.15832990020733E-02     1.37067625261757E-01
CL DZVP-MOLOPT-PBE0-GTH-q7
 1
 2 0 2 4 2 2 1
         1.95736377876919     5.14900988266686E-01     2.40693792976429E-01     3.91491934421244E-01     1.94579618291814E-01     1.03302579489917E-01
         1.54347371438383    -4.22981434715776E-01     4.84506053505592E-02    -5.31183852831214E-01    -2.06763688400425E-01     2.53080986425568E-01
         0.40766941393095    -4.94589672987331E-01    -6.25944067103656E-01    -6.13505638411310E-01    -3.32691397032460E-01     9.52098239408987E-01
         0.13062819821750    -5.57982735881729E-01     7.40211497966303E-01    -4.33807113141348E-01     8.99279702676011E-01     1.37067625261757E-01
H TZV2P-MOLOPT-PBE0-GTH-Q1
 1
 2 0 2 5 3 2 1
         9.40376558777484     5.57995409025206E-02    -4.70579310756749E-02    -9.03982952048893E-02    -9.22922683878503E-02     5.62771387719766E-01     7.80341103329014E-02
         2.19236236036235     2.26741263852150E-01    -2.37595450605385E-01    -3.31859181820579E-01     3.56629407794935E-01    -1.55610962004131E-01     3.11602862374432E-01
         0.70785664525623     4.70071809062586E-01    -3.84865803668886E-01    -6.33091997698946E-01     4.70685683046521E-01    -1.55533260185636E-01     6.35783567219683E-05
         0.37495748172786     5.50419957177599E-01     8.25544608526065E-01    -1.19262368808400E-01     4.93402007633953E-01     7.41061881197701E-01     9.44971331284660E-01
         0.15142571456720     6.49265104227107E-01    -3.34198093163844E-01     6.83131496493313E-01     6.31907468961614E-01    -2.92763192495008E-01     6.19960707827798E-02
H TZVP-MOLOPT-PBE0-GTH-q1
 1
 2 0 1 5 3 1
         9.40376558777484     5.57995409025206E-02    -4.70579310756749E-02    -9.03982952048893E-02    -9.22922683878503E-02
         2.19236236036235     2.26741263852150E-01    -2.37595450605385E-01    -3.31859181820579E-01     3.56629407794935E-01
         0.70785664525623     4.70071809062586E-01    -3.84865803668886E-01    -6.33091997698946E-01     4.70685683046521E-01
         0.37495748172786     5.50419957177599E-01     8.25544608526065E-01    -1.19262368808400E-01     4.93402007633953E-01
         0.15142571456720     6.49265104227107E-01    -3.34198093163844E-01     6.83131496493313E-01     6.31907468961614E-01
H DZVP-MOLOPT-PBE0-GTH-q1
 1
 2 0 1 5 2 1
         9.40376558777484     5.57995409025206E-02    -4.70579310756749E-02    -9.22922683878503E-02
         2.19236236036235     2.26741263852150E-01    -2.37595450605385E-01     3.56629407794935E-01
         0.70785664525623     4.70071809062586E-01    -3.84865803668886E-01     4.70685683046521E-01
         0.37495748172786     5.50419957177599E-01     8.25544608526065E-01     4.93402007633953E-01
         0.15142571456720     6.49265104227107E-01    -3.34198093163844E-01     6.31907468961614E-01
F TZV2P-MOLOPT-PBE0-GTH-Q7
 1
 2 0 3 5 3 3 2 1
        13.31501907729122     1.31813146289282E-01    -5.24225688764356E-02    -5.17923286744451E-01    -9.80506809064632E-02     4.64420401614479E-02     6.35659142568778E-02     4.89385522399914E-03     1.52535072278595E-01     5.41962851226601E-02
         4.62512020147175     1.34547810393351E-01    -5.37398783766778E-02    -2.73506612070950E-02    -3.12727206728056E-01     1.25929415842544E-01     1.88833971660508E-01     2.30296758923593E-02    -1.84322551941015E-01     3.68925101794283E-02
         1.62272294024072    -5.51865766775749E-01     1.65440705311574E-01    -7.34790083225985E-01    -5.86706702362430E-01     2.77907352966805E-01     6.51110127867809E-01     5.26472480151814E-01    -8.13967424463323E-01     8.50449987353287E-02
         0.55216173678272    -7.87309125215089E-01     1.14519053917377E-01     4.34902286738320E-01    -6.52997838515906E-01     1.82287680337408E-01    -7.27945836193775E-01     8.49582617686734E-01     5.11993820603493E-01     9.94034575948952E-01
         0.17330337957192    -2.00276553789357E-01    -9.76667117835106E-01    -4.41695026221844E-02    -3.49223175694863E-01    -9.33554296168888E-01     8.03216449515110E-02    -2.19496600587510E-02     1.34452996051777E-01    -1.90870474316679E-02
F TZVP-MOLOPT-PBE0-GTH-q7
 1
 2 0 2 5 3 3 1
        13.31501907729122     1.31813146289282E-01    -5.24225688764356E-02    -5.17923286744451E-01    -9.80506809064632E-02     4.64420401614479E-02     6.35659142568778E-02     4.89385522399914E-03
         4.62512020147175     1.34547810393351E-01    -5.37398783766778E-02    -2.73506612070950E-02    -3.12727206728056E-01     1.25929415842544E-01     1.88833971660508E-01     2.30296758923593E-02
         1.62272294024072    -5.51865766775749E-01     1.65440705311574E-01    -7.34790083225985E-01    -5.86706702362430E-01     2.77907352966805E-01     6.51110127867809E-01     5.26472480151814E-01
         0.55216173678272    -7.87309125215089E-01     1.14519053917377E-01     4.34902286738320E-01    -6.52997838515906E-01     1.82287680337408E-01    -7.27945836193775E-01     8.49582617686734E-01
         0.17330337957192    -2.00276553789357E-01    -9.76667117835106E-01    -4.41695026221844E-02    -3.49223175694863E-01    -9.33554296168888E-01     8.03216449515110E-02    -2.19496600587510E-02
F DZVP-MOLOPT-PBE0-GTH-q7
 1
 2 0 2 5 2 2 1
        13.31501907729122     1.31813146289282E-01    -5.24225688764356E-02    -9.80506809064632E-02     4.64420401614479E-02     4.89385522399914E-03
         4.62512020147175     1.34547810393351E-01    -5.37398783766778E-02    -3.12727206728056E-01     1.25929415842544E-01     2.30296758923593E-02
         1.62272294024072    -5.51865766775749E-01     1.65440705311574E-01    -5.86706702362430E-01     2.77907352966805E-01     5.26472480151814E-01
         0.55216173678272    -7.87309125215089E-01     1.14519053917377E-01    -6.52997838515906E-01     1.82287680337408E-01     8.49582617686734E-01
         0.17330337957192    -2.00276553789357E-01    -9.76667117835106E-01    -3.49223175694863E-01    -9.33554296168888E-01    -2.19496600587510E-02
