
 *******************************************************************************
                                 RESPONSE BASIS
 *******************************************************************************

 Angular momentum :            0

             Exponent     Coef.(Quickstep Normalization), first 2 valence 1 response
            0.0268854000            9.599096E-03        1.394898E-01        1.438493E+00
            0.0543273899           -3.612069E-02        4.295663E-01       -3.254841E-01
            0.1097794822            7.556128E-02        4.675387E-01       -5.573744E-01
            0.2218316533           -1.145342E-01        1.790357E-01       -8.801302E-01
            0.4482557344            2.685897E-01       -2.034691E-01        4.997303E-01
            0.9057913979            1.569157E-01       -6.157631E-02       -3.992041E-02
            1.8303347701            6.712545E-01       -2.273172E-01        2.789245E-01
            3.6985616979            5.041282E-03        2.866529E-03       -2.785578E-02
            7.4736921667            1.850435E-01       -4.585453E-02        5.241677E-02
           15.1021070255           -2.709073E-01        6.369782E-02       -6.196669E-02

 Angular momentum :            1

             Exponent     Coef.(Quickstep Normalization), first 1 valence 1 response
            0.0268854000            6.766835E-03        1.961157E-01
            0.0543273899           -2.254946E-02       -5.342668E-01
            0.1097794822            4.343684E-02        6.924729E-01
            0.2218316533           -8.136731E-02       -1.632368E+00
            0.4482557344           -1.025595E-02        3.101694E-01
            0.9057913979           -3.357788E-01        1.131506E-01
            1.8303347701           -1.907929E-01       -4.659359E-02
            3.6985616979           -3.961915E-01        2.572002E-01
            7.4736921667           -6.664895E-02       -2.363491E-03
           15.1021070255           -1.789926E-01        8.635525E-02
 *******************************************************************************
