ZN SVP-MOLOPT-PBE-AE
 4
 1 0 0 6 1
     82000.81280475111271     2.88448580716197E-03
     12312.36630820275241     2.04608668142016E-02
      2801.39820238728544     1.05805859002547E-01
       790.95607127963842     3.53289665401555E-01
       257.42819593553793     7.44471246434190E-01
        88.17001444762137     5.56171851521410E-01
 1 0 0 8 4
       171.74751444059464    -1.38773807437118E-01    -2.95528257032339E-02     1.39989219418074E-02    -6.66919572257879E-03
        20.18664320214086     7.83112766962596E-01    -9.48269946366436E-02     3.58734535567931E-01    -4.69448976355793E-01
        14.81021082583718     4.27426347003253E-03    -1.81515086041624E-01     2.77128600195588E-02    -8.65773544899903E-02
         8.40003909329667     6.01203956597612E-01     2.18994415362705E-01    -4.80456501621057E-01     5.49875818545676E-01
         2.70907434456816    -3.75902342996814E-02     7.87214762953123E-01     4.54566810233694E-02    -1.21661427509878E-01
         1.07873660029690    -6.51988537814445E-02     5.18499365097259E-01     2.51799181726277E-02    -3.22689800417738E-01
         0.21105458215428     1.81113361627054E-02     1.42111566000374E-01     5.91480524646722E-01     5.41598436025820E-01
         0.07682895077404     4.45208782936931E-03     2.19958939737570E-02     5.35684199365370E-01     2.39697830929181E-01
 1 1 1 5 1
      1071.65644003277998     1.39652818588664E-02
       252.74266884453147     9.78983746287782E-02
        80.07979506051596     3.97567563152355E-01
        27.92933182473994     7.87320999155791E-01
        10.23435250544495     4.60745652356124E-01
 1 1 3 5 2 2 1
        16.63270684092593    -4.48913615817563E-04    -2.06803952928021E-02     2.84060225074783E-01     6.02029318932537E-02     2.36068022261298E-01
         4.86015940836037     3.92412375185284E-01    -4.77996192281224E-01     5.98625884929664E-01     1.42598719966661E-01    -2.81620255132080E-01
         1.70156375652691     2.99784424096229E-01    -7.25117794549294E-01     6.51497681928310E-01     6.03868187758601E-02     5.05161840991318E-01
         0.54995671805609     4.54658085264927E-01     9.97442828497325E-02     2.07637925490481E-01     5.35631473737588E-01     7.47929309183672E-01
         0.15633497442968     7.41233870549999E-01     4.85125987225943E-01    -3.05604484199249E-01     8.27945389814543E-01     2.24444165964007E-01

ZN TZVPP-MOLOPT-PBE-AE
 4
 1 0 0 8 1
    405924.25060403003590     4.06125947840210E-04
     60846.96478235254472     3.10476482161175E-03
     13847.34830548475293     1.63330328985205E-02
      3919.57048252365212     6.54711209143007E-02
      1276.34867356927771     2.14476455196902E-01
       458.73478703340561     5.09632337300882E-01
       178.22792258758591     7.32596475494133E-01
        70.47726605633230     3.91170161050997E-01
 1 0 1 6 1 1
      2205.33471914435813    -2.87548063935336E-03     4.13138816435402E-03
       522.30538590755043    -2.65972235221704E-02     3.45293492693174E-02
       167.69890543575150    -1.29886874357790E-01     1.59673837235396E-01
        62.59367343421359    -8.38514281748320E-02     4.70978448630714E-01
        25.01925019119538     6.26122550080498E-01     7.51592551740860E-01
        10.40034462690695     7.63775627691342E-01     4.31952379859709E-01
 1 0 2 4 1 1 1
        88.45497785687451     5.05699924281021E-02    -1.61317275933383E-02     3.29100690464221E-02
        25.49485071853270    -2.97344833809566E-01    -8.06541989122073E-02     1.95560372219151E-01
         9.61382595248077    -5.58954657559763E-01     1.85567660190001E-01     5.00884810979868E-01
         3.45003040046967     7.72397835616356E-01     9.79182981395353E-01     8.42488857079148E-01
 1 0 4 4 3 3 3 2 1
         5.73079396833062    -5.76542553229457E-02     3.53870419019655E-01    -3.54081943876419E-01     1.01994735598529E-01    -9.23778590697288E-02    -1.27829729625678E-01     1.79480687294777E-01     2.43634632963709E-02     1.69745162877782E-01     9.84791716622167E-01    -9.05554100379535E-02     6.20540692988639E-01
         1.35366310155296     9.98221684436144E-01     2.90137436701653E-02    -8.03119568544673E-03     9.85938703425855E-01    -4.50220545835509E-02    -1.06666802284107E-01     9.82573074948924E-01     3.82878978698920E-03    -7.86775505788599E-02    -7.76253084342984E-03     6.95740811502748E-01     7.81081496610852E-01
         0.46024314276990    -1.01934626656415E-03     7.81051558217565E-01    -3.96373289813494E-01     6.62263862026263E-02     9.89439213620733E-01     8.47065435862561E-02    -1.10692967323665E-02     9.97781415036053E-01    -6.45928339975504E-02     1.68043198743384E-01     6.42476934275302E-01    -6.95284035356404E-02
         0.13420480189316    -1.51134541985670E-02     5.13704577191024E-01     8.47024020933874E-01     1.14612445954486E-01    -1.02222249556323E-01     9.82398368783244E-01     4.70564123522055E-02     6.18385788454504E-02     9.80216398817461E-01    -4.34338732254278E-02     3.08168508849565E-01     2.59713286460766E-03

ZN QZVPP-MOLOPT-PBE-AE
 4
 1 0 0 11 1
   5742307.14653084333986     1.09503460381232E-05
    861450.77449390629772     1.82704516958363E-04
    196346.04889875766821     7.01009945139791E-04
     55682.90733563333924     3.54382366266720E-03
     18183.88654513439906     1.13045830138248E-02
      6569.57860403164159     3.83752665569293E-02
      2563.62067134385416     1.05529637946127E-01
      1063.08818211190396     2.66596070662199E-01
       462.91978107520083     5.01074841658730E-01
       209.52601159353549     6.70071860401741E-01
        97.27931415703898     4.64870086469850E-01
 1 0 1 9 1 1
     10690.45159126962062     2.99914656906056E-03     3.06443781027355E-04
      2532.33502514401471     1.41748011426963E-02     2.63035178253053E-03
       821.90884183549747     6.98421910891554E-02     1.47902733320197E-02
       313.42683390762164     2.83221214309307E-01     6.10893874658504E-02
       132.14718736991202     6.63455028492871E-01     1.92588190017244E-01
        59.64699506284692     6.75537737995080E-01     4.40368029066598E-01
        28.04573459413822    -6.41973108934564E-02     6.71464562336668E-01
        13.50787876961280     8.13327059646742E-02     5.39932619255273E-01
         6.35756860263295    -8.62425542755876E-02     1.50453375261473E-01
 1 0 2 7 5 1 1
       305.26202481471393     1.71536534212908E-01    -1.14131497600023E-01     3.27361470974232E-01    -2.43723697866682E-01     2.67213140919958E-01     8.57964728781984E-04     1.95667573151738E-03
        91.47097677840051    -1.59306287560965E-01     1.23235455938213E-01    -2.09567445889704E-01     4.14187943127576E-02    -1.64874033338908E-01    -1.16112808278832E-03     1.64464070748931E-02
        34.97624982807204     9.65299621266202E-01     8.47504876993086E-02    -3.29115719404465E-02     9.89468776190224E-02    -1.96947421893419E-03    -2.69901517355444E-02     7.51462730821306E-02
        14.88594225095360    -3.27087014522162E-02     9.67058053749118E-01    -8.03406855043428E-02    -1.73582263887209E-03     4.09464019608014E-02     3.01421271040056E-03     2.30550159566268E-01
         6.73051601987874    -7.73617754975744E-02     1.57321558550395E-01     9.08640688703536E-01     1.46346519040499E-01    -4.58155546067553E-03     3.50357707865242E-01     4.71926054557115E-01
         3.08047658379248    -3.10555832408811E-02    -6.71414005138834E-02    -3.25123930949706E-02     9.48736188385680E-01    -1.01638695226562E-02     7.15494973016296E-01     6.20311918295776E-01
         1.36536933230968    -7.33090215992216E-02     1.20440326005434E-02    -1.21215505433735E-01     8.70177344983262E-02     9.48477152541854E-01     6.03801939411386E-01     5.77429018781194E-01
 1 0 4 6 4 4 4 4 2
         8.05673267331985    -1.71547886191770E-01    -1.34822440406010E-01    -1.69080630730547E-01    -4.12300275798291E-02    -2.13462199242967E-01     8.76271729143103E-02     1.18005847862495E-01    -7.55571816787864E-02    -4.08050506049631E-02     2.78040107232402E-03     6.62249529224805E-03    -2.62988778689776E-02     9.97280315483193E-01    -3.05297934008304E-02    -4.72958750162148E-02    -9.69060295897514E-03     7.35713653199621E-01    -3.27185298039764E-01
         2.65899515707788    -1.23137470288547E-01    -1.66599405318235E-01    -6.31986040749394E-02    -3.97640735602918E-02     4.84403777094314E-02     2.99642036581437E-02    -2.53179216892388E-02    -4.39120975139521E-02     7.23095254305587E-01    -3.93280070115878E-01     2.80817185406660E-01    -4.92938431181498E-01     3.29343736941378E-02     9.97521178041495E-01     5.71213112995236E-02     2.13857966749920E-02     6.74449814780256E-01     4.07033446224541E-01
         0.54851356029465     9.73318333428556E-01     1.21276459376043E-02     2.97341861566474E-02    -2.34571543354680E-02     9.74733515082564E-01    -1.53627751867628E-02     1.56576003047322E-03     2.55280821703123E-03     6.87231366056232E-01     4.29434550898173E-01    -2.97181977898343E-01     4.99809319352138E-01     4.32019388829430E-02    -5.74435674049208E-02     9.94690674666966E-01    -6.42607306036371E-02    -3.63041747101676E-02     8.48007664903368E-01
         0.19159414250507    -5.49801789180406E-02     9.76364339369170E-01    -5.87482469934166E-02    -4.64582864844617E-03     3.25270351071152E-02     9.94856071736149E-01     1.61310383878556E-02     3.62139951124613E-02    -6.00366560508835E-03     8.06381093931792E-01     2.99237388568437E-01    -4.87983781146860E-01     6.63623789775688E-03    -2.57665488129604E-02     5.92214960728372E-02     9.90460558081457E-01     3.88208973787683E-02    -4.69802383962119E-03
         0.06555031774978    -7.07795115176334E-02     2.45503586899665E-02     9.79146059621514E-01    -7.63251128295978E-02     2.36138635578792E-02    -2.71750038354261E-02     9.91297907293765E-01     5.74028177395442E-02     2.04403993866822E-02    -3.46796481480519E-02     8.22073576875573E-01     5.17131122272591E-01    -1.58596304111059E-02     3.64820548869224E-03    -4.56961642220998E-03    -8.85569401312785E-02    -3.04437182022203E-02     8.06436527279549E-02
         0.01067596319694     5.22959285183559E-03    -5.51585088526277E-03     6.59938810133483E-02     9.95149013272816E-01    -1.91408283917789E-02    -2.66556917187201E-02    -4.99941966897115E-02     9.93856018864124E-01    -5.22244830186545E-02     9.72413269557037E-02     2.59678151631128E-01     3.09507365116368E-02     4.67474526114613E-02     6.51484431033902E-03     3.95303774469361E-02     8.04042887954925E-02     9.53900864296493E-03    -4.03866873243846E-02
