Y QZVPP-MOLOPT-PBE-Q11
 2
 1 0 2 5 2 1 1
        13.66948806400012    -9.28881475030975E-01    -2.14363440721185E-01     8.91282582794781E-03     1.48676593835129E-02
         7.89348283340429     3.16568428389060E-01    -8.06633742217220E-02    -2.88091102751546E-03    -2.64821065967307E-02
         3.18931608956087    -1.73249504298623E-01     6.84453206039377E-01    -2.03803073605915E-01    -3.03667883837562E-02
         1.34889992989367    -3.09746598803850E-02     5.11622143292678E-02     5.37098481169307E-01     4.29913275940912E-01
         0.76128996616936     7.73874356542257E-02    -6.90252107500358E-01     8.18475284050666E-01     9.01848149118056E-01
 1 0 4 6 5 4 3 3 2
         1.11517783687900     1.03836667501984E-01    -2.04890235210466E-01    -1.46437127753936E-01     5.18033810242899E-02    -2.73676665204559E-01     9.62693368795780E-04    -6.30628648531008E-03    -2.73653172769560E-01     4.40982161140960E-01    -2.54118260588335E-02    -2.52327813745221E-01     4.12045349523359E-02     4.66961550548779E-01    -8.25085260350338E-03     1.75712517136171E-01     6.37842554868103E-02    -4.47020995716550E-02
         0.40709686138722     7.14421702986738E-01    -3.52333137844884E-01     2.87515658361799E-01    -4.88171280195328E-01    -1.62777086709256E-01     4.69655537748119E-01     2.97131793479413E-01     1.60598356718145E-01    -7.00460853483516E-01     6.87670089177302E-01     2.70352969637841E-01    -3.30248045472178E-01     4.95236266213222E-01     2.30488579450510E-01    -4.82725691617136E-01    -6.54328819413250E-02    -4.18550682372443E-01
         0.21403743510951     5.56871450276374E-01     5.69579919376894E-01    -5.87416749706915E-01     7.10116194388397E-03     1.42165013454386E-01    -8.16364289826108E-01     3.79650417557510E-01    -1.80420027312453E-01    -3.58436565762769E-01     6.62732922275611E-01    -5.99176989808245E-01     1.45080035608909E-01     4.06906403126327E-01     6.78189901872038E-01     3.33865982108762E-02     9.48132032328913E-01    -2.39473192035390E-01
         0.11493971729819     3.27039527399823E-01     2.80817951095820E-01     6.58396552658647E-01     5.22929680648283E-01     2.72377418034604E-01     3.12889095997345E-01     6.61546991190818E-01    -3.77192600578199E-01     2.29384348180105E-01     2.95038652082918E-01     6.93526630067830E-01     4.48469555175984E-01     2.10297738669434E-01     4.85771233428333E-02     8.48634233540666E-01     2.75558861763604E-01     8.42113695359753E-01
         0.05262944498025     2.01338714441645E-01    -6.55618717783697E-01    -3.33826156996797E-01     4.54004847365268E-01     4.46010435683799E-01    -1.17532859413260E-01     4.27271030761234E-01     8.23159901353886E-01     3.43140421412612E-01     1.84066532315683E-03    -1.49429206846374E-01     8.06646135112439E-01    -5.55816403648233E-01     6.88278765086479E-01     8.42159473363751E-02     1.29451736586453E-01    -2.26920538987958E-01
         0.02308519417164    -1.45676471112482E-01     2.76666255332186E-02     7.68540976635649E-02    -5.28563082395922E-01     7.77996815752110E-01     3.54758501635165E-02     3.83840504925534E-01    -2.16573870698371E-01     1.26688699652130E-01    -1.40700748942536E-02    -3.03085240635394E-02     1.28012768180778E-01     1.34007897443130E-01    -1.03817145943066E-01     8.78291802957101E-02    -2.30598850611912E-03     6.94350916236451E-02
F QZVPP-MOLOPT-PBE-AE
 3
 1 0 0 8 1
    132536.04395257573924     2.19133884152562E-04
     19758.15592578060023     2.13098802939830E-03
      4485.33885808192372     9.36952235670608E-03
      1273.60032301696378     4.57116768597223E-02
       418.75079369228018     1.29815698472524E-01
       152.24712142839283     3.88984269444136E-01
        59.93506405237581     3.48051089779771E-01
        24.88806979770636     8.41734891149259E-01
 1 0 1 5 2 1
       240.82710880865446    -5.22362746235088E-02     7.61618022060436E-02     2.22155163398913E-02
        56.74054074501728     8.36915891686098E-01    -3.52431037520191E-01     9.17502257704855E-02
        18.02568816680041     5.06654331012575E-01     3.90319004241376E-01     6.94833984744179E-01
         7.22835931546723     1.13647744824332E-01     8.46604124895882E-01     5.19336475096237E-01
         2.54051853711273     1.65011335426585E-01     3.00711541924844E-02     4.88450331337750E-01
 1 0 4 4 4 3 3 2 1
         4.64152109972176     7.99092172965100E-01     3.57185510151160E-01    -4.75225254357118E-01     8.96167845059310E-02     2.14101203990999E-03     4.09061558167189E-01    -4.32260580718334E-01     5.23415929943841E-01    -8.45844703511436E-01    -9.90960844591549E-02     6.49830793177351E-01    -6.47812475723957E-01     7.18812892465629E-01
         1.55189089466188    -5.65383503262805E-01     6.20688611440661E-01    -5.16124369070663E-01    -1.69418940846506E-01     9.01357430415779E-01    -3.23634717094166E-01     1.52228377872265E-01     8.31684066132871E-01     4.84322390964955E-01     2.69070652276370E-01     7.59749389285090E-01     5.45754817250953E-01     6.81802537410497E-01
         0.54311529853246     1.47999793272877E-01     6.59726542294831E-01     7.03321697890184E-01    -2.19534826074957E-01     3.64587678140232E-01     2.81361980784028E-01    -7.13536840615867E-01    -1.67858516623561E-01    -2.20433972029506E-01     9.41600143248362E-01     1.96681952393344E-02     4.63299478087506E-01    -2.42238812327185E-02
         0.17933709925335    -1.41029268364327E-01     2.27870683409749E-01     1.14521537491829E-01     9.56593181325010E-01     2.33722107747691E-01     8.05459277239079E-01     5.29945741006902E-01     7.84913805373263E-02     3.72481291736264E-02    -1.76550617000047E-01     1.06755709662101E-02    -2.60469325156765E-01    -1.33665736760872E-01
O QZVPP-MOLOPT-PBE-AE
 3
 1 0 0 8 1
    116506.38604434675653    -9.98096455193836E-05
     17504.60971368530591     2.33919295977431E-03
      3993.52399023383759     6.88020418607601E-03
      1133.09478918324885     4.13200618900893E-02
       369.82539210352701     1.15856592130636E-01
       133.78894948022503     3.83521465148008E-01
        52.21462909576736     4.11693815406844E-01
        21.67293595845605     8.17457382177472E-01
 1 0 1 5 2 1
       191.04192564330430    -5.10687570632457E-03     2.62695839052370E-02     1.26002594453494E-02
        45.06231751131436     7.10386627064769E-01    -6.24048153127724E-01     1.12036824182174E-01
        14.05235016622558     5.61186314944367E-01     2.63654168302179E-01     6.01861899721717E-01
         5.51919750076573     3.93930461642211E-01     7.34005739981864E-01     3.82904045403275E-01
         2.22318311118849     1.58787503341973E-01     3.99482759313346E-02     6.91690486537335E-01
 1 0 4 4 4 3 3 2 1
         4.07110969272635     8.35823185743741E-01     1.43707378138683E-01    -5.04975809725526E-01    -1.60459413041861E-01     1.72086536028372E-01     1.83573320585855E-01    -5.65096491463834E-01     5.87117703432284E-01    -6.86150954111257E-01     3.38448518372782E-01     7.96331496602706E-01    -4.06031379618403E-01     7.19190810290016E-01
         1.29660548931134    -3.21106263793023E-01     8.70808213615098E-01    -3.35156402976138E-01     1.62030885936799E-01     7.37714269017482E-01    -1.23907267761277E-01     5.94500398393531E-01     7.22514408166509E-01     6.34126435292987E-01    -1.48853997263073E-01     5.96617421514652E-01     6.47582903144410E-01     6.77717136798244E-01
         0.45442777800760     1.72702329034076E-01     4.19606306388715E-01     6.11297846324634E-01    -6.48397560346960E-01     6.52371782439809E-01     1.27228381173723E-01    -5.13977719496993E-01    -3.94104996625507E-02     3.37150724159123E-01     9.16679165386756E-01    -9.80648777410346E-02     6.03388801969736E-01     3.99419887891043E-02
         0.14870720086566     4.10443997485985E-01     2.12065537529809E-01     5.08905256619550E-01     7.26346592547186E-01    -2.39778831856476E-02     9.66830266380264E-01     2.51121754346111E-01     3.62922229719464E-01    -1.15801215165473E-01    -1.51639030780056E-01     1.69434240146108E-02    -2.27369426215928E-01    -1.47880689800770E-01
