Y TZVPP-MOLOPT-PBE-Q11
 1
 1 0 4 7 6 4 3 2 1
         9.98334317705990    -1.11803974953663E-01    -1.49707387226356E-01     2.83645283388069E-01    -5.21901559040007E-02    -3.17675117715287E-01    -1.87518067351361E-01    -2.50839997125645E-02     5.49103966849551E-01     9.95285276630259E-02    -8.67738020748468E-02     1.00543165679677E-01     7.17542414728187E-03    -9.47872244814395E-02     4.01243288092416E-02     5.36047616769634E-02     4.96817898359410E-02
         8.22949711465931     9.28039776136984E-01     2.30525038330258E-01    -9.46111491723892E-02    -6.04026685059267E-02     8.61793350276485E-02    -1.82534607520505E-01    -2.15481785192818E-01     1.87662699869634E-03    -4.12469083665248E-01     1.96341030847076E-02    -1.84071818068731E-01     1.04506827124474E-01     1.05986189281940E-01    -4.93954155506130E-02    -7.09623215243426E-02    -6.01070112094555E-02
         3.11010652144687    -3.08832664462384E-01     6.69305060812604E-01    -2.58404693690287E-01    -4.25785539985566E-01     3.69264530574149E-01    -1.15292188426002E-02     2.01998316624713E-01    -6.85884974989364E-01     4.14096887277506E-01     4.08707298453873E-02     1.81746073314018E-01    -2.71505290798034E-01    -2.41909684564410E-02     2.16622005642653E-02     4.31390725602919E-02     2.48649903171094E-02
         1.17276858402095     2.10416233007153E-02     6.37233188839082E-01     5.64420404094791E-01     1.55323856470318E-01    -4.27428459380679E-01     1.90130777294996E-01     1.26260348975076E-01    -3.47008764603671E-01    -3.08183615283483E-01     2.18225681549771E-01     2.73933485304928E-01    -2.11660539659301E-01     8.15911949674715E-02     9.77266973849681E-02    -1.63399353933234E-01    -2.24863527048320E-02
         0.49400092837108    -1.77117166985233E-02     1.70016989758088E-01    -6.79800538633346E-01     4.36491211700583E-01    -4.23824322317202E-01     3.19783063823649E-01     8.70654757232465E-01     1.88307801046917E-01    -2.98455254591895E-01     2.52036824466976E-01     8.69225532180740E-01     8.99945641928458E-02    -3.11386562919899E-01     9.57039016101774E-01     6.98702915230430E-02     6.31827406810312E-01
         0.15051994699847    -6.82047677553086E-03     5.54310399279082E-02     2.30411103296315E-01     6.50721910067966E-01     6.26386986946456E-01     2.49028745985558E-01     1.60339789753613E-01     2.66910905106181E-01     6.78911579613062E-01     2.87504590098259E-01     2.25211696212894E-01     7.30785936627324E-01     6.01086419364222E-01     8.01333910893112E-02     8.44047463116204E-01     7.66772370627947E-01
         0.04437440653332     1.73382400289816E-01    -1.96041134794236E-01     1.00163149590411E-01    -4.17426995629323E-01     2.48303597756485E-02     8.54961362797551E-01    -3.35327963486874E-01     3.04429143405074E-02    -5.92746361713649E-02     8.92530388507088E-01     2.04117892860065E-01    -5.73030908970847E-01     7.17128655538424E-01    -2.52161325616372E-01     4.96218270896846E-01     7.51613118943666E-02
F TZVPP-MOLOPT-PBE-AE
 2
 1 0 0 6 1
     35479.02878767263610     6.72585320603450E-04
      5318.56312951047130     8.20097950478645E-03
      1210.53207767191157     3.41581776414553E-02
       342.85143677005027     1.67981165419731E-01
       112.04698837680320     3.40179960458393E-01
        40.78491787387953     9.24567700620738E-01
 1 0 3 6 4 3 2 1
        79.87901815644609     1.16918239284466E-01    -1.68147951461107E-02    -2.12818697913285E-02    -7.26226478740949E-03    -2.45424567087636E-01     2.14619427519455E-01     6.35891870315225E-02     1.01451133211560E-01    -3.43565246327839E-02    -1.31870850864618E-02
        16.19635642859436     8.53271420269594E-01     1.38508493185086E-02     1.47303644984199E-01    -9.44612873543678E-02    -1.04048621424425E-01     1.57592183640012E-01     5.70164828779390E-02     5.65110690465166E-02     4.45853785965381E-03     1.05680763536942E-01
         5.77801148801512     4.75828101997680E-01     9.06865843095588E-03     4.56280442532806E-02    -3.42227538288093E-02     3.85471543429814E-01     1.08618595980577E-01    -3.86557846134089E-02     7.78219890128867E-01    -1.58938198405914E-01    -1.90738906372033E-01
         1.80048565891898     5.42202862380103E-03     9.84951172129337E-01    -1.65338157360220E-01    -4.82246452283408E-02     8.82036252116551E-01     2.29685585491659E-02     9.54990517737228E-02     5.96805252189064E-01     2.06883586435839E-01     7.91345089335059E-01
         0.61342852936985    -1.78123417267227E-01     1.16155230853301E-01     8.34960810060312E-01    -5.05012861636734E-01     2.35771402740000E-03     9.52591193174218E-01     7.86110613461027E-02     2.14870962580005E-02     9.58447372992515E-01     5.67195057415070E-01
         0.19458219035665     9.39552285204502E-03     1.25786831338083E-01     5.01268928973589E-01     8.55856016509765E-01    -4.85679584923393E-02    -9.66833470619191E-02     9.87882330256585E-01     1.55723360184243E-01    -1.10073678097833E-01    -6.58715646571095E-02
O TZVPP-MOLOPT-PBE-AE
 2
 1 0 0 6 1
     27032.34110717467047     7.35264897360634E-04
      4052.43915960016602     8.66846509689763E-03
       922.34965292725667     3.34607178584762E-02
       261.27735857055188     1.68914563970243E-01
        85.30942400544160     3.28333881314405E-01
        31.08080221478707     9.28692322525900E-01
 1 0 3 6 4 3 2 1
        62.91495630413323     1.16332726109966E-01    -5.81371416541881E-02     1.11937556008261E-02     5.75105170781195E-02    -1.16673038976174E-01     1.57254063503839E-01    -3.81929188419382E-02     1.36166697203113E-01    -8.71583721921845E-02     3.21000644845466E-04
        12.30944986692977     8.69241308775708E-01    -1.42460076990705E-02    -1.06600413011436E-01    -2.47597695986788E-02     1.45932079266690E-01    -6.05243600472558E-02     1.73638156652357E-02    -3.58452443966721E-02     4.76694147153259E-02     4.38837435813283E-02
         4.39539910954103     4.65741956926282E-01    -6.40342096322616E-02    -3.00344470998384E-02    -3.98106989985228E-03     3.91422103647488E-01     5.26377359502661E-02    -3.09523103597808E-02     7.70731222820744E-01    -3.53322944888660E-01    -1.34769543790620E-01
         1.33540846189799     9.21608149605863E-03     9.33076668604289E-01    -3.27550581669708E-01    -1.21459202569881E-01     9.00080356671289E-01     4.50466786404856E-02    -1.97504472088648E-02     5.53665920222864E-01     3.94485051877056E-01     9.40647803425498E-01
         0.45443287552085     9.32917636734327E-02     2.31107250617785E-01     8.41720615852045E-01    -4.78471205438802E-01    -3.61150582409544E-02     9.80775789580233E-01    -6.12678902654526E-02     1.14853463706434E-01     8.35162106564474E-01     2.94962206933611E-01
         0.14893102365245     7.19887781862831E-02     2.61293155746377E-01     4.14519004469322E-01     8.67396456641546E-01     2.07610475621550E-02     6.99062044682833E-02     9.96563053096360E-01     2.57701109533086E-01    -1.10361865139449E-01     8.99460419695147E-02
