
NB SVP-MOLOPT-PBE-Q13
 1
 1 0 3 7 5 3 2 1
         5.63898864376763    -1.94697322780666E-01    -1.13736584096805E-01    -3.11730857763737E-01     1.21673365351191E-01    -8.03980274746268E-02     3.29962492465435E-02    -5.53776369462057E-02    -1.42193890609008E-02    -4.28752869370502E-02     1.72249381025973E-02    -4.98868698720379E-02
         4.24303436593639     4.14668461507807E-01     1.85194981513752E-01     6.17258392694966E-01    -2.21081804046731E-01     1.59319641986074E-01    -8.37130011428772E-02     2.03515722184723E-02    -1.24319106016218E-01     4.29920905162242E-02    -2.65726039124895E-02     8.17844881441358E-02
         1.33590665582635     1.88804948832853E-01    -2.96921949426229E-01    -5.02460606622272E-01    -1.13127825155399E-01    -1.20134589573187E-01     1.22186476947238E-01     5.21907520437780E-02     3.07118376260132E-01     4.50370438282691E-01     5.87291176862204E-02     1.38465541473726E-01
         0.54994625126818     1.52305431863380E-01     6.04653435595367E-01    -5.38094739105856E-02     5.91006504661246E-01    -4.78850938987911E-01     5.35146679131799E-01    -3.28939514246596E-01     7.07837425039908E-01     8.01629158424464E-01    -2.57114817068776E-01     7.74047648108737E-01
         0.30664357542881    -8.98168200158585E-02    -6.50439737955353E-01     4.38053606615415E-01     5.87097340079453E-01    -1.30562987347442E-01    -1.01865046207259E-01     7.83276431914204E-01     3.70508359790012E-01     3.03172800179584E-01     3.10941124808931E-02     6.01287457213818E-01
         0.16058392957538    -6.52575838348577E-01     2.74278955291625E-01     4.14730836600466E-02     2.08204472553595E-01     5.37352295210176E-01    -5.48085036038124E-01    -5.19089900078999E-01     1.84053916467390E-01     2.39548622473691E-01     8.05945058467875E-01    -6.52146815614146E-02
         0.04892720410043     5.45322363652742E-01    -2.64119102767345E-02    -2.69894144691417E-01     4.31508337796126E-01     6.47015212063336E-01    -6.16293909813348E-01     5.11640405610930E-02     4.66727717935206E-01    -3.96643581831350E-02     5.28134243074995E-01     8.18570039842435E-02


NB TZVPP-MOLOPT-PBE-Q13
 1
 1 0 4 7 6 4 3 2 1
        11.98468630428456    -3.66555343521049E-01    -2.22793459549866E-01     5.30874787131944E-02    -5.40071877635066E-02    -8.28417961819909E-02    -5.09635344315312E-02     1.26756733299361E-02     1.07111279170756E-02     8.46882735798920E-03     2.58924313134308E-01     1.76782718378890E-03    -6.74744727303773E-02     4.00280481209171E-02     2.46047843166751E-02     1.93798755220656E-02     5.49035497165880E-02
        10.78127479592119     8.58652114188620E-01    -9.38007008859847E-02     1.99426866282261E-01    -1.83176064514261E-01     2.10796310481486E-01     1.56993648549183E-01    -8.97305050192437E-02     8.12334654922603E-02    -9.97330541139828E-02    -1.90955154126910E-01    -1.19904472358305E-02     7.69829897137081E-02    -3.13504964765602E-02    -4.41372501458817E-02    -8.69364492938404E-03    -5.41565504980436E-02
         3.97659826662277     4.40951016813314E-02     6.40653074119780E-01    -3.52364151650988E-01    -5.75647475457579E-01    -3.74374398465055E-02    -3.32744475290101E-01     1.83842527009531E-02    -2.08069769053215E-01     1.41170655071645E-01    -1.55665286105078E-01     4.08339176198280E-03     1.94812387569018E-02    -1.04700725159714E-02     7.42728119457852E-02    -3.72060929988782E-02     1.25024562601640E-03
         1.61151721758561    -2.65917040646757E-01     3.20706850204909E-01     8.06145814555884E-01    -2.01824204515808E-01     3.64235117418831E-01     1.35491983878006E-02     5.34192450496164E-01    -6.22723592249970E-01    -2.97110313385360E-01    -4.37866544332425E-01     2.36791408053507E-01    -3.61436520778824E-01    -8.26472343867048E-02     8.12731082462570E-02     1.41633248142815E-02    -2.25021217287866E-02
         0.61942793210948     2.10985248451783E-01     3.43144814441212E-01     3.60706666771025E-01     3.68583560706652E-01    -7.20295919586224E-01    -2.10000422942378E-01     7.42627168818692E-01     6.24924103028454E-01    -1.68972332046451E-01     5.83551229815517E-02     9.02753824935906E-01    -2.47132092476451E-01    -6.31994817693707E-02     9.52988991770786E-01     2.79532071060498E-01     5.25429584798947E-01
         0.19844722624235     5.71536040089744E-02     3.65834861131797E-01    -1.83182258051498E-01     6.70510591633822E-01     5.35401150792091E-01    -2.28351787153334E-01     3.69037935796480E-01    -1.91284155318891E-01     8.61258819786610E-01     1.73095181721001E-01     8.25790880535986E-02    -2.55568505665190E-02     9.93079013085920E-01    -2.74189843297019E-01     9.55537737235130E-01     8.25941532200671E-01
         0.05627338283999    -8.89728437304770E-02     4.20347176094247E-01    -1.40406680026679E-01     7.73849650351460E-02    -9.56700872127981E-02     8.74990588251283E-01     1.35661707698091E-01    -3.67544462701205E-01    -3.33855509239451E-01     8.04467696631307E-01    -3.49259909989275E-01    -8.92623948740803E-01     1.65714584880372E-02    -4.42340413754488E-02     8.23006792484189E-02    -1.87853923233619E-01


NB QZVPP-MOLOPT-PBE-Q13
 2
 1 0 2 6 2 1 1
        17.10842983858783    -6.00827796277649E-01    -7.01845389456421E-02    -2.09268963966436E-02    -3.19514214901515E-03
        12.29884366817719     7.52981126441782E-01     1.96532477966832E-01     1.42248658342842E-01     3.49108581710109E-02
         9.26035791801409    -1.12547144634998E-02    -3.40738644377657E-01    -9.58508824428125E-02    -4.49585256345026E-02
         4.22579807132797    -1.48009730004696E-01     8.63964038116508E-01    -6.45864973118912E-01    -1.25985534949920E-02
         1.52497696770927    -1.91771477060339E-01     2.94996232510065E-01     6.42373235762712E-01     5.38748055116584E-01
         0.69264676468690     1.14958837220052E-01    -8.30039485275595E-02     3.74639900458628E-01     8.40441290977017E-01
 1 0 4 6 5 4 3 3 2
         0.94750899548160     5.81662348842315E-02    -2.72377159003489E-01    -5.61970515906799E-01    -4.85019733212312E-01    -9.79793489264688E-02     4.63594198833453E-01     9.76556996478696E-03     1.90534446034902E-01    -2.41999840633024E-01     2.69398052948353E-02    -1.03587849521687E-01     1.48656617652047E-01     8.12113389360756E-01    -1.67379828943765E-01    -1.88206222706506E-01     4.52780324164323E-01     4.55037586581342E-01
         0.42091446135899     9.25334234472599E-01    -1.06045341326055E-01    -1.95910602934553E-01     4.56828686672451E-02    -7.02097288906037E-02     6.48400938063939E-01    -6.19290013352041E-01     9.47134737225170E-02    -1.25209062227834E-01     4.69538277734984E-01     4.20531769446439E-01    -1.65212947544884E-01     5.06544306618665E-01     2.84556556415076E-01    -8.56789103660409E-02     7.37805254527557E-01    -1.05576823010622E-02
         0.31288970845133     2.77284122302210E-01     7.33864920041636E-01     2.34865057396740E-01     3.83804602531564E-02    -2.50036587072014E-01     5.60577378451413E-01     7.67911587041585E-01    -1.96825830957100E-02     6.31178964510389E-02     6.71587117121641E-01    -7.32906488830003E-01     3.85017327221867E-02     1.43560574623076E-03     8.40261588865060E-01    -3.03534864215359E-01    -3.27925941701019E-01     8.61085117959819E-01
         0.16681061160604     2.13475761492885E-01    -5.59139960008035E-01     6.92171965670938E-01     1.68277889959301E-02     6.71292138954045E-02     1.25536775772495E-01    -1.35769962168559E-01    -3.00985412006663E-01     4.50951688840465E-01     5.45280133235904E-01     5.16870260134992E-01     3.75024690074154E-01     1.93775824381043E-01     2.95552042161707E-01     9.26280291186508E-01     3.43505752919272E-01     2.20174403851680E-01
         0.05789867766336    -2.56116699044723E-02    -1.57350827773199E-01    -3.29264987820302E-01     8.71112996967458E-01     8.95866611629316E-03    -9.82642963967626E-02     2.76880879837103E-02     9.27308634134698E-01     2.64078823985727E-01    -1.74307644383767E-01    -8.97414004279396E-02     8.99127485813316E-01     2.13719066298265E-01    -3.12425969159593E-01     8.25130157528706E-02    -1.55950608864728E-01    -5.23068326214716E-02
         0.01941986722383     1.31373135652739E-01     1.96495725372879E-01    -5.59385149804504E-02    -4.55504797738380E-02     9.58314018065913E-01     1.58095828776755E-01    -8.65805673896927E-02    -6.20085277255300E-02     8.05406635229348E-01    -8.07577588858237E-03    -7.89190634860825E-03     7.05369824864416E-03     2.56464008271722E-02     3.32046843805576E-03    -1.73364543550661E-02     2.79493561063907E-02     1.22056102038853E-02
