NB SVP-MOLOPT-PBE-Q13
 1
 1 0 3 7 5 3 2 1
         5.63898864376763    -1.94697322780666E-01    -1.13736584096805E-01    -3.11730857763737E-01     1.21673365351191E-01    -8.03980274746268E-02     3.29962492465435E-02    -5.53776369462057E-02    -1.42193890609008E-02    -4.28752869370502E-02     1.72249381025973E-02    -4.98868698720379E-02
         4.24303436593639     4.14668461507807E-01     1.85194981513752E-01     6.17258392694966E-01    -2.21081804046731E-01     1.59319641986074E-01    -8.37130011428772E-02     2.03515722184723E-02    -1.24319106016218E-01     4.29920905162242E-02    -2.65726039124895E-02     8.17844881441358E-02
         1.33590665582635     1.88804948832853E-01    -2.96921949426229E-01    -5.02460606622272E-01    -1.13127825155399E-01    -1.20134589573187E-01     1.22186476947238E-01     5.21907520437780E-02     3.07118376260132E-01     4.50370438282691E-01     5.87291176862204E-02     1.38465541473726E-01
         0.54994625126818     1.52305431863380E-01     6.04653435595367E-01    -5.38094739105856E-02     5.91006504661246E-01    -4.78850938987911E-01     5.35146679131799E-01    -3.28939514246596E-01     7.07837425039908E-01     8.01629158424464E-01    -2.57114817068776E-01     7.74047648108737E-01
         0.30664357542881    -8.98168200158585E-02    -6.50439737955353E-01     4.38053606615415E-01     5.87097340079453E-01    -1.30562987347442E-01    -1.01865046207259E-01     7.83276431914204E-01     3.70508359790012E-01     3.03172800179584E-01     3.10941124808931E-02     6.01287457213818E-01
         0.16058392957538    -6.52575838348577E-01     2.74278955291625E-01     4.14730836600466E-02     2.08204472553595E-01     5.37352295210176E-01    -5.48085036038124E-01    -5.19089900078999E-01     1.84053916467390E-01     2.39548622473691E-01     8.05945058467875E-01    -6.52146815614146E-02
         0.04892720410043     5.45322363652742E-01    -2.64119102767345E-02    -2.69894144691417E-01     4.31508337796126E-01     6.47015212063336E-01    -6.16293909813348E-01     5.11640405610930E-02     4.66727717935206E-01    -3.96643581831350E-02     5.28134243074995E-01     8.18570039842435E-02
O SVP-MOLOPT-PBE-AE
 2
 1 0 0 7 3
      2266.11882679815517    -6.53195164418799E-03     4.31511781018852E-03    -1.50255386286268E-02
       340.90332514956907    -6.49692043203330E-02    -8.38643395903432E-03     2.78970138112306E-02
        76.92814265988143    -2.68398557546813E-01     9.66356731438743E-02    -1.03149893654597E-01
        19.69260394517260    -7.46654382968193E-01     7.27513962145946E-02    -4.77845342576543E-02
         5.94653840051691    -5.84020787076508E-01     6.76448442348491E-02    -6.55152912382769E-02
         0.94188304160944     1.58317373375200E-01     7.83140450398519E-01    -5.91846167956205E-01
         0.29333843489112    -7.81743877443225E-03     6.06131205686227E-01     7.94668854066698E-01
 2 1 2 4 2 1
        16.36868614237306     1.01723539743118E-01    -2.55855611750852E-02     8.33706707858758E-03
         2.90797745788635     5.10732722414240E-01    -9.49942456369113E-02     1.82905409616553E-01
         0.75006795444374     8.35859133120747E-01    -1.43391921218567E-01     8.94419927848460E-01
         0.19193642427748     1.73620037138872E-01     9.84764047518226E-01     4.08030755106872E-01
F SVP-MOLOPT-PBE-AE
 2
 1 0 0 7 3
      2894.85760373222138    -1.89225166552882E-02    -1.69242373474079E-02     1.56429205622782E-01
       435.72006333230098    -5.47718508603712E-02     4.35884037952142E-03    -7.98432634961778E-02
        98.52635730461387    -2.73685193620500E-01     1.03734081139359E-01    -3.50907504362976E-02
        25.52164954648142    -7.37742492792940E-01     9.09854482000018E-02     1.19033433504314E-02
         7.74033527583515    -5.97666004055640E-01     7.53553007481536E-02    -4.08316440936958E-03
         1.29027540045465     1.18958584280118E-01     8.03005387331711E-01    -5.67628929674378E-01
         0.39691722964189     7.82215741311875E-02     5.74594975519432E-01     8.03469123562649E-01
 2 1 2 4 2 1
        20.86106496273842    -1.10459850494974E-01    -4.27931460741902E-02     1.87770753897563E-02
         3.47280160970880    -5.28022336274227E-01    -8.76852813264224E-03     1.42075306386988E-01
         0.85628499813330    -8.26328796839365E-01    -1.81029642926015E-01     9.03974169721402E-01
         0.22140677163303    -1.61776862802262E-01     9.82507062542321E-01     4.02855717635176E-01
