CS TZV2P-MOLOPT-PBE-GTH-Q9
 1
 2 0 2 6 4 3 2
         2.03586659984989     1.48668808859277E-01     5.57069891270270E-01     2.69942260838389E-03     5.09975020580178E-01     3.96065918076454E-01     1.82377320330801E-01     1.21587192421517E-01    -2.12208404514939E-01     4.57424233546713E-02
         1.80235406440021    -1.82770902176198E-01    -7.39743135141842E-01    -1.96184587543873E-02     6.09784974316604E-01    -5.52230183247782E-01    -2.46605257505474E-01    -1.43009445045367E-01     2.87468896489680E-01     3.07109438211189E-02
         0.56886095348966    -4.15583057275952E-02     1.68000781718658E-01     5.07264807412093E-02     1.52280414847311E-01     3.40075120006395E-01     1.17434128420167E-01     5.30711249735671E-01    -1.82398168688191E-01    -1.68222213261923E-01
         0.24807371268664    -2.58039414764323E-01     2.76885138477244E-01     3.77116605599410E-01     5.09242626644709E-01     5.16688864594553E-01     1.58980936668793E-01    -7.28292516526979E-01    -4.91150222025855E-01    -5.52778206664245E-01
         0.09384053442972     3.62905689516974E-01     5.62880370198870E-02    -8.07524575482882E-01     2.80519308314689E-01     7.09338577071279E-02     2.48479896485215E-01     3.75432111983405E-01    -6.61125049807166E-01    -3.75608840400677E-02
         0.03241980890594     8.62832782617472E-01    -1.85459549690637E-01     4.50246353808296E-01     8.29415674226325E-02    -3.87973621572123E-01     8.97282780566094E-01    -1.08402778254766E-01    -4.00930495952664E-01     8.13444029929354E-01
CS TZVP-MOLOPT-PBE-GTH-q9
 1
 2 0 2 6 4 3 1
         2.03586659984989     1.48668808859277E-01     5.57069891270270E-01     2.69942260838389E-03     5.09975020580178E-01     3.96065918076454E-01     1.82377320330801E-01     1.21587192421517E-01    -2.12208404514939E-01
         1.80235406440021    -1.82770902176198E-01    -7.39743135141842E-01    -1.96184587543873E-02     6.09784974316604E-01    -5.52230183247782E-01    -2.46605257505474E-01    -1.43009445045367E-01     2.87468896489680E-01
         0.56886095348966    -4.15583057275952E-02     1.68000781718658E-01     5.07264807412093E-02     1.52280414847311E-01     3.40075120006395E-01     1.17434128420167E-01     5.30711249735671E-01    -1.82398168688191E-01
         0.24807371268664    -2.58039414764323E-01     2.76885138477244E-01     3.77116605599410E-01     5.09242626644709E-01     5.16688864594553E-01     1.58980936668793E-01    -7.28292516526979E-01    -4.91150222025855E-01
         0.09384053442972     3.62905689516974E-01     5.62880370198870E-02    -8.07524575482882E-01     2.80519308314689E-01     7.09338577071279E-02     2.48479896485215E-01     3.75432111983405E-01    -6.61125049807166E-01
         0.03241980890594     8.62832782617472E-01    -1.85459549690637E-01     4.50246353808296E-01     8.29415674226325E-02    -3.87973621572123E-01     8.97282780566094E-01    -1.08402778254766E-01    -4.00930495952664E-01
CS DZVP-MOLOPT-PBE-GTH-q9
 1
 2 0 2 6 3 2 1
         2.03586659984989     1.48668808859277E-01     5.57069891270270E-01     2.69942260838389E-03     3.96065918076454E-01     1.82377320330801E-01    -2.12208404514939E-01
         1.80235406440021    -1.82770902176198E-01    -7.39743135141842E-01    -1.96184587543873E-02    -5.52230183247782E-01    -2.46605257505474E-01     2.87468896489680E-01
         0.56886095348966    -4.15583057275952E-02     1.68000781718658E-01     5.07264807412093E-02     3.40075120006395E-01     1.17434128420167E-01    -1.82398168688191E-01
         0.24807371268664    -2.58039414764323E-01     2.76885138477244E-01     3.77116605599410E-01     5.16688864594553E-01     1.58980936668793E-01    -4.91150222025855E-01
         0.09384053442972     3.62905689516974E-01     5.62880370198870E-02    -8.07524575482882E-01     7.09338577071279E-02     2.48479896485215E-01    -6.61125049807166E-01
         0.03241980890594     8.62832782617472E-01    -1.85459549690637E-01     4.50246353808296E-01    -3.87973621572123E-01     8.97282780566094E-01    -4.00930495952664E-01
O TZV2P-MOLOPT-PBE-GTH-Q6
 1
 2 0 3 5 3 3 2 1
        10.34256722623639    -1.36598767253985E-01     5.35898017733314E-02    -1.18707008771107E-01    -9.23673397522993E-02     5.82948619873808E-02     9.18414097966573E-02    -9.48396929864874E-02     1.47739306049945E-01    -6.27421636348332E-05
         3.67715896642206    -1.53365311059511E-01     9.09944842814309E-02    -2.82507973527509E-01    -2.98268574244154E-01     1.75273022378177E-01     2.27281538167357E-01     1.72695668110757E-01    -2.69128753144972E-01     1.08668748395417E-04
         1.30046451996361     5.48021970885945E-01    -2.61169567089594E-01     6.98682645593308E-01    -5.68604037326135E-01     3.64979965319240E-01     5.95584075165259E-01     4.96837623369842E-01    -7.73936715688092E-01     3.17226823696088E-04
         0.46645021946921     7.84538402757388E-01    -4.08365744734644E-02    -6.15550727563364E-01    -6.49207117094457E-01     1.42847181972710E-01    -7.45101990481658E-01     8.41535542399250E-01     5.40201745515093E-01     9.99999938769363E-01
         0.14793951916337     2.04917720496501E-01     9.58629734771334E-01     1.97579739611495E-01    -3.97144432185278E-01    -9.01257668045223E-01     1.73236517641798E-01    -7.84343402663362E-02     1.22257293978271E-01     7.79931889816245E-05
O TZVP-MOLOPT-PBE-GTH-q6
 1
 2 0 2 5 3 3 1
        10.34256722623639    -1.36598767253985E-01     5.35898017733314E-02    -1.18707008771107E-01    -9.23673397522993E-02     5.82948619873808E-02     9.18414097966573E-02    -9.48396929864874E-02
         3.67715896642206    -1.53365311059511E-01     9.09944842814309E-02    -2.82507973527509E-01    -2.98268574244154E-01     1.75273022378177E-01     2.27281538167357E-01     1.72695668110757E-01
         1.30046451996361     5.48021970885945E-01    -2.61169567089594E-01     6.98682645593308E-01    -5.68604037326135E-01     3.64979965319240E-01     5.95584075165259E-01     4.96837623369842E-01
         0.46645021946921     7.84538402757388E-01    -4.08365744734644E-02    -6.15550727563364E-01    -6.49207117094457E-01     1.42847181972710E-01    -7.45101990481658E-01     8.41535542399250E-01
         0.14793951916337     2.04917720496501E-01     9.58629734771334E-01     1.97579739611495E-01    -3.97144432185278E-01    -9.01257668045223E-01     1.73236517641798E-01    -7.84343402663362E-02
O DZVP-MOLOPT-PBE-GTH-q6
 1
 2 0 2 5 2 2 1
        10.34256722623639    -1.36598767253985E-01     5.35898017733314E-02    -9.23673397522993E-02     5.82948619873808E-02    -9.48396929864874E-02
         3.67715896642206    -1.53365311059511E-01     9.09944842814309E-02    -2.98268574244154E-01     1.75273022378177E-01     1.72695668110757E-01
         1.30046451996361     5.48021970885945E-01    -2.61169567089594E-01    -5.68604037326135E-01     3.64979965319240E-01     4.96837623369842E-01
         0.46645021946921     7.84538402757388E-01    -4.08365744734644E-02    -6.49207117094457E-01     1.42847181972710E-01     8.41535542399250E-01
         0.14793951916337     2.04917720496501E-01     9.58629734771334E-01    -3.97144432185278E-01    -9.01257668045223E-01    -7.84343402663362E-02
H TZV2P-MOLOPT-PBE-GTH-Q1
 1
 2 0 2 5 3 2 1
         9.42354063693337     1.73389254674243E-02    -1.21441381781897E-01     8.48842952201243E-01    -8.76722314909129E-02     1.38509912982294E-01     1.01583846424117E-05
         2.22615949373757     1.93701953472634E-01    -1.18295700700916E-01     4.34966851840939E-01     2.94035801652179E-01    -4.64264354132394E-01    -5.41805899933135E-06
         0.63906011750762     5.93968178416321E-01    -1.91886640436410E-01     8.47731161618519E-02     4.09268475073086E-01    -6.46177309023364E-01    -2.13029117448260E-05
         0.31891311049636     2.87977189530933E-01     9.48793640784133E-01     1.29845157344792E-01     1.56986057354678E-01    -2.47870371773730E-01     1.00804100896023E-05
         0.16139156624546     7.25568643357183E-01    -1.85008817130971E-01    -2.57338753762772E-01     8.44814311123899E-01     5.35059601902204E-01     9.99999999656012E-01
H TZVP-MOLOPT-PBE-GTH-q1
 1
 2 0 1 5 3 1
         9.42354063693337     1.73389254674243E-02    -1.21441381781897E-01     8.48842952201243E-01    -8.76722314909129E-02
         2.22615949373757     1.93701953472634E-01    -1.18295700700916E-01     4.34966851840939E-01     2.94035801652179E-01
         0.63906011750762     5.93968178416321E-01    -1.91886640436410E-01     8.47731161618519E-02     4.09268475073086E-01
         0.31891311049636     2.87977189530933E-01     9.48793640784133E-01     1.29845157344792E-01     1.56986057354678E-01
         0.16139156624546     7.25568643357183E-01    -1.85008817130971E-01    -2.57338753762772E-01     8.44814311123899E-01
H DZVP-MOLOPT-PBE-GTH-q1
 1
 2 0 1 5 2 1
         9.42354063693337     1.73389254674243E-02    -1.21441381781897E-01    -8.76722314909129E-02
         2.22615949373757     1.93701953472634E-01    -1.18295700700916E-01     2.94035801652179E-01
         0.63906011750762     5.93968178416321E-01    -1.91886640436410E-01     4.09268475073086E-01
         0.31891311049636     2.87977189530933E-01     9.48793640784133E-01     1.56986057354678E-01
         0.16139156624546     7.25568643357183E-01    -1.85008817130971E-01     8.44814311123899E-01
F TZV2P-MOLOPT-PBE-GTH-Q7
 1
 2 0 3 5 3 3 2 1
        13.30428004732790     1.38292090777636E-01    -4.13851185732434E-02    -3.68601172475513E-01    -9.35531482386367E-02     5.06296345689289E-02     1.31156005847365E-01    -3.26022751966033E-02     1.00541308351024E-01     9.72064409635608E-05
         4.80605774544240     1.37268979809070E-01    -3.39565337061055E-02    -2.68712697428403E-01    -2.95910126104609E-01     1.05677150923709E-01    -3.03933997040743E-01     1.33191225710905E-01    -4.08920622745241E-01     5.04092340544058E-06
         1.70698523266130    -5.18264453672791E-01     1.04861752881122E-01     6.94838249064691E-01    -5.65276724858415E-01     3.02716360438154E-01     7.47866109869779E-01     2.66499643835383E-01    -8.18034852203344E-01     5.83002400834836E-05
         0.58735472443375    -8.26267224974586E-01     4.59440905301858E-02    -5.51244775686392E-01    -6.52493507471700E-01     2.40526134346493E-01    -5.71224059806739E-01     9.50822081343244E-01     3.09737546860849E-01     9.99999990598423E-01
         0.17874874061685    -1.03522721189923E-01    -9.91981541717081E-01     7.24959778581021E-02    -3.97994287350983E-01    -9.14756231842929E-01     6.94376178966045E-02     7.81824693351836E-02    -2.39910404638869E-01    -7.70047573235798E-05
F TZVP-MOLOPT-PBE-GTH-q7
 1
 2 0 2 5 3 3 1
        13.30428004732790     1.38292090777636E-01    -4.13851185732434E-02    -3.68601172475513E-01    -9.35531482386367E-02     5.06296345689289E-02     1.31156005847365E-01    -3.26022751966033E-02
         4.80605774544240     1.37268979809070E-01    -3.39565337061055E-02    -2.68712697428403E-01    -2.95910126104609E-01     1.05677150923709E-01    -3.03933997040743E-01     1.33191225710905E-01
         1.70698523266130    -5.18264453672791E-01     1.04861752881122E-01     6.94838249064691E-01    -5.65276724858415E-01     3.02716360438154E-01     7.47866109869779E-01     2.66499643835383E-01
         0.58735472443375    -8.26267224974586E-01     4.59440905301858E-02    -5.51244775686392E-01    -6.52493507471700E-01     2.40526134346493E-01    -5.71224059806739E-01     9.50822081343244E-01
         0.17874874061685    -1.03522721189923E-01    -9.91981541717081E-01     7.24959778581021E-02    -3.97994287350983E-01    -9.14756231842929E-01     6.94376178966045E-02     7.81824693351836E-02
F DZVP-MOLOPT-PBE-GTH-q7
 1
 2 0 2 5 2 2 1
        13.30428004732790     1.38292090777636E-01    -4.13851185732434E-02    -9.35531482386367E-02     5.06296345689289E-02    -3.26022751966033E-02
         4.80605774544240     1.37268979809070E-01    -3.39565337061055E-02    -2.95910126104609E-01     1.05677150923709E-01     1.33191225710905E-01
         1.70698523266130    -5.18264453672791E-01     1.04861752881122E-01    -5.65276724858415E-01     3.02716360438154E-01     2.66499643835383E-01
         0.58735472443375    -8.26267224974586E-01     4.59440905301858E-02    -6.52493507471700E-01     2.40526134346493E-01     9.50822081343244E-01
         0.17874874061685    -1.03522721189923E-01    -9.91981541717081E-01    -3.97994287350983E-01    -9.14756231842929E-01     7.81824693351836E-02
