CS DZVP-MOLOPT-PBE-GTH-Q9
 1
 2 0 2 6 3 2 1
         2.03586659984989     1.34908793173780E-01     5.57662402201462E-01    -5.84816638534460E-02     3.87518819895932E-01     1.99744124540027E-01    -2.22908255991869E-01
         1.80235406440021    -1.64774465595823E-01    -7.41914156156870E-01     6.21905134214911E-02    -5.37876273937074E-01    -2.76738427997131E-01     3.02462700413682E-01
         0.56886095348966    -3.59413132505568E-02     1.70505092638320E-01     7.41423055644425E-03     3.37755914363687E-01     1.28276118754580E-01    -1.91520054894680E-01
         0.24807371268664    -2.68141474885400E-01     3.09011899540911E-01     3.74189664926316E-01     4.62412639556676E-01     2.75454868148719E-01    -5.47868396234716E-01
         0.09384053442972     3.46912655951154E-01    -1.88009021866714E-02    -8.03217694942502E-01     1.37878736954441E-01     8.79502207089173E-02    -6.64704708598508E-01
         0.03241980890594     8.72415596835034E-01    -1.16885480143671E-01     4.55500486730965E-01    -4.62172289464069E-01     8.85128656653427E-01    -2.83118638765515E-01
H DZVP-MOLOPT-PBE-GTH-Q1
 1
 2 0 1 5 2 1
         9.42354063693337     1.73378201014863E-02    -1.21445159969598E-01    -8.76671027046430E-02
         2.22615949373757     1.93709872716504E-01    -1.18321991639862E-01     2.94039390163616E-01
         0.63906011750762     5.93969954529689E-01    -1.91879319676876E-01     4.09265411017209E-01
         0.31891311049636     2.87972643705189E-01     9.48793006176853E-01     1.56988630151590E-01
         0.16139156624546     7.25566905805197E-01    -1.85000371687637E-01     8.44814600657224E-01
F DZVP-MOLOPT-PBE-GTH-Q7
 1
 2 0 2 5 2 2 1
        13.30428004732790     1.38300641201995E-01    -4.13429187269840E-02    -9.35306094799813E-02     5.06566246623838E-02    -3.27607844899301E-02
         4.80605774544240     1.37253664661734E-01    -3.39425431978004E-02    -2.95918398172795E-01     1.05639317967558E-01     1.33212173705781E-01
         1.70698523266130    -5.18315587577063E-01     1.04830293747595E-01    -5.65287543674134E-01     3.02725510725546E-01     2.66499630071583E-01
         0.58735472443375    -8.26234910698634E-01     4.59821538585404E-02    -6.52514099592094E-01     2.40459771924833E-01     9.50816701157307E-01
         0.17874874061685    -1.03533512436824E-01    -9.91985341560913E-01    -3.97944304537121E-01    -9.14773526135829E-01     7.81459899689756E-02
O DZVP-MOLOPT-PBE-GTH-Q6
 1
 2 0 2 5 2 2 1
        10.34256722623639    -1.36612866576817E-01     5.36780510727693E-02    -9.23817206645146E-02     5.83443637080248E-02    -9.48473896502772E-02
         3.67715896642206    -1.53385468202307E-01     9.10278370989298E-02    -2.98264530995839E-01     1.75046650342809E-01     1.72754284852763E-01
         1.30046451996361     5.48080652961239E-01    -2.61157543615482E-01    -5.68590641449654E-01     3.64872626600995E-01     4.96868401181124E-01
         0.46645021946921     7.84467551986126E-01    -4.09115659592467E-02    -6.49258120291653E-01     1.42983044083434E-01     8.41501659783491E-01
         0.14793951916337     2.05007513424509E-01     9.58621708960114E-01    -3.97079920076698E-01    -9.01320376386329E-01    -7.84645029990108E-02
