
CS SVP-MOLOPT-PBE-Q9
 1
 1 0 2 7 5 3 2
         5.65743858006751     1.02890806543199E-01     1.96821528602708E-01     1.46848280780503E-02    -6.15984509271185E-02    -1.59450117334115E-02     8.59267980408116E-02     1.25434252848745E-01     1.73779884578385E-01     1.33359305094509E-02     5.32237731628499E-02
         3.93817325380345    -5.29754389750295E-01    -2.16515979637548E-01    -2.15837650564179E-01     2.96322087665052E-03     2.78649917013644E-01    -1.14338715661114E-01    -1.90886386898271E-01    -2.80571682695902E-01    -2.21165363965203E-02    -9.11834240343650E-02
         1.74819313948547     7.63684059947782E-01    -2.03427148712442E-01     5.04588472979432E-03     1.45509096181166E-01    -1.79788166266345E-01    -9.36025547937462E-02     9.80753264154788E-02     1.99673286628925E-01     8.58100894538760E-03     7.28911559925314E-02
         0.50117299797435    -1.71942715516989E-01     7.27091804754388E-01     2.60723547224452E-01    -1.03864979268405E-01    -4.57507881385250E-01     2.43651881583581E-01    -1.83445254416315E-01    -3.30611204722268E-01     1.05971242538297E-01    -8.86283021773272E-02
         0.22771664562437    -2.37194881891562E-01    -5.74583603810122E-01     5.69703111469189E-01    -1.66997005059202E-01    -4.98143973611930E-01     8.97955064073443E-01     2.24680582202132E-02    -2.35269536525530E-01     5.81903573089051E-01     5.20598228946386E-01
         0.05030241543183    -5.79257150200430E-02     9.19036094943520E-02     5.67625848099415E-01     7.46449228340645E-01     3.27729808139410E-01     2.30703883707773E-01     6.70382081307665E-01     4.65345757956364E-01     3.27210160357337E-01     5.39705223440849E-01
         0.02673536535549     1.90733655067385E-01     7.57920039338032E-02     4.88298573359569E-01    -6.15760967410604E-01     5.70007446004962E-01     2.27745442903460E-01    -6.74270536143503E-01     6.85571632463805E-01    -7.36444985318495E-01     6.42946710382335E-01


CS TZVPP-MOLOPT-PBE-Q9
 2
 1 0 1 5 2 1
         5.74240084899328     7.11364848080724E-02    -2.07599138372760E-02     2.82850719552110E-02
         4.05892788281618    -2.53460489626425E-01     7.89215279410060E-02    -2.45487009104351E-02
         1.70272339189824     8.86912559182705E-01     5.62098324940214E-03    -1.53637347954616E-01
         0.47121576050381     2.01069201997240E-01     8.67551074421616E-01     4.33987748629010E-01
         0.21265103569524    -3.21954451902223E-01     4.90575128010109E-01     8.86931516714506E-01
 1 0 3 5 3 2 3 1
         0.54604715976334    -1.59790263288465E-01     1.12007701786352E-01    -4.73974275587961E-01    -5.94421988335022E-02     2.52657175491295E-02     3.10430754075016E-01    -4.90439443368037E-03     2.60827300244489E-01     6.60194921714468E-01
         0.21999878932514    -5.58060137631814E-02    -2.19449702893950E-01    -5.58220989479215E-01    -2.61506520964944E-02     2.59581074371042E-02     9.05277581120245E-01     4.27584280531203E-02     6.87366556899068E-02     4.13879436498833E-01
         0.07907555699690     9.46083986984082E-01    -2.33018928363777E-01     2.94288539383448E-03    -2.94312935507364E-01     2.77655353036518E-01     2.16517835411196E-01     4.19930312762938E-01    -7.44286899522184E-01     5.29375688948686E-01
         0.02846566648249     1.94525254834313E-01     9.05593076718664E-01     1.13018202020968E-01     7.71685822005614E-01     6.32711435129547E-01    -1.63442414431941E-01     8.90452893448286E-01     2.42036673939890E-01     3.12084655290156E-01
         0.01512810859911    -1.96055541594763E-01    -2.54753726299966E-01     6.71532529683574E-01    -5.60056833277950E-01     7.21991388426127E-01     1.02527323962948E-01     1.69999531523062E-01     5.60980972297197E-01    -1.23332985321708E-01


CS QZVPP-MOLOPT-PBE-Q9
 2
 1 0 2 4 2 1 1
         5.69712275992445     2.23650429688080E-01     9.79015223145256E-02     1.03557658321923E-02     1.80452293971573E-02
         4.12505451469339    -5.10753128767718E-01    -1.18980566092659E-01     7.43957741503714E-02    -3.18538481573375E-02
         1.94794530511872     8.08612067579656E-01     1.25356542511475E-01    -4.78948592671367E-01     1.88117925318770E-02
         0.39110186606708    -1.87771805441811E-01     9.80073800318291E-01     8.74623503274816E-01     9.99152550172050E-01
 1 0 3 6 4 4 3 3
         0.55683824069054    -4.32105245518927E-01    -4.19542137861248E-01     5.99501178129532E-03    -1.64051256342394E-01     3.07227884880120E-01    -4.31093019260404E-01    -4.61544663124549E-02     7.14117983504537E-01    -1.20279541296922E-01    -1.50212049674703E-01     1.21376530800675E-01     7.91237232547815E-01     7.48800034090825E-02    -4.08692654232444E-01
         0.20381529972163     1.39241831854295E-01     1.48988832487007E-01     7.67816720529777E-02     5.33954976358921E-01     7.06685444746648E-01    -1.38087123309997E-01     6.24673769836225E-01    -2.75589286744522E-01    -3.24960303358085E-01    -1.36336795173881E-01    -9.80987062889826E-02     1.80565500454687E-01     8.61464885724009E-01     1.09999350129435E-01
         0.13416426612309     7.51345082465619E-01     6.89179064487861E-03    -1.62586570117157E-01     1.82240190607971E-01     6.22573138477731E-01     2.50775094368998E-01    -7.20975117726256E-01    -1.71333281234839E-01     7.94253441080566E-01     3.45532897820197E-01     2.99084306637354E-01     3.07791763090045E-01    -4.82320077793520E-01     2.86173110905472E-02
         0.04119908635718    -4.06480395595874E-01     6.92776727200039E-01    -4.61603989821194E-01     2.19096049529151E-01     7.11911938550958E-02    -1.01516974423308E-01    -2.22824336607430E-02     2.30725968296556E-01    -6.27087413014141E-02     4.17247816070911E-01    -3.71684224454493E-02     2.74023391221199E-01    -3.85579557246159E-02     8.96918452609032E-01
         0.02363141102815    -1.68814236475687E-01     1.66045328716838E-01     8.03906475154927E-01     3.89113506421937E-01     1.10154832520922E-01     8.16512560335458E-01     2.58936323235735E-01     4.95908247891321E-01    -4.87692799405870E-01     5.27893170944877E-01     6.47057418778831E-01    -3.87958745930216E-01     1.24959009578722E-01    -1.24806218459259E-01
         0.01063836242325    -1.88819431391404E-01    -5.42428410609178E-01    -3.29075033500214E-01     6.74800253143063E-01     3.75116378085725E-02    -2.34955633862038E-01    -1.42487893510064E-01     2.92526058044989E-01     8.55479496572613E-02    -6.21842982586469E-01     6.82735793916407E-01     1.44924687232479E-01    -5.03697159677466E-02     3.49343052144576E-03
