##############################################################################################
# Oxygen
##############################################################################################
 O  ccGRB-D-q6 
   2
  1  0  1  4  2  2
   8.32970090921       -0.1542784611    0.1256091090    0.0951673473   -0.0912616004
   2.44908536977        0.0558109780   -0.0270075163    0.3062541994   -0.2652791038
  0.720076172458        0.7242898990   -1.4325563604    0.4898858110   -0.6583339209
  0.211715647213        0.3390327299    1.5400065846    0.3593655285    1.1501266216
   1 2 2 1 1
      1.185000E+00           1.0000000


 O  ccGRB-T-q6 
   3
  1  0  1  5  3  3
   10.2515434043       -0.1006868312    0.0752267471   -0.0405657248   -0.0598706434    0.0453151250   -0.1005507646
   3.66383890873       -0.1049272484    0.1158125026   -0.5610196772   -0.1853475680    0.1702847653   -0.1495315387
   1.30943361597        0.3937785408   -0.5855442169    2.9095670802   -0.3685248731    0.2907905555   -1.1226903345
  0.467983565147        0.5933102063   -0.8293722594   -3.5818100184   -0.3922146855    0.4530701784    2.0488825899
  0.167254463744        0.1825987011    1.4937922530    1.6673457655   -0.2541082550   -1.1757312419   -1.0817742171
   1 2 2 2 2
      2.314000E+00           1.000000E+00           0.000000E+00
      6.450000E-01           0.000000E+00           1.000000E+00
   1 3 3 1 1
      1.428000E+00           1.0000000


 O  ccGRB-Q-q6 
   4
  1  0  1  6  4  4
   23.2438724913       -0.0071293025    0.0061364269   -0.0302807448   -0.2620921470    0.0035522147   -0.0041437433   -0.0031796078   -0.0758157560
   8.64107435504       -0.1199924122    0.0906715286   -0.0224426745    1.6745080752    0.0758378513   -0.0548414431    0.1320322148    0.1767241321
   3.21238064085       -0.0641337663    0.0813193884   -0.5154903549   -4.4335410840    0.1963789763   -0.1867567862    0.1473185781   -1.8684327693
   1.19422527312        0.4255747556   -0.6529333792    2.9794692508    4.5575313140    0.3700080562   -0.2785362411    1.1202965100    2.6477958885
  0.443961710150        0.5577340183   -0.7349540289   -3.8551062389   -2.6714557412    0.3684238247   -0.4396920588   -2.1580265842   -1.7328135703
  0.165045912622        0.1715761639    1.4821285348    1.8348864113    0.8409654358    0.2463177032    1.1853724922    1.1657039424    0.5988942730
   1 2 2 3 3
      3.775000E+00           1.000000E+00           0.000000E+00           0.000000E+00
      1.300000E+00           0.000000E+00           1.000000E+00           0.000000E+00
      4.440000E-01           0.000000E+00           0.000000E+00           1.000000E+00
   1 3 3 2 2
      2.666000E+00           1.000000E+00           0.000000E+00
      8.590000E-01           0.000000E+00           1.000000E+00
   1 4 4 1 1
      1.846000E+00           1.0000000


O aug-cc-D
    3
   1 0 0 1 1
      0.0789600              1.0000000
   1 1 1 1 1
      0.0685600              1.0000000
   1 2 2 1 1
      0.3320000              1.0000000

O aug-cc-T
    4
   1 0 0 1 1
      0.0737600              1.0000000
   1 1 1 1 1
      0.0597400              1.0000000
   1 2 2 1 1
      0.2140000              1.0000000
   1 3 3 1 1
      0.5000000              1.0000000

O aug-cc-Q
     5
   1 0 0 1 1
      0.0695900              1.0000000
   1 1 1 1 1
      0.0534800              1.0000000
   1 2 2 1 1
      0.1540000              1.0000000
   1 3 3 1 1
      0.3240000              1.0000000
   1 4 4 1 1
      0.7140000              1.0000000

