#
# Generated with CP2K Atom Code
#
 O  ccGRB-VAL-0
   1
  1  0  1  6  1  1
   23.2438724913       -0.0071293025    0.0035522147
   8.64107435504       -0.1199924122    0.0758378513
   3.21238064085       -0.0641337663    0.1963789763
   1.19422527312        0.4255747556    0.3700080562
  0.443961710150        0.5577340183    0.3684238247
  0.165045912622        0.1715761639    0.2463177032

 O  ccGRB-VAL-1
   1
  1  0  1  6  2  2
   23.2438724913       -0.0071293025    0.0061364269    0.0035522147   -0.0041437433
   8.64107435504       -0.1199924122    0.0906715286    0.0758378513   -0.0548414431
   3.21238064085       -0.0641337663    0.0813193884    0.1963789763   -0.1867567862
   1.19422527312        0.4255747556   -0.6529333792    0.3700080562   -0.2785362411
  0.443961710150        0.5577340183   -0.7349540289    0.3684238247   -0.4396920588
  0.165045912622        0.1715761639    1.4821285348    0.2463177032    1.1853724922

 O  ccGRB-VAL-2
   1
  1  0  1  6  3  3
   23.2438724913       -0.0071293025    0.0061364269   -0.0302807448    0.0035522147   -0.0041437433   -0.0031796078
   8.64107435504       -0.1199924122    0.0906715286   -0.0224426745    0.0758378513   -0.0548414431    0.1320322148
   3.21238064085       -0.0641337663    0.0813193884   -0.5154903549    0.1963789763   -0.1867567862    0.1473185781
   1.19422527312        0.4255747556   -0.6529333792    2.9794692508    0.3700080562   -0.2785362411    1.1202965100
  0.443961710150        0.5577340183   -0.7349540289   -3.8551062389    0.3684238247   -0.4396920588   -2.1580265842
  0.165045912622        0.1715761639    1.4821285348    1.8348864113    0.2463177032    1.1853724922    1.1657039424

 O  ccGRB-VAL-3
   1
  1  0  1  6  4  4
   23.2438724913       -0.0071293025    0.0061364269   -0.0302807448   -0.2620921470    0.0035522147   -0.0041437433   -0.0031796078   -0.0758157560
   8.64107435504       -0.1199924122    0.0906715286   -0.0224426745    1.6745080752    0.0758378513   -0.0548414431    0.1320322148    0.1767241321
   3.21238064085       -0.0641337663    0.0813193884   -0.5154903549   -4.4335410840    0.1963789763   -0.1867567862    0.1473185781   -1.8684327693
   1.19422527312        0.4255747556   -0.6529333792    2.9794692508    4.5575313140    0.3700080562   -0.2785362411    1.1202965100    2.6477958885
  0.443961710150        0.5577340183   -0.7349540289   -3.8551062389   -2.6714557412    0.3684238247   -0.4396920588   -2.1580265842   -1.7328135703
  0.165045912622        0.1715761639    1.4821285348    1.8348864113    0.8409654358    0.2463177032    1.1853724922    1.1657039424    0.5988942730

