K DZVP-MOLOPT-PBE-GTH-Q9
 1
 2 0 2 6 3 2 1
         2.48747977586520    -3.92367491455784E-01     3.45382362483372E-01     4.88130665067447E-01     5.77414047356580E-01    -1.22092809733214E-01    -7.31568620970510E-02
         2.27394291855764     1.79074539344268E-01    -2.40743674837103E-01    -4.89177529940567E-01    -6.62740546911011E-01     1.22491677780487E-01     2.76849134253138E-01
         0.70553141160975     2.81020064755433E-01    -2.58569361058592E-01    -1.34707774668324E-01    -3.72899382793635E-01     1.42645541475658E-02     3.89597005239596E-01
         0.27115084058935    -3.53183081275965E-02    -2.30000836977317E-01    -1.67876733911273E-01    -2.43966705443388E-01     2.58214299341765E-02     4.97875742401018E-01
         0.09276063298934     7.75914377724183E-01    -7.71207480921011E-02     5.77508886054513E-01     2.49993108761724E-02     3.47196383720207E-01     6.02670790459602E-01
         0.03061539107740     3.62928753013707E-01     8.34893644386237E-01    -3.77608927602785E-01     1.67837173469790E-01     9.21234813752013E-01     3.93858435678573E-01
H DZVP-MOLOPT-PBE-GTH-Q1
 1
 2 0 1 5 2 1
         9.42354063693337     1.73378201014863E-02    -1.21445159969598E-01    -8.76671027046430E-02
         2.22615949373757     1.93709872716504E-01    -1.18321991639862E-01     2.94039390163616E-01
         0.63906011750762     5.93969954529689E-01    -1.91879319676876E-01     4.09265411017209E-01
         0.31891311049636     2.87972643705189E-01     9.48793006176853E-01     1.56988630151590E-01
         0.16139156624546     7.25566905805197E-01    -1.85000371687637E-01     8.44814600657224E-01
F DZVP-MOLOPT-PBE-GTH-Q7
 1
 2 0 2 5 2 2 1
        13.30428004732790     1.38300641201995E-01    -4.13429187269840E-02    -9.35306094799813E-02     5.06566246623838E-02    -3.27607844899301E-02
         4.80605774544240     1.37253664661734E-01    -3.39425431978004E-02    -2.95918398172795E-01     1.05639317967558E-01     1.33212173705781E-01
         1.70698523266130    -5.18315587577063E-01     1.04830293747595E-01    -5.65287543674134E-01     3.02725510725546E-01     2.66499630071583E-01
         0.58735472443375    -8.26234910698634E-01     4.59821538585404E-02    -6.52514099592094E-01     2.40459771924833E-01     9.50816701157307E-01
         0.17874874061685    -1.03533512436824E-01    -9.91985341560913E-01    -3.97944304537121E-01    -9.14773526135829E-01     7.81459899689756E-02
CL DZVP-MOLOPT-PBE-GTH-Q7
 1
 2 0 2 4 2 2 1
         1.99824811943664     4.80178625121655E-01     2.13595239646808E-01     3.37297835177395E-01     1.93550474567217E-01     9.49286028054555E-02
         1.50363082119869    -3.59931830134513E-01     5.82028670666379E-02    -4.88390621275333E-01    -2.19767298436887E-01     2.80669438798039E-01
         0.40650884550636    -5.66727788276184E-01    -6.12160145305935E-01    -6.58014497305072E-01    -3.61134655335744E-01     9.44637929647980E-01
         0.12853799110242    -5.64532709085914E-01     7.59110964460706E-01    -4.63380721190784E-01     8.85337398423951E-01     1.40969529915426E-01
S DZVP-MOLOPT-PBE-GTH-Q6
 1
 2 0 2 4 2 2 1
         1.90928473004308     3.13525266390759E-01    -1.51675736920755E-01     2.14054427784196E-01     1.45259453005035E-01     7.24574522157166E-02
         1.19506924590343    -7.14378794138230E-02    -1.22108655812001E-01    -3.46925058611244E-01    -1.90735670677686E-01     3.77729399511775E-01
         0.37255650459583    -7.35868321394836E-01     5.84868049787620E-01    -8.25555992336665E-01    -3.16083367485665E-01     9.06091042409042E-01
         0.11964558871342    -5.95899614269893E-01    -7.87409240067043E-01    -3.90231994037637E-01     9.17938396649107E-01     1.76265258145152E-01
P DZVP-MOLOPT-PBE-GTH-Q5
 1
 2 0 2 4 2 2 1
         1.52997442810250     3.87804245242403E-01     2.58972236728436E-01     9.41116760184114E-02     1.52498734270134E-01     2.54663429854685E-01
         0.57215623734269    -3.06180831618822E-01    -3.03025998733926E-01    -4.77421884921694E-01    -6.71551894455740E-01     7.85296898192204E-01
         0.22147285204987    -8.52529651143289E-01     4.34715966811028E-02    -7.85459870498327E-01     7.53147125087466E-02     5.64055418491811E-01
         0.07588507590177    -1.70453394341909E-01     9.16088884867169E-01    -3.82444934692006E-01     7.21172575170908E-01    -1.72280020425898E-02
