K TZV2P-MOLOPT-PBE-GTH-Q9
 1
 2 0 2 6 4 3 2
         2.48747977586520    -4.04541449491646E-01     3.96810704822150E-01     4.38515247662444E-01     2.43235047279681E-01     5.73885817114187E-01    -1.38106310654091E-01    -9.39036120824994E-02    -7.07537555299719E-02    -5.13413185409032E-02
         2.27394291855764     2.40062434349072E-01    -3.01093053424306E-01    -4.05959872277501E-01     6.22226509398589E-01    -6.58998983969840E-01     1.41212069969661E-01    -1.72824773279990E-02     2.65151738814355E-01    -1.24131758354338E-01
         0.70553141160975     1.65018427547841E-01    -2.24132654574817E-01    -2.34500961442699E-01    -6.69419824548849E-01    -3.72473022526282E-01     2.30507363292612E-02    -3.25276102788827E-01     3.71935448527667E-01    -4.27349574075392E-01
         0.27115084058935    -4.39965204747534E-02    -2.49999696936685E-01    -1.48434991047682E-01     3.13550775457242E-01    -2.46890361973185E-01     1.42359493137757E-02     1.81113853127736E-01     4.74790700382168E-01    -4.98214957134785E-01
         0.09276063298934     7.63919901792343E-01    -8.51616896026069E-02     6.25087992363735E-01     7.85794209501056E-02     3.81680041314524E-02     3.70351684168966E-01     8.52536292389097E-01     6.25759917032562E-01     2.10680045529010E-01
         0.03061539107740     4.07401339785384E-01     7.94919133640030E-01    -4.18500076446565E-01     3.25448473770435E-02     1.87690191958470E-01     9.07243864452896E-01    -3.54201252022712E-01     4.11522539694565E-01     7.11845132046993E-01
K TZVP-MOLOPT-PBE-GTH-q9
 1
 2 0 2 6 4 3 1
         2.48747977586520    -4.04541449491646E-01     3.96810704822150E-01     4.38515247662444E-01     2.43235047279681E-01     5.73885817114187E-01    -1.38106310654091E-01    -9.39036120824994E-02    -7.07537555299719E-02
         2.27394291855764     2.40062434349072E-01    -3.01093053424306E-01    -4.05959872277501E-01     6.22226509398589E-01    -6.58998983969840E-01     1.41212069969661E-01    -1.72824773279990E-02     2.65151738814355E-01
         0.70553141160975     1.65018427547841E-01    -2.24132654574817E-01    -2.34500961442699E-01    -6.69419824548849E-01    -3.72473022526282E-01     2.30507363292612E-02    -3.25276102788827E-01     3.71935448527667E-01
         0.27115084058935    -4.39965204747534E-02    -2.49999696936685E-01    -1.48434991047682E-01     3.13550775457242E-01    -2.46890361973185E-01     1.42359493137757E-02     1.81113853127736E-01     4.74790700382168E-01
         0.09276063298934     7.63919901792343E-01    -8.51616896026069E-02     6.25087992363735E-01     7.85794209501056E-02     3.81680041314524E-02     3.70351684168966E-01     8.52536292389097E-01     6.25759917032562E-01
         0.03061539107740     4.07401339785384E-01     7.94919133640030E-01    -4.18500076446565E-01     3.25448473770435E-02     1.87690191958470E-01     9.07243864452896E-01    -3.54201252022712E-01     4.11522539694565E-01
K DZVP-MOLOPT-PBE-GTH-q9
 1
 2 0 2 6 3 2 1
         2.48747977586520    -4.04541449491646E-01     3.96810704822150E-01     4.38515247662444E-01     5.73885817114187E-01    -1.38106310654091E-01    -7.07537555299719E-02
         2.27394291855764     2.40062434349072E-01    -3.01093053424306E-01    -4.05959872277501E-01    -6.58998983969840E-01     1.41212069969661E-01     2.65151738814355E-01
         0.70553141160975     1.65018427547841E-01    -2.24132654574817E-01    -2.34500961442699E-01    -3.72473022526282E-01     2.30507363292612E-02     3.71935448527667E-01
         0.27115084058935    -4.39965204747534E-02    -2.49999696936685E-01    -1.48434991047682E-01    -2.46890361973185E-01     1.42359493137757E-02     4.74790700382168E-01
         0.09276063298934     7.63919901792343E-01    -8.51616896026069E-02     6.25087992363735E-01     3.81680041314524E-02     3.70351684168966E-01     6.25759917032562E-01
         0.03061539107740     4.07401339785384E-01     7.94919133640030E-01    -4.18500076446565E-01     1.87690191958470E-01     9.07243864452896E-01     4.11522539694565E-01
P TZV2P-MOLOPT-PBE-GTH-Q5
 1
 2 0 3 4 3 3 2 1
         1.52997442810250     3.72140622491875E-01     2.94912996620757E-01    -7.17282511679776E-01     1.42007115981761E-01     1.02489790741895E-01     1.41577246248583E-01     2.58356603330289E-01    -6.28502463860784E-02     1.49619148548671E-01
         0.57215623734269    -2.86654463183099E-01    -3.54714954358767E-01     3.00878415642023E-01    -6.90107171500210E-01    -4.44463997488106E-01     5.67445251868649E-01     7.86129849829025E-01     5.91966557211443E-01     7.85558833487888E-01
         0.22147285204987    -8.55355955675672E-01     2.06831186295464E-02    -5.07546560722881E-01    -7.04204434492490E-01     3.54647334824100E-01    -5.96016566821706E-01     5.61466877410575E-01    -8.00245983980688E-01     5.83224077945255E-01
         0.07588507590177    -2.18418783346870E-01     8.87003852405490E-01     3.70640615876720E-01    -8.76480763943743E-02     8.16194134769871E-01     5.50205435769641E-01     2.58269128027405E-03     7.23312297366912E-02    -1.42692341846458E-01
P TZVP-MOLOPT-PBE-GTH-q5
 1
 2 0 2 4 3 3 1
         1.52997442810250     3.72140622491875E-01     2.94912996620757E-01    -7.17282511679776E-01     1.42007115981761E-01     1.02489790741895E-01     1.41577246248583E-01     2.58356603330289E-01
         0.57215623734269    -2.86654463183099E-01    -3.54714954358767E-01     3.00878415642023E-01    -6.90107171500210E-01    -4.44463997488106E-01     5.67445251868649E-01     7.86129849829025E-01
         0.22147285204987    -8.55355955675672E-01     2.06831186295464E-02    -5.07546560722881E-01    -7.04204434492490E-01     3.54647334824100E-01    -5.96016566821706E-01     5.61466877410575E-01
         0.07588507590177    -2.18418783346870E-01     8.87003852405490E-01     3.70640615876720E-01    -8.76480763943743E-02     8.16194134769871E-01     5.50205435769641E-01     2.58269128027405E-03
P DZVP-MOLOPT-PBE-GTH-q5
 1
 2 0 2 4 2 2 1
         1.52997442810250     3.72140622491875E-01     2.94912996620757E-01     1.42007115981761E-01     1.02489790741895E-01     2.58356603330289E-01
         0.57215623734269    -2.86654463183099E-01    -3.54714954358767E-01    -6.90107171500210E-01    -4.44463997488106E-01     7.86129849829025E-01
         0.22147285204987    -8.55355955675672E-01     2.06831186295464E-02    -7.04204434492490E-01     3.54647334824100E-01     5.61466877410575E-01
         0.07588507590177    -2.18418783346870E-01     8.87003852405490E-01    -8.76480763943743E-02     8.16194134769871E-01     2.58269128027405E-03
S TZV2P-MOLOPT-PBE-GTH-Q6
 1
 2 0 3 4 3 3 2 1
         1.90928473004308     3.15669989593405E-01    -1.65456324788273E-01     3.10548000189879E-01     2.12914054759076E-01     1.55419933935669E-01    -7.11939992762134E-01     7.69801068642102E-02    -1.88997576689492E-01    -1.06596717424030E-01
         1.19506924590343    -6.18859553620396E-02    -9.38673161414144E-02    -9.35734177878882E-01    -3.46018377109546E-01    -2.07811881091118E-01     5.31802271666964E-01     3.74453729277594E-01     9.11097678000808E-01     4.72918833714747E-01
         0.37255650459583    -7.61235407877732E-01     5.43670742015259E-01     1.15196623983730E-01    -8.19216679563436E-01    -3.21721314227605E-01    -4.50938487460970E-01     8.99702285348994E-01    -3.66075556598411E-01     8.72423546594614E-01
         0.11964558871342    -5.63065928637358E-01    -8.17456577332731E-01     1.21207366732185E-01    -4.04750441523642E-01     9.10579080686826E-01     8.35599849337092E-02     2.10699467287116E-01     1.30239782017600E-02     6.21455702329570E-02
S TZVP-MOLOPT-PBE-GTH-q6
 1
 2 0 2 4 3 3 1
         1.90928473004308     3.15669989593405E-01    -1.65456324788273E-01     3.10548000189879E-01     2.12914054759076E-01     1.55419933935669E-01    -7.11939992762134E-01     7.69801068642102E-02
         1.19506924590343    -6.18859553620396E-02    -9.38673161414144E-02    -9.35734177878882E-01    -3.46018377109546E-01    -2.07811881091118E-01     5.31802271666964E-01     3.74453729277594E-01
         0.37255650459583    -7.61235407877732E-01     5.43670742015259E-01     1.15196623983730E-01    -8.19216679563436E-01    -3.21721314227605E-01    -4.50938487460970E-01     8.99702285348994E-01
         0.11964558871342    -5.63065928637358E-01    -8.17456577332731E-01     1.21207366732185E-01    -4.04750441523642E-01     9.10579080686826E-01     8.35599849337092E-02     2.10699467287116E-01
S DZVP-MOLOPT-PBE-GTH-q6
 1
 2 0 2 4 2 2 1
         1.90928473004308     3.15669989593405E-01    -1.65456324788273E-01     2.12914054759076E-01     1.55419933935669E-01     7.69801068642102E-02
         1.19506924590343    -6.18859553620396E-02    -9.38673161414144E-02    -3.46018377109546E-01    -2.07811881091118E-01     3.74453729277594E-01
         0.37255650459583    -7.61235407877732E-01     5.43670742015259E-01    -8.19216679563436E-01    -3.21721314227605E-01     8.99702285348994E-01
         0.11964558871342    -5.63065928637358E-01    -8.17456577332731E-01    -4.04750441523642E-01     9.10579080686826E-01     2.10699467287116E-01
CL TZV2P-MOLOPT-PBE-GTH-Q7
 1
 2 0 3 4 3 3 2 1
         1.99824811943664     4.33846894941631E-01     3.07041170622732E-01     1.75957585523759E-02     3.45339975324402E-01     1.79965250304009E-01    -3.72667358036020E-01     9.05635141754461E-02    -2.17425270215822E-01    -1.43769165568981E-01
         1.50363082119869    -3.38194302379175E-01    -3.89997660747775E-02    -9.17322433894228E-01    -4.97369383451272E-01    -2.01781984518266E-01    -8.34831128966391E-01     2.85556761650639E-01     9.18680132432251E-01     4.08136672326571E-01
         0.40650884550636    -5.13548002397481E-01    -6.29188376955880E-01     3.25113335470044E-01    -6.70835040884209E-01    -3.34082727506389E-01     4.03493031418158E-01     9.41536415237722E-01    -2.84903780503556E-01     9.00979681734397E-01
         0.12853799110242    -6.58536206158268E-01     7.12970352884578E-01     2.29153356193791E-01    -4.28187278851352E-01     9.02931487206409E-01     3.70054044720497E-02     1.54158245180379E-01     1.66081010355251E-01     3.14721596903698E-02
CL TZVP-MOLOPT-PBE-GTH-q7
 1
 2 0 2 4 3 3 1
         1.99824811943664     4.33846894941631E-01     3.07041170622732E-01     1.75957585523759E-02     3.45339975324402E-01     1.79965250304009E-01    -3.72667358036020E-01     9.05635141754461E-02
         1.50363082119869    -3.38194302379175E-01    -3.89997660747775E-02    -9.17322433894228E-01    -4.97369383451272E-01    -2.01781984518266E-01    -8.34831128966391E-01     2.85556761650639E-01
         0.40650884550636    -5.13548002397481E-01    -6.29188376955880E-01     3.25113335470044E-01    -6.70835040884209E-01    -3.34082727506389E-01     4.03493031418158E-01     9.41536415237722E-01
         0.12853799110242    -6.58536206158268E-01     7.12970352884578E-01     2.29153356193791E-01    -4.28187278851352E-01     9.02931487206409E-01     3.70054044720497E-02     1.54158245180379E-01
CL DZVP-MOLOPT-PBE-GTH-q7
 1
 2 0 2 4 2 2 1
         1.99824811943664     4.33846894941631E-01     3.07041170622732E-01     3.45339975324402E-01     1.79965250304009E-01     9.05635141754461E-02
         1.50363082119869    -3.38194302379175E-01    -3.89997660747775E-02    -4.97369383451272E-01    -2.01781984518266E-01     2.85556761650639E-01
         0.40650884550636    -5.13548002397481E-01    -6.29188376955880E-01    -6.70835040884209E-01    -3.34082727506389E-01     9.41536415237722E-01
         0.12853799110242    -6.58536206158268E-01     7.12970352884578E-01    -4.28187278851352E-01     9.02931487206409E-01     1.54158245180379E-01
H TZV2P-MOLOPT-PBE-GTH-Q1
 1
 2 0 2 5 3 2 1
         9.42354063693337     1.73389254674243E-02    -1.21441381781897E-01     8.48842952201243E-01    -8.76722314909129E-02     1.38509912982294E-01     1.01583846424117E-05
         2.22615949373757     1.93701953472634E-01    -1.18295700700916E-01     4.34966851840939E-01     2.94035801652179E-01    -4.64264354132394E-01    -5.41805899933135E-06
         0.63906011750762     5.93968178416321E-01    -1.91886640436410E-01     8.47731161618519E-02     4.09268475073086E-01    -6.46177309023364E-01    -2.13029117448260E-05
         0.31891311049636     2.87977189530933E-01     9.48793640784133E-01     1.29845157344792E-01     1.56986057354678E-01    -2.47870371773730E-01     1.00804100896023E-05
         0.16139156624546     7.25568643357183E-01    -1.85008817130971E-01    -2.57338753762772E-01     8.44814311123899E-01     5.35059601902204E-01     9.99999999656012E-01
H TZVP-MOLOPT-PBE-GTH-q1
 1
 2 0 1 5 3 1
         9.42354063693337     1.73389254674243E-02    -1.21441381781897E-01     8.48842952201243E-01    -8.76722314909129E-02
         2.22615949373757     1.93701953472634E-01    -1.18295700700916E-01     4.34966851840939E-01     2.94035801652179E-01
         0.63906011750762     5.93968178416321E-01    -1.91886640436410E-01     8.47731161618519E-02     4.09268475073086E-01
         0.31891311049636     2.87977189530933E-01     9.48793640784133E-01     1.29845157344792E-01     1.56986057354678E-01
         0.16139156624546     7.25568643357183E-01    -1.85008817130971E-01    -2.57338753762772E-01     8.44814311123899E-01
H DZVP-MOLOPT-PBE-GTH-q1
 1
 2 0 1 5 2 1
         9.42354063693337     1.73389254674243E-02    -1.21441381781897E-01    -8.76722314909129E-02
         2.22615949373757     1.93701953472634E-01    -1.18295700700916E-01     2.94035801652179E-01
         0.63906011750762     5.93968178416321E-01    -1.91886640436410E-01     4.09268475073086E-01
         0.31891311049636     2.87977189530933E-01     9.48793640784133E-01     1.56986057354678E-01
         0.16139156624546     7.25568643357183E-01    -1.85008817130971E-01     8.44814311123899E-01
F TZV2P-MOLOPT-PBE-GTH-Q7
 1
 2 0 3 5 3 3 2 1
        13.30428004732790     1.38292090777636E-01    -4.13851185732434E-02    -3.68601172475513E-01    -9.35531482386367E-02     5.06296345689289E-02     1.31156005847365E-01    -3.26022751966033E-02     1.00541308351024E-01     9.72064409635608E-05
         4.80605774544240     1.37268979809070E-01    -3.39565337061055E-02    -2.68712697428403E-01    -2.95910126104609E-01     1.05677150923709E-01    -3.03933997040743E-01     1.33191225710905E-01    -4.08920622745241E-01     5.04092340544058E-06
         1.70698523266130    -5.18264453672791E-01     1.04861752881122E-01     6.94838249064691E-01    -5.65276724858415E-01     3.02716360438154E-01     7.47866109869779E-01     2.66499643835383E-01    -8.18034852203344E-01     5.83002400834836E-05
         0.58735472443375    -8.26267224974586E-01     4.59440905301858E-02    -5.51244775686392E-01    -6.52493507471700E-01     2.40526134346493E-01    -5.71224059806739E-01     9.50822081343244E-01     3.09737546860849E-01     9.99999990598423E-01
         0.17874874061685    -1.03522721189923E-01    -9.91981541717081E-01     7.24959778581021E-02    -3.97994287350983E-01    -9.14756231842929E-01     6.94376178966045E-02     7.81824693351836E-02    -2.39910404638869E-01    -7.70047573235798E-05
F TZVP-MOLOPT-PBE-GTH-q7
 1
 2 0 2 5 3 3 1
        13.30428004732790     1.38292090777636E-01    -4.13851185732434E-02    -3.68601172475513E-01    -9.35531482386367E-02     5.06296345689289E-02     1.31156005847365E-01    -3.26022751966033E-02
         4.80605774544240     1.37268979809070E-01    -3.39565337061055E-02    -2.68712697428403E-01    -2.95910126104609E-01     1.05677150923709E-01    -3.03933997040743E-01     1.33191225710905E-01
         1.70698523266130    -5.18264453672791E-01     1.04861752881122E-01     6.94838249064691E-01    -5.65276724858415E-01     3.02716360438154E-01     7.47866109869779E-01     2.66499643835383E-01
         0.58735472443375    -8.26267224974586E-01     4.59440905301858E-02    -5.51244775686392E-01    -6.52493507471700E-01     2.40526134346493E-01    -5.71224059806739E-01     9.50822081343244E-01
         0.17874874061685    -1.03522721189923E-01    -9.91981541717081E-01     7.24959778581021E-02    -3.97994287350983E-01    -9.14756231842929E-01     6.94376178966045E-02     7.81824693351836E-02
F DZVP-MOLOPT-PBE-GTH-q7
 1
 2 0 2 5 2 2 1
        13.30428004732790     1.38292090777636E-01    -4.13851185732434E-02    -9.35531482386367E-02     5.06296345689289E-02    -3.26022751966033E-02
         4.80605774544240     1.37268979809070E-01    -3.39565337061055E-02    -2.95910126104609E-01     1.05677150923709E-01     1.33191225710905E-01
         1.70698523266130    -5.18264453672791E-01     1.04861752881122E-01    -5.65276724858415E-01     3.02716360438154E-01     2.66499643835383E-01
         0.58735472443375    -8.26267224974586E-01     4.59440905301858E-02    -6.52493507471700E-01     2.40526134346493E-01     9.50822081343244E-01
         0.17874874061685    -1.03522721189923E-01    -9.91981541717081E-01    -3.97994287350983E-01    -9.14756231842929E-01     7.81824693351836E-02
