K TZV2P-MOLOPT-PBE-GTH-Q9
 1
 2 0 2 6 4 3 2
         2.48747977586520    -3.92367491455784E-01     3.45382362483372E-01     4.88130665067447E-01     2.03346567121787E-01     5.77414047356580E-01    -1.22092809733214E-01     2.98202092169191E-02    -7.31568620970510E-02     3.13472071705636E-02
         2.27394291855764     1.79074539344268E-01    -2.40743674837103E-01    -4.89177529940567E-01     5.16808370647937E-01    -6.62740546911011E-01     1.22491677780487E-01    -2.76925238765531E-02     2.76849134253138E-01    -1.18627930691059E-01
         0.70553141160975     2.81020064755433E-01    -2.58569361058592E-01    -1.34707774668324E-01    -6.62360179556106E-01    -3.72899382793635E-01     1.42645541475656E-02     4.66113735416482E-03     3.89597005239596E-01    -1.66939610122631E-01
         0.27115084058935    -3.53183081275965E-02    -2.30000836977317E-01    -1.67876733911273E-01     4.40832075635448E-01    -2.43966705443388E-01     2.58214299341764E-02    -3.05731455614425E-03     4.97875742401018E-01    -2.13336296758305E-01
         0.09276063298934     7.75914377724183E-01    -7.71207480921014E-02     5.77508886054513E-01     2.41852755168687E-01     2.49993108761724E-02     3.47196383720207E-01     9.37459175424363E-01     6.02670790459602E-01    -2.58240246815426E-01
         0.03061539107740     3.62928753013707E-01     8.34893644386237E-01    -3.77608927602785E-01     3.54966402217782E-03     1.67837173469790E-01     9.21234813752014E-01    -3.45663275866195E-01     3.93858435678573E-01     9.19171111733189E-01
K TZVP-MOLOPT-PBE-GTH-q9
 1
 2 0 2 6 4 3 1
         2.48747977586520    -3.92367491455784E-01     3.45382362483372E-01     4.88130665067447E-01     2.03346567121787E-01     5.77414047356580E-01    -1.22092809733214E-01     2.98202092169191E-02    -7.31568620970510E-02
         2.27394291855764     1.79074539344268E-01    -2.40743674837103E-01    -4.89177529940567E-01     5.16808370647937E-01    -6.62740546911011E-01     1.22491677780487E-01    -2.76925238765531E-02     2.76849134253138E-01
         0.70553141160975     2.81020064755433E-01    -2.58569361058592E-01    -1.34707774668324E-01    -6.62360179556106E-01    -3.72899382793635E-01     1.42645541475656E-02     4.66113735416482E-03     3.89597005239596E-01
         0.27115084058935    -3.53183081275965E-02    -2.30000836977317E-01    -1.67876733911273E-01     4.40832075635448E-01    -2.43966705443388E-01     2.58214299341764E-02    -3.05731455614425E-03     4.97875742401018E-01
         0.09276063298934     7.75914377724183E-01    -7.71207480921014E-02     5.77508886054513E-01     2.41852755168687E-01     2.49993108761724E-02     3.47196383720207E-01     9.37459175424363E-01     6.02670790459602E-01
         0.03061539107740     3.62928753013707E-01     8.34893644386237E-01    -3.77608927602785E-01     3.54966402217782E-03     1.67837173469790E-01     9.21234813752014E-01    -3.45663275866195E-01     3.93858435678573E-01
K DZVP-MOLOPT-PBE-GTH-q9
 1
 2 0 2 6 3 2 1
         2.48747977586520    -3.92367491455784E-01     3.45382362483372E-01     4.88130665067447E-01     5.77414047356580E-01    -1.22092809733214E-01    -7.31568620970510E-02
         2.27394291855764     1.79074539344268E-01    -2.40743674837103E-01    -4.89177529940567E-01    -6.62740546911011E-01     1.22491677780487E-01     2.76849134253138E-01
         0.70553141160975     2.81020064755433E-01    -2.58569361058592E-01    -1.34707774668324E-01    -3.72899382793635E-01     1.42645541475656E-02     3.89597005239596E-01
         0.27115084058935    -3.53183081275965E-02    -2.30000836977317E-01    -1.67876733911273E-01    -2.43966705443388E-01     2.58214299341764E-02     4.97875742401018E-01
         0.09276063298934     7.75914377724183E-01    -7.71207480921014E-02     5.77508886054513E-01     2.49993108761724E-02     3.47196383720207E-01     6.02670790459602E-01
         0.03061539107740     3.62928753013707E-01     8.34893644386237E-01    -3.77608927602785E-01     1.67837173469790E-01     9.21234813752014E-01     3.93858435678573E-01
P TZV2P-MOLOPT-PBE-GTH-Q5
 1
 2 0 3 4 3 3 2 1
         1.52997442810250     3.72140622491875E-01     2.94912996620757E-01    -7.17282511679776E-01     1.42007115981761E-01     1.02489790741895E-01     1.41577246248583E-01     2.58356603330289E-01    -6.28502463860785E-02     1.49619148548671E-01
         0.57215623734269    -2.86654463183099E-01    -3.54714954358767E-01     3.00878415642023E-01    -6.90107171500210E-01    -4.44463997488106E-01     5.67445251868649E-01     7.86129849829025E-01     5.91966557211443E-01     7.85558833487888E-01
         0.22147285204987    -8.55355955675672E-01     2.06831186295463E-02    -5.07546560722881E-01    -7.04204434492490E-01     3.54647334824100E-01    -5.96016566821706E-01     5.61466877410575E-01    -8.00245983980688E-01     5.83224077945255E-01
         0.07588507590177    -2.18418783346870E-01     8.87003852405489E-01     3.70640615876720E-01    -8.76480763943743E-02     8.16194134769871E-01     5.50205435769641E-01     2.58269128027405E-03     7.23312297366912E-02    -1.42692341846458E-01
P TZVP-MOLOPT-PBE-GTH-q5
 1
 2 0 2 4 3 3 1
         1.52997442810250     3.72140622491875E-01     2.94912996620757E-01    -7.17282511679776E-01     1.42007115981761E-01     1.02489790741895E-01     1.41577246248583E-01     2.58356603330289E-01
         0.57215623734269    -2.86654463183099E-01    -3.54714954358767E-01     3.00878415642023E-01    -6.90107171500210E-01    -4.44463997488106E-01     5.67445251868649E-01     7.86129849829025E-01
         0.22147285204987    -8.55355955675672E-01     2.06831186295463E-02    -5.07546560722881E-01    -7.04204434492490E-01     3.54647334824100E-01    -5.96016566821706E-01     5.61466877410575E-01
         0.07588507590177    -2.18418783346870E-01     8.87003852405489E-01     3.70640615876720E-01    -8.76480763943743E-02     8.16194134769871E-01     5.50205435769641E-01     2.58269128027405E-03
P DZVP-MOLOPT-PBE-GTH-q5
 1
 2 0 2 4 2 2 1
         1.52997442810250     3.72140622491875E-01     2.94912996620757E-01     1.42007115981761E-01     1.02489790741895E-01     2.58356603330289E-01
         0.57215623734269    -2.86654463183099E-01    -3.54714954358767E-01    -6.90107171500210E-01    -4.44463997488106E-01     7.86129849829025E-01
         0.22147285204987    -8.55355955675672E-01     2.06831186295463E-02    -7.04204434492490E-01     3.54647334824100E-01     5.61466877410575E-01
         0.07588507590177    -2.18418783346870E-01     8.87003852405489E-01    -8.76480763943743E-02     8.16194134769871E-01     2.58269128027405E-03
S TZV2P-MOLOPT-PBE-GTH-Q6
 1
 2 0 3 4 3 3 2 1
         1.90928473004308     3.15669989593405E-01    -1.65456324788273E-01     3.10548000189879E-01     2.12914054759076E-01     1.55419933935669E-01    -7.11939992762134E-01     7.69801068642102E-02    -1.88997576689492E-01    -1.06596717424030E-01
         1.19506924590343    -6.18859553620396E-02    -9.38673161414144E-02    -9.35734177878882E-01    -3.46018377109546E-01    -2.07811881091118E-01     5.31802271666964E-01     3.74453729277594E-01     9.11097678000808E-01     4.72918833714747E-01
         0.37255650459583    -7.61235407877732E-01     5.43670742015259E-01     1.15196623983730E-01    -8.19216679563436E-01    -3.21721314227605E-01    -4.50938487460970E-01     8.99702285348994E-01    -3.66075556598411E-01     8.72423546594614E-01
         0.11964558871342    -5.63065928637358E-01    -8.17456577332731E-01     1.21207366732185E-01    -4.04750441523642E-01     9.10579080686826E-01     8.35599849337092E-02     2.10699467287116E-01     1.30239782017599E-02     6.21455702329570E-02
S TZVP-MOLOPT-PBE-GTH-q6
 1
 2 0 2 4 3 3 1
         1.90928473004308     3.15669989593405E-01    -1.65456324788273E-01     3.10548000189879E-01     2.12914054759076E-01     1.55419933935669E-01    -7.11939992762134E-01     7.69801068642102E-02
         1.19506924590343    -6.18859553620396E-02    -9.38673161414144E-02    -9.35734177878882E-01    -3.46018377109546E-01    -2.07811881091118E-01     5.31802271666964E-01     3.74453729277594E-01
         0.37255650459583    -7.61235407877732E-01     5.43670742015259E-01     1.15196623983730E-01    -8.19216679563436E-01    -3.21721314227605E-01    -4.50938487460970E-01     8.99702285348994E-01
         0.11964558871342    -5.63065928637358E-01    -8.17456577332731E-01     1.21207366732185E-01    -4.04750441523642E-01     9.10579080686826E-01     8.35599849337092E-02     2.10699467287116E-01
S DZVP-MOLOPT-PBE-GTH-q6
 1
 2 0 2 4 2 2 1
         1.90928473004308     3.15669989593405E-01    -1.65456324788273E-01     2.12914054759076E-01     1.55419933935669E-01     7.69801068642102E-02
         1.19506924590343    -6.18859553620396E-02    -9.38673161414144E-02    -3.46018377109546E-01    -2.07811881091118E-01     3.74453729277594E-01
         0.37255650459583    -7.61235407877732E-01     5.43670742015259E-01    -8.19216679563436E-01    -3.21721314227605E-01     8.99702285348994E-01
         0.11964558871342    -5.63065928637358E-01    -8.17456577332731E-01    -4.04750441523642E-01     9.10579080686826E-01     2.10699467287116E-01
CL TZV2P-MOLOPT-PBE-GTH-Q7
 1
 2 0 3 4 3 3 2 1
         1.99824811943664     4.33846894941631E-01     3.07041170622732E-01     1.75957585523759E-02     3.45339975324402E-01     1.79965250304009E-01    -3.72667358036020E-01     9.05635141754461E-02    -2.17425270215822E-01    -1.43769165568981E-01
         1.50363082119869    -3.38194302379175E-01    -3.89997660747777E-02    -9.17322433894228E-01    -4.97369383451272E-01    -2.01781984518266E-01    -8.34831128966391E-01     2.85556761650639E-01     9.18680132432251E-01     4.08136672326571E-01
         0.40650884550636    -5.13548002397481E-01    -6.29188376955880E-01     3.25113335470044E-01    -6.70835040884209E-01    -3.34082727506389E-01     4.03493031418158E-01     9.41536415237722E-01    -2.84903780503556E-01     9.00979681734397E-01
         0.12853799110242    -6.58536206158268E-01     7.12970352884578E-01     2.29153356193791E-01    -4.28187278851352E-01     9.02931487206409E-01     3.70054044720497E-02     1.54158245180379E-01     1.66081010355251E-01     3.14721596903698E-02
CL TZVP-MOLOPT-PBE-GTH-q7
 1
 2 0 2 4 3 3 1
         1.99824811943664     4.33846894941631E-01     3.07041170622732E-01     1.75957585523759E-02     3.45339975324402E-01     1.79965250304009E-01    -3.72667358036020E-01     9.05635141754461E-02
         1.50363082119869    -3.38194302379175E-01    -3.89997660747777E-02    -9.17322433894228E-01    -4.97369383451272E-01    -2.01781984518266E-01    -8.34831128966391E-01     2.85556761650639E-01
         0.40650884550636    -5.13548002397481E-01    -6.29188376955880E-01     3.25113335470044E-01    -6.70835040884209E-01    -3.34082727506389E-01     4.03493031418158E-01     9.41536415237722E-01
         0.12853799110242    -6.58536206158268E-01     7.12970352884578E-01     2.29153356193791E-01    -4.28187278851352E-01     9.02931487206409E-01     3.70054044720497E-02     1.54158245180379E-01
CL DZVP-MOLOPT-PBE-GTH-q7
 1
 2 0 2 4 2 2 1
         1.99824811943664     4.33846894941631E-01     3.07041170622732E-01     3.45339975324402E-01     1.79965250304009E-01     9.05635141754461E-02
         1.50363082119869    -3.38194302379175E-01    -3.89997660747777E-02    -4.97369383451272E-01    -2.01781984518266E-01     2.85556761650639E-01
         0.40650884550636    -5.13548002397481E-01    -6.29188376955880E-01    -6.70835040884209E-01    -3.34082727506389E-01     9.41536415237722E-01
         0.12853799110242    -6.58536206158268E-01     7.12970352884578E-01    -4.28187278851352E-01     9.02931487206409E-01     1.54158245180379E-01
H TZV2P-MOLOPT-PBE-GTH-Q1
 1
 2 0 2 5 3 2 1
         9.42354063693337     1.73389254674243E-02    -1.21441381781897E-01     8.48842952201243E-01    -8.76722314909129E-02     1.38509912982294E-01     1.01583846424117E-05
         2.22615949373757     1.93701953472634E-01    -1.18295700700916E-01     4.34966851840939E-01     2.94035801652179E-01    -4.64264354132394E-01    -5.41805899933135E-06
         0.63906011750762     5.93968178416321E-01    -1.91886640436410E-01     8.47731161618519E-02     4.09268475073086E-01    -6.46177309023364E-01    -2.13029117448260E-05
         0.31891311049636     2.87977189530933E-01     9.48793640784133E-01     1.29845157344792E-01     1.56986057354678E-01    -2.47870371773730E-01     1.00804100896023E-05
         0.16139156624546     7.25568643357183E-01    -1.85008817130971E-01    -2.57338753762772E-01     8.44814311123899E-01     5.35059601902204E-01     9.99999999656012E-01
H TZVP-MOLOPT-PBE-GTH-q1
 1
 2 0 1 5 3 1
         9.42354063693337     1.73389254674243E-02    -1.21441381781897E-01     8.48842952201243E-01    -8.76722314909129E-02
         2.22615949373757     1.93701953472634E-01    -1.18295700700916E-01     4.34966851840939E-01     2.94035801652179E-01
         0.63906011750762     5.93968178416321E-01    -1.91886640436410E-01     8.47731161618519E-02     4.09268475073086E-01
         0.31891311049636     2.87977189530933E-01     9.48793640784133E-01     1.29845157344792E-01     1.56986057354678E-01
         0.16139156624546     7.25568643357183E-01    -1.85008817130971E-01    -2.57338753762772E-01     8.44814311123899E-01
H DZVP-MOLOPT-PBE-GTH-q1
 1
 2 0 1 5 2 1
         9.42354063693337     1.73389254674243E-02    -1.21441381781897E-01    -8.76722314909129E-02
         2.22615949373757     1.93701953472634E-01    -1.18295700700916E-01     2.94035801652179E-01
         0.63906011750762     5.93968178416321E-01    -1.91886640436410E-01     4.09268475073086E-01
         0.31891311049636     2.87977189530933E-01     9.48793640784133E-01     1.56986057354678E-01
         0.16139156624546     7.25568643357183E-01    -1.85008817130971E-01     8.44814311123899E-01
F TZV2P-MOLOPT-PBE-GTH-Q7
 1
 2 0 3 5 3 3 2 1
        13.30428004732790     1.38292090777636E-01    -4.13851185732434E-02    -3.68601172475513E-01    -9.35531482386367E-02     5.06296345689289E-02     1.31156005847365E-01    -3.26022751966033E-02     1.00541308351024E-01     9.72064409635608E-05
         4.80605774544240     1.37268979809070E-01    -3.39565337061055E-02    -2.68712697428403E-01    -2.95910126104609E-01     1.05677150923709E-01    -3.03933997040743E-01     1.33191225710905E-01    -4.08920622745241E-01     5.04092340544058E-06
         1.70698523266130    -5.18264453672791E-01     1.04861752881122E-01     6.94838249064691E-01    -5.65276724858415E-01     3.02716360438154E-01     7.47866109869779E-01     2.66499643835383E-01    -8.18034852203344E-01     5.83002400834836E-05
         0.58735472443375    -8.26267224974586E-01     4.59440905301858E-02    -5.51244775686392E-01    -6.52493507471700E-01     2.40526134346493E-01    -5.71224059806739E-01     9.50822081343244E-01     3.09737546860849E-01     9.99999990598423E-01
         0.17874874061685    -1.03522721189923E-01    -9.91981541717081E-01     7.24959778581021E-02    -3.97994287350983E-01    -9.14756231842929E-01     6.94376178966044E-02     7.81824693351836E-02    -2.39910404638869E-01    -7.70047573235798E-05
F TZVP-MOLOPT-PBE-GTH-q7
 1
 2 0 2 5 3 3 1
        13.30428004732790     1.38292090777636E-01    -4.13851185732434E-02    -3.68601172475513E-01    -9.35531482386367E-02     5.06296345689289E-02     1.31156005847365E-01    -3.26022751966033E-02
         4.80605774544240     1.37268979809070E-01    -3.39565337061055E-02    -2.68712697428403E-01    -2.95910126104609E-01     1.05677150923709E-01    -3.03933997040743E-01     1.33191225710905E-01
         1.70698523266130    -5.18264453672791E-01     1.04861752881122E-01     6.94838249064691E-01    -5.65276724858415E-01     3.02716360438154E-01     7.47866109869779E-01     2.66499643835383E-01
         0.58735472443375    -8.26267224974586E-01     4.59440905301858E-02    -5.51244775686392E-01    -6.52493507471700E-01     2.40526134346493E-01    -5.71224059806739E-01     9.50822081343244E-01
         0.17874874061685    -1.03522721189923E-01    -9.91981541717081E-01     7.24959778581021E-02    -3.97994287350983E-01    -9.14756231842929E-01     6.94376178966044E-02     7.81824693351836E-02
F DZVP-MOLOPT-PBE-GTH-q7
 1
 2 0 2 5 2 2 1
        13.30428004732790     1.38292090777636E-01    -4.13851185732434E-02    -9.35531482386367E-02     5.06296345689289E-02    -3.26022751966033E-02
         4.80605774544240     1.37268979809070E-01    -3.39565337061055E-02    -2.95910126104609E-01     1.05677150923709E-01     1.33191225710905E-01
         1.70698523266130    -5.18264453672791E-01     1.04861752881122E-01    -5.65276724858415E-01     3.02716360438154E-01     2.66499643835383E-01
         0.58735472443375    -8.26267224974586E-01     4.59440905301858E-02    -6.52493507471700E-01     2.40526134346493E-01     9.50822081343244E-01
         0.17874874061685    -1.03522721189923E-01    -9.91981541717081E-01    -3.97994287350983E-01    -9.14756231842929E-01     7.81824693351836E-02
