TA TZV2P-MOLOPT-PBE-GTH-Q13
 1
 2 0 3 6 4 3 3 2
         3.28440558552247     1.14517381990265E-01    -7.58597709740380E-03     5.56285902625133E-01    -1.57922154301114E-01     6.45227633402582E-01     1.05260151052171E-01     1.01650139409888E-01    -1.75478830344586E-01     3.77422149203548E-02    -7.51909903148706E-03     3.06132940303786E-02     3.21374084146534E-02
         3.11931638509114     2.56348555723833E-01     2.30642186887009E-01    -6.34436990982444E-01     2.22216680010337E-01    -5.71267745901552E-01    -4.22826379749904E-02    -1.55090577714736E-01     2.03160184826194E-01    -4.81612011198184E-02    -3.72523030560664E-02    -1.58960257332718E-02     4.16119431255158E-02
         1.05018258522389    -4.67061269527651E-01    -3.01437144547840E-01     2.38010602100028E-01     1.94125515625731E-02    -2.85214736280897E-01    -4.96975347161458E-01     5.47279502663120E-01     4.34103864217131E-01     3.73278413710553E-02     7.86386018939537E-01    -1.37022891301738E-01    -8.08806199210721E-01
         0.44792406646758    -4.39110139210803E-02    -2.84416676601621E-01     1.30179939450476E-01     9.25791395603519E-01    -2.60437132361839E-01    -1.67058713072170E-01    -2.80855273872879E-01     7.87385011825516E-01    -1.73203524948547E-01    -5.24288817007316E-01    -8.72521932781644E-01    -1.59611691494308E-01
         0.17094818095847    -7.17113530043627E-01    -2.18981150942838E-01    -4.19350991671103E-01    -1.45751492385275E-01    -2.97747088093412E-01     7.48903005346690E-01    -1.16045828594412E-01     3.19991897115420E-01     7.06041909839623E-01     1.19455237664651E-01    -4.53997141041151E-01     5.61981672834845E-01
         0.05435572681287    -4.32255671556095E-01     8.52664466287261E-01     1.96429583950073E-01     2.16726296147613E-01    -1.39664560334814E-01     3.89080529465898E-01     7.57464843164681E-01    -1.30831889870337E-01     6.82911426667906E-01    -3.01669423108725E-01     1.12369669374148E-01     4.20579674270105E-02
TA TZVP-MOLOPT-PBE-GTH-q13
 1
 2 0 3 6 4 3 3 1
         3.28440558552247     1.14517381990265E-01    -7.58597709740380E-03     5.56285902625133E-01    -1.57922154301114E-01     6.45227633402582E-01     1.05260151052171E-01     1.01650139409888E-01    -1.75478830344586E-01     3.77422149203548E-02    -7.51909903148706E-03     3.06132940303786E-02
         3.11931638509114     2.56348555723833E-01     2.30642186887009E-01    -6.34436990982444E-01     2.22216680010337E-01    -5.71267745901552E-01    -4.22826379749904E-02    -1.55090577714736E-01     2.03160184826194E-01    -4.81612011198184E-02    -3.72523030560664E-02    -1.58960257332718E-02
         1.05018258522389    -4.67061269527651E-01    -3.01437144547840E-01     2.38010602100028E-01     1.94125515625731E-02    -2.85214736280897E-01    -4.96975347161458E-01     5.47279502663120E-01     4.34103864217131E-01     3.73278413710553E-02     7.86386018939537E-01    -1.37022891301738E-01
         0.44792406646758    -4.39110139210803E-02    -2.84416676601621E-01     1.30179939450476E-01     9.25791395603519E-01    -2.60437132361839E-01    -1.67058713072170E-01    -2.80855273872879E-01     7.87385011825516E-01    -1.73203524948547E-01    -5.24288817007316E-01    -8.72521932781644E-01
         0.17094818095847    -7.17113530043627E-01    -2.18981150942838E-01    -4.19350991671103E-01    -1.45751492385275E-01    -2.97747088093412E-01     7.48903005346690E-01    -1.16045828594412E-01     3.19991897115420E-01     7.06041909839623E-01     1.19455237664651E-01    -4.53997141041151E-01
         0.05435572681287    -4.32255671556095E-01     8.52664466287261E-01     1.96429583950073E-01     2.16726296147613E-01    -1.39664560334814E-01     3.89080529465898E-01     7.57464843164681E-01    -1.30831889870337E-01     6.82911426667906E-01    -3.01669423108725E-01     1.12369669374148E-01
TA DZVP-MOLOPT-PBE-GTH-q13
 1
 2 0 3 6 3 2 2 1
         3.28440558552247     1.14517381990265E-01    -7.58597709740380E-03     5.56285902625133E-01     6.45227633402582E-01     1.05260151052171E-01    -1.75478830344586E-01     3.77422149203548E-02     3.06132940303786E-02
         3.11931638509114     2.56348555723833E-01     2.30642186887009E-01    -6.34436990982444E-01    -5.71267745901552E-01    -4.22826379749904E-02     2.03160184826194E-01    -4.81612011198184E-02    -1.58960257332718E-02
         1.05018258522389    -4.67061269527651E-01    -3.01437144547840E-01     2.38010602100028E-01    -2.85214736280897E-01    -4.96975347161458E-01     4.34103864217131E-01     3.73278413710553E-02    -1.37022891301738E-01
         0.44792406646758    -4.39110139210803E-02    -2.84416676601621E-01     1.30179939450476E-01    -2.60437132361839E-01    -1.67058713072170E-01     7.87385011825516E-01    -1.73203524948547E-01    -8.72521932781644E-01
         0.17094818095847    -7.17113530043627E-01    -2.18981150942838E-01    -4.19350991671103E-01    -2.97747088093412E-01     7.48903005346690E-01     3.19991897115420E-01     7.06041909839623E-01    -4.53997141041151E-01
         0.05435572681287    -4.32255671556095E-01     8.52664466287261E-01     1.96429583950073E-01    -1.39664560334814E-01     3.89080529465898E-01    -1.30831889870337E-01     6.82911426667906E-01     1.12369669374148E-01
O TZV2P-MOLOPT-PBE-GTH-Q6
 1
 2 0 3 5 3 3 2 1
        10.34256722623639    -1.36598767253985E-01     5.35898017733314E-02    -1.18707008771107E-01    -9.23673397522993E-02     5.82948619873808E-02     9.18414097966573E-02    -9.48396929864874E-02     1.47739306049945E-01    -6.27421636348332E-05
         3.67715896642206    -1.53365311059511E-01     9.09944842814309E-02    -2.82507973527509E-01    -2.98268574244154E-01     1.75273022378177E-01     2.27281538167357E-01     1.72695668110757E-01    -2.69128753144972E-01     1.08668748395417E-04
         1.30046451996361     5.48021970885945E-01    -2.61169567089594E-01     6.98682645593308E-01    -5.68604037326135E-01     3.64979965319240E-01     5.95584075165259E-01     4.96837623369842E-01    -7.73936715688092E-01     3.17226823696088E-04
         0.46645021946921     7.84538402757388E-01    -4.08365744734644E-02    -6.15550727563364E-01    -6.49207117094457E-01     1.42847181972710E-01    -7.45101990481658E-01     8.41535542399250E-01     5.40201745515093E-01     9.99999938769363E-01
         0.14793951916337     2.04917720496501E-01     9.58629734771334E-01     1.97579739611495E-01    -3.97144432185278E-01    -9.01257668045223E-01     1.73236517641798E-01    -7.84343402663362E-02     1.22257293978271E-01     7.79931889816245E-05
O TZVP-MOLOPT-PBE-GTH-q6
 1
 2 0 2 5 3 3 1
        10.34256722623639    -1.36598767253985E-01     5.35898017733314E-02    -1.18707008771107E-01    -9.23673397522993E-02     5.82948619873808E-02     9.18414097966573E-02    -9.48396929864874E-02
         3.67715896642206    -1.53365311059511E-01     9.09944842814309E-02    -2.82507973527509E-01    -2.98268574244154E-01     1.75273022378177E-01     2.27281538167357E-01     1.72695668110757E-01
         1.30046451996361     5.48021970885945E-01    -2.61169567089594E-01     6.98682645593308E-01    -5.68604037326135E-01     3.64979965319240E-01     5.95584075165259E-01     4.96837623369842E-01
         0.46645021946921     7.84538402757388E-01    -4.08365744734644E-02    -6.15550727563364E-01    -6.49207117094457E-01     1.42847181972710E-01    -7.45101990481658E-01     8.41535542399250E-01
         0.14793951916337     2.04917720496501E-01     9.58629734771334E-01     1.97579739611495E-01    -3.97144432185278E-01    -9.01257668045223E-01     1.73236517641798E-01    -7.84343402663362E-02
O DZVP-MOLOPT-PBE-GTH-q6
 1
 2 0 2 5 2 2 1
        10.34256722623639    -1.36598767253985E-01     5.35898017733314E-02    -9.23673397522993E-02     5.82948619873808E-02    -9.48396929864874E-02
         3.67715896642206    -1.53365311059511E-01     9.09944842814309E-02    -2.98268574244154E-01     1.75273022378177E-01     1.72695668110757E-01
         1.30046451996361     5.48021970885945E-01    -2.61169567089594E-01    -5.68604037326135E-01     3.64979965319240E-01     4.96837623369842E-01
         0.46645021946921     7.84538402757388E-01    -4.08365744734644E-02    -6.49207117094457E-01     1.42847181972710E-01     8.41535542399250E-01
         0.14793951916337     2.04917720496501E-01     9.58629734771334E-01    -3.97144432185278E-01    -9.01257668045223E-01    -7.84343402663362E-02
F TZV2P-MOLOPT-PBE-GTH-Q7
 1
 2 0 3 5 3 3 2 1
        13.30428004732790     1.38292090777636E-01    -4.13851185732434E-02    -3.68601172475513E-01    -9.35531482386367E-02     5.06296345689289E-02     1.31156005847365E-01    -3.26022751966033E-02     1.00541308351024E-01     9.72064409635608E-05
         4.80605774544240     1.37268979809070E-01    -3.39565337061055E-02    -2.68712697428403E-01    -2.95910126104609E-01     1.05677150923709E-01    -3.03933997040743E-01     1.33191225710905E-01    -4.08920622745241E-01     5.04092340544058E-06
         1.70698523266130    -5.18264453672791E-01     1.04861752881122E-01     6.94838249064691E-01    -5.65276724858415E-01     3.02716360438154E-01     7.47866109869779E-01     2.66499643835383E-01    -8.18034852203344E-01     5.83002400834836E-05
         0.58735472443375    -8.26267224974586E-01     4.59440905301858E-02    -5.51244775686392E-01    -6.52493507471700E-01     2.40526134346493E-01    -5.71224059806739E-01     9.50822081343244E-01     3.09737546860849E-01     9.99999990598423E-01
         0.17874874061685    -1.03522721189923E-01    -9.91981541717081E-01     7.24959778581021E-02    -3.97994287350983E-01    -9.14756231842929E-01     6.94376178966045E-02     7.81824693351836E-02    -2.39910404638869E-01    -7.70047573235798E-05
F TZVP-MOLOPT-PBE-GTH-q7
 1
 2 0 2 5 3 3 1
        13.30428004732790     1.38292090777636E-01    -4.13851185732434E-02    -3.68601172475513E-01    -9.35531482386367E-02     5.06296345689289E-02     1.31156005847365E-01    -3.26022751966033E-02
         4.80605774544240     1.37268979809070E-01    -3.39565337061055E-02    -2.68712697428403E-01    -2.95910126104609E-01     1.05677150923709E-01    -3.03933997040743E-01     1.33191225710905E-01
         1.70698523266130    -5.18264453672791E-01     1.04861752881122E-01     6.94838249064691E-01    -5.65276724858415E-01     3.02716360438154E-01     7.47866109869779E-01     2.66499643835383E-01
         0.58735472443375    -8.26267224974586E-01     4.59440905301858E-02    -5.51244775686392E-01    -6.52493507471700E-01     2.40526134346493E-01    -5.71224059806739E-01     9.50822081343244E-01
         0.17874874061685    -1.03522721189923E-01    -9.91981541717081E-01     7.24959778581021E-02    -3.97994287350983E-01    -9.14756231842929E-01     6.94376178966045E-02     7.81824693351836E-02
F DZVP-MOLOPT-PBE-GTH-q7
 1
 2 0 2 5 2 2 1
        13.30428004732790     1.38292090777636E-01    -4.13851185732434E-02    -9.35531482386367E-02     5.06296345689289E-02    -3.26022751966033E-02
         4.80605774544240     1.37268979809070E-01    -3.39565337061055E-02    -2.95910126104609E-01     1.05677150923709E-01     1.33191225710905E-01
         1.70698523266130    -5.18264453672791E-01     1.04861752881122E-01    -5.65276724858415E-01     3.02716360438154E-01     2.66499643835383E-01
         0.58735472443375    -8.26267224974586E-01     4.59440905301858E-02    -6.52493507471700E-01     2.40526134346493E-01     9.50822081343244E-01
         0.17874874061685    -1.03522721189923E-01    -9.91981541717081E-01    -3.97994287350983E-01    -9.14756231842929E-01     7.81824693351836E-02
