
PO SVP-MOLOPT-PBE-Q24
 2
 1 0 2 7 1 1 1
       277.85911711964133     9.87110842638833E-04    -7.41595177192572E-05    -2.47633955561275E-04
        19.90871936990064    -8.25342338293613E-02     5.67320214257243E-04     3.90460183086134E-02
        14.45879518840523     2.76418860296035E-01     3.51119922930171E-02    -5.64336683371472E-02
         6.84023486627841    -5.67182249577467E-01    -1.24809935504944E-02    -3.15553683550764E-02
         2.00173786553904     5.34117081117945E-01    -7.49887258005431E-01     7.46519674340924E-01
         0.90061739195812     5.40642641627272E-01     6.48895783160287E-01     4.00986181814195E-01
         0.58909903208246    -1.32319737785417E-01    -1.23346699685242E-01     5.25559991583882E-01
 1 0 2 4 3 3 1
         8.75673657729880     2.10914764767098E-02    -7.80183237617126E-04    -2.40885499784635E-03    -1.06691872587484E-01    -3.50229911356860E-03     3.03313425576074E-02     1.20938615973493E-02
         2.06806309906328     6.37291067646407E-01    -1.06754355535765E-01    -7.63038322857610E-01     8.86298108937442E-01    -4.43670605185015E-01     9.70543397360122E-02    -1.16134694938020E-01
         0.24962200027225     5.87374391606760E-01     7.08112677753273E-01     3.91725744652621E-01     3.66374141982714E-01     5.87615505733358E-01    -7.18656062142272E-01     8.41515836841169E-01
         0.07937406942985     4.98404021655848E-01    -6.97982331075327E-01     5.14118329029996E-01     2.62416642963287E-01     6.76647726233830E-01     6.87890928231520E-01     5.27463332838241E-01


PO TZVPP-MOLOPT-PBE-Q24
 2
 1 0 2 9 2 2 1
      6744.77541244021268     5.31090473090224E-06    -4.21420828820867E-05    -5.26349261620133E-06    -4.96960026171922E-05    -2.35657434907625E-06
       744.41201956487032     1.11130997533833E-03     1.94857196562322E-04    -8.37725578138972E-05     1.18420332520238E-03     1.42897503788167E-05
       131.10674779457995     8.80131374213788E-04    -7.76763565061642E-04     5.34769826364397E-04    -3.89456845349093E-03     1.16481949475964E-04
        19.57655168299640    -4.37714808280795E-01    -6.93487732050913E-03    -6.59456597706468E-03    -1.30549631266972E-01     1.86367412258307E-02
        16.42942414826444     7.59744882846176E-01    -5.87674159465329E-03     1.75054292460100E-02     3.27524364855134E-01    -1.22448328101566E-02
         7.07971499368916    -3.71359196546133E-01     3.44815795415078E-01    -1.61411736342339E-01    -6.65750094658059E-01    -9.37679318776212E-02
         2.18009313300104    -2.59869043252373E-01    -8.00703709477050E-01     3.46558866132891E-01     4.42819235115466E-01     6.16535827037039E-01
         1.13735599021547     1.24158799457792E-01    -3.79954714656799E-01     8.65244777428383E-01    -4.08071500554600E-01     5.59582869046470E-01
         0.60283487069159     1.01668431424708E-01    -3.09074068711514E-01     3.23796938575270E-01     2.64260474988806E-01     5.45399746762874E-01
 1 0 3 5 4 3 2 2
         3.60750342225986     6.30185709979389E-01     5.54970439225829E-03    -2.38608517352740E-01     2.00981942362827E-02    -5.03874869924297E-01     6.47669325810830E-01     1.56082793527470E-01     3.38029419474531E-01    -2.56571637096541E-01     6.29638489813664E-02     5.37337090911679E-02
         0.53535550141942     4.84942797840773E-01    -6.03963040140456E-01    -3.49662856419057E-01     5.86075536062234E-02    -1.73465811371619E-01    -4.36417962759905E-01    -2.99106911837989E-01    -2.14033480054131E-02    -3.87579101378534E-01     8.13435463702001E-01     2.05744245053772E-01
         0.47812408135086     4.33350393412568E-01     7.32492898186018E-01    -1.13243886476328E-01    -3.16616650834308E-01     8.12500565929776E-01     1.65163195138744E-01    -2.11083797260847E-02     9.26926835590402E-01     8.77856875730228E-02    -2.33882418394116E-01     6.18011277711958E-01
         0.14351256576722     2.84472208253768E-01    -2.72087103953388E-01     7.51147586403383E-01    -5.29671969742774E-01     2.06344566326863E-01     5.99091773373350E-01    -2.87713137636385E-01     4.98566851376734E-02     8.32225695647433E-01    -1.35203061433653E-01     7.42807968329229E-01
         0.05967955362902     3.14610001462977E-01     1.56909556416310E-01     4.93715492873884E-01     7.84450583613787E-01     1.15258310134804E-01    -6.22412422126597E-02     8.96074106082844E-01     1.53619532199904E-01    -2.89218774932899E-01    -5.11250864701910E-01    -1.45190829400467E-01


PO QZVPP-MOLOPT-PBE-Q24
 2
 1 0 2 11 2 2 1
      8913.50033128124778     9.18533628968668E-05    -9.09528532299788E-04     1.65764072334342E-03    -1.05528622263394E-03    -3.03519839804764E-05
      1338.94473732979645    -1.78756090838695E-05     3.13867513092577E-03    -1.12189088839361E-03     7.11191400198865E-04     4.43877306198176E-05
       299.49507178620814     1.67819086693583E-03    -1.16293793485788E-02     1.71165678789636E-03    -9.42834327696482E-04    -1.58987745618993E-04
        51.18257241056705     4.35266974299415E-04     4.94965589475836E-02    -1.62351309902870E-02     1.16824592771952E-02     4.84517843689790E-03
        23.01089142822323    -8.89698065273553E-02     8.00173314452331E-02    -6.96766371011491E-03    -1.64710471644020E-02    -2.20580235519213E-02
        14.37981529612242     4.15794673167082E-01    -4.90559120639390E-01     2.72286323502532E-01    -5.31144214358699E-02     1.01881868909732E-01
         8.76292442823414    -3.62064227027495E-01    -3.62839676630618E-01    -2.06266783848500E-01    -1.46584075368547E-01    -2.31781534818632E-01
         5.63857013979080    -4.87906497746416E-01     5.34675104808452E-01    -4.88627776394308E-01     3.23926236060874E-01    -2.74001041207400E-03
         2.42310727020477     6.20620936962789E-01     5.59646263624943E-01     5.94597236169927E-01    -7.49397392342924E-03     7.08447830559673E-01
         1.67506107502248     1.27601715189896E-01    -1.32296937302247E-01     5.33031497278576E-01     1.35506483346922E-01     6.24671170180594E-01
         0.86688396642343    -2.20454867493776E-01    -4.60068129979190E-02     8.10527834286251E-02     9.23003418408002E-01     2.08008262918334E-01
 1 0 4 6 5 4 3 4 1
         2.79329511068915     9.55946561818516E-02    -3.91454624912161E-01     2.73622769414127E-01    -8.01861544653551E-02    -1.49945747932611E-01    -4.54351319010629E-01    -4.37317735867927E-02     9.07848294668683E-03    -5.69548701363079E-03     9.30291890750745E-02     1.67131454722877E-02     1.08206903050877E-01     9.42408802045323E-01     2.79406516187279E-01     2.57547878235156E-02    -1.25722388643961E-01    -2.66312961298456E-02
         1.04922841139657     9.28903940031803E-01     2.17293308761027E-01    -1.41251216608385E-01     2.04721395305986E-01     1.44240539256101E-01    -1.21956509555843E-02    -4.59836939082500E-01     2.46028985429657E-04     5.44278513780285E-03     5.96860359014927E-01    -3.52448838591199E-01    -2.82633672477456E-01    -3.15204859601907E-01     9.11355225566354E-01     1.07882723808541E-01    -8.79936930445194E-02     1.19890387789974E-01
         0.47459278702770    -2.40391389823006E-01     5.81141456679194E-01    -5.79292948595806E-01    -1.86469675898745E-01     8.92143336747595E-02     8.26096149218284E-01     2.95928777089818E-01    -2.58568123441377E-02    -8.31868992351016E-02     7.16069136681160E-01    -1.57386509247904E-01     2.36440619228573E-01    -1.56711501236229E-02    -1.82034874829454E-01     9.49909420424444E-01    -1.34247229492782E-01     7.85619596549862E-01
         0.23214149955066     1.30096025934721E-01     4.74815161158316E-01     3.53786533893008E-01    -3.07717159580000E-01    -7.30245546498159E-01    -3.15823419410681E-01     7.19384882279458E-01    -3.52246415148352E-01    -3.29929724326567E-01     3.07183464521334E-01     8.23864244132218E-01    -4.67239686718015E-01     1.01874006082934E-01     1.32423716447533E-01     1.78368098464919E-01     9.57373951446822E-01     5.65355908916925E-01
         0.11737811858438    -2.30328494425784E-01     3.94438103238889E-01     3.84571393555394E-01     7.82696232642659E-01     5.66349746407130E-02    -1.05973258719705E-01     4.06437812355076E-01     7.97460023118941E-01     3.79338460487612E-01     1.55404380872565E-01     3.54708657479083E-01     7.59869291243795E-01     4.33242097290166E-02     1.67016282876128E-01     1.34663991400803E-01    -2.03965967935761E-01    -2.19257261685851E-01
         0.05388463286135     1.53271097527699E-02     2.84236956391774E-01     5.44553289648318E-01    -4.57804705101697E-01     6.42094746627052E-01     2.55606061458286E-03     1.27895958341562E-01    -4.89110335624589E-01     8.60387463131556E-01    -6.19360221485823E-02    -2.14847502198030E-01    -2.38308712121812E-01    -3.26513408841981E-03    -1.13121511956289E-01    -1.88203434258588E-01     1.61763211727208E-02     4.22704974965909E-03
