LI TZVPP-MOLOPT-PBE-AE
 2
 1 0 0 6 1
      6269.05902445069205     4.94154676844571E-04
       940.41925404187111     3.72707673041320E-03
       214.08921465403049     1.95145274204686E-02
        60.72551883313157     8.19883916966160E-02
        18.08674180904795     3.30848975874013E-01
         5.65703977024827     9.39905264758037E-01
 1 0 2 5 4 3 1
         1.93355815082419    -2.78745289773973E-01     7.80065854352457E-01    -5.00620149596719E-01     2.50987157462956E-01     7.38060209671180E-01     4.92222880342016E-02     1.56204440559924E-02    -6.09866989657824E-02
         0.68092751750255     3.13096490690210E-01     4.49138520048241E-01     1.11412240063068E-01    -8.18886376542231E-01    -6.55724607915613E-01     1.14949399813045E-01     1.91750609543193E-01     1.47999898187749E-01
         0.23763560075066    -2.94238308155323E-01     1.39881679224605E-01     3.40504701527789E-01    -1.29412642757601E-01     1.56340047718932E-01     3.69597800578232E-01     7.58288274705807E-01     8.51730630402629E-01
         0.07100663300231     6.67155562568116E-01     3.51696895638160E-01     4.26174246934190E-01     4.93844524529602E-01    -8.04463740828013E-03    -4.56512993180201E-01     6.22436014525419E-01     4.92953968193893E-01
         0.02464598294384    -5.40924139131000E-01     2.15671653441134E-01     6.62871660330592E-01     7.61610306444597E-02     2.80256804067277E-02    -7.99598120751097E-01     2.36644402577159E-02    -7.69933189407197E-02
