PO TZVPP-MOLOPT-PBE-Q24
 2
 1 0 2 9 2 2 1
      6744.77541244021268     5.31090473090224E-06    -4.21420828820867E-05    -5.26349261620133E-06    -4.96960026171922E-05    -2.35657434907625E-06
       744.41201956487032     1.11130997533833E-03     1.94857196562322E-04    -8.37725578138972E-05     1.18420332520238E-03     1.42897503788167E-05
       131.10674779457995     8.80131374213788E-04    -7.76763565061642E-04     5.34769826364397E-04    -3.89456845349093E-03     1.16481949475964E-04
        19.57655168299640    -4.37714808280795E-01    -6.93487732050913E-03    -6.59456597706468E-03    -1.30549631266972E-01     1.86367412258307E-02
        16.42942414826444     7.59744882846176E-01    -5.87674159465329E-03     1.75054292460100E-02     3.27524364855134E-01    -1.22448328101566E-02
         7.07971499368916    -3.71359196546133E-01     3.44815795415078E-01    -1.61411736342339E-01    -6.65750094658059E-01    -9.37679318776212E-02
         2.18009313300104    -2.59869043252373E-01    -8.00703709477050E-01     3.46558866132891E-01     4.42819235115466E-01     6.16535827037039E-01
         1.13735599021547     1.24158799457792E-01    -3.79954714656799E-01     8.65244777428383E-01    -4.08071500554600E-01     5.59582869046470E-01
         0.60283487069159     1.01668431424708E-01    -3.09074068711514E-01     3.23796938575270E-01     2.64260474988806E-01     5.45399746762874E-01
 1 0 3 5 4 3 2 2
         3.60750342225986     6.30185709979389E-01     5.54970439225829E-03    -2.38608517352740E-01     2.00981942362827E-02    -5.03874869924297E-01     6.47669325810830E-01     1.56082793527470E-01     3.38029419474531E-01    -2.56571637096541E-01     6.29638489813664E-02     5.37337090911679E-02
         0.53535550141942     4.84942797840773E-01    -6.03963040140456E-01    -3.49662856419057E-01     5.86075536062234E-02    -1.73465811371619E-01    -4.36417962759905E-01    -2.99106911837989E-01    -2.14033480054131E-02    -3.87579101378534E-01     8.13435463702001E-01     2.05744245053772E-01
         0.47812408135086     4.33350393412568E-01     7.32492898186018E-01    -1.13243886476328E-01    -3.16616650834308E-01     8.12500565929776E-01     1.65163195138744E-01    -2.11083797260847E-02     9.26926835590402E-01     8.77856875730228E-02    -2.33882418394116E-01     6.18011277711958E-01
         0.14351256576722     2.84472208253768E-01    -2.72087103953388E-01     7.51147586403383E-01    -5.29671969742774E-01     2.06344566326863E-01     5.99091773373350E-01    -2.87713137636385E-01     4.98566851376734E-02     8.32225695647433E-01    -1.35203061433653E-01     7.42807968329229E-01
         0.05967955362902     3.14610001462977E-01     1.56909556416310E-01     4.93715492873884E-01     7.84450583613787E-01     1.15258310134804E-01    -6.22412422126597E-02     8.96074106082844E-01     1.53619532199904E-01    -2.89218774932899E-01    -5.11250864701910E-01    -1.45190829400467E-01
LI TZVPP-MOLOPT-PBE-AE
 2
 1 0 0 6 1
      6269.05902445069205     4.94154676844571E-04
       940.41925404187111     3.72707673041320E-03
       214.08921465403049     1.95145274204686E-02
        60.72551883313157     8.19883916966160E-02
        18.08674180904795     3.30848975874013E-01
         5.65703977024827     9.39905264758037E-01
 1 0 2 5 4 3 1
         1.93355815082419    -2.78745289773973E-01     7.80065854352457E-01    -5.00620149596719E-01     2.50987157462956E-01     7.38060209671180E-01     4.92222880342014E-02     1.56204440559924E-02    -6.09866989657824E-02
         0.68092751750255     3.13096490690210E-01     4.49138520048241E-01     1.11412240063068E-01    -8.18886376542231E-01    -6.55724607915613E-01     1.14949399813045E-01     1.91750609543193E-01     1.47999898187749E-01
         0.23763560075066    -2.94238308155323E-01     1.39881679224605E-01     3.40504701527789E-01    -1.29412642757601E-01     1.56340047718932E-01     3.69597800578232E-01     7.58288274705807E-01     8.51730630402629E-01
         0.07100663300231     6.67155562568116E-01     3.51696895638160E-01     4.26174246934190E-01     4.93844524529602E-01    -8.04463740828013E-03    -4.56512993180201E-01     6.22436014525419E-01     4.92953968193893E-01
         0.02464598294384    -5.40924139131000E-01     2.15671653441134E-01     6.62871660330592E-01     7.61610306444600E-02     2.80256804067277E-02    -7.99598120751097E-01     2.36644402577157E-02    -7.69933189407197E-02
H TZVPP-MOLOPT-PBE-AE
 1
 1 0 2 5 3 2 1
        34.17773832674855    -4.67038702307212E-01     3.25930727691839E-01    -1.51283436822271E-01    -1.00054440080746E-01     7.49322156514700E-02     1.29694886730211E-02
         4.94770130521271    -8.38132979846024E-02     2.28656356488893E-01    -2.28133785557746E-02     1.35570007424312E-01    -4.78523016653350E-02    -4.42398660674758E-02
         1.06512662518152     8.14717082181122E-01     2.11440298046549E-01     2.96545250287854E-01     9.76472815332876E-01     6.34720246090092E-02     9.35175251752971E-01
         0.29382327136550    -1.33307568322592E-01     8.19165770735029E-01     3.66068869122815E-01    -2.64980945419224E-02     9.79893619096044E-01     2.87655408521357E-01
         0.09137129667664    -3.05475612542697E-01    -3.54606643763996E-01     8.68704419864991E-01     1.31941555275947E-01    -1.66958430843673E-01    -2.01435451376045E-01
O TZVPP-MOLOPT-PBE-AE
 2
 1 0 0 6 1
     27032.34110717467047     7.35264897360634E-04
      4052.43915960016602     8.66846509689763E-03
       922.34965292725667     3.34607178584762E-02
       261.27735857055188     1.68914563970243E-01
        85.30942400544160     3.28333881314405E-01
        31.08080221478707     9.28692322525900E-01
 1 0 3 6 4 3 2 1
        62.91495630413323     1.16332726109966E-01    -5.81371416541881E-02     1.11937556008261E-02     5.75105170781195E-02    -1.16673038976174E-01     1.57254063503839E-01    -3.81929188419382E-02     1.36166697203113E-01    -8.71583721921845E-02     3.21000644845466E-04
        12.30944986692977     8.69241308775708E-01    -1.42460076990705E-02    -1.06600413011436E-01    -2.47597695986788E-02     1.45932079266690E-01    -6.05243600472558E-02     1.73638156652357E-02    -3.58452443966721E-02     4.76694147153259E-02     4.38837435813283E-02
         4.39539910954103     4.65741956926282E-01    -6.40342096322616E-02    -3.00344470998384E-02    -3.98106989985228E-03     3.91422103647488E-01     5.26377359502661E-02    -3.09523103597808E-02     7.70731222820744E-01    -3.53322944888660E-01    -1.34769543790620E-01
         1.33540846189799     9.21608149605863E-03     9.33076668604289E-01    -3.27550581669708E-01    -1.21459202569881E-01     9.00080356671289E-01     4.50466786404856E-02    -1.97504472088648E-02     5.53665920222864E-01     3.94485051877056E-01     9.40647803425498E-01
         0.45443287552085     9.32917636734327E-02     2.31107250617785E-01     8.41720615852045E-01    -4.78471205438802E-01    -3.61150582409544E-02     9.80775789580233E-01    -6.12678902654526E-02     1.14853463706434E-01     8.35162106564474E-01     2.94962206933611E-01
         0.14893102365245     7.19887781862831E-02     2.61293155746377E-01     4.14519004469322E-01     8.67396456641546E-01     2.07610475621550E-02     6.99062044682833E-02     9.96563053096360E-01     2.57701109533086E-01    -1.10361865139449E-01     8.99460419695147E-02
