Cl admm-dz
    4
1 0 0 2 1
        2.24358199   -0.32163413
        0.52430976    0.70022536
1 0 0 1 1
        0.18696925    0.50807152
1 1 1 2 1
        4.70087402   -0.02963624
        0.63507077    0.55706511
1 1 1 1 1
        0.17925270    0.55957164

Cl admm-dzp
    5
1 0 0 2 1
        2.24358199   -0.32163413
        0.52430976    0.70022536
1 0 0 1 1
        0.18696925    0.50807152
1 1 1 2 1
        4.70087402   -0.02963624
        0.63507077    0.55706511
1 1 1 1 1
        0.17925270    0.55957164
1 2 2 1 1
        0.60000000      1.00000000

Cl admm-tzp
    7
1 0 0 2 1
        5.52239650      0.03349401
        2.59360819     -0.32237601
1 0 0 1 1
        0.47853110      1.00000000
1 0 0 1 1
        0.17443305      1.00000000
1 1 1 2 1
        3.90350481      0.01904474
        0.81707805     -0.73450067
1 1 1 1 1
        0.32085929      1.00000000
1 1 1 1 1
        0.11318071      1.00000000
1 2 2 1 1
        0.60000000      1.0000000

Cl admm-tz2p
    9
1 0 0 2 1
        5.52239650      0.03349401
        2.59360819     -0.32237601
1 0 0 1 1
        0.47853110      1.00000000
1 0 0 1 1
        0.17443305      1.00000000
1 1 1 2 1
        3.90350481      0.01904474
        0.81707805     -0.73450067
1 1 1 1 1
        0.32085929      1.00000000
1 1 1 1 1
        0.11318071      1.00000000
1 2 2 1 1
        1.04600000      1.00000000
1 2 2 1 1
        0.34400000      1.00000000
1 3 3 1 1
        0.70600000      1.00000000

