  BASIS_TYPE GAUSSIAN
  S_EXPONENTS           5.52239650 \
                        2.59360819 \
                        0.47853110 \
                        0.17443305
  P_EXPONENTS           3.90350481 \
                        0.81707805 \
                        0.32085929 \
                        0.11318071

  ORBITAL COEFFICENTS (Quickstep normalization)
  L Quantum Number:  0
        5.52239650    0.00000000  0.03349401 -0.07139968  0.00000000  0.00000000  0.00000000
        2.59360819    0.00000000 -0.32237601  0.15081272  0.00000000  0.00000000  0.00000000
        0.47853110    0.00000000  0.73922071  0.25358148  0.00000000  0.00000000  0.00000000
        0.17443305    0.00000000  0.43874551  0.07821385  0.00000000  0.00000000  0.00000000
  L Quantum Number:  1
        3.90350481    0.01904474 -0.04059796  0.00000000  0.00000000  0.00000000  0.00000000
        0.81707805   -0.73450067  0.34361132  0.00000000  0.00000000  0.00000000  0.00000000
        0.32085929    1.52526081  0.52322382  0.00000000  0.00000000  0.00000000  0.00000000
        0.11318071    1.56224581  0.27849689  0.00000000  0.00000000  0.00000000  0.00000000
