Rh admm-dz
    7
1 0 0 2 1
        2.35967774    4.70298620  
        2.11799693   -4.78686972 
1 0 0 1 1
        0.66763892    1.00000000
1 0 0 1 1
        0.08295544    1.00000000
2 1 1 2 1
        3.90769624   -0.13350785 
        1.38489488    0.73837568
2 1 1 1 1
        0.52471972    1.00000000
2 2 2 2 1
        1.47084843   -0.49492465 
        0.51779786   -0.48177947
2 2 2 1 1
        0.17071520    1.00000000

Rh admm-dzp
    8
1 0 0 2 1
        2.35967774    4.70298620  
        2.11799693   -4.78686972 
1 0 0 1 1
        0.66763892    1.00000000
1 0 0 1 1
        0.08295544    1.00000000
2 1 1 2 1
        3.90769624   -0.13350785 
        1.38489488    0.73837568  
2 1 1 1 1
        0.52471972    1.00000000
2 2 2 2 1
        1.47084843   -0.49492465 
        0.51779786   -0.48177947 
2 2 2 1 1
        0.17071520    1.00000000
3 3 3 1 1
      0.9936000       1.0000000

Rh admm-tzp
   11
1 0 0 2 1
        5.27379745    1.14041961 
        4.73422360   -1.61802316
1 0 0 1 1
        1.06891542    1.00000000
1 0 0 1 1
        0.43219325    1.00000000
1 0 0 1 1
        0.07957116    1.00000000
2 1 1 2 1
        2.73758690   -1.42816693  
        2.44764415    1.62295640 
2 1 1 1 1
        0.92691903    1.00000000
2 1 1 1 1
        0.38288140    1.00000000
2 2 2 2 1
        1.48265447   -0.48395098 
        0.54559250   -0.45433576
2 2 2 1 1
        0.20841387    1.00000000
2 2 2 1 1
        0.07995974    1.00000000
3 3 3 1 1
      0.9936000       1.0000000

Rh admm-tz2p
   13
1 0 0 2 1
        5.27379745    1.14041961  
        4.73422360   -1.61802316 
1 0 0 1 1
        1.06891542    1.00000000
1 0 0 1 1
        0.43219325    1.00000000
1 0 0 1 1
        0.07957116    1.00000000
2 1 1 2 1
        2.73758690   -1.42816693  
        2.44764415    1.62295640  
2 1 1 1 1
        0.92691903    1.00000000
2 1 1 1 1
        0.38288140    1.00000000
2 2 2 2 1
        1.48265447   -0.48395098 
        0.54559250   -0.45433576 
2 2 2 1 1
        0.20841387    1.00000000
2 2 2 1 1
        0.07995974    1.00000000
3 3 3 1 1
      1.9606000       1.0000000
3 3 3 1 1
      0.5553000       1.0000000
4 4 4 1 1
      1.1907000       1.0000000
