NI TZV2P-MOLOPT-SCAN-GTH-Q18
 1
 2 0 3 6 4 3 3 2
         9.89902768171957    -2.24658453715686E-01     1.20884284107892E-01     1.88759936857591E-02     8.23718057747784E-01    -1.50783263915234E-01     4.41295785117380E-02     2.26884684348651E-02     1.54073493868512E-01    -1.10950389576709E-01     3.12053825944554E-02    -4.22167872050695E-02     6.55226791257014E-03
         5.29113639904767    -1.29567372325709E-01     7.18530810415333E-02     1.99475245486420E-02    -1.91260557737356E-01     3.64233351763869E-01    -1.44985752154093E-01    -1.87481709215743E-02     4.50922577755166E-01    -1.46381475948302E-01     1.05429148228139E-01     8.46640848425029E-02    -4.00108361118003E-02
         2.05332171178252     7.87894376235133E-01    -3.20736089592328E-01    -2.53088894336112E-01    -1.48729446701559E-02     7.26972937724245E-01    -4.01126210974588E-01     1.05650053471818E-01     6.09367419422354E-01    -3.73630659663931E-01     1.53836806869802E-01    -1.63900556859426E-02    -3.93987952437182E-02
         0.70577760316176     2.85762554209640E-01     1.09283458695835E-02    -3.48784728374081E-01     4.96672515254118E-01     3.74593811931878E-01    -7.07858876218887E-02    -2.17217847685535E-01     5.55937902202679E-01     9.83652521021705E-02    -1.19323516326788E-01     4.95047455091495E-01    -1.87945551349304E-01
         0.21506982828529     1.15291589789882E-01    -5.58096641268514E-01     7.72588853429025E-01     1.94248050243468E-01     3.96775823440618E-01     8.55104755079581E-01    -2.79796316249298E-01     3.01582091647677E-01     7.91618298081220E-01    -3.82709074823603E-01     7.94211162247563E-01    -2.80167623014241E-01
         0.05559249774783     4.65844329186310E-01     7.52170988336390E-01     4.65454059495376E-01     1.64579305749901E-02     1.35488902120697E-01     2.82691865457303E-01     9.28709983659465E-01     3.97847508000655E-02     4.36265231290483E-01     8.96404383162085E-01     3.39024702137299E-01     9.39673618047637E-01
NI TZVP-MOLOPT-SCAN-GTH-q18
 1
 2 0 3 6 4 3 3 1
         9.89902768171957    -2.24658453715686E-01     1.20884284107892E-01     1.88759936857591E-02     8.23718057747784E-01    -1.50783263915234E-01     4.41295785117380E-02     2.26884684348651E-02     1.54073493868512E-01    -1.10950389576709E-01     3.12053825944554E-02    -4.22167872050695E-02
         5.29113639904767    -1.29567372325709E-01     7.18530810415333E-02     1.99475245486420E-02    -1.91260557737356E-01     3.64233351763869E-01    -1.44985752154093E-01    -1.87481709215743E-02     4.50922577755166E-01    -1.46381475948302E-01     1.05429148228139E-01     8.46640848425029E-02
         2.05332171178252     7.87894376235133E-01    -3.20736089592328E-01    -2.53088894336112E-01    -1.48729446701559E-02     7.26972937724245E-01    -4.01126210974588E-01     1.05650053471818E-01     6.09367419422354E-01    -3.73630659663931E-01     1.53836806869802E-01    -1.63900556859426E-02
         0.70577760316176     2.85762554209640E-01     1.09283458695835E-02    -3.48784728374081E-01     4.96672515254118E-01     3.74593811931878E-01    -7.07858876218887E-02    -2.17217847685535E-01     5.55937902202679E-01     9.83652521021705E-02    -1.19323516326788E-01     4.95047455091495E-01
         0.21506982828529     1.15291589789882E-01    -5.58096641268514E-01     7.72588853429025E-01     1.94248050243468E-01     3.96775823440618E-01     8.55104755079581E-01    -2.79796316249298E-01     3.01582091647677E-01     7.91618298081220E-01    -3.82709074823603E-01     7.94211162247563E-01
         0.05559249774783     4.65844329186310E-01     7.52170988336390E-01     4.65454059495376E-01     1.64579305749901E-02     1.35488902120697E-01     2.82691865457303E-01     9.28709983659465E-01     3.97847508000655E-02     4.36265231290483E-01     8.96404383162085E-01     3.39024702137299E-01
NI DZVP-MOLOPT-SCAN-GTH-q18
 1
 2 0 3 6 3 2 2 1
         9.89902768171957    -2.24658453715686E-01     1.20884284107892E-01     1.88759936857591E-02    -1.50783263915234E-01     4.41295785117380E-02     1.54073493868512E-01    -1.10950389576709E-01    -4.22167872050695E-02
         5.29113639904767    -1.29567372325709E-01     7.18530810415333E-02     1.99475245486420E-02     3.64233351763869E-01    -1.44985752154093E-01     4.50922577755166E-01    -1.46381475948302E-01     8.46640848425029E-02
         2.05332171178252     7.87894376235133E-01    -3.20736089592328E-01    -2.53088894336112E-01     7.26972937724245E-01    -4.01126210974588E-01     6.09367419422354E-01    -3.73630659663931E-01    -1.63900556859426E-02
         0.70577760316176     2.85762554209640E-01     1.09283458695835E-02    -3.48784728374081E-01     3.74593811931878E-01    -7.07858876218887E-02     5.55937902202679E-01     9.83652521021705E-02     4.95047455091495E-01
         0.21506982828529     1.15291589789882E-01    -5.58096641268514E-01     7.72588853429025E-01     3.96775823440618E-01     8.55104755079581E-01     3.01582091647677E-01     7.91618298081220E-01     7.94211162247563E-01
         0.05559249774783     4.65844329186310E-01     7.52170988336390E-01     4.65454059495376E-01     1.35488902120697E-01     2.82691865457303E-01     3.97847508000655E-02     4.36265231290483E-01     3.39024702137299E-01
S TZV2P-MOLOPT-SCAN-GTH-Q6
 1
 2 0 3 4 3 3 2 1
         1.88982592125518     3.26660680903398E-01    -1.40113335745630E-01     1.93795547447914E-01     2.05757289488259E-01     1.31587103765163E-01    -9.69040236129065E-01     8.63181897573166E-02    -8.64361605545401E-02    -1.04408317769072E-01
         1.15800216982202    -7.89841314278472E-02    -1.32842309185549E-01    -9.64892424437983E-01    -3.49827240399351E-01    -1.70936424818098E-01    -1.31538381888276E-01     3.62126019596262E-01     9.26019712676593E-01     5.14360683415711E-01
         0.37325162853195    -7.39935765807641E-01     5.77184184804776E-01     5.61299447894683E-02    -8.28100896626626E-01    -3.25058953530420E-01    -2.04724337489893E-01     9.02338526329730E-01    -3.67114746487850E-01     8.44332730372367E-01
         0.12418523801761    -5.82708648479647E-01    -7.93460516250008E-01     1.68152681660109E-01    -3.86695933135065E-01     9.20761776749454E-01     4.17925889658120E-02     2.17253538404969E-01     1.55898939737292E-02     1.07862092315605E-01
S TZVP-MOLOPT-SCAN-GTH-q6
 1
 2 0 2 4 3 3 1
         1.88982592125518     3.26660680903398E-01    -1.40113335745630E-01     1.93795547447914E-01     2.05757289488259E-01     1.31587103765163E-01    -9.69040236129065E-01     8.63181897573166E-02
         1.15800216982202    -7.89841314278472E-02    -1.32842309185549E-01    -9.64892424437983E-01    -3.49827240399351E-01    -1.70936424818098E-01    -1.31538381888276E-01     3.62126019596262E-01
         0.37325162853195    -7.39935765807641E-01     5.77184184804776E-01     5.61299447894683E-02    -8.28100896626626E-01    -3.25058953530420E-01    -2.04724337489893E-01     9.02338526329730E-01
         0.12418523801761    -5.82708648479647E-01    -7.93460516250008E-01     1.68152681660109E-01    -3.86695933135065E-01     9.20761776749454E-01     4.17925889658120E-02     2.17253538404969E-01
S DZVP-MOLOPT-SCAN-GTH-q6
 1
 2 0 2 4 2 2 1
         1.88982592125518     3.26660680903398E-01    -1.40113335745630E-01     2.05757289488259E-01     1.31587103765163E-01     8.63181897573166E-02
         1.15800216982202    -7.89841314278472E-02    -1.32842309185549E-01    -3.49827240399351E-01    -1.70936424818098E-01     3.62126019596262E-01
         0.37325162853195    -7.39935765807641E-01     5.77184184804776E-01    -8.28100896626626E-01    -3.25058953530420E-01     9.02338526329730E-01
         0.12418523801761    -5.82708648479647E-01    -7.93460516250008E-01    -3.86695933135065E-01     9.20761776749454E-01     2.17253538404969E-01
CL TZV2P-MOLOPT-SCAN-GTH-Q7
 1
 2 0 3 4 3 3 2 1
         1.99031135450461     4.85018816633289E-01     1.94158525239581E-01    -1.02487019822790E-01     3.26464872695311E-01     1.51626624474172E-01    -3.04303079631876E-01     1.14349988907458E-01    -6.94120784194127E-02    -3.74274318976047E-02
         1.46501921747017    -3.69443122264159E-01     8.84925501203065E-02    -9.21581198729358E-01    -4.91090003440862E-01    -1.60659090706497E-01    -8.51979523656754E-01     2.49763916797096E-01     9.08906621638742E-01     2.75533996785233E-01
         0.40655378963524    -5.57894471564660E-01    -6.37209072162332E-01     2.04948617227288E-01    -6.93734950650820E-01    -3.56105172703454E-01     4.21045721459141E-01     9.48735957067630E-01    -2.80461592308605E-01     9.57496717801440E-01
         0.13370286337397    -5.63047320854067E-01     7.40564739914085E-01     3.13337787719621E-01    -4.13501044329990E-01     9.07957669331436E-01     6.51999036588082E-02     1.56339853108561E-01     3.00685902147853E-01    -7.66827187609711E-02
CL TZVP-MOLOPT-SCAN-GTH-q7
 1
 2 0 2 4 3 3 1
         1.99031135450461     4.85018816633289E-01     1.94158525239581E-01    -1.02487019822790E-01     3.26464872695311E-01     1.51626624474172E-01    -3.04303079631876E-01     1.14349988907458E-01
         1.46501921747017    -3.69443122264159E-01     8.84925501203065E-02    -9.21581198729358E-01    -4.91090003440862E-01    -1.60659090706497E-01    -8.51979523656754E-01     2.49763916797096E-01
         0.40655378963524    -5.57894471564660E-01    -6.37209072162332E-01     2.04948617227288E-01    -6.93734950650820E-01    -3.56105172703454E-01     4.21045721459141E-01     9.48735957067630E-01
         0.13370286337397    -5.63047320854067E-01     7.40564739914085E-01     3.13337787719621E-01    -4.13501044329990E-01     9.07957669331436E-01     6.51999036588082E-02     1.56339853108561E-01
CL DZVP-MOLOPT-SCAN-GTH-q7
 1
 2 0 2 4 2 2 1
         1.99031135450461     4.85018816633289E-01     1.94158525239581E-01     3.26464872695311E-01     1.51626624474172E-01     1.14349988907458E-01
         1.46501921747017    -3.69443122264159E-01     8.84925501203065E-02    -4.91090003440862E-01    -1.60659090706497E-01     2.49763916797096E-01
         0.40655378963524    -5.57894471564660E-01    -6.37209072162332E-01    -6.93734950650820E-01    -3.56105172703454E-01     9.48735957067630E-01
         0.13370286337397    -5.63047320854067E-01     7.40564739914085E-01    -4.13501044329990E-01     9.07957669331436E-01     1.56339853108561E-01
O TZV2P-MOLOPT-SCAN-GTH-Q6
 1
 2 0 3 5 3 3 2 1
        10.25781699497238    -1.37093335568261E-01     6.42341766590814E-02    -7.17088581420037E-01    -1.01541960662273E-01     5.12250917317880E-02     1.18360216509634E-01    -1.55308630843787E-02     3.18602602792577E-02     1.18645628163343E-03
         3.64428735012608    -1.53382903419191E-01     6.95730187369108E-02    -5.49416247278626E-01    -2.97888826596963E-01     1.18416114723772E-01     5.91292938991212E-02     1.12242705044625E-01    -2.22035206994148E-01    -3.65643497936781E-03
         1.40222472037927     4.52964005356058E-01    -1.60546208430784E-01     2.25545730548663E-01    -5.48743422499672E-01     2.65706574607295E-01     7.32042358682655E-01     4.02080210361362E-01    -8.37756480907312E-01     4.91390044295019E-04
         0.52205700268808     8.05450964095097E-01    -2.63981031214717E-01    -3.63850982918199E-01    -6.95022929228448E-01     1.92118246587555E-01    -6.62764404039625E-01     9.01700430010169E-01     4.32284673630976E-01     9.99992334274143E-01
         0.16818943371335     3.22104729197730E-01     9.46346921445871E-01     2.58329108697022E-02    -3.41723954857718E-01    -9.35865486749767E-01     8.57433121772174E-02    -1.11481865840859E-01     2.46939932598114E-01     5.59225812546083E-04
O TZVP-MOLOPT-SCAN-GTH-q6
 1
 2 0 2 5 3 3 1
        10.25781699497238    -1.37093335568261E-01     6.42341766590814E-02    -7.17088581420037E-01    -1.01541960662273E-01     5.12250917317880E-02     1.18360216509634E-01    -1.55308630843787E-02
         3.64428735012608    -1.53382903419191E-01     6.95730187369108E-02    -5.49416247278626E-01    -2.97888826596963E-01     1.18416114723772E-01     5.91292938991212E-02     1.12242705044625E-01
         1.40222472037927     4.52964005356058E-01    -1.60546208430784E-01     2.25545730548663E-01    -5.48743422499672E-01     2.65706574607295E-01     7.32042358682655E-01     4.02080210361362E-01
         0.52205700268808     8.05450964095097E-01    -2.63981031214717E-01    -3.63850982918199E-01    -6.95022929228448E-01     1.92118246587555E-01    -6.62764404039625E-01     9.01700430010169E-01
         0.16818943371335     3.22104729197730E-01     9.46346921445871E-01     2.58329108697022E-02    -3.41723954857718E-01    -9.35865486749767E-01     8.57433121772174E-02    -1.11481865840859E-01
O DZVP-MOLOPT-SCAN-GTH-q6
 1
 2 0 2 5 2 2 1
        10.25781699497238    -1.37093335568261E-01     6.42341766590814E-02    -1.01541960662273E-01     5.12250917317880E-02    -1.55308630843787E-02
         3.64428735012608    -1.53382903419191E-01     6.95730187369108E-02    -2.97888826596963E-01     1.18416114723772E-01     1.12242705044625E-01
         1.40222472037927     4.52964005356058E-01    -1.60546208430784E-01    -5.48743422499672E-01     2.65706574607295E-01     4.02080210361362E-01
         0.52205700268808     8.05450964095097E-01    -2.63981031214717E-01    -6.95022929228448E-01     1.92118246587555E-01     9.01700430010169E-01
         0.16818943371335     3.22104729197730E-01     9.46346921445871E-01    -3.41723954857718E-01    -9.35865486749767E-01    -1.11481865840859E-01
C TZV2P-MOLOPT-SCAN-GTH-Q4
 1
 2 0 3 5 3 3 2 1
         5.62346013427220    -1.55253500731420E-01     5.81156225081139E-02    -2.32186542838356E-01    -9.29774868419450E-02     6.15864535855770E-02     9.86399689537923E-02    -8.37519672759395E-02     9.90783094230166E-02    -7.20623334339043E-04
         2.09855872766266    -2.36394508865927E-01     1.09598535828912E-01    -5.10089788597870E-01    -2.48489734215218E-01     2.22870166784096E-01     5.03804845853325E-01     2.49479844044917E-01    -3.05939752143157E-01     1.08954507083180E-01
         0.82051076634244     4.67426079878225E-01    -1.58417931802923E-01     5.98044616665820E-01    -5.81990872631545E-01     3.41552398929665E-01     4.45786488432128E-01     5.62523929081207E-01    -6.83434126671942E-01    -3.22931051133369E-03
         0.31733139976061     8.30527918853097E-01     3.37009387490941E-03    -5.47290507350280E-01    -6.83456388910509E-01     8.65714462205002E-02    -6.95627947381305E-01     7.72454993535448E-01     6.35064830723212E-01     9.94039941743435E-01
         0.11111607198944     1.08398443456976E-01     9.79542309813727E-01     1.69450741911206E-01    -3.51826701035020E-01    -9.06853538878833E-01     2.32006464075739E-01     1.32761167386880E-01    -1.61848113795370E-01     1.60058133198670E-03
C TZVP-MOLOPT-SCAN-GTH-q4
 1
 2 0 2 5 3 3 1
         5.62346013427220    -1.55253500731420E-01     5.81156225081139E-02    -2.32186542838356E-01    -9.29774868419450E-02     6.15864535855770E-02     9.86399689537923E-02    -8.37519672759395E-02
         2.09855872766266    -2.36394508865927E-01     1.09598535828912E-01    -5.10089788597870E-01    -2.48489734215218E-01     2.22870166784096E-01     5.03804845853325E-01     2.49479844044917E-01
         0.82051076634244     4.67426079878225E-01    -1.58417931802923E-01     5.98044616665820E-01    -5.81990872631545E-01     3.41552398929665E-01     4.45786488432128E-01     5.62523929081207E-01
         0.31733139976061     8.30527918853097E-01     3.37009387490941E-03    -5.47290507350280E-01    -6.83456388910509E-01     8.65714462205002E-02    -6.95627947381305E-01     7.72454993535448E-01
         0.11111607198944     1.08398443456976E-01     9.79542309813727E-01     1.69450741911206E-01    -3.51826701035020E-01    -9.06853538878833E-01     2.32006464075739E-01     1.32761167386880E-01
C DZVP-MOLOPT-SCAN-GTH-q4
 1
 2 0 2 5 2 2 1
         5.62346013427220    -1.55253500731420E-01     5.81156225081139E-02    -9.29774868419450E-02     6.15864535855770E-02    -8.37519672759395E-02
         2.09855872766266    -2.36394508865927E-01     1.09598535828912E-01    -2.48489734215218E-01     2.22870166784096E-01     2.49479844044917E-01
         0.82051076634244     4.67426079878225E-01    -1.58417931802923E-01    -5.81990872631545E-01     3.41552398929665E-01     5.62523929081207E-01
         0.31733139976061     8.30527918853097E-01     3.37009387490941E-03    -6.83456388910509E-01     8.65714462205002E-02     7.72454993535448E-01
         0.11111607198944     1.08398443456976E-01     9.79542309813727E-01    -3.51826701035020E-01    -9.06853538878833E-01     1.32761167386880E-01
F TZV2P-MOLOPT-SCAN-GTH-Q7
 1
 2 0 3 5 3 3 2 1
        13.16645520019096     1.25688709752362E-01    -6.90191648196731E-02    -4.19619998203344E-01    -9.31572868763813E-02     5.00225599861602E-02    -6.88622277281857E-02    -1.02513605924922E-02    -1.03135180619022E-01    -3.14119421202531E-02
         4.67863609541364     1.25206371205048E-01    -7.54523660806367E-02    -2.93986334505468E-01    -2.93923292691458E-01     1.19602022797720E-01    -4.99826189781570E-01     4.04484470063397E-02    -1.25856773171103E-01     1.01835664406271E-01
         1.68188350144516    -4.93940854057955E-01     2.15904735709196E-01    -7.69158858630548E-01    -5.53343548452151E-01     3.11861936412921E-01     7.42571819653283E-01     4.51403790784568E-01    -8.76791264789868E-01     2.29748587047615E-01
         0.58393450944632    -7.58234802751956E-01     3.05654861844976E-01     3.81944805550917E-01    -6.44505933144035E-01     2.69615230808562E-01    -4.36892722870730E-01     8.90352206116421E-01     4.45248862484439E-01     9.66043910568162E-01
         0.18571155118612    -3.86817953873203E-01    -9.21685166349822E-01     1.97684968795902E-03    -4.28198362261887E-01    -9.01799789070697E-01     5.60679494913207E-02     4.20285554084608E-02     8.07077171659289E-02    -5.11618700886137E-02
F TZVP-MOLOPT-SCAN-GTH-q7
 1
 2 0 2 5 3 3 1
        13.16645520019096     1.25688709752362E-01    -6.90191648196731E-02    -4.19619998203344E-01    -9.31572868763813E-02     5.00225599861602E-02    -6.88622277281857E-02    -1.02513605924922E-02
         4.67863609541364     1.25206371205048E-01    -7.54523660806367E-02    -2.93986334505468E-01    -2.93923292691458E-01     1.19602022797720E-01    -4.99826189781570E-01     4.04484470063397E-02
         1.68188350144516    -4.93940854057955E-01     2.15904735709196E-01    -7.69158858630548E-01    -5.53343548452151E-01     3.11861936412921E-01     7.42571819653283E-01     4.51403790784568E-01
         0.58393450944632    -7.58234802751956E-01     3.05654861844976E-01     3.81944805550917E-01    -6.44505933144035E-01     2.69615230808562E-01    -4.36892722870730E-01     8.90352206116421E-01
         0.18571155118612    -3.86817953873203E-01    -9.21685166349822E-01     1.97684968795902E-03    -4.28198362261887E-01    -9.01799789070697E-01     5.60679494913207E-02     4.20285554084608E-02
F DZVP-MOLOPT-SCAN-GTH-q7
 1
 2 0 2 5 2 2 1
        13.16645520019096     1.25688709752362E-01    -6.90191648196731E-02    -9.31572868763813E-02     5.00225599861602E-02    -1.02513605924922E-02
         4.67863609541364     1.25206371205048E-01    -7.54523660806367E-02    -2.93923292691458E-01     1.19602022797720E-01     4.04484470063397E-02
         1.68188350144516    -4.93940854057955E-01     2.15904735709196E-01    -5.53343548452151E-01     3.11861936412921E-01     4.51403790784568E-01
         0.58393450944632    -7.58234802751956E-01     3.05654861844976E-01    -6.44505933144035E-01     2.69615230808562E-01     8.90352206116421E-01
         0.18571155118612    -3.86817953873203E-01    -9.21685166349822E-01    -4.28198362261887E-01    -9.01799789070697E-01     4.20285554084608E-02
