IN TZV2P-MOLOPT-PBE0-GTH-Q13
 1
 2 0 3 6 3 3 3 2
         2.95997851043598    -2.53386723185024E-02    -3.20749920184480E-02    -9.22454076082890E-03     1.27771058007553E-03     1.64697815884906E-02     2.07525945140968E-01     4.11472870683925E-01    -1.34459268106978E-01     5.62711613029975E-03    -6.67647541766784E-03     3.11403172581962E-03
         1.55778137440546     5.14023975678161E-02    -3.60060791837738E-02     1.70958829177090E-01     1.25194914554787E-02    -1.03555171271875E-02    -4.35518763718240E-01     6.10261282342313E-01    -2.29474614204848E-01     9.38599423522395E-02     5.18685447632335E-02    -1.13683035508794E-02
         0.74858118898471     1.56233387833097E-01     6.13253374945129E-01    -4.82279364139088E-01    -1.96597877091812E-01    -3.28153964879117E-01    -4.01802122773100E-01     4.87733512092177E-01    -3.42729541424694E-01     1.61670865773247E-01     1.18122835092639E-01    -1.76855161275785E-01
         0.32974324204068     5.59216824366825E-03    -5.75126253861582E-01     2.27659044049573E-01     2.59140522418944E-01     5.91952719968459E-01     4.23995493994241E-01     4.13523464083592E-01     4.67646839315561E-01    -4.81224733660247E-01     9.09394439924063E-01    -2.59546692976014E-02
         0.12610202746391    -7.50304607833825E-01    -2.74026743917287E-01    -5.85999266255229E-01     6.87402302240710E-01     3.12430780899845E-01    -5.69099048478313E-01     1.61457237246324E-01     4.72277234554089E-01    -3.59928326055204E-01     3.23185021799818E-01    -4.69627534175948E-01
         0.04810926242876    -6.39780116018990E-01     4.64471948565755E-01     5.85551723685035E-01     6.49241995735774E-01    -6.66269817237602E-01     3.19633441259473E-01     1.52699608186681E-01     6.08324925915912E-01     7.77107157194258E-01     2.27739475913312E-01     8.64499653381291E-01
IN TZVP-MOLOPT-PBE0-GTH-q13
 1
 2 0 3 6 3 3 3 1
         2.95997851043598    -2.53386723185024E-02    -3.20749920184480E-02    -9.22454076082890E-03     1.27771058007553E-03     1.64697815884906E-02     2.07525945140968E-01     4.11472870683925E-01    -1.34459268106978E-01     5.62711613029975E-03    -6.67647541766784E-03
         1.55778137440546     5.14023975678161E-02    -3.60060791837738E-02     1.70958829177090E-01     1.25194914554787E-02    -1.03555171271875E-02    -4.35518763718240E-01     6.10261282342313E-01    -2.29474614204848E-01     9.38599423522395E-02     5.18685447632335E-02
         0.74858118898471     1.56233387833097E-01     6.13253374945129E-01    -4.82279364139088E-01    -1.96597877091812E-01    -3.28153964879117E-01    -4.01802122773100E-01     4.87733512092177E-01    -3.42729541424694E-01     1.61670865773247E-01     1.18122835092639E-01
         0.32974324204068     5.59216824366825E-03    -5.75126253861582E-01     2.27659044049573E-01     2.59140522418944E-01     5.91952719968459E-01     4.23995493994241E-01     4.13523464083592E-01     4.67646839315561E-01    -4.81224733660247E-01     9.09394439924063E-01
         0.12610202746391    -7.50304607833825E-01    -2.74026743917287E-01    -5.85999266255229E-01     6.87402302240710E-01     3.12430780899845E-01    -5.69099048478313E-01     1.61457237246324E-01     4.72277234554089E-01    -3.59928326055204E-01     3.23185021799818E-01
         0.04810926242876    -6.39780116018990E-01     4.64471948565755E-01     5.85551723685035E-01     6.49241995735774E-01    -6.66269817237602E-01     3.19633441259473E-01     1.52699608186681E-01     6.08324925915912E-01     7.77107157194258E-01     2.27739475913312E-01
IN DZVP-MOLOPT-PBE0-GTH-q13
 1
 2 0 3 6 2 2 2 1
         2.95997851043598    -2.53386723185024E-02    -3.20749920184480E-02     1.27771058007553E-03     1.64697815884906E-02     4.11472870683925E-01    -1.34459268106978E-01    -6.67647541766784E-03
         1.55778137440546     5.14023975678161E-02    -3.60060791837738E-02     1.25194914554787E-02    -1.03555171271875E-02     6.10261282342313E-01    -2.29474614204848E-01     5.18685447632335E-02
         0.74858118898471     1.56233387833097E-01     6.13253374945129E-01    -1.96597877091812E-01    -3.28153964879117E-01     4.87733512092177E-01    -3.42729541424694E-01     1.18122835092639E-01
         0.32974324204068     5.59216824366825E-03    -5.75126253861582E-01     2.59140522418944E-01     5.91952719968459E-01     4.13523464083592E-01     4.67646839315561E-01     9.09394439924063E-01
         0.12610202746391    -7.50304607833825E-01    -2.74026743917287E-01     6.87402302240710E-01     3.12430780899845E-01     1.61457237246324E-01     4.72277234554089E-01     3.23185021799818E-01
         0.04810926242876    -6.39780116018990E-01     4.64471948565755E-01     6.49241995735774E-01    -6.66269817237602E-01     1.52699608186681E-01     6.08324925915912E-01     2.27739475913312E-01
H TZV2P-MOLOPT-PBE0-GTH-Q1
 1
 2 0 2 5 3 2 1
         9.40376558777484     5.57995409025206E-02    -4.70579310756749E-02    -9.03982952048893E-02    -9.22922683878503E-02     5.62771387719766E-01     7.80341103329014E-02
         2.19236236036235     2.26741263852150E-01    -2.37595450605385E-01    -3.31859181820579E-01     3.56629407794935E-01    -1.55610962004131E-01     3.11602862374432E-01
         0.70785664525623     4.70071809062586E-01    -3.84865803668886E-01    -6.33091997698946E-01     4.70685683046521E-01    -1.55533260185636E-01     6.35783567219683E-05
         0.37495748172786     5.50419957177599E-01     8.25544608526065E-01    -1.19262368808400E-01     4.93402007633953E-01     7.41061881197701E-01     9.44971331284660E-01
         0.15142571456720     6.49265104227107E-01    -3.34198093163844E-01     6.83131496493313E-01     6.31907468961614E-01    -2.92763192495008E-01     6.19960707827798E-02
H TZVP-MOLOPT-PBE0-GTH-q1
 1
 2 0 1 5 3 1
         9.40376558777484     5.57995409025206E-02    -4.70579310756749E-02    -9.03982952048893E-02    -9.22922683878503E-02
         2.19236236036235     2.26741263852150E-01    -2.37595450605385E-01    -3.31859181820579E-01     3.56629407794935E-01
         0.70785664525623     4.70071809062586E-01    -3.84865803668886E-01    -6.33091997698946E-01     4.70685683046521E-01
         0.37495748172786     5.50419957177599E-01     8.25544608526065E-01    -1.19262368808400E-01     4.93402007633953E-01
         0.15142571456720     6.49265104227107E-01    -3.34198093163844E-01     6.83131496493313E-01     6.31907468961614E-01
H DZVP-MOLOPT-PBE0-GTH-q1
 1
 2 0 1 5 2 1
         9.40376558777484     5.57995409025206E-02    -4.70579310756749E-02    -9.22922683878503E-02
         2.19236236036235     2.26741263852150E-01    -2.37595450605385E-01     3.56629407794935E-01
         0.70785664525623     4.70071809062586E-01    -3.84865803668886E-01     4.70685683046521E-01
         0.37495748172786     5.50419957177599E-01     8.25544608526065E-01     4.93402007633953E-01
         0.15142571456720     6.49265104227107E-01    -3.34198093163844E-01     6.31907468961614E-01
O TZV2P-MOLOPT-PBE0-GTH-Q6
 1
 2 0 3 5 3 3 2 1
        10.34082423621691    -1.29825249634708E-01     8.18793043945143E-02    -1.54163825083534E-01    -9.31315963557027E-02     6.07168741616306E-02     5.24249215362802E-02    -1.46443819746845E-04    -1.35615599706110E-01    -4.53627038333396E-02
         3.64864310376424    -1.27684551447027E-01     1.02649506262870E-01    -2.90598920673850E-01    -3.10412801135525E-01     1.66218217874094E-01     1.57277538743803E-01     4.82789843051162E-02    -2.03664714425298E-01    -7.75510089052828E-02
         1.25503633997207     5.26487514579900E-01    -3.65113179366377E-01     6.61471073309150E-01    -5.97863015525008E-01     4.26686208369503E-01     5.52189434348781E-01     7.18155124032992E-01    -6.65039106707507E-01     7.74070424398802E-02
         0.43936673910305     7.72667288737258E-01    -8.21060762059060E-02    -6.24492813862270E-01    -6.48920500304752E-01    -1.50379113770830E-02    -7.55332729990091E-01     6.93882202281484E-01     7.03924405563841E-01     9.92909576133937E-01
         0.14295518532255     3.04365270334762E-01     9.17992274956007E-01     2.53476876555698E-01    -3.41221918409427E-01    -8.86790677695403E-01     3.11568128998934E-01    -2.12090879301656E-02     4.83994939610748E-02     8.17248560335443E-03
O TZVP-MOLOPT-PBE0-GTH-q6
 1
 2 0 2 5 3 3 1
        10.34082423621691    -1.29825249634708E-01     8.18793043945143E-02    -1.54163825083534E-01    -9.31315963557027E-02     6.07168741616306E-02     5.24249215362802E-02    -1.46443819746845E-04
         3.64864310376424    -1.27684551447027E-01     1.02649506262870E-01    -2.90598920673850E-01    -3.10412801135525E-01     1.66218217874094E-01     1.57277538743803E-01     4.82789843051162E-02
         1.25503633997207     5.26487514579900E-01    -3.65113179366377E-01     6.61471073309150E-01    -5.97863015525008E-01     4.26686208369503E-01     5.52189434348781E-01     7.18155124032992E-01
         0.43936673910305     7.72667288737258E-01    -8.21060762059060E-02    -6.24492813862270E-01    -6.48920500304752E-01    -1.50379113770830E-02    -7.55332729990091E-01     6.93882202281484E-01
         0.14295518532255     3.04365270334762E-01     9.17992274956007E-01     2.53476876555698E-01    -3.41221918409427E-01    -8.86790677695403E-01     3.11568128998934E-01    -2.12090879301656E-02
O DZVP-MOLOPT-PBE0-GTH-q6
 1
 2 0 2 5 2 2 1
        10.34082423621691    -1.29825249634708E-01     8.18793043945143E-02    -9.31315963557027E-02     6.07168741616306E-02    -1.46443819746845E-04
         3.64864310376424    -1.27684551447027E-01     1.02649506262870E-01    -3.10412801135525E-01     1.66218217874094E-01     4.82789843051162E-02
         1.25503633997207     5.26487514579900E-01    -3.65113179366377E-01    -5.97863015525008E-01     4.26686208369503E-01     7.18155124032992E-01
         0.43936673910305     7.72667288737258E-01    -8.21060762059060E-02    -6.48920500304752E-01    -1.50379113770830E-02     6.93882202281484E-01
         0.14295518532255     3.04365270334762E-01     9.17992274956007E-01    -3.41221918409427E-01    -8.86790677695403E-01    -2.12090879301656E-02
CL TZV2P-MOLOPT-PBE0-GTH-Q7
 1
 2 0 3 4 3 3 2 1
         1.95736377876919     5.14900988266686E-01     2.40693792976429E-01    -1.28104442415964E-01     3.91491934421244E-01     1.94579618291814E-01    -4.24624922261607E-01     1.03302579489917E-01    -1.51719991846673E-01    -8.80894837945973E-02
         1.54347371438383    -4.22981434715776E-01     4.84506053505592E-02    -8.97870765280675E-01    -5.31183852831214E-01    -2.06763688400425E-01    -8.12512692066251E-01     2.53080986425568E-01     7.90079486051753E-01     3.40736837991551E-01
         0.40766941393095    -4.94589672987331E-01    -6.25944067103656E-01     2.66738548390740E-01    -6.13505638411310E-01    -3.32691397032460E-01     3.96050456242181E-01     9.52098239408987E-01    -2.69731069825107E-01     9.35543949131780E-01
         0.13062819821750    -5.57982735881729E-01     7.40211497966303E-01     3.25987557262529E-01    -4.33807113141348E-01     8.99279702676011E-01     5.15832990020733E-02     1.37067625261757E-01     5.29150828937503E-01     2.99360873066907E-02
CL TZVP-MOLOPT-PBE0-GTH-q7
 1
 2 0 2 4 3 3 1
         1.95736377876919     5.14900988266686E-01     2.40693792976429E-01    -1.28104442415964E-01     3.91491934421244E-01     1.94579618291814E-01    -4.24624922261607E-01     1.03302579489917E-01
         1.54347371438383    -4.22981434715776E-01     4.84506053505592E-02    -8.97870765280675E-01    -5.31183852831214E-01    -2.06763688400425E-01    -8.12512692066251E-01     2.53080986425568E-01
         0.40766941393095    -4.94589672987331E-01    -6.25944067103656E-01     2.66738548390740E-01    -6.13505638411310E-01    -3.32691397032460E-01     3.96050456242181E-01     9.52098239408987E-01
         0.13062819821750    -5.57982735881729E-01     7.40211497966303E-01     3.25987557262529E-01    -4.33807113141348E-01     8.99279702676011E-01     5.15832990020733E-02     1.37067625261757E-01
CL DZVP-MOLOPT-PBE0-GTH-q7
 1
 2 0 2 4 2 2 1
         1.95736377876919     5.14900988266686E-01     2.40693792976429E-01     3.91491934421244E-01     1.94579618291814E-01     1.03302579489917E-01
         1.54347371438383    -4.22981434715776E-01     4.84506053505592E-02    -5.31183852831214E-01    -2.06763688400425E-01     2.53080986425568E-01
         0.40766941393095    -4.94589672987331E-01    -6.25944067103656E-01    -6.13505638411310E-01    -3.32691397032460E-01     9.52098239408987E-01
         0.13062819821750    -5.57982735881729E-01     7.40211497966303E-01    -4.33807113141348E-01     8.99279702676011E-01     1.37067625261757E-01
