IN DZVP-MOLOPT-PBE0-GTH-Q13
 1
 2 0 3 6 2 2 2 1
         2.95997851043598    -2.59113429175911E-02    -3.10642655979232E-02     1.43083713190436E-03     1.25606550202816E-02     4.05148303263078E-01    -1.52358968842307E-01    -8.49794915195989E-03
         1.55778137440546     4.98700811292819E-02    -3.91028117877714E-02     1.06549837675241E-02     1.31377820789967E-03     5.99904638328565E-01    -2.54315376486959E-01     5.37449365598349E-02
         0.74858118898471     1.59059293781684E-01     6.31346604213112E-01    -1.71858255333262E-01    -3.68516557722808E-01     4.75127584965349E-01    -3.50414799065944E-01     8.30592491471046E-02
         0.32974324204068     3.07014343999932E-02    -6.34883718601258E-01     1.98452823244407E-01     6.85280638660364E-01     4.21806615656736E-01     4.00319138091028E-01     8.42994694136415E-01
         0.12610202746391    -8.03247913701402E-01    -1.85870848874339E-01     7.14038082713444E-01     2.45972308112421E-01     2.02399662999138E-01     5.34830498129327E-01     3.71764509322234E-01
         0.04810926242876    -5.70431353835118E-01     4.01599474919346E-01     6.48933939227296E-01    -5.77861679414292E-01     1.77021497807367E-01     5.85679800266299E-01     3.75887646846448E-01
H DZVP-MOLOPT-PBE0-GTH-Q1
 1
 2 0 1 5 2 1
         9.40376558777484     5.57995409025206E-02    -4.70579310756749E-02    -9.22922683878503E-02
         2.19236236036235     2.26741263852150E-01    -2.37595450605385E-01     3.56629407794935E-01
         0.70785664525623     4.70071809062586E-01    -3.84865803668886E-01     4.70685683046521E-01
         0.37495748172786     5.50419957177599E-01     8.25544608526065E-01     4.93402007633953E-01
         0.15142571456720     6.49265104227107E-01    -3.34198093163844E-01     6.31907468961614E-01
O DZVP-MOLOPT-PBE0-GTH-Q6
 1
 2 0 2 5 2 2 1
        10.34082423621691    -1.29825249634708E-01     8.18793043945143E-02    -9.31315963557027E-02     6.07168741616306E-02    -1.46443819746845E-04
         3.64864310376424    -1.27684551447027E-01     1.02649506262870E-01    -3.10412801135525E-01     1.66218217874094E-01     4.82789843051162E-02
         1.25503633997207     5.26487514579900E-01    -3.65113179366377E-01    -5.97863015525008E-01     4.26686208369503E-01     7.18155124032992E-01
         0.43936673910305     7.72667288737258E-01    -8.21060762059060E-02    -6.48920500304752E-01    -1.50379113770830E-02     6.93882202281484E-01
         0.14295518532255     3.04365270334762E-01     9.17992274956007E-01    -3.41221918409427E-01    -8.86790677695403E-01    -2.12090879301656E-02
CL DZVP-MOLOPT-PBE0-GTH-Q7
 1
 2 0 2 4 2 2 1
         1.95736377876919     5.14900988266686E-01     2.40693792976429E-01     3.91491934421244E-01     1.94579618291814E-01     1.03302579489917E-01
         1.54347371438383    -4.22981434715776E-01     4.84506053505592E-02    -5.31183852831214E-01    -2.06763688400425E-01     2.53080986425568E-01
         0.40766941393095    -4.94589672987331E-01    -6.25944067103656E-01    -6.13505638411310E-01    -3.32691397032460E-01     9.52098239408987E-01
         0.13062819821750    -5.57982735881729E-01     7.40211497966303E-01    -4.33807113141348E-01     8.99279702676011E-01     1.37067625261757E-01
