IN TZV2P-MOLOPT-PBE0-GTH-Q13
 1
 2 0 3 6 3 3 3 2
         2.95997851043598    -2.59113429175911E-02    -3.10642655979232E-02    -3.21752081917815E-03     1.43083713190436E-03     1.25606550202816E-02     1.27891598790273E-02     4.05148303263078E-01    -1.52358968842307E-01     2.21417812484482E-02    -8.49794915195989E-03     3.44706367888912E-03
         1.55778137440546     4.98700811292819E-02    -3.91028117877714E-02     6.16233334572295E-02     1.06549837675241E-02     1.31377820789967E-03    -1.24363783368304E-02     5.99904638328565E-01    -2.54315376486959E-01     5.40488932700476E-02     5.37449365598349E-02    -2.18008151645482E-02
         0.74858118898471     1.59059293781684E-01     6.31346604213112E-01    -2.27248292783813E-01    -1.71858255333262E-01    -3.68516557722808E-01    -2.04929837231973E-01     4.75127584965349E-01    -3.50414799065944E-01     1.53131218200518E-01     8.30592491471046E-02    -3.36917197091905E-02
         0.32974324204068     3.07014343999932E-02    -6.34883718601258E-01     3.80313079751924E-01     1.98452823244407E-01     6.85280638660364E-01     5.39898503789217E-01     4.21806615656736E-01     4.00319138091028E-01    -3.90818164219407E-01     8.42994694136415E-01    -3.41947961760126E-01
         0.12610202746391    -8.03247913701402E-01    -1.85870848874339E-01    -5.35337701664572E-01     7.14038082713444E-01     2.45972308112421E-01    -6.49025823306173E-01     2.02399662999138E-01     5.34830498129327E-01    -4.41313822935519E-01     3.71764509322234E-01    -1.50800612508861E-01
         0.04810926242876    -5.70431353835118E-01     4.01599474919346E-01     7.16467677084138E-01     6.48933939227296E-01    -5.77861679414292E-01     4.94934967428487E-01     1.77021497807367E-01     5.85679800266299E-01     7.90975701822796E-01     3.75887646846448E-01     9.26665245354675E-01
IN TZVP-MOLOPT-PBE0-GTH-q13
 1
 2 0 3 6 3 3 3 1
         2.95997851043598    -2.59113429175911E-02    -3.10642655979232E-02    -3.21752081917815E-03     1.43083713190436E-03     1.25606550202816E-02     1.27891598790273E-02     4.05148303263078E-01    -1.52358968842307E-01     2.21417812484482E-02    -8.49794915195989E-03
         1.55778137440546     4.98700811292819E-02    -3.91028117877714E-02     6.16233334572295E-02     1.06549837675241E-02     1.31377820789967E-03    -1.24363783368304E-02     5.99904638328565E-01    -2.54315376486959E-01     5.40488932700476E-02     5.37449365598349E-02
         0.74858118898471     1.59059293781684E-01     6.31346604213112E-01    -2.27248292783813E-01    -1.71858255333262E-01    -3.68516557722808E-01    -2.04929837231973E-01     4.75127584965349E-01    -3.50414799065944E-01     1.53131218200518E-01     8.30592491471046E-02
         0.32974324204068     3.07014343999932E-02    -6.34883718601258E-01     3.80313079751924E-01     1.98452823244407E-01     6.85280638660364E-01     5.39898503789217E-01     4.21806615656736E-01     4.00319138091028E-01    -3.90818164219407E-01     8.42994694136415E-01
         0.12610202746391    -8.03247913701402E-01    -1.85870848874339E-01    -5.35337701664572E-01     7.14038082713444E-01     2.45972308112421E-01    -6.49025823306173E-01     2.02399662999138E-01     5.34830498129327E-01    -4.41313822935519E-01     3.71764509322234E-01
         0.04810926242876    -5.70431353835118E-01     4.01599474919346E-01     7.16467677084138E-01     6.48933939227296E-01    -5.77861679414292E-01     4.94934967428487E-01     1.77021497807367E-01     5.85679800266299E-01     7.90975701822796E-01     3.75887646846448E-01
IN DZVP-MOLOPT-PBE0-GTH-q13
 1
 2 0 3 6 2 2 2 1
         2.95997851043598    -2.59113429175911E-02    -3.10642655979232E-02     1.43083713190436E-03     1.25606550202816E-02     4.05148303263078E-01    -1.52358968842307E-01    -8.49794915195989E-03
         1.55778137440546     4.98700811292819E-02    -3.91028117877714E-02     1.06549837675241E-02     1.31377820789967E-03     5.99904638328565E-01    -2.54315376486959E-01     5.37449365598349E-02
         0.74858118898471     1.59059293781684E-01     6.31346604213112E-01    -1.71858255333262E-01    -3.68516557722808E-01     4.75127584965349E-01    -3.50414799065944E-01     8.30592491471046E-02
         0.32974324204068     3.07014343999932E-02    -6.34883718601258E-01     1.98452823244407E-01     6.85280638660364E-01     4.21806615656736E-01     4.00319138091028E-01     8.42994694136415E-01
         0.12610202746391    -8.03247913701402E-01    -1.85870848874339E-01     7.14038082713444E-01     2.45972308112421E-01     2.02399662999138E-01     5.34830498129327E-01     3.71764509322234E-01
         0.04810926242876    -5.70431353835118E-01     4.01599474919346E-01     6.48933939227296E-01    -5.77861679414292E-01     1.77021497807367E-01     5.85679800266299E-01     3.75887646846448E-01
H TZV2P-MOLOPT-PBE0-GTH-Q1
 1
 2 0 2 5 3 2 1
         9.40376558777484     5.57995409025206E-02    -4.70579310756749E-02    -9.03982952048893E-02    -9.22922683878503E-02     5.62771387719766E-01     7.80341103329014E-02
         2.19236236036235     2.26741263852150E-01    -2.37595450605385E-01    -3.31859181820579E-01     3.56629407794935E-01    -1.55610962004131E-01     3.11602862374432E-01
         0.70785664525623     4.70071809062586E-01    -3.84865803668886E-01    -6.33091997698946E-01     4.70685683046521E-01    -1.55533260185636E-01     6.35783567219683E-05
         0.37495748172786     5.50419957177599E-01     8.25544608526065E-01    -1.19262368808400E-01     4.93402007633953E-01     7.41061881197701E-01     9.44971331284660E-01
         0.15142571456720     6.49265104227107E-01    -3.34198093163844E-01     6.83131496493313E-01     6.31907468961614E-01    -2.92763192495008E-01     6.19960707827798E-02
H TZVP-MOLOPT-PBE0-GTH-q1
 1
 2 0 1 5 3 1
         9.40376558777484     5.57995409025206E-02    -4.70579310756749E-02    -9.03982952048893E-02    -9.22922683878503E-02
         2.19236236036235     2.26741263852150E-01    -2.37595450605385E-01    -3.31859181820579E-01     3.56629407794935E-01
         0.70785664525623     4.70071809062586E-01    -3.84865803668886E-01    -6.33091997698946E-01     4.70685683046521E-01
         0.37495748172786     5.50419957177599E-01     8.25544608526065E-01    -1.19262368808400E-01     4.93402007633953E-01
         0.15142571456720     6.49265104227107E-01    -3.34198093163844E-01     6.83131496493313E-01     6.31907468961614E-01
H DZVP-MOLOPT-PBE0-GTH-q1
 1
 2 0 1 5 2 1
         9.40376558777484     5.57995409025206E-02    -4.70579310756749E-02    -9.22922683878503E-02
         2.19236236036235     2.26741263852150E-01    -2.37595450605385E-01     3.56629407794935E-01
         0.70785664525623     4.70071809062586E-01    -3.84865803668886E-01     4.70685683046521E-01
         0.37495748172786     5.50419957177599E-01     8.25544608526065E-01     4.93402007633953E-01
         0.15142571456720     6.49265104227107E-01    -3.34198093163844E-01     6.31907468961614E-01
O TZV2P-MOLOPT-PBE0-GTH-Q6
 1
 2 0 3 5 3 3 2 1
        10.34082423621691    -1.29825249634708E-01     8.18793043945143E-02    -1.54163825083534E-01    -9.31315963557027E-02     6.07168741616306E-02     5.24249215362800E-02    -1.46443819746845E-04    -1.35615599706110E-01    -4.53627038333396E-02
         3.64864310376424    -1.27684551447027E-01     1.02649506262870E-01    -2.90598920673850E-01    -3.10412801135525E-01     1.66218217874094E-01     1.57277538743803E-01     4.82789843051162E-02    -2.03664714425298E-01    -7.75510089052828E-02
         1.25503633997207     5.26487514579900E-01    -3.65113179366377E-01     6.61471073309150E-01    -5.97863015525008E-01     4.26686208369503E-01     5.52189434348781E-01     7.18155124032992E-01    -6.65039106707507E-01     7.74070424398802E-02
         0.43936673910305     7.72667288737258E-01    -8.21060762059060E-02    -6.24492813862270E-01    -6.48920500304752E-01    -1.50379113770830E-02    -7.55332729990091E-01     6.93882202281484E-01     7.03924405563841E-01     9.92909576133937E-01
         0.14295518532255     3.04365270334762E-01     9.17992274956007E-01     2.53476876555698E-01    -3.41221918409427E-01    -8.86790677695403E-01     3.11568128998934E-01    -2.12090879301656E-02     4.83994939610748E-02     8.17248560335443E-03
O TZVP-MOLOPT-PBE0-GTH-q6
 1
 2 0 2 5 3 3 1
        10.34082423621691    -1.29825249634708E-01     8.18793043945143E-02    -1.54163825083534E-01    -9.31315963557027E-02     6.07168741616306E-02     5.24249215362800E-02    -1.46443819746845E-04
         3.64864310376424    -1.27684551447027E-01     1.02649506262870E-01    -2.90598920673850E-01    -3.10412801135525E-01     1.66218217874094E-01     1.57277538743803E-01     4.82789843051162E-02
         1.25503633997207     5.26487514579900E-01    -3.65113179366377E-01     6.61471073309150E-01    -5.97863015525008E-01     4.26686208369503E-01     5.52189434348781E-01     7.18155124032992E-01
         0.43936673910305     7.72667288737258E-01    -8.21060762059060E-02    -6.24492813862270E-01    -6.48920500304752E-01    -1.50379113770830E-02    -7.55332729990091E-01     6.93882202281484E-01
         0.14295518532255     3.04365270334762E-01     9.17992274956007E-01     2.53476876555698E-01    -3.41221918409427E-01    -8.86790677695403E-01     3.11568128998934E-01    -2.12090879301656E-02
O DZVP-MOLOPT-PBE0-GTH-q6
 1
 2 0 2 5 2 2 1
        10.34082423621691    -1.29825249634708E-01     8.18793043945143E-02    -9.31315963557027E-02     6.07168741616306E-02    -1.46443819746845E-04
         3.64864310376424    -1.27684551447027E-01     1.02649506262870E-01    -3.10412801135525E-01     1.66218217874094E-01     4.82789843051162E-02
         1.25503633997207     5.26487514579900E-01    -3.65113179366377E-01    -5.97863015525008E-01     4.26686208369503E-01     7.18155124032992E-01
         0.43936673910305     7.72667288737258E-01    -8.21060762059060E-02    -6.48920500304752E-01    -1.50379113770830E-02     6.93882202281484E-01
         0.14295518532255     3.04365270334762E-01     9.17992274956007E-01    -3.41221918409427E-01    -8.86790677695403E-01    -2.12090879301656E-02
CL TZV2P-MOLOPT-PBE0-GTH-Q7
 1
 2 0 3 4 3 3 2 1
         1.95736377876919     5.14900988266686E-01     2.40693792976430E-01    -1.28104442415964E-01     3.91491934421244E-01     1.94579618291814E-01    -4.24624922261607E-01     1.03302579489917E-01    -1.51719991846673E-01    -8.80894837945973E-02
         1.54347371438383    -4.22981434715776E-01     4.84506053505603E-02    -8.97870765280675E-01    -5.31183852831214E-01    -2.06763688400425E-01    -8.12512692066251E-01     2.53080986425568E-01     7.90079486051753E-01     3.40736837991551E-01
         0.40766941393095    -4.94589672987331E-01    -6.25944067103656E-01     2.66738548390739E-01    -6.13505638411310E-01    -3.32691397032460E-01     3.96050456242181E-01     9.52098239408987E-01    -2.69731069825107E-01     9.35543949131780E-01
         0.13062819821750    -5.57982735881729E-01     7.40211497966302E-01     3.25987557262530E-01    -4.33807113141348E-01     8.99279702676011E-01     5.15832990020733E-02     1.37067625261757E-01     5.29150828937503E-01     2.99360873066907E-02
CL TZVP-MOLOPT-PBE0-GTH-q7
 1
 2 0 2 4 3 3 1
         1.95736377876919     5.14900988266686E-01     2.40693792976430E-01    -1.28104442415964E-01     3.91491934421244E-01     1.94579618291814E-01    -4.24624922261607E-01     1.03302579489917E-01
         1.54347371438383    -4.22981434715776E-01     4.84506053505603E-02    -8.97870765280675E-01    -5.31183852831214E-01    -2.06763688400425E-01    -8.12512692066251E-01     2.53080986425568E-01
         0.40766941393095    -4.94589672987331E-01    -6.25944067103656E-01     2.66738548390739E-01    -6.13505638411310E-01    -3.32691397032460E-01     3.96050456242181E-01     9.52098239408987E-01
         0.13062819821750    -5.57982735881729E-01     7.40211497966302E-01     3.25987557262530E-01    -4.33807113141348E-01     8.99279702676011E-01     5.15832990020733E-02     1.37067625261757E-01
CL DZVP-MOLOPT-PBE0-GTH-q7
 1
 2 0 2 4 2 2 1
         1.95736377876919     5.14900988266686E-01     2.40693792976430E-01     3.91491934421244E-01     1.94579618291814E-01     1.03302579489917E-01
         1.54347371438383    -4.22981434715776E-01     4.84506053505603E-02    -5.31183852831214E-01    -2.06763688400425E-01     2.53080986425568E-01
         0.40766941393095    -4.94589672987331E-01    -6.25944067103656E-01    -6.13505638411310E-01    -3.32691397032460E-01     9.52098239408987E-01
         0.13062819821750    -5.57982735881729E-01     7.40211497966302E-01    -4.33807113141348E-01     8.99279702676011E-01     1.37067625261757E-01
