Ge admm-dz
    4
1 0 0 2 1
        1.16640140   -0.37637234
        0.33181132    0.59689416
1 0 0 1 1
        0.11200256    1.00000000
2 1 1 2 1
        1.72454074   -0.04925739
        0.32076171    0.40705585
2 1 1 1 1
        0.09644440    1.00000000

Ge admm-dzp
    5
1 0 0 2 1
        1.16640140   -0.37637234
        0.33181132    0.59689416
1 0 0 1 1
        0.11200256    1.00000000
2 1 1 2 1
        1.72454074   -0.04925739
        0.32076171    0.40705585
2 1 1 1 1
        0.09644440    1.00000000
3 3 3 1 1
      3.458000E-01    1.0000000

Ge admm-tzp
    7
1 0 0 2 1
        3.83686614    0.06138388
        1.58831558   -0.35048942
1 0 0 1 1
        0.25728007    1.00000000
1 0 0 1 1
        0.09821069    1.00000000
2 1 1 2 1
        2.26804158    0.05428771
        2.02034990   -0.10164883
2 1 1 1 1
        0.31825883    1.00000000
2 1 1 1 1
        0.09630457    1.00000000
2  2  2  1  1
  0.106587537931      1.0000000000

Ge admm-tz2p
    9
1 0 0 2 1
        3.83686614    0.06138388
        1.58831558   -0.35048942
1 0 0 1 1
        0.25728007    1.00000000
1 0 0 1 1
        0.09821069    1.00000000
2 1 1 2 1
        2.26804158    0.05428771
        2.02034990   -0.10164883
2 1 1 1 1
        0.31825883    1.00000000
2 1 1 1 1
        0.09630457    1.00000000
2 2 2 1 1
  0.301681508848      1.00000000
2 2 2 1 1
  0.871556914344E-01  1.00000000
3 3 3 1 1
      3.458000E-01    1.00000000

