LI TZV2PX-MOLOPT-PBE-GTH-Q3
 1
 2 0 3 7 4 2 2 1
        15.18456951160305     9.67292808709045E-03    -2.23454564732431E-02    -3.24804008239958E-02    -4.34876394095688E-03    -3.76439208872567E-02    -2.08351430451572E-03     8.68589411336273E-04    -1.09552735834949E-01     5.52304335854476E-01
         7.11845144447817     4.50491203347122E-01     7.20291259556445E-02    -1.35658651024285E-02    -1.17403250432699E-01     7.91935922846135E-04    -4.22889602413088E-03    -7.86670335763788E-05     1.39692600004926E-01     5.27758289536290E-01
         2.00688102189344     6.82457592083664E-01     1.71766091977526E-01    -8.94415192553353E-03     4.00228375466754E-04    -2.92180695384072E-02    -6.31705042965214E-03    -4.56834824814288E-04    -5.11497551218176E-02    -2.30763555585145E-01
         0.62700043578563     4.73585973198179E-01     3.18870069576571E-01     1.39891735783716E-02     1.33871648991746E-02    -3.36030610358496E-01    -2.63035358165489E-02    -4.07453924529568E-04     2.62556258764720E-01     2.06686804648448E-02
         0.11525900909825     2.75169256960401E-01    -7.93637751631521E-01    -5.16104446511910E-01     2.77866746417308E-02    -9.29530337638409E-01    -4.06735304541335E-02    -1.19890712097065E-03     9.21791941930519E-01     1.59609435569717E-02
         0.03997493535466     1.67699860502354E-01    -4.82526609270359E-01     8.50242882427619E-01    -9.68812555368142E-02    -4.69736140322253E-02     9.98795099781286E-01     9.99998487874018E-01     1.44093424394089E-03     5.58080666206171E-01
         0.03138702609133     5.55941361812219E-02    -2.09276012812021E-02     9.59611234150122E-02     9.87856321390514E-01    -1.36304337300211E-01    -8.28086026240590E-05     6.71951313342101E-04    -2.17323787491984E-01    -2.25927673761466E-01
LI TZV2P-MOLOPT-PBE-GTH-Q3
 1
 2 0 2 7 4 2 1
        15.18456951160305     9.67292808709045E-03    -2.23454564732431E-02    -3.24804008239958E-02    -4.34876394095685E-03    -3.76439208872567E-02    -2.08351430451572E-03     8.68589411336273E-04
         7.11845144447817     4.50491203347122E-01     7.20291259556448E-02    -1.35658651024282E-02    -1.17403250432699E-01     7.91935922846135E-04    -4.22889602413088E-03    -7.86670335763788E-05
         2.00688102189344     6.82457592083664E-01     1.71766091977526E-01    -8.94415192553386E-03     4.00228375466699E-04    -2.92180695384072E-02    -6.31705042965214E-03    -4.56834824814288E-04
         0.62700043578563     4.73585973198179E-01     3.18870069576571E-01     1.39891735783713E-02     1.33871648991746E-02    -3.36030610358496E-01    -2.63035358165489E-02    -4.07453924529568E-04
         0.11525900909825     2.75169256960401E-01    -7.93637751631521E-01    -5.16104446511910E-01     2.77866746417307E-02    -9.29530337638409E-01    -4.06735304541335E-02    -1.19890712097065E-03
         0.03997493535466     1.67699860502354E-01    -4.82526609270359E-01     8.50242882427619E-01    -9.68812555368142E-02    -4.69736140322253E-02     9.98795099781286E-01     9.99998487874018E-01
         0.03138702609133     5.55941361812219E-02    -2.09276012812021E-02     9.59611234150122E-02     9.87856321390514E-01    -1.36304337300211E-01    -8.28086026240720E-05     6.71951313342101E-04
LI TZVP-MOLOPT-PBE-GTH-q3
 1
 2 0 1 7 4 1
        15.18456951160305     9.67292808709045E-03    -2.23454564732431E-02    -3.24804008239958E-02    -4.34876394095685E-03    -3.76439208872567E-02
         7.11845144447817     4.50491203347122E-01     7.20291259556448E-02    -1.35658651024282E-02    -1.17403250432699E-01     7.91935922846135E-04
         2.00688102189344     6.82457592083664E-01     1.71766091977526E-01    -8.94415192553386E-03     4.00228375466699E-04    -2.92180695384072E-02
         0.62700043578563     4.73585973198179E-01     3.18870069576571E-01     1.39891735783713E-02     1.33871648991746E-02    -3.36030610358496E-01
         0.11525900909825     2.75169256960401E-01    -7.93637751631521E-01    -5.16104446511910E-01     2.77866746417307E-02    -9.29530337638409E-01
         0.03997493535466     1.67699860502354E-01    -4.82526609270359E-01     8.50242882427619E-01    -9.68812555368142E-02    -4.69736140322253E-02
         0.03138702609133     5.55941361812219E-02    -2.09276012812021E-02     9.59611234150122E-02     9.87856321390514E-01    -1.36304337300211E-01
LI DZVP-MOLOPT-PBE-GTH-q3
 1
 2 0 1 7 3 1
        15.18456951160305     9.67292808709045E-03    -2.23454564732431E-02    -3.24804008239958E-02    -3.76439208872567E-02
         7.11845144447817     4.50491203347122E-01     7.20291259556448E-02    -1.35658651024282E-02     7.91935922846135E-04
         2.00688102189344     6.82457592083664E-01     1.71766091977526E-01    -8.94415192553386E-03    -2.92180695384072E-02
         0.62700043578563     4.73585973198179E-01     3.18870069576571E-01     1.39891735783713E-02    -3.36030610358496E-01
         0.11525900909825     2.75169256960401E-01    -7.93637751631521E-01    -5.16104446511910E-01    -9.29530337638409E-01
         0.03997493535466     1.67699860502354E-01    -4.82526609270359E-01     8.50242882427619E-01    -4.69736140322253E-02
         0.03138702609133     5.55941361812219E-02    -2.09276012812021E-02     9.59611234150122E-02    -1.36304337300211E-01
