LI DZVP-MOLOPT-PBE-GTH-Q3
 1
 2 0 1 7 3 1
        15.18456951160305     1.02202320474786E-02    -2.10278122883480E-02    -2.96515980153489E-02    -4.09466023202595E-02
         7.11845144447817     4.48200073692373E-01     7.23628431009491E-02    -2.12753626597102E-02     8.88153069180062E-03
         2.00688102189344     6.85611966521493E-01     1.75536000470066E-01    -8.35116664600871E-03    -2.39736971004896E-02
         0.62700043578563     4.70700325551532E-01     3.15667174104776E-01     2.10700278501132E-02    -3.31710788731161E-01
         0.11525900909825     2.77014269296929E-01    -7.96189253530793E-01    -5.10477466728908E-01    -9.33234978487939E-01
         0.03997493535466     1.66008207466736E-01    -4.79152226922667E-01     8.53314988675053E-01    -3.57500538576584E-02
         0.03138702609133     5.56241435604171E-02    -1.89371005573555E-02     9.70604949781893E-02    -1.24226073082394E-01
H DZVP-MOLOPT-PBE-GTH-Q1
 1
 2 0 1 7 2 1
        11.47800033990800     4.75743880840810E-02    -1.97057248307415E-02     1.70092458159803E-02
         3.70075856276300     1.52416590646455E-01    -8.24746803961515E-02     4.03465529407706E-02
         1.44688426843200     2.46046840812467E-01    -1.21263952332034E-02     3.08604235670283E-01
         0.71681458969600     7.24509261884872E-01    -5.69665931962383E-01     4.48433231795629E-01
         0.24791856417600     6.19691470267273E-01     6.33870536603071E-01     5.57505563355012E-01
         0.06691800400400     7.09295992133419E-02     5.11276138134880E-01     6.19673513306873E-01
         0.02170824363400    -2.14841727774842E-03    -7.03430266831284E-02     8.33437898369451E-02
C DZVP-MOLOPT-PBE-GTH-Q4
 1
 2 0 2 7 2 2 1
         6.13262476789800    -1.12933270685558E-01     1.13175508590202E-01     6.82450465023081E-02    -7.87044313340004E-02     3.46909649126486E-02
         2.62519606478200    -1.87051545934670E-01     2.98263406494311E-01     2.22047382608741E-01    -1.62267751278118E-01     6.57792018930692E-02
         1.04545695724700     6.89569819195171E-02    -4.92664291014920E-01     4.19813532465619E-01    -6.40112505530400E-01     5.73405498194749E-01
         0.47831633087400     8.88313623220850E-01     1.71713714814043E-01     6.92071526610307E-01     4.58836493902856E-02     6.58028210897315E-01
         0.17861741430200     3.97826623413706E-01    -1.14647812308826E-01     5.27988158889281E-01     4.00745235417310E-01     3.60291824013063E-01
         0.07514472546500     6.60470837288893E-03    -7.78818490718574E-01     1.09385706846135E-01     5.91742086784725E-01     3.20689530977614E-01
         0.03028675300600     9.59127265113677E-03     7.95247052992218E-02     9.71826779838119E-03     2.11825445553035E-01    -4.76110551759830E-03
O DZVP-MOLOPT-PBE-GTH-Q6
 1
 2 0 2 7 2 2 1
        12.01595470551200    -8.87335305800347E-02     6.35169417789007E-02     6.45751701046123E-02    -3.71073528881012E-02     1.24431907517997E-02
         5.10815028738500    -1.91053672967268E-01     9.20233204511817E-02     2.13687627767197E-01    -1.30083850557334E-01     5.73006192779640E-02
         2.04839803987400     1.74215274065612E-01    -1.47730032288614E-02     4.43700107713793E-01    -2.33974215702054E-01     2.44187581801265E-01
         0.83238157558200     6.82503724291155E-01    -5.86367738171326E-01     6.23139428394792E-01    -4.99269857162770E-01     8.93587220478258E-01
         0.35231624645500     6.63912986485582E-01     5.15036132044042E-01     5.20770824143813E-01     4.48987566411259E-01     2.58540531528545E-01
         0.14297733088000     1.36681978387087E-01     6.14947213181481E-01     3.05773572688864E-01     6.89299152550190E-01     2.67524537876405E-01
         0.04676091830000    -3.77316116843561E-04     5.44502498433707E-03     1.71867188675057E-02     3.10444166119427E-02    -4.85031104383218E-03
F DZVP-MOLOPT-PBE-GTH-Q7
 1
 2 0 2 7 2 2 1
        15.02567276512700    -9.95732540386403E-02     6.08972415449434E-02     7.39113766124227E-02    -2.34029589636878E-02     6.95056029806535E-03
         6.15680058151500    -1.90280996289913E-01     5.56001747843778E-02     2.38050283698846E-01    -1.21187529420385E-01     6.59962167728867E-02
         2.41145620556400     2.55217347068521E-01     1.15270613628886E-02     4.86523061740305E-01    -1.12800228983426E-01     1.63799564953913E-01
         0.96398636968700     7.24090639143426E-01    -4.57085524184916E-01     6.14361847250246E-01    -5.36244813758667E-01     8.91824154448271E-01
         0.39622972143100     5.94920408902234E-01     4.52884911641055E-01     5.16360608619662E-01     4.98454245156613E-01     3.98166341532903E-01
         0.15765890567800     1.02453769029628E-01     7.39395875409999E-01     2.38475041306217E-01     6.55571823125201E-01     1.21585308724435E-01
         0.04813025510700     2.84497354439538E-03    -1.79802928807220E-01     1.50126085738267E-02     7.90723876748260E-02    -9.80542296039063E-03
S DZVP-MOLOPT-PBE-GTH-Q6
 1
 2 0 2 6 2 2 1
         3.81759065673500     7.64227091471486E-02     2.56684069395464E-04    -3.25734907964792E-02    -2.53179850760392E-03     1.19251940358753E-02
         2.36275193109300    -3.55231555500517E-01    -4.56166337949309E-02    -6.04461100435166E-02     4.60272855621493E-02     1.66610233095077E-01
         0.86100418029800    -1.00294195329419E-01     1.94083847780336E-01     2.72588212039310E-01    -1.07725017513228E-01     5.48413367597864E-01
         0.41752451243300     8.72616012768646E-01    -2.83994049628531E-01     8.60313565313347E-01    -3.38817732828267E-01     7.51196164295315E-01
         0.18151354067300     3.10563817211426E-01     8.05909483273930E-01     4.22969839668425E-01     7.00764045009067E-01     3.25636164271480E-01
         0.07057077686500     1.61108203885571E-03     4.79695529904148E-01     4.40225647123803E-02     6.16767943983404E-01    -3.17334127024548E-02
CL DZVP-MOLOPT-PBE-GTH-Q7
 1
 2 0 2 6 2 2 1
         4.57703419411000     7.21135895027093E-02    -2.86501981275397E-02    -3.14143973154492E-02     1.30694510236074E-02     1.19732552345940E-02
         2.68500636732200    -4.02645997746755E-01     1.23776421983937E-01    -6.56162917839586E-02     6.51556057114691E-02     1.63404119437687E-01
         1.10786927011100    -1.54955239654872E-02     2.07706261063177E-01     2.80893214967083E-01    -1.35106639225920E-01     4.40407303332841E-01
         0.51501206505600     7.28207730231242E-01    -3.61247152892113E-01     6.93576634219807E-01    -5.25786127195440E-01     7.86982626145725E-01
         0.22510542096200     5.46475888696782E-01     5.01150354064931E-01     6.21699779496769E-01     3.94212190244509E-01     3.99814165446584E-01
         0.08968481344500     5.92733004742787E-02     7.47706820733367E-01     2.19653081738634E-01     7.38563355469819E-01    -2.03010689533438E-03
