LI TZV2PX-MOLOPT-PBE-GTH-Q3
 1
 2 0 3 7 4 2 2 1
        15.18456951160305     9.67292808709045E-03    -2.23454564732431E-02    -3.24804008239958E-02    -4.34876394095688E-03    -3.76439208872567E-02    -2.08351430451572E-03     8.68589411336273E-04    -1.09552735834949E-01     5.52304335854476E-01
         7.11845144447817     4.50491203347122E-01     7.20291259556445E-02    -1.35658651024285E-02    -1.17403250432699E-01     7.91935922846135E-04    -4.22889602413088E-03    -7.86670335763788E-05     1.39692600004926E-01     5.27758289536290E-01
         2.00688102189344     6.82457592083664E-01     1.71766091977526E-01    -8.94415192553353E-03     4.00228375466754E-04    -2.92180695384072E-02    -6.31705042965214E-03    -4.56834824814288E-04    -5.11497551218176E-02    -2.30763555585145E-01
         0.62700043578563     4.73585973198179E-01     3.18870069576571E-01     1.39891735783716E-02     1.33871648991746E-02    -3.36030610358496E-01    -2.63035358165489E-02    -4.07453924529568E-04     2.62556258764720E-01     2.06686804648448E-02
         0.11525900909825     2.75169256960401E-01    -7.93637751631521E-01    -5.16104446511910E-01     2.77866746417308E-02    -9.29530337638409E-01    -4.06735304541335E-02    -1.19890712097065E-03     9.21791941930519E-01     1.59609435569717E-02
         0.03997493535466     1.67699860502354E-01    -4.82526609270359E-01     8.50242882427619E-01    -9.68812555368142E-02    -4.69736140322253E-02     9.98795099781286E-01     9.99998487874018E-01     1.44093424394089E-03     5.58080666206171E-01
         0.03138702609133     5.55941361812219E-02    -2.09276012812021E-02     9.59611234150122E-02     9.87856321390514E-01    -1.36304337300211E-01    -8.28086026240590E-05     6.71951313342101E-04    -2.17323787491984E-01    -2.25927673761466E-01
S TZV2PX-MOLOPT-PBE-GTH-Q6
 1
 2 0 3 6 3 3 2 1
         3.81759065673500     7.64227091471486E-02     2.56684069395413E-04    -3.01986537710461E-01    -3.25734907964792E-02    -2.53179850760350E-03    -4.80848975823148E-02     1.19251940358753E-02    -3.79629300389310E-02     1.25623853985316E-02
         2.36275193109300    -3.55231555500517E-01    -4.56166337949309E-02     7.44442651574825E-01    -6.04461100435166E-02     4.60272855621493E-02     2.79037427836872E-01     1.66610233095077E-01    -2.16205678154880E-02     5.53386238051381E-02
         0.86100418029800    -1.00294195329419E-01     1.94083847780336E-01     7.63404044273314E-02     2.72588212039310E-01    -1.07725017513228E-01    -8.93078617506671E-01     5.48413367597864E-01    -6.83343971346446E-01     6.51138109297066E-01
         0.41752451243300     8.72616012768646E-01    -2.83994049628531E-01     2.13984448873098E-01     8.60313565313347E-01    -3.38817732828267E-01     2.40522159468922E-01     7.51196164295315E-01     6.30585476527975E-01     7.36147738821640E-01
         0.18151354067300     3.10563817211426E-01     8.05909483273930E-01     3.51428410928672E-01     4.22969839668425E-01     7.00764045009067E-01     1.44239144214262E-01     3.25636164271480E-01    -3.10193258277930E-01     1.65800655978185E-01
         0.07057077686500     1.61108203885571E-03     4.79695529904148E-01    -4.23662766646289E-01     4.40225647123803E-02     6.16767943983404E-01    -2.08759908803863E-01    -3.17334127024548E-02    -1.93066007172600E-01     5.82720766275313E-02
CL TZV2PX-MOLOPT-PBE-GTH-Q7
 1
 2 0 3 6 3 3 2 1
         4.57703419411000     7.21135895027093E-02    -2.86501981275413E-02    -2.07324534694162E-01    -3.14143973154492E-02     1.30694510236074E-02     1.24444888001445E-02     1.19732552345940E-02    -3.08604465287389E-02     1.44391807256594E-02
         2.68500636732200    -4.02645997746755E-01     1.23776421983936E-01     7.31923823523646E-01    -6.56162917839586E-02     6.51556057114691E-02     8.20316370645735E-02     1.63404119437687E-01    -2.68265785499306E-02     2.71829025449255E-02
         1.10786927011100    -1.54955239654872E-02     2.07706261063177E-01     1.96580661901895E-01     2.80893214967083E-01    -1.35106639225920E-01    -1.18681771005318E-01     4.40407303332841E-01    -4.29655829939989E-01     4.38203963229027E-01
         0.51501206505600     7.28207730231242E-01    -3.61247152892113E-01     1.33099186746514E-01     6.93576634219807E-01    -5.25786127195440E-01    -3.46626900919079E-01     7.86982626145725E-01    -8.10462719021867E-02     7.96768722084892E-01
         0.22510542096200     5.46475888696782E-01     5.01150354064931E-01     4.39779244727168E-01     6.21699779496769E-01     3.94212190244509E-01     6.74251823996013E-01     3.99814165446584E-01     6.41502351194558E-01     3.81307988336253E-01
         0.08968481344500     5.92733004742787E-02     7.47706820733367E-01    -4.14172572285041E-01     2.19653081738634E-01     7.38563355469819E-01    -6.35818253785887E-01    -2.03010689533438E-03    -6.28991311978585E-01    -1.63687837109989E-01
H TZV2PX-MOLOPT-PBE-GTH-Q1
 1
 2 0 2 7 3 2 1
        11.47800033990800     4.75743880840810E-02    -1.97057248307415E-02    -8.56714500502522E-02     1.70092458159803E-02    -1.93179389448827E-02     1.03352339878374E-02
         3.70075856276300     1.52416590646455E-01    -8.24746803961515E-02    -1.94061802269482E-01     4.03465529407706E-02    -2.71489548248869E-02     7.14189498523018E-02
         1.44688426843200     2.46046840812467E-01    -1.21263952332034E-02    -8.22056529436061E-01     3.08604235670283E-01    -5.72531832321466E-01     7.50153064477839E-01
         0.71681458969600     7.24509261884872E-01    -5.69665931962383E-01     3.39641660955658E-01     4.48433231795629E-01     7.07039505174184E-01     1.27360204839096E-01
         0.24791856417600     6.19691470267273E-01     6.33870536603071E-01    -6.21920301219593E-02     5.57505563355012E-01    -3.48392170372892E-01     5.51581085645106E-02
         0.06691800400400     7.09295992133419E-02     5.11276138134880E-01     3.99829633266278E-01     6.19673513306873E-01     6.03066291393123E-02     5.87015048181742E-01
         0.02170824363400    -2.14841727774842E-03    -7.03430266831284E-02    -1.16378628833038E-02     8.33437898369451E-02     2.14891127534915E-01    -2.61176551179531E-01
C TZV2PX-MOLOPT-PBE-GTH-Q4
 1
 2 0 3 7 3 3 2 1
         6.13262476789800    -1.12933270685558E-01     1.13175508590202E-01    -1.53372065406573E-02     6.82450465023081E-02    -7.87044313340004E-02    -1.76416603234067E-02     3.46909649126486E-02     2.64978252006870E-02     2.30790993449059E-02
         2.62519606478200    -1.87051545934670E-01     2.98263406494311E-01     2.27855172240443E-02     2.22047382608741E-01    -1.62267751278118E-01    -7.07289040884199E-02     6.57792018930692E-02     2.75282738831518E-02     2.69294929122341E-02
         1.04545695724700     6.89569819195171E-02    -4.92664291014920E-01    -1.65205117831853E-01     4.19813532465619E-01    -6.40112505530400E-01    -2.06306142282176E-01     5.73405498194749E-01     4.90164967877011E-01     7.41743913742807E-01
         0.47831633087400     8.88313623220850E-01     1.71713714814043E-01     3.92351020995796E-01     6.92071526610307E-01     4.58836493902856E-02     6.36333736441358E-01     6.58028210897315E-01    -5.63697910525551E-01    -2.58600619245640E-02
         0.17861741430200     3.97826623413706E-01    -1.14647812308826E-01    -8.44236502318852E-01     5.27988158889281E-01     4.00745235417310E-01    -6.82322620059982E-01     3.60291824013063E-01     5.59297510537997E-01     6.54992395027444E-01
         0.07514472546500     6.60470837288893E-03    -7.78818490718574E-01     3.13089885072250E-01     1.09385706846135E-01     5.91742086784725E-01     2.29002595892972E-01     3.20689530977614E-01    -3.56229268978112E-01    -9.60248919210402E-02
         0.03028675300600     9.59127265113677E-03     7.95247052992218E-02    -8.51644743068315E-02     9.71826779838119E-03     2.11825445553035E-01    -1.70871292789261E-01    -4.76110551759830E-03     2.84610604374323E-02    -9.82525510887337E-02
O TZV2PX-MOLOPT-PBE-GTH-Q6
 1
 2 0 3 7 3 3 2 1
        12.01595470551200    -8.87335305800347E-02     6.35169417789007E-02     2.91322747295120E-02     6.45751701046123E-02    -3.71073528881012E-02    -1.63815925203494E-02     1.24431907517997E-02    -1.50196698878401E-02     2.69656259081719E-03
         5.10815028738500    -1.91053672967268E-01     9.20233204511816E-02     6.96219253394064E-02     2.13687627767197E-01    -1.30083850557334E-01    -3.72880678168853E-02     5.73006192779640E-02     7.02024369381307E-03    -7.82181102053973E-03
         2.04839803987400     1.74215274065612E-01    -1.47730032288615E-02    -8.03220135504631E-02     4.43700107713793E-01    -2.33974215702054E-01    -1.03057091472749E-01     2.44187581801265E-01    -2.14432112899709E-01     3.84024873680367E-01
         0.83238157558200     6.82503724291155E-01    -5.86367738171326E-01    -3.16379969983556E-01     6.23139428394792E-01    -4.99269857162770E-01    -1.92579840368780E-01     8.93587220478258E-01    -7.46289204819806E-02     8.31622366730279E-01
         0.35231624645500     6.63912986485582E-01     5.15036132044042E-01     5.26776882383929E-01     5.20770824143813E-01     4.48987566411259E-01     7.15670298832950E-01     2.58540531528545E-01     8.21312131924056E-01    -7.69606271847014E-02
         0.14297733088000     1.36681978387087E-01     6.14947213181481E-01    -7.59830899748461E-01     3.05773572688864E-01     6.89299152550190E-01    -6.53389984290465E-01     2.67524537876405E-01    -3.56473878500643E-01     3.92010130423317E-01
         0.04676091830000    -3.77316116843561E-04     5.44502498433707E-03     1.81436784547220E-01     1.71867188675057E-02     3.10444166119427E-02     1.07382662487737E-01    -4.85031104383218E-03    -3.82814935420592E-01     3.55781236167972E-02
F TZV2PX-MOLOPT-PBE-GTH-Q7
 1
 2 0 3 7 3 3 2 1
        15.02567276512700    -9.95732540386403E-02     6.08972415449443E-02     4.45169518668396E-01     7.39113766124227E-02    -2.34029589636878E-02    -8.74876575415018E-03     6.95056029806535E-03    -6.87506749521256E-04    -6.13411399063003E-03
         6.15680058151500    -1.90280996289913E-01     5.56001747843787E-02     4.81367479766098E-01     2.38050283698846E-01    -1.21187529420385E-01    -3.68533919663046E-02     6.59962167728867E-02    -5.40656619770551E-03     2.88296062604295E-02
         2.41145620556400     2.55217347068521E-01     1.15270613628896E-02    -5.12150530699622E-01     4.86523061740305E-01    -1.12800228983426E-01    -5.42975212134655E-02     1.63799564953913E-01    -6.61805718669257E-02     2.61587323094853E-01
         0.96398636968700     7.24090639143426E-01    -4.57085524184916E-01     7.15600924361316E-02     6.14361847250246E-01    -5.36244813758667E-01    -2.14501897788847E-01     8.91824154448271E-01    -2.64570123351385E-01     9.64019501517573E-01
         0.39622972143100     5.94920408902234E-01     4.52884911641055E-01     3.89538447542959E-01     5.16360608619662E-01     4.98454245156613E-01     6.44752071215623E-01     3.98166341532903E-01     7.58956172939783E-01    -1.35894542026710E-02
         0.15765890567800     1.02453769029628E-01     7.39395875409999E-01    -1.74865792539685E-01     2.38475041306217E-01     6.55571823125201E-01    -7.05218499383203E-01     1.21585308724435E-01    -4.19037753233744E-01     3.43963526089414E-02
         0.04813025510700     2.84497354439538E-03    -1.79802928807220E-01     3.46946953628507E-01     1.50126085738267E-02     7.90723876748260E-02     1.91226662430425E-01    -9.80542296039063E-03     4.17116251223843E-01     1.38462990433707E-03
