CD DZVP-MOLOPT-SCAN-GTH-Q12
 1
 2 0 3 5 2 2 2 1
         2.55560482126396     5.35259389665903E-02    -6.24871417078461E-02    -3.10557138654090E-03    -4.51471851801847E-02    -4.69210159640236E-01    -4.36476920520046E-03    -1.00570111811859E-02
         1.22087664423366    -1.26721502482261E-01     1.82542672615949E-01    -6.88864879568560E-02     1.36946957261954E-01    -6.77964045069899E-01    -3.94486584513382E-01    -2.13371045397577E-02
         0.53090757650415    -4.39408103279298E-01     1.15435392177201E-01     1.51052337883151E-01     2.57183362415415E-01    -5.18485633560705E-01     3.34851989789827E-01    -6.51173567268788E-01
         0.22057315545332     6.79819747303587E-01    -5.57478178079980E-01    -6.58564684562710E-02    -9.50939922771122E-01    -2.26632505426917E-01     4.09418640976577E-01    -7.55724344978213E-01
         0.07088369574410     5.70825949493329E-01     7.99165990888584E-01     9.83916217970735E-01    -9.36869464960378E-02    -4.11521055543761E-03     7.51406550931943E-01    -6.55536741430433E-02
H DZVP-MOLOPT-SCAN-GTH-Q1
 1
 2 0 1 5 2 1
         9.16876514496744     4.30245721944096E-02    -3.89199332255518E-02    -1.03225299298647E-01
         2.16119406948452     1.67758655334156E-01    -2.29436993766244E-01     3.18679005482070E-01
         0.61986766123499     5.51924571472773E-01    -2.73974309763091E-01     4.58038932787715E-01
         0.41225503616229     4.20326460221825E-01     8.94936516623427E-01     2.25604019455304E-02
         0.16131600752250     6.99078574975625E-01    -2.64330500496994E-01     8.23091485416057E-01
C DZVP-MOLOPT-SCAN-GTH-Q4
 1
 2 0 2 5 2 2 1
         5.62346013427220    -1.55253500731420E-01     5.81156225081139E-02    -9.29774868419450E-02     6.15864535855770E-02    -8.37519672759395E-02
         2.09855872766266    -2.36394508865927E-01     1.09598535828912E-01    -2.48489734215218E-01     2.22870166784096E-01     2.49479844044917E-01
         0.82051076634244     4.67426079878225E-01    -1.58417931802923E-01    -5.81990872631545E-01     3.41552398929665E-01     5.62523929081207E-01
         0.31733139976061     8.30527918853097E-01     3.37009387490941E-03    -6.83456388910509E-01     8.65714462205002E-02     7.72454993535448E-01
         0.11111607198944     1.08398443456976E-01     9.79542309813727E-01    -3.51826701035020E-01    -9.06853538878833E-01     1.32761167386880E-01
F DZVP-MOLOPT-SCAN-GTH-Q7
 1
 2 0 2 5 2 2 1
        13.16645520019096     1.25688709752362E-01    -6.90191648196731E-02    -9.31572868763813E-02     5.00225599861602E-02    -1.02513605924922E-02
         4.67863609541364     1.25206371205048E-01    -7.54523660806367E-02    -2.93923292691458E-01     1.19602022797720E-01     4.04484470063397E-02
         1.68188350144516    -4.93940854057955E-01     2.15904735709196E-01    -5.53343548452151E-01     3.11861936412921E-01     4.51403790784568E-01
         0.58393450944632    -7.58234802751956E-01     3.05654861844976E-01    -6.44505933144035E-01     2.69615230808562E-01     8.90352206116421E-01
         0.18571155118612    -3.86817953873203E-01    -9.21685166349822E-01    -4.28198362261887E-01    -9.01799789070697E-01     4.20285554084608E-02
