#
# Generated with CP2K Atom Code
#
 Kr ccGRB-VAL-0
   1
  1  0  1  6  1  1
   4.42331431305        0.0522388102   -0.0156298621
   2.09099201999       -0.4281588791   -0.1188970278
  0.988455108147        0.0576931485    0.1899502729
  0.467263141839        0.6884242561    0.4394510060
  0.220884936424        0.4180507945    0.3634735423
  0.104416870860        0.0848714338    0.1960339390

 Kr ccGRB-VAL-1
   1
  1  0  1  6  2  2
   4.42331431305        0.0522388102   -0.0128441979   -0.0156298621    0.0039609215
   2.09099201999       -0.4281588791    0.2692427132   -0.1188970278    0.1226834083
  0.988455108147        0.0576931485    0.1421950306    0.1899502729   -0.2513701273
  0.467263141839        0.6884242561   -1.5688782729    0.4394510060   -0.3876691238
  0.220884936424        0.4180507945    0.0839486041    0.3634735423   -0.6127028946
  0.104416870860        0.0848714338    1.3692705498    0.1960339390    1.4108497098

 Kr ccGRB-VAL-2
   1
  1  0  1  6  3  3
   4.42331431305        0.0522388102   -0.0128441979    0.0007329507   -0.0156298621    0.0039609215   -0.0387265825
   2.09099201999       -0.4281588791    0.2692427132   -0.3371635894   -0.1188970278    0.1226834083   -0.0006518759
  0.988455108147        0.0576931485    0.1421950306   -0.2409102226    0.1899502729   -0.2513701273   -0.0959549199
  0.467263141839        0.6884242561   -1.5688782729    4.2674577791    0.4394510060   -0.3876691238    2.4291036146
  0.220884936424        0.4180507945    0.0839486041   -6.5320546329    0.3634735423   -0.6127028946   -3.9061156362
  0.104416870860        0.0848714338    1.3692705498    3.2860244465    0.1960339390    1.4108497098    2.0231228735

 Kr ccGRB-VAL-3
   1
  1  0  1  6  4  4
   4.42331431305        0.0522388102   -0.0128441979    0.0007329507   -0.7234928461   -0.0156298621    0.0039609215   -0.0387265825   -0.2638468447
   2.09099201999       -0.4281588791    0.2692427132   -0.3371635894    4.1678020280   -0.1188970278    0.1226834083   -0.0006518759    1.5146447897
  0.988455108147        0.0576931485    0.1421950306   -0.2409102226  -10.3069907743    0.1899502729   -0.2513701273   -0.0959549199   -4.8179277315
  0.467263141839        0.6884242561   -1.5688782729    4.2674577791   12.1419293700    0.4394510060   -0.3876691238    2.4291036146    6.0759622563
  0.220884936424        0.4180507945    0.0839486041   -6.5320546329   -8.0151273795    0.3634735423   -0.6127028946   -3.9061156362   -4.0968240716
  0.104416870860        0.0848714338    1.3692705498    3.2860244465    2.5395256112    0.1960339390    1.4108497098    2.0231228735    1.3590857604

