BA DZVP-MOLOPT-PBE0-GTH-Q10
 1
 1 0 2 6 3 2 1
         3.35796399884764    -6.50754725609342E-02    -6.27043694422122E-02    -1.42299915133504E-02     3.00490224872384E-02     2.23077426341602E-02     6.84548561013879E-03
         1.36962077198331     4.97763337842727E-01     3.63133692523404E-01     3.27567475196931E-01    -3.83591096263754E-01    -2.79594904907863E-01    -2.04769312527681E-01
         0.32338853234300    -3.61614014699801E-01    -6.84445942579311E-02    -4.86336193605677E-01     5.64537870797531E-01     3.70669247531763E-01     6.62851420626825E-01
         0.12656090122671    -4.69336775436238E-01    -5.26600499048012E-01     6.24168612198448E-01     7.23900864540572E-02     2.61105912195854E-01     6.29708449842708E-01
         0.87391207372197    -2.14964281320128E-01     2.35424483914899E-02    -4.54688450725889E-01     4.31357513361201E-01     2.95525340073372E-01     2.63955691428004E-01
         0.03886282980556     5.92237702044513E-01    -7.62663155298693E-01    -2.44225550765134E-01    -5.84758318111114E-01     7.92730621770886E-01     2.29009439338558E-01
H DZVP-MOLOPT-PBE0-GTH-Q1
 1
 2 0 1 5 2 1
         9.40376558777484     5.57995409025206E-02    -4.70579310756749E-02    -9.22922683878503E-02
         2.19236236036235     2.26741263852150E-01    -2.37595450605385E-01     3.56629407794935E-01
         0.70785664525623     4.70071809062586E-01    -3.84865803668886E-01     4.70685683046521E-01
         0.37495748172786     5.50419957177599E-01     8.25544608526065E-01     4.93402007633953E-01
         0.15142571456720     6.49265104227107E-01    -3.34198093163844E-01     6.31907468961614E-01
F DZVP-MOLOPT-PBE0-GTH-Q7
 1
 2 0 2 5 2 2 1
        13.31501907729122     1.31813146289282E-01    -5.24225688764356E-02    -9.80506809064632E-02     4.64420401614479E-02     4.89385522399914E-03
         4.62512020147175     1.34547810393351E-01    -5.37398783766778E-02    -3.12727206728056E-01     1.25929415842544E-01     2.30296758923593E-02
         1.62272294024072    -5.51865766775749E-01     1.65440705311574E-01    -5.86706702362430E-01     2.77907352966805E-01     5.26472480151814E-01
         0.55216173678272    -7.87309125215089E-01     1.14519053917377E-01    -6.52997838515906E-01     1.82287680337408E-01     8.49582617686734E-01
         0.17330337957192    -2.00276553789357E-01    -9.76667117835106E-01    -3.49223175694863E-01    -9.33554296168889E-01    -2.19496600587510E-02
O DZVP-MOLOPT-PBE0-GTH-Q6
 1
 2 0 2 5 2 2 1
        10.34082423621691    -1.29825249634708E-01     8.18793043945143E-02    -9.31315963557027E-02     6.07168741616306E-02    -1.46443819746845E-04
         3.64864310376424    -1.27684551447027E-01     1.02649506262870E-01    -3.10412801135525E-01     1.66218217874094E-01     4.82789843051162E-02
         1.25503633997207     5.26487514579900E-01    -3.65113179366377E-01    -5.97863015525008E-01     4.26686208369503E-01     7.18155124032992E-01
         0.43936673910305     7.72667288737258E-01    -8.21060762059060E-02    -6.48920500304752E-01    -1.50379113770830E-02     6.93882202281484E-01
         0.14295518532255     3.04365270334762E-01     9.17992274956007E-01    -3.41221918409427E-01    -8.86790677695403E-01    -2.12090879301656E-02
S DZVP-MOLOPT-PBE0-GTH-Q6
 1
 2 0 2 4 2 2 1
         1.83659095947030     3.72803746003926E-01    -1.31812637810655E-01     3.22135672378229E-01     2.14331044549409E-01    -6.56359111506667E-02
         1.39208197320107    -1.14279794636780E-01    -1.43288136484319E-01    -4.14974000535217E-01    -2.38907656855117E-01     4.63441350718008E-01
         0.38620456072642    -7.33165669969939E-01     5.64751972580603E-01    -7.40576228885045E-01    -2.84085486628765E-01     8.51719381751729E-01
         0.12374068236867    -5.57158501578093E-01    -8.01965802215136E-01    -4.19013170045561E-01     9.03482579314762E-01     2.35559199269617E-01
