
SN SVP-MOLOPT-PBE-Q22
 2
 1 0 2 6 1 1 1
       375.05893383927639     1.11964823607795E-03     6.87350286967973E-04     4.66310504889569E-04
        13.79145457954842     2.59816458482669E-01     9.06634770468692E-03    -3.28292672438556E-03
         7.01590895076885    -8.11326876900427E-01    -3.14000921289771E-01     4.67851623033475E-03
         3.97429762680415    -6.14486897910620E-02     4.83439435907155E-01     2.56893776581624E-01
         1.66869274031472     4.68881701830082E-01     6.85780903520050E-01     5.96015245206503E-01
         0.60604362555520     2.24981913318021E-01     4.44197720047112E-01     7.60748665110613E-01
 1 0 2 4 3 3 1
         8.05198151483222     6.38566734781676E-03     8.85394628181301E-02    -4.70002506477352E-02     1.12821599527904E-02    -1.11134859268473E-02    -3.16649012035542E-03    -1.58942048051033E-01
         1.18361402753623     6.58514417429051E-01     3.65866432371009E-01     6.57622845522249E-01     7.83635421847485E-01     3.19909233482530E-01    -5.32470645665188E-01    -8.73764509902227E-01
         0.26942067772260     3.35191219528231E-01     6.35186372998433E-01    -6.89823312370087E-01    -5.45708247095342E-01     7.63813714169134E-01    -3.44394158476596E-01     5.77413721072936E-02
         0.07913216247143    -6.73769123395973E-01     6.74418852602063E-01     2.99110292696576E-01     2.96632344063899E-01     5.60466932842898E-01     7.73212550630428E-01     4.56003224269117E-01


SN TZVPP-MOLOPT-PBE-Q22
 2
 1 0 2 8 1 1 1
      1577.11466295886476     4.09392140281297E-04     2.21586604083636E-05     1.28750454177050E-05
       235.38534108212073     1.89569692400035E-03     1.85896967511630E-04    -9.62474592995459E-06
        37.96579862078892    -1.01224576096039E-02     5.23373961925536E-03     3.91670884142266E-03
        13.25037956319464     8.82370160696203E-01    -2.53745011816011E-03    -2.90334996194154E-02
         8.33294902333076    -2.00446904561630E-01    -7.18937066794764E-01     5.82831701277735E-02
         2.99835151439912    -3.93404675260242E-01     2.83568926658000E-01     3.34581569390275E-01
         1.09479883396723     1.54529822769767E-01     2.04466381470245E-01     7.33114137945174E-01
         0.41345275476840     4.99099980558473E-02     6.00731047090828E-01     5.88509661163180E-01
 1 0 3 6 5 4 2 2
        11.66671210557090     8.28133991333686E-01     8.30177131562547E-03    -1.51152881098439E-02    -3.23496891769144E-01    -2.33801220970186E-02     1.85000336959613E-01     8.98506119322479E-03     2.68088105890287E-01     5.85131704591991E-02     1.19015690741274E-02     3.17699810547495E-02    -4.36696351148532E-02    -3.93198713950685E-02
         5.77221868669688     3.95147769368736E-01    -3.56339318694006E-01     5.56639577641196E-02    -1.43459184636705E-01    -1.57161102548263E-01     3.62024398338477E-01     7.41460379180463E-02     1.54648147167852E-01    -2.37397083991839E-02     2.89611521993825E-02    -9.57412714350829E-02     1.90956064728073E-01     4.13179948940212E-02
         1.98225371088393    -9.19245545102144E-03     7.35953573331242E-01     3.31929991061570E-01    -4.36199268930985E-01     2.81657064544634E-01     8.39800785940433E-01    -1.77091109165771E-01     2.23575231407024E-01    -1.19381755235367E-01     5.22604574649779E-02     1.45366355521133E-01    -4.82380319339334E-01     7.60596563577482E-02
         0.99915001682723    -2.54948586348227E-01    -4.31673664598853E-01     7.29584865147075E-01    -3.91574249729609E-01    -1.37902640170154E-01     3.46913500330417E-01     4.11770880810483E-01    -8.26727522411824E-01     1.78920868196454E-02     4.58765152009644E-01    -8.10010390666057E-01     6.79680379200359E-01     2.98858652374420E-01
         0.24992152041612     2.38148065724261E-01     3.07839454565399E-01     5.13448908441688E-01     6.17825247083806E-01    -4.50719390370477E-01    -6.76778130750337E-02     7.73407887182090E-01     3.35795549242362E-01    -5.17888602450964E-01     8.86089805115130E-01     4.02178049851581E-01    -5.90221200871776E-02     9.19435620988681E-01
         0.08590055268032     1.90406272570693E-01    -2.24094680774369E-01     3.00951284884483E-01     3.86601852242946E-01     8.20522972686816E-01     6.72204371616501E-02     4.41978907360906E-01     2.40810686546159E-01     8.44530579864035E-01     2.58426290266414E-02     3.88366943960063E-01    -5.13311740852533E-01     2.37241110358761E-01


SN QZVPP-MOLOPT-PBE-Q22
 2
 1 0 2 11 2 2 1
     11607.11924599079794    -1.23275144045332E-04    -5.68143995308785E-03     1.33770286391315E-03    -9.50752772725554E-03    -5.97054585268648E-06
      1754.94257258393986     6.59872139116826E-04     3.18822528510592E-02    -3.71311196825721E-04     2.29978419487887E-03     2.89460851750777E-06
       397.18272189159472    -3.31058766752733E-04    -5.80627462899976E-02     4.01436581871701E-04    -1.55220356756330E-03     1.44052418905760E-05
        90.22593563895182     4.72116727074754E-03     1.49489759130455E-01     3.57898211620246E-03    -2.95367671043026E-02     1.32796609909392E-04
        31.50248495645857    -4.16582970866131E-02    -1.30599822946058E-01    -6.79617336114479E-03     8.38762176850872E-02     1.38291970241676E-03
        19.59173543454968     1.37025616998779E-01    -6.37201881052808E-01     1.04444536185533E-02    -1.09178494663788E-01    -2.57874323208212E-03
         7.13790451484842    -3.44389472766623E-01     3.01752787145424E-01    -1.57056261831944E-01     4.87459741449422E-01    -1.67056297044554E-04
         4.28359497288018    -3.00469845111580E-01     4.95295403079989E-01     9.05016761271896E-02     5.20134625772854E-01     1.40835756756376E-01
         1.86253608979233     8.51763772083395E-01     4.16171882910151E-01     3.26984237563561E-01    -4.73501650387081E-01     1.56103316501468E-01
         0.56504037377676    -2.08976631628207E-01     6.43780142342737E-02     4.65157778027766E-01     4.94682689856260E-01     5.81000366224579E-01
         0.24529088481423     3.75063214323410E-02    -1.90877908430689E-01     8.02298046235795E-01    -5.47952493155903E-02     7.86274131880964E-01
 1 0 4 7 5 4 3 4 1
         4.54878885097661    -1.16420788216004E-01    -1.49984391959691E-01    -1.51982827263255E-01    -3.94907107627139E-02    -2.96480507948532E-02    -1.79668542962170E-01     3.02990146742894E-01    -6.82171449022949E-02    -6.99273814098845E-02     1.19512244912982E-02    -5.28476512921700E-02    -1.10704605465862E-01     9.54846713289821E-01    -4.01617139374585E-02     1.06625883715858E-01     1.57672429867157E-01    -4.05447596972056E-03
         1.74873880138541     1.00414142494680E-01    -2.18589256087783E-01     6.11884484480051E-01    -1.24435282219243E-01    -5.46851376942327E-03    -1.92837341640216E-02     9.28618865469544E-02     1.17373700828688E-01     2.43442142678772E-01     1.77425797267667E-02     1.31777076721554E-01    -2.52548434186693E-02    -1.07874607033522E-01     4.54793486411529E-01     3.25481353551567E-01    -9.93275189655473E-02     1.22798446479130E-02
         0.94089127276486     7.69636271472396E-01    -2.88420454456444E-01    -4.81246153553505E-01    -9.86661193520335E-02    -2.10134782595965E-01    -7.94197836090092E-02    -3.55626104106900E-01    -2.15894383909620E-01    -2.31351252930043E-01    -9.44133615966206E-02    -3.00742164189171E-01     5.32416737287021E-02     8.93372788886517E-02     8.02340459524078E-01    -3.96993668805206E-02    -2.50359007244921E-01    -2.07430782483135E-01
         0.57993367088522     3.26320137471542E-01     8.08853825624135E-01    -3.27360497529074E-03    -2.96857570774344E-01     3.26769643780204E-01     7.82344012667992E-01    -1.73805131532438E-01    -1.04728082245280E-01    -5.01584194315751E-01     5.77431447577001E-01    -7.69762049087942E-01    -3.58124882343283E-02     4.00457304001072E-02    -3.07023613894420E-01     6.35257307698496E-01    -6.79630489386674E-01     3.37943216181458E-01
         0.23251568843573     4.76145977382459E-01    -6.82163206576642E-02     3.94741716435031E-01     6.22332886360953E-01     3.22442036792754E-01     4.64730431657212E-01     6.68268148410734E-01    -2.64983514161271E-01     3.29355033479791E-01     5.86086331917173E-01     3.92220721747434E-01    -6.60074898978636E-01    -1.61760649919580E-01     8.39462989759533E-02     6.79545751157389E-01     6.56923016629851E-01     9.11536322038825E-01
         0.10731115234222    -2.19815555202383E-01    -7.44191884959600E-02    -4.57529619657484E-01     3.92485793022625E-01     6.01736939947806E-01     3.13808381127547E-01    -1.58889450881224E-01     8.19631610574911E-01     2.86154649022617E-01     5.43696555234331E-01     3.64398226177722E-01     7.19557522678668E-01     5.97105098156608E-02    -7.59019526150840E-04    -3.40072540647864E-02     7.97992071424330E-02     8.55558738411629E-02
         0.04072963583962     5.00450545650233E-02    -4.26732782306848E-01     7.57340446039652E-02    -5.86305044066214E-01     6.18142256684911E-01     1.85816097005599E-01    -5.20641254178683E-01    -4.26590247719974E-01     6.63608888609633E-01     1.34529836709732E-01    -1.01189448347249E-01     1.71835887906047E-01     1.93168735849341E-01     2.15612271799989E-01     1.20938006647663E-01    -5.27299818384115E-02    -6.61917352137555E-02
