###################################################################################################
# Boron
###################################################################################################
 B  ccGRB-D-q3 
   2
  1  0  1  4  2  2
   3.01032644249       -0.1311055785    0.1152209293    0.0649704583   -0.0763950332
  0.914135978623       -0.0201770377    0.0865040656    0.2190550366   -0.2178169001
  0.277592680853        0.6974721087   -1.6284661788    0.4584490982   -0.8568358804
  0.842956608920E-01    0.4120112662    1.5919948786    0.4807894438    1.1628849471
   1 2 2 1 1
      3.430000E-01           1.0000000


 B  ccGRB-T-q3 
   3
  1  0  1  5  3  3
   3.98508974995       -0.0689312563    0.0579084830    0.0517631107    0.0367520796   -0.0299871195    0.0845450404
   1.48734246304       -0.1393439641    0.1573327139   -1.0326226918    0.1083139188   -0.1412356869    0.0096033134
  0.555116130667        0.2366772427   -0.3492855272    3.6375415668    0.2832273735   -0.2437509713    1.5090269005
  0.207184240472        0.6264997649   -1.3733228531   -3.9639624648    0.3831378639   -0.8032496243   -2.2408031769
  0.773267198136E-01    0.3006512998    1.7113561120    1.6953086795    0.4167279506    1.2767205359    1.0741339163
   1 2 2 2 2
      6.610000E-01           1.000000E+00           0.000000E+00
      1.990000E-01           0.000000E+00           1.000000E+00
   1 3 3 1 1
      4.900000E-01           1.0000000


 B  ccGRB-Q-q3 
   4
  1  0  1  6  4  4
   7.70443632672       -0.0083479148    0.0042742365   -0.0344875093   -0.7400660425    0.0029619513   -0.0065204427   -0.0008270906   -0.2495688531
   3.06748438481       -0.0954857557    0.0907478712    0.0562186266    3.0946964738    0.0547432917   -0.0375765664    0.1156023890    0.8058797702
   1.22130420085       -0.1051808096    0.1184120238   -1.0105363507   -6.2188479990    0.1152508296   -0.1728862016    0.0286448413   -2.7679787888
  0.486256412065        0.2990336784   -0.4535285161    3.9433996335    5.9499312116    0.3013059105   -0.2201381776    1.5493774077    3.3791993130
  0.193600659123        0.5784543836   -1.3012225888   -4.5858848800   -3.3634455901    0.3420056917   -0.8236516599   -2.4846394383   -2.1293989728
  0.770811742174E-01    0.2864574664    1.7481659553    2.0145510154    1.0172561531    0.4122024517    1.3254875388    1.2263581573    0.7153748478
   1 2 2 3 3
      1.110000E+00           1.000000E+00           0.000000E+00           0.000000E+00
      4.020000E-01           0.000000E+00           1.000000E+00           0.000000E+00
      1.450000E-01           0.000000E+00           0.000000E+00           1.000000E+00
   1 3 3 2 2
      8.820000E-01           1.000000E+00           0.000000E+00
      3.110000E-01           0.000000E+00           1.000000E+00
   1 4 4 1 1
      6.730000E-01           1.0000000


B aug-cc-D
    3
   1 0 0 1 1
      0.0310500              1.0000000
   1 1 1 1 1
      0.0237800              1.0000000
   1 2 2 1 1
      0.0904000              1.0000000

B aug-cc-T
    4
   1 0 0 1 1
      0.0291400              1.0000000
   1 1 1 1 1
      0.0209600              1.0000000
   1 2 2 1 1
      0.0604000              1.0000000
   1 3 3 1 1
      0.1630000              1.0000000

B aug-cc-Q
     5
   1 0 0 1 1
      0.0272100              1.0000000
   1 1 1 1 1
      0.0187800              1.0000000
   1 2 2 1 1
      0.0466000              1.0000000
   1 3 3 1 1
      0.1130000              1.0000000
   1 4 4 1 1
      0.2730000              1.0000000

