#
# Generated with CP2K Atom Code
#
 B  ccGRB-VAL-0
   1
  1  0  1  4  1  1
   3.01032644249       -0.1311055785    0.0649704583
  0.914135978623       -0.0201770377    0.2190550366
  0.277592680853        0.6974721087    0.4584490982
  0.842956608920E-01    0.4120112662    0.4807894438

 B  ccGRB-VAL-1
   1
  1  0  1  4  2  2
   3.01032644249       -0.1311055785    0.1152209293    0.0649704583   -0.0763950332
  0.914135978623       -0.0201770377    0.0865040656    0.2190550366   -0.2178169001
  0.277592680853        0.6974721087   -1.6284661788    0.4584490982   -0.8568358804
  0.842956608920E-01    0.4120112662    1.5919948786    0.4807894438    1.1628849471

