AT SVP-MOLOPT-PBE-Q25
 2
 1 0 2 7 1 1 1
       303.07976455135065     3.72030786914608E-04    -2.50491457079293E-04    -1.58154478453328E-04
        19.56743213596771    -7.87542279443160E-02     3.48787937805982E-02     4.51904998060973E-02
        14.91784615667412     2.39541154135243E-01    -1.06537316704398E-01    -6.34078640088288E-02
         7.32118857888860    -5.08593178624127E-01    -3.32486743311614E-01    -1.72528777649189E-02
         2.02007107412446     3.75191496311439E-01    -3.48218982836422E-01     6.75377601444351E-01
         0.68032190144288     3.54932722058424E-01    -5.05107672607298E-01     7.26683291714768E-01
         0.44420531214213    -6.41096522541132E-01     7.07457102399510E-01    -9.71394035135466E-02
 1 0 2 4 3 3 1
         8.43697770943631     6.90057579446526E-02     4.29584925426557E-02    -1.30690014166218E-01    -9.32251869446990E-01     9.22203957232429E-02     3.41836445860479E-01     6.18178985729732E-02
         1.40711803320164     5.40440372161722E-01    -6.73606127516770E-01     5.00838975451392E-01    -3.24568463811586E-03     4.95300075641824E-01     4.65733296817354E-02     3.25292260836726E-01
         0.38982590426317     6.67524060151421E-01    -1.98526277400818E-02    -7.30577700324197E-01    -9.13495473046057E-02     7.41214451158116E-01    -5.35135530979738E-01     7.79716339008217E-01
         0.10926714529377     5.07517525438428E-01     7.37573878375677E-01     4.45350047327989E-01     3.50073103295678E-01     4.43592573287950E-01     7.71108768415239E-01     5.31418783201513E-01
H SVP-MOLOPT-PBE-AE
 1
 2 0 1 4 2 1
        12.24885489931877     9.13601065893484E-02    -2.92233653979741E-02    -2.98536765580705E-02
         1.44668572118719     5.46801357436806E-01    -1.89238960127749E-01     5.05674686289909E-01
         0.37494771895490     8.27248429081306E-01     2.01024168753657E-02     8.56401740098416E-01
         0.11192006491493     9.12230399173390E-02     9.81290224001215E-01     9.98895850325395E-02
CL SVP-MOLOPT-PBE-AE
 3
 1 0 0 5 1
     10449.73865986333476     7.92960573941961E-03
      1571.78177464848341     6.21680867531297E-02
       357.17329535888280     2.69577117620510E-01
       100.08667457398440     7.19173472798793E-01
        30.61002596530858     6.37330325671244E-01
 1 0 0 5 3
        51.91245118574216    -1.18096328736624E-01    -6.40377047377502E-02     3.89634888740843E-02
         5.60412729707609     7.74483936348342E-01    -1.94653261999477E-01     5.74322043222265E-01
         2.19075124977087     6.12385827448821E-01     3.85229430631324E-01    -6.60064309823226E-01
         0.56484358945251    -5.02206802462349E-02     5.97599003556938E-01     4.62892544090272E-01
         0.20200153999791    -9.32167961943450E-02     6.72668563772758E-01     1.36680784044379E-01
 1 1 2 7 3 1
       307.66262352364191    -1.41860191757227E-02     4.53707609941391E-03    -4.23704216636410E-03     5.12444630001981E-03
        72.14728379673939    -8.85277776059412E-02    -4.94482703050475E-03    -1.47096881368270E-02    -3.60621072277412E-03
        22.55518606717056    -3.78386770918235E-01    -9.49655880134075E-04     2.33703317781698E-03     7.21261594348665E-03
         7.24782137179115    -7.68325377362051E-01    -8.89706781187266E-02    -6.32538811770121E-02    -8.30729065003500E-03
         2.47105439082271    -5.07191220590418E-01     1.39408082259565E-01     2.81680450029110E-02     2.51018124766366E-01
         0.54359214040661     1.77332693550757E-03     9.86199274331532E-01    -1.36123356582726E-02     8.60344615069135E-01
         0.15406764967487    -3.48579490965011E-02     3.82859289817821E-03     9.97386797034735E-01     4.43437421456475E-01
