He DZVP-MOLOPT-PBE0-GTH-q2
 1
 2 0 1 5 2 1
 13.0056047100 -5.247315E-02   4.398684E-02 0.0
  4.1673466800 -1.519737E-01   1.745859E-01 0.0
  1.3579622300 -3.334548E-01   4.224149E-01 0.0
  0.4569838600 -4.240403E-01   4.248437E-01 0.0
  0.1523906000 -2.142465E-01  -1.243354E+00 1.0


Ne DZVP-MOLOPT-PBE0-GTH-q8
 1
 2 0 2 5 2 2 1
 16.9018301500  9.859197E-02  -6.424637E-02  -6.321393E-02   4.431286E-02 0.00
  6.0652344400  1.066610E-01  -1.240961E-01  -1.959829E-01   1.544715E-01 0.00
  2.1563538800 -3.956547E-01   5.621641E-01  -3.772344E-01   2.856923E-01 0.00
  0.7336017200 -6.179865E-01   6.878625E-01  -4.134155E-01   3.442552E-01 1.00
  0.2255950700 -1.628233E-01  -1.367476E+00  -2.268046E-01  -1.103465E+00 0.00

Ar DZVP-MOLOPT-PBE0-GTH-q8
 1
 2 0 2 5 2 2 1
  3.9357339400  1.266761E-01  -1.775754E-01   8.030372E-02  -6.715526E-02 0.00
  2.8858697900 -4.886903E-01   5.373165E-01  -4.965712E-02   6.106956E-02 0.00
  0.9275442100  3.565156E-01  -6.149534E-01  -3.795731E-01   3.455618E-01 0.00
  0.3666672600  7.440488E-01  -1.025907E+00  -5.055084E-01   6.561628E-01 1.00
  0.1281011200  1.506500E-01   1.580985E+00  -2.532011E-01  -1.256880E+00 0.00
