KR DZVP-MOLOPT-PBE0-GTH-Q8
 1
 2 0 2 4 2 2 1
         1.87328563257118     4.40213165416319E-01    -4.29769665598915E-01     5.61435760282429E-01    -2.98158044829554E-01    -5.51775843474978E-01
         1.70140828088583    -8.93795095427450E-03     1.64105329910985E-01    -6.37040289237669E-01    -1.10199000162361E-01    -2.74776961711927E-01
         0.43947493210539    -7.76220990354183E-01    -6.16868993948145E-01    -5.11282912325868E-01    -4.11485137263153E-01    -6.03389936537336E-01
         0.13994547791684    -4.51235477506430E-01     6.38623613352346E-01    -1.32511661855312E-01     8.54188470115441E-01     5.05926500941894E-01
XE DZVP-MOLOPT-PBE0-GTH-Q8
 1
 2 0 2 5 2 2 1
         0.92142560044681     6.07398524604353E-01     2.87047027885250E-01    -7.22324171959635E-01    -4.38915141892042E-01     2.16733223652210E-01
         0.90443166831541     1.19875629658940E-01    -3.36130794404688E-01     6.89484760246183E-01    -4.65797062495650E-01    -9.60524781827496E-02
         0.63281190422580    -6.42790453598878E-01     2.91263638694081E-02     8.01211241595412E-03     1.24442603484859E-01    -2.24518499939599E-01
         0.23947043763566    -1.96489598426987E-01    -6.62164564848533E-01     3.20398471260201E-02    -5.65424199517313E-01    -9.35550614653613E-01
         0.08491712568342    -4.06090059216520E-01     6.04408667063782E-01     4.20453355542124E-02     5.05169385282233E-01     1.34674131912527E-01
RN DZVP-MOLOPT-PBE0-GTH-Q8
 1
 2 0 2 5 2 2 1
         1.94680473836657    -3.47334168424579E-01    -9.55486136748619E-03    -1.46374006489157E-01    -3.75464670835169E-03    -1.07789818756025E-01
         1.47059662428402     6.48594476297787E-01    -4.16233677673834E-01     3.18210541503353E-01     1.40494073299795E-01     2.12660883568579E-01
         0.38413051754849    -5.44209976624184E-01    -1.39508932318275E-01    -5.77556847962878E-01    -8.52240695185148E-02    -2.24366915185441E-01
         0.17491279814480    -3.98764156562474E-01    -3.55776613154904E-01    -5.01100219538308E-01    -6.30444623512813E-01    -9.32732975277636E-01
         0.07201268134969     5.92184898872801E-02     8.24996054251052E-01    -5.40965210388155E-01     7.58632818070915E-01     1.51080732630848E-01
