HE DZVP-MOLOPT-PBE0-GTH-Q2
 1
 2 0 1 5 2 1
        13.12577468520894    -7.94046583311536E-02     8.32855172495431E-02     8.91676992382925E-02
         4.10555171724517    -2.45623194489687E-01     2.04561726478419E-01    -5.01653842456144E-02
         1.30115005174396    -5.33879725126506E-01     4.99839528534840E-01     5.82637421702461E-01
         0.43633180457918    -6.95355033482767E-01     2.32345159020374E-02     7.47704113838735E-01
         0.15322325106858    -4.05977786428052E-01    -8.37161051209092E-01    -3.01669933232629E-01
NE DZVP-MOLOPT-PBE0-GTH-Q8
 1
 2 0 2 5 2 2 1
        16.35305890678434     1.47309475337955E-01     2.42774766828762E-01    -2.43041112022310E-01     4.31053132707383E-01     5.09642307754888E-02
         5.42277647641364     1.09967337200677E-01     3.44568357570136E-01    -5.62212198320917E-01     6.32881156400823E-01     7.21517499812072E-02
         1.80673009947494    -6.44531205556616E-01     6.14522018846772E-01    -5.89217167602217E-01    -2.82321975627389E-01     9.75221559193612E-02
         0.59057922765866    -7.31120610764765E-01    -3.41092827270755E-01    -4.70745529997838E-01    -5.65733752615884E-01     9.81114453001783E-01
         0.18604668679634    -1.27472666887226E-01    -5.73019573042309E-01    -2.36791548235986E-01    -1.17873923685038E-01    -1.41776695447323E-01
AR DZVP-MOLOPT-PBE0-GTH-Q8
 1
 2 0 2 5 2 2 1
         4.94787210580535     7.37250661814079E-02    -2.24577606511511E-01    -2.60169675219557E-01     3.76339578495889E-01     7.23216230476888E-03
         2.81663963957758    -3.95817878769557E-01    -4.75672147999401E-01    -3.24117009422105E-01     4.29634748531798E-01     1.85979360687811E-01
         1.04601251221685     3.25206165215627E-01    -2.54341212596740E-01    -7.41849133351043E-01     1.11412288770956E-01     8.09173999743633E-02
         0.39173806948225     8.48508693765817E-01    -2.06912627370105E-01    -5.25961138651935E-01    -5.90108302641029E-01     9.73229896727760E-01
         0.13037458496428     1.10303074175152E-01     7.84728372419920E-01    -1.68715225658062E-02    -5.59590919848148E-01    -1.07867120677306E-01
