KR TZV2P-MOLOPT-PBE0-GTH-Q8
 1
 2 0 3 4 3 3 2 1
         1.87328563257118     2.89579088126297E-01     1.58842710613296E-01     9.05544114150526E-01     5.94584847442763E-01    -1.19040221755017E-01     7.65625270006283E-01    -5.61941959875242E-01    -4.25556678132451E-01    -2.89333500916939E-03
         1.70140828088583    -7.69065154446584E-02     1.55281213326879E-01     2.75404434066439E-01    -5.67500205034607E-01     2.89367443264246E-01     6.15776656435846E-01    -2.92885421395354E-01    -2.37976999294035E-01    -7.64730863702400E-02
         0.43947493210539    -5.33547000665031E-01    -7.87790940867274E-01     3.07733130658286E-01    -5.42579378909660E-01    -6.53269864162727E-01     1.80616642900114E-01    -6.57799697832180E-01     7.48092388035435E-01     9.96720969641111E-01
         0.13994547791684    -7.90921574926018E-01     5.74492969112946E-01     9.71729145345255E-02    -1.73262789020474E-01     6.89444989074575E-01     4.48852272355608E-02     4.07110453314000E-01     4.50140245331743E-01    -2.62831571775255E-02
KR TZVP-MOLOPT-PBE0-GTH-q8
 1
 2 0 2 4 3 3 1
         1.87328563257118     2.89579088126297E-01     1.58842710613296E-01     9.05544114150526E-01     5.94584847442763E-01    -1.19040221755017E-01     7.65625270006283E-01    -5.61941959875242E-01
         1.70140828088583    -7.69065154446584E-02     1.55281213326879E-01     2.75404434066439E-01    -5.67500205034607E-01     2.89367443264246E-01     6.15776656435846E-01    -2.92885421395354E-01
         0.43947493210539    -5.33547000665031E-01    -7.87790940867274E-01     3.07733130658286E-01    -5.42579378909660E-01    -6.53269864162727E-01     1.80616642900114E-01    -6.57799697832180E-01
         0.13994547791684    -7.90921574926018E-01     5.74492969112946E-01     9.71729145345255E-02    -1.73262789020474E-01     6.89444989074575E-01     4.48852272355608E-02     4.07110453314000E-01
KR DZVP-MOLOPT-PBE0-GTH-q8
 1
 2 0 2 4 2 2 1
         1.87328563257118     2.89579088126297E-01     1.58842710613296E-01     5.94584847442763E-01    -1.19040221755017E-01    -5.61941959875242E-01
         1.70140828088583    -7.69065154446584E-02     1.55281213326879E-01    -5.67500205034607E-01     2.89367443264246E-01    -2.92885421395354E-01
         0.43947493210539    -5.33547000665031E-01    -7.87790940867274E-01    -5.42579378909660E-01    -6.53269864162727E-01    -6.57799697832180E-01
         0.13994547791684    -7.90921574926018E-01     5.74492969112946E-01    -1.73262789020474E-01     6.89444989074575E-01     4.07110453314000E-01
XE TZV2P-MOLOPT-PBE0-GTH-Q8
 1
 2 0 3 5 3 3 2 1
         0.92142560044681     5.26518996450747E-01     4.52543271903032E-01     1.59929723721603E-01    -7.27887861480972E-01    -5.64736963348043E-01     2.72373670647298E-01     1.91282592716471E-01     4.77437737704398E-01    -2.51018424600060E-02
         0.90443166831541     7.39247108989652E-02    -2.40318705327577E-01     9.55531742904117E-01     6.84281432251302E-01    -5.83894071072746E-01     2.89099563678377E-01    -5.67312490425054E-02    -4.40812404168341E-01     2.04550326406175E-02
         0.63281190422580    -6.57618407456441E-01    -3.62605635031050E-02     1.58793883787815E-01     7.45129902778807E-03     1.11060573578292E-01    -4.44658576484199E-01    -1.33947839086069E-01    -7.09840753097632E-01     9.32897067058587E-02
         0.23947043763566    -6.13159148748408E-02    -6.68217029448036E-01    -1.53106898069887E-01     3.23847653567484E-02    -5.43018951457161E-01    -4.66775355906374E-01    -9.66651576410496E-01     2.31714272416450E-01     9.90655351816098E-01
         0.08491712568342    -5.30180414814163E-01     5.38166033873428E-01     1.12802269515964E-01     2.88771137815004E-02     1.81482349966469E-01     6.53171909451572E-01     8.85168985731946E-02     1.42028983476387E-01    -9.40770624841312E-02
XE TZVP-MOLOPT-PBE0-GTH-q8
 1
 2 0 2 5 3 3 1
         0.92142560044681     5.26518996450747E-01     4.52543271903032E-01     1.59929723721603E-01    -7.27887861480972E-01    -5.64736963348043E-01     2.72373670647298E-01     1.91282592716471E-01
         0.90443166831541     7.39247108989652E-02    -2.40318705327577E-01     9.55531742904117E-01     6.84281432251302E-01    -5.83894071072746E-01     2.89099563678377E-01    -5.67312490425054E-02
         0.63281190422580    -6.57618407456441E-01    -3.62605635031050E-02     1.58793883787815E-01     7.45129902778807E-03     1.11060573578292E-01    -4.44658576484199E-01    -1.33947839086069E-01
         0.23947043763566    -6.13159148748408E-02    -6.68217029448036E-01    -1.53106898069887E-01     3.23847653567484E-02    -5.43018951457161E-01    -4.66775355906374E-01    -9.66651576410496E-01
         0.08491712568342    -5.30180414814163E-01     5.38166033873428E-01     1.12802269515964E-01     2.88771137815004E-02     1.81482349966469E-01     6.53171909451572E-01     8.85168985731946E-02
XE DZVP-MOLOPT-PBE0-GTH-q8
 1
 2 0 2 5 2 2 1
         0.92142560044681     5.26518996450747E-01     4.52543271903032E-01    -7.27887861480972E-01    -5.64736963348043E-01     1.91282592716471E-01
         0.90443166831541     7.39247108989652E-02    -2.40318705327577E-01     6.84281432251302E-01    -5.83894071072746E-01    -5.67312490425054E-02
         0.63281190422580    -6.57618407456441E-01    -3.62605635031050E-02     7.45129902778807E-03     1.11060573578292E-01    -1.33947839086069E-01
         0.23947043763566    -6.13159148748408E-02    -6.68217029448036E-01     3.23847653567484E-02    -5.43018951457161E-01    -9.66651576410496E-01
         0.08491712568342    -5.30180414814163E-01     5.38166033873428E-01     2.88771137815004E-02     1.81482349966469E-01     8.85168985731946E-02
RN TZV2P-MOLOPT-PBE0-GTH-Q8
 1
 2 0 3 5 3 3 2 1
         1.94680473836657    -3.49629156506146E-01     3.27025064175086E-01     7.68520530129415E-01    -2.88488886301999E-01     2.15009722326306E-01    -9.42027679820614E-02    -1.72615147882248E-01     4.61715125937645E-02     7.43833577015655E-03
         1.47059662428402     6.94452586218882E-01    -2.22078350582764E-01     5.68512144114459E-01     1.11956453314675E-01     4.91065856474730E-01     1.09367380332343E-01     2.59602900373201E-01     8.15551228259345E-01     1.23541768963609E-03
         0.38413051754849    -5.20455488932886E-01    -3.50723288648298E-01     4.85724876143881E-02    -6.59907075939145E-01    -1.61633776543111E-02    -6.81877736653618E-01    -1.56816273005766E-01    -4.76039202568265E-01     1.68158032270124E-01
         0.17491279814480    -3.49614718533976E-01    -3.53971851842144E-01     2.89410298890144E-01    -3.59023408657553E-01    -7.15882889104856E-01     4.23504038437417E-01    -9.30710973476227E-01     3.10666989017751E-01     9.84487019585322E-01
         0.07201268134969    -4.88946933597862E-02     7.71642998093604E-01    -7.24769668586463E-03    -5.82979209065632E-01     4.47074466078742E-01     5.78663716079639E-01     1.09526641557780E-01     9.80667377977461E-02    -4.95109013768971E-02
RN TZVP-MOLOPT-PBE0-GTH-q8
 1
 2 0 2 5 3 3 1
         1.94680473836657    -3.49629156506146E-01     3.27025064175086E-01     7.68520530129415E-01    -2.88488886301999E-01     2.15009722326306E-01    -9.42027679820614E-02    -1.72615147882248E-01
         1.47059662428402     6.94452586218882E-01    -2.22078350582764E-01     5.68512144114459E-01     1.11956453314675E-01     4.91065856474730E-01     1.09367380332343E-01     2.59602900373201E-01
         0.38413051754849    -5.20455488932886E-01    -3.50723288648298E-01     4.85724876143881E-02    -6.59907075939145E-01    -1.61633776543111E-02    -6.81877736653618E-01    -1.56816273005766E-01
         0.17491279814480    -3.49614718533976E-01    -3.53971851842144E-01     2.89410298890144E-01    -3.59023408657553E-01    -7.15882889104856E-01     4.23504038437417E-01    -9.30710973476227E-01
         0.07201268134969    -4.88946933597862E-02     7.71642998093604E-01    -7.24769668586463E-03    -5.82979209065632E-01     4.47074466078742E-01     5.78663716079639E-01     1.09526641557780E-01
RN DZVP-MOLOPT-PBE0-GTH-q8
 1
 2 0 2 5 2 2 1
         1.94680473836657    -3.49629156506146E-01     3.27025064175086E-01    -2.88488886301999E-01     2.15009722326306E-01    -1.72615147882248E-01
         1.47059662428402     6.94452586218882E-01    -2.22078350582764E-01     1.11956453314675E-01     4.91065856474730E-01     2.59602900373201E-01
         0.38413051754849    -5.20455488932886E-01    -3.50723288648298E-01    -6.59907075939145E-01    -1.61633776543111E-02    -1.56816273005766E-01
         0.17491279814480    -3.49614718533976E-01    -3.53971851842144E-01    -3.59023408657553E-01    -7.15882889104856E-01    -9.30710973476227E-01
         0.07201268134969    -4.88946933597862E-02     7.71642998093604E-01    -5.82979209065632E-01     4.47074466078742E-01     1.09526641557780E-01
