AU DZVP-MOLOPT-PBE0-GTH-Q19
 1
 2 0 3 6 3 2 2 1
         6.17088982828523    -5.88919624926495E-01    -1.89916803962221E-01    -1.90759777770882E-01    -3.23992462642847E-01    -5.85628256051058E-02     1.92005966740121E-01    -7.38513717115915E-02     2.09540465642362E-02
         5.83536161517813     6.69624463052093E-01     2.61857896556245E-01     1.98248911173502E-01     4.73192925126124E-01     7.17317849293237E-02    -2.62792031684156E-01     1.09581461224198E-01    -2.41383906283675E-02
         1.59875377427038    -1.03488475797026E-01    -1.77141560812327E-01     2.53119914882536E-02    -6.18365566175503E-01    -3.12497544444314E-01     4.48558577041885E-01    -2.75311252955096E-01    -3.09328415657904E-02
         0.66665734016923    -3.82573218927581E-02    -3.50361454270028E-01     3.72158237265923E-01    -3.53009258242832E-01    -3.21904163624440E-01     5.63758625825388E-01    -3.91097379780784E-01    -4.81440176135936E-01
         0.24585004275863     4.79458143046498E-02     3.79496041959059E-01    -7.69949288938932E-01    -3.67167266700671E-01     7.88896415554201E-01     5.23955881672132E-01     2.32339583396009E-01    -8.46899257777274E-01
         0.07088011203882    -4.36239000374907E-01     7.72795265588555E-01     4.38570083781118E-01    -1.71213399557566E-01     4.09622248139985E-01     3.17042119678622E-01     8.36542138666400E-01    -2.21355888382538E-01
CL DZVP-MOLOPT-PBE0-GTH-Q7
 1
 2 0 2 4 2 2 1
         1.95736377876919     5.14900988266686E-01     2.40693792976430E-01     3.91491934421244E-01     1.94579618291814E-01     1.03302579489917E-01
         1.54347371438383    -4.22981434715776E-01     4.84506053505603E-02    -5.31183852831214E-01    -2.06763688400425E-01     2.53080986425568E-01
         0.40766941393095    -4.94589672987331E-01    -6.25944067103656E-01    -6.13505638411310E-01    -3.32691397032460E-01     9.52098239408987E-01
         0.13062819821750    -5.57982735881729E-01     7.40211497966302E-01    -4.33807113141348E-01     8.99279702676011E-01     1.37067625261757E-01
