AU TZV2P-MOLOPT-PBE0-GTH-Q19
 1
 2 0 3 6 4 3 3 2
         6.17088982828523    -5.59185566132476E-01    -1.71393560896321E-01    -2.78565565841170E-01     9.83772726556522E-02    -3.12625734989060E-01    -9.08346728590651E-02    -3.20753673235903E-02     1.89220346004220E-01    -9.30218836253104E-02     3.13498377499651E-03     4.65521227950539E-03     6.70035007562865E-03
         5.83536161517813     6.42257301169800E-01     2.41257072699353E-01     2.92485656538877E-01     2.73714814833365E-01     4.62103012629426E-01     1.08341524613156E-01     5.17563308012971E-02    -2.61897771798360E-01     1.25113577913857E-01    -1.36692841092199E-02    -6.82922342674800E-03    -1.79904642681297E-03
         1.59875377427038    -1.25860368249635E-01    -1.67700152185616E-01     3.80605044326325E-02     6.46571366389591E-01    -6.09890534146657E-01    -3.26767561932761E-01     3.70659729080971E-03     4.66228305421973E-01    -2.38088019613645E-01     2.36867465128016E-01    -2.98124959855777E-02     3.86687798219013E-01
         0.66665734016923    -6.80383346504176E-02    -3.84555354189888E-01     3.14493854996673E-01     5.54968425707270E-01    -3.43478816671585E-01    -3.26848155768111E-01     1.03280764026568E-01     5.91284218562851E-01    -3.36751650789428E-01     3.08300988707045E-01    -4.98056438971180E-01     3.13119381817112E-01
         0.24585004275863     1.45475709254906E-01     4.25267789976168E-01    -7.40140837812444E-01     4.15701718037235E-01    -4.04403350455970E-01     7.79088451353176E-01    -4.25701615653300E-01     5.07286753813751E-01     2.58210373612113E-01    -8.13137431826668E-01    -8.55760077978571E-01    -3.24080634782831E-01
         0.07088011203882    -4.82891118640665E-01     7.45359253974495E-01     4.34384529674538E-01     1.28645670815443E-01    -1.87722466789506E-01     3.99281360394770E-01     8.96877880417298E-01     2.66982222801592E-01     8.59612322709797E-01     4.32960903358593E-01    -1.36592014139140E-01     8.04582133991662E-01
AU TZVP-MOLOPT-PBE0-GTH-q19
 1
 2 0 3 6 4 3 3 1
         6.17088982828523    -5.59185566132476E-01    -1.71393560896321E-01    -2.78565565841170E-01     9.83772726556522E-02    -3.12625734989060E-01    -9.08346728590651E-02    -3.20753673235903E-02     1.89220346004220E-01    -9.30218836253104E-02     3.13498377499651E-03     4.65521227950539E-03
         5.83536161517813     6.42257301169800E-01     2.41257072699353E-01     2.92485656538877E-01     2.73714814833365E-01     4.62103012629426E-01     1.08341524613156E-01     5.17563308012971E-02    -2.61897771798360E-01     1.25113577913857E-01    -1.36692841092199E-02    -6.82922342674800E-03
         1.59875377427038    -1.25860368249635E-01    -1.67700152185616E-01     3.80605044326325E-02     6.46571366389591E-01    -6.09890534146657E-01    -3.26767561932761E-01     3.70659729080971E-03     4.66228305421973E-01    -2.38088019613645E-01     2.36867465128016E-01    -2.98124959855777E-02
         0.66665734016923    -6.80383346504176E-02    -3.84555354189888E-01     3.14493854996673E-01     5.54968425707270E-01    -3.43478816671585E-01    -3.26848155768111E-01     1.03280764026568E-01     5.91284218562851E-01    -3.36751650789428E-01     3.08300988707045E-01    -4.98056438971180E-01
         0.24585004275863     1.45475709254906E-01     4.25267789976168E-01    -7.40140837812444E-01     4.15701718037235E-01    -4.04403350455970E-01     7.79088451353176E-01    -4.25701615653300E-01     5.07286753813751E-01     2.58210373612113E-01    -8.13137431826668E-01    -8.55760077978571E-01
         0.07088011203882    -4.82891118640665E-01     7.45359253974495E-01     4.34384529674538E-01     1.28645670815443E-01    -1.87722466789506E-01     3.99281360394770E-01     8.96877880417298E-01     2.66982222801592E-01     8.59612322709797E-01     4.32960903358593E-01    -1.36592014139140E-01
AU DZVP-MOLOPT-PBE0-GTH-q19
 1
 2 0 3 6 3 2 2 1
         6.17088982828523    -5.59185566132476E-01    -1.71393560896321E-01    -2.78565565841170E-01    -3.12625734989060E-01    -9.08346728590651E-02     1.89220346004220E-01    -9.30218836253104E-02     4.65521227950539E-03
         5.83536161517813     6.42257301169800E-01     2.41257072699353E-01     2.92485656538877E-01     4.62103012629426E-01     1.08341524613156E-01    -2.61897771798360E-01     1.25113577913857E-01    -6.82922342674800E-03
         1.59875377427038    -1.25860368249635E-01    -1.67700152185616E-01     3.80605044326325E-02    -6.09890534146657E-01    -3.26767561932761E-01     4.66228305421973E-01    -2.38088019613645E-01    -2.98124959855777E-02
         0.66665734016923    -6.80383346504176E-02    -3.84555354189888E-01     3.14493854996673E-01    -3.43478816671585E-01    -3.26848155768111E-01     5.91284218562851E-01    -3.36751650789428E-01    -4.98056438971180E-01
         0.24585004275863     1.45475709254906E-01     4.25267789976168E-01    -7.40140837812444E-01    -4.04403350455970E-01     7.79088451353176E-01     5.07286753813751E-01     2.58210373612113E-01    -8.55760077978571E-01
         0.07088011203882    -4.82891118640665E-01     7.45359253974495E-01     4.34384529674538E-01    -1.87722466789506E-01     3.99281360394770E-01     2.66982222801592E-01     8.59612322709797E-01    -1.36592014139140E-01
CL TZV2P-MOLOPT-PBE0-GTH-Q7
 1
 2 0 3 4 3 3 2 1
         1.95736377876919     5.14900988266686E-01     2.40693792976430E-01    -1.28104442415964E-01     3.91491934421244E-01     1.94579618291814E-01    -4.24624922261607E-01     1.03302579489917E-01    -1.51719991846673E-01    -8.80894837945973E-02
         1.54347371438383    -4.22981434715776E-01     4.84506053505603E-02    -8.97870765280675E-01    -5.31183852831214E-01    -2.06763688400425E-01    -8.12512692066251E-01     2.53080986425568E-01     7.90079486051753E-01     3.40736837991551E-01
         0.40766941393095    -4.94589672987331E-01    -6.25944067103656E-01     2.66738548390739E-01    -6.13505638411310E-01    -3.32691397032460E-01     3.96050456242181E-01     9.52098239408987E-01    -2.69731069825107E-01     9.35543949131780E-01
         0.13062819821750    -5.57982735881729E-01     7.40211497966302E-01     3.25987557262530E-01    -4.33807113141348E-01     8.99279702676011E-01     5.15832990020733E-02     1.37067625261757E-01     5.29150828937503E-01     2.99360873066907E-02
CL TZVP-MOLOPT-PBE0-GTH-q7
 1
 2 0 2 4 3 3 1
         1.95736377876919     5.14900988266686E-01     2.40693792976430E-01    -1.28104442415964E-01     3.91491934421244E-01     1.94579618291814E-01    -4.24624922261607E-01     1.03302579489917E-01
         1.54347371438383    -4.22981434715776E-01     4.84506053505603E-02    -8.97870765280675E-01    -5.31183852831214E-01    -2.06763688400425E-01    -8.12512692066251E-01     2.53080986425568E-01
         0.40766941393095    -4.94589672987331E-01    -6.25944067103656E-01     2.66738548390739E-01    -6.13505638411310E-01    -3.32691397032460E-01     3.96050456242181E-01     9.52098239408987E-01
         0.13062819821750    -5.57982735881729E-01     7.40211497966302E-01     3.25987557262530E-01    -4.33807113141348E-01     8.99279702676011E-01     5.15832990020733E-02     1.37067625261757E-01
CL DZVP-MOLOPT-PBE0-GTH-q7
 1
 2 0 2 4 2 2 1
         1.95736377876919     5.14900988266686E-01     2.40693792976430E-01     3.91491934421244E-01     1.94579618291814E-01     1.03302579489917E-01
         1.54347371438383    -4.22981434715776E-01     4.84506053505603E-02    -5.31183852831214E-01    -2.06763688400425E-01     2.53080986425568E-01
         0.40766941393095    -4.94589672987331E-01    -6.25944067103656E-01    -6.13505638411310E-01    -3.32691397032460E-01     9.52098239408987E-01
         0.13062819821750    -5.57982735881729E-01     7.40211497966302E-01    -4.33807113141348E-01     8.99279702676011E-01     1.37067625261757E-01
