AU DZVP-MOLOPT-PBE0-GTH-Q11
 1
 2 0 3 5 2 2 2 1
         1.80608084723675     5.53259269731395E-01    -2.05057324819286E-02     2.68522265585942E-01    -5.11619100174109E-02    -3.58751715410085E-01     3.27264938370347E-01    -3.28899471316932E-01
         1.67302315803854    -5.82728703138344E-01     8.45665454068428E-03    -3.93474526347164E-01    -2.95833775580115E-02     5.98302705162829E-01    -4.90646457284101E-01     4.08419971654586E-01
         0.59754487558591    -2.74684135812991E-01     1.91080220963691E-01     4.78738906052443E-01     5.56754990669630E-01     3.06606858736691E-01    -2.11536652778712E-01    -4.43811287870686E-01
         0.20927827388632     4.19275946077660E-01    -4.87982617650667E-01     2.12995323331893E-01    -8.18693854184772E-01     3.82242091709178E-01     2.24050067736471E-01    -7.20179760773582E-01
         0.06105408379432     3.21072804155601E-01     8.51392573350643E-01     7.06056401480024E-01    -1.27559931875859E-01     5.22699050301962E-01     7.46470043435418E-01    -9.69067461623760E-02
CL DZVP-MOLOPT-PBE0-GTH-Q7
 1
 2 0 2 4 2 2 1
         1.95736377876919     5.14900988266686E-01     2.40693792976429E-01     3.91491934421244E-01     1.94579618291814E-01     1.03302579489917E-01
         1.54347371438383    -4.22981434715776E-01     4.84506053505592E-02    -5.31183852831214E-01    -2.06763688400425E-01     2.53080986425568E-01
         0.40766941393095    -4.94589672987331E-01    -6.25944067103656E-01    -6.13505638411310E-01    -3.32691397032460E-01     9.52098239408987E-01
         0.13062819821750    -5.57982735881729E-01     7.40211497966303E-01    -4.33807113141348E-01     8.99279702676011E-01     1.37067625261757E-01
