Rb admm-dz
    4
1 0 0 2 1
        4.13736202    1.36426057 
        3.71414736   -1.68844071
1 0 0 1 1
        0.39173886    1.00000000
1 0 0 1 1
        0.04790958    1.00000000
2 1 1 3 1
        1.70811740   -0.13869129
        0.68439980    0.64862052
        0.21517209    0.53162650

Rb admm-dzp
    5
1 0 0 2 1
        4.13736202    1.36426057 
        3.71414736   -1.68844071  
1 0 0 1 1
        0.39173886    1.00000000
1 0 0 1 1
        0.04790958    1.00000000
2 1 1 3 1
        1.70811740   -0.13869129 
        0.68439980    0.64862052  
        0.21517209    0.53162650
2 2 2 1 1
      0.37762000      1.0000000

Rb admm-tzp
    7
1 0 0 2 1
        5.45201908   -0.14671013 
        2.89751330    0.50562455 
1 0 0 1 1
        0.43817173    1.00000000
1 0 0 1 1
        0.07240215    1.00000000
1 0 0 1 1
        0.06518277    1.00000000
2 1 1 2 1
        1.69972178   -0.14157011 
        0.68863114    0.64824397 
2 1 1 1 1
        0.21839036    1.00000000
2 2 2 1 1
      0.37762000      1.0000000

Rb admm-tz2p
    9
1 0 0 2 1
        5.45201908   -0.14671013 
        2.89751330    0.50562455  
1 0 0 1 1
        0.43817173    1.00000000
1 0 0 1 1
        0.07240215    1.00000000
1 0 0 1 1
        0.06518277    1.00000000
2 1 1 2 1
        1.69972178   -0.14157011 
        0.68863114    0.64824397  
2 1 1 1 1
        0.21839036    1.00000000
2 2 2 1 1
      0.41209482      1.00000000
2 2 2 1 1
      0.06849964      1.00000000
3 3 3 1 1
      0.07757084      1.00000000
