O admm-dz
    4
1 0 0 2 1
        8.53240384     -0.14439741
        0.88433718      0.61993500
1 0 0 1 1
        0.27037133      1.00000000  
1 1 1 2 1
        6.06505471     -0.06559190
        1.38033962      0.32723350
1 1 1 1 1
        0.31011098      1.00000000  

O admm-dzp
    5
1 0 0 2 1
        8.53240384     -0.14439741
        0.88433718      0.61993500
1 0 0 1 1
        0.27037133      1.00000000  
1 1 1 2 1
        6.06505471     -0.06559190
        1.38033962      0.32723350
1 1 1 1 1
        0.31011098      1.00000000  
1 2 2 1 1
        1.18500000      1.00000000

O admm-tzp
    7
1 0 0 2 1
        8.40683144     -0.14730340
        0.96723888      0.51227551
1 0 0 1 1
        0.37465637      1.00000000
1 0 0 1 1
        0.15952018      1.00000000
1 1 1 2 1
        8.29992176     -0.04470696
        2.38764779      0.14578798
1 1 1 1 1
        0.72063947      1.00000000
1 1 1 1 1
        0.19827461      1.00000000
1 2 2 1 1
        1.18500000      1.0000000

O admm-tz2p
    9
1 0 0 2 1
        8.40683144     -0.14730340
        0.96723888      0.51227551
1 0 0 1 1
        0.37465637      1.00000000
1 0 0 1 1
        0.15952018      1.00000000
1 1 1 2 1
        8.29992176     -0.04470696
        2.38764779      0.14578798
1 1 1 1 1
        0.72063947      1.00000000
1 1 1 1 1
        0.19827461      1.00000000
1 2 2 1 1
        2.31400000      1.00000000
1 2 2 1 1
        0.64500000      1.00000000
1 3 3 1 1
        1.42800000      1.00000000

