  BASIS_TYPE GAUSSIAN
  S_EXPONENTS           8.53240384 \
                        0.88433718 \
                        0.27037133
  P_EXPONENTS           6.06505471 \
                        1.38033962 \
                        0.31011098

  ORBITAL COEFFICENTS (Quickstep normalization)
  L Quantum Number:  0
        8.53240384    0.00000000 -0.14439741  0.37452123  0.00000000  0.00000000  0.00000000
        0.88433718    0.00000000  0.61993500  0.94643469  0.00000000  0.00000000  0.00000000
        0.27037133    0.00000000  0.48451332  0.39878672  0.00000000  0.00000000  0.00000000
  L Quantum Number:  1
        6.06505471   -0.06559190  0.17012464  0.00000000  0.00000000  0.00000000  0.00000000
        1.38033962    0.32723350  0.49957679  0.00000000  0.00000000  0.00000000  0.00000000
        0.31011098    0.67984577  0.55955834  0.00000000  0.00000000  0.00000000  0.00000000
