  BASIS_TYPE GAUSSIAN
  S_EXPONENTS           8.40683144 \
                        0.96723888 \
                        0.37465637 \
                        0.15952018
  P_EXPONENTS           8.29992176 \
                        2.38764779 \
                        0.72063947 \
                        0.19827461

  ORBITAL COEFFICENTS (Quickstep normalization)
  L Quantum Number:  0
        8.40683144    0.00000000 -0.14730340  0.32354254  0.00000000  0.00000000  0.00000000
        0.96723888    0.00000000  0.51227551  1.07824318  0.00000000  0.00000000  0.00000000
        0.37465637    0.00000000  0.46430654  0.78912339  0.00000000  0.00000000  0.00000000
        0.15952018    0.00000000  0.13490709  0.21768539  0.00000000  0.00000000  0.00000000
  L Quantum Number:  1
        8.29992176   -0.04470696  0.09819600  0.00000000  0.00000000  0.00000000  0.00000000
        2.38764779    0.14578798  0.30685615  0.00000000  0.00000000  0.00000000  0.00000000
        0.72063947    0.29000983  0.49289321  0.00000000  0.00000000  0.00000000  0.00000000
        0.19827461    0.22289136  0.35965636  0.00000000  0.00000000  0.00000000  0.00000000
