
TC SVP-MOLOPT-PBE-Q15
 1
 1 0 3 7 5 3 2 1
         6.89943975243346    -3.43284373237368E-01    -1.77678348386712E-01     2.90796065346780E-02     1.12907411563229E-01    -8.27518340934753E-02     9.24300231089296E-03     3.73474136528653E-02     6.46176795876045E-03    -2.49108255645097E-02     5.75399978335780E-02    -2.78306295428599E-02
         4.62580817128235     7.36191528549963E-01     2.84081807145179E-01    -1.69962849874843E-01    -2.36517425352750E-01     2.25438414665232E-01    -1.64118660481297E-01    -3.01050022685307E-02     5.22967947680064E-02    -4.33467468590012E-03    -8.81146633114566E-02     5.76053000663089E-02
         1.69432963641863    -3.24129348663547E-01     1.34951062256386E-02    -1.60137310369491E-01     8.25038297517556E-02    -8.92888174866711E-03     3.13685645428487E-01    -3.50190177341671E-03    -1.01942829557114E-01     4.58284653228377E-01     2.65381914062148E-02     5.50492823804825E-02
         0.68039622890481    -1.79226146119272E-01     8.71645206350910E-01     3.76629266084707E-01     7.40198094490575E-02    -2.38980516911141E-01     7.17343691115502E-01     3.78255951111941E-01    -4.77236446742578E-01     7.37780296521580E-01    -3.33621404296371E-01     6.04673745017330E-01
         0.30236922209782     1.18212577593132E-01    -3.03175372190929E-01     6.31318624296891E-01    -5.56138216473611E-01    -3.81339402924934E-01     3.82323400194598E-01    -7.53866958068936E-01     4.26566368273590E-02     4.58352553642164E-01     1.56155013899191E-01     7.64427488075700E-01
         0.15740470058317     3.27090478507345E-01    -1.83160388193699E-01     5.34303114473074E-01     7.28902603678886E-01     1.45964171979221E-01     1.13731583515012E-01     5.24696853988334E-01     5.43028926197571E-01     1.80168533311619E-01     7.64429942535634E-01    -2.03366952043906E-01
         0.05720695158981    -2.86415138624162E-01     4.81395223362615E-02     3.44572808536286E-01    -2.80065864274296E-01     8.47592451022465E-01     4.48210800219958E-01    -1.04818188358979E-01     6.79982588645871E-01     4.96820714039270E-02     5.17860900570931E-01     3.92278262242045E-02


TC TZVPP-MOLOPT-PBE-Q15
 1
 1 0 4 7 6 4 3 2 1
        14.25768030248140    -4.44166117845088E-01    -3.25385292199004E-01     3.19271600829399E-01    -1.87985633827943E-01    -2.55513408071171E-01    -1.96415401274712E-01     7.52039888323131E-02    -2.44972589624591E-01    -5.10738998388902E-02     3.05530789384252E-01     1.23337806279211E-01     5.59466617341508E-02    -1.52583649113641E-01     1.91589875182700E-04     1.90065823785116E-01    -4.20683987346096E-02
        12.72957466057316     8.42076747721506E-01    -1.64873673212858E-01     4.52807878769035E-01    -1.05278480870414E-01    -1.44220720762320E-02    -4.01388532727703E-02    -6.32373497014611E-02     2.94530644522928E-01     1.02216706223826E-01    -4.06302240572412E-01    -1.43846572445402E-01    -5.71837135902239E-02     1.78662505369754E-01     7.44508537830458E-02    -1.86830768253694E-01     3.30093959898487E-02
         4.18070191209785     8.57368024766203E-02     8.42548291578799E-01    -8.17495436425600E-02     9.52082692203074E-03    -8.45831249623150E-02     1.15552742092264E-01    -1.22221898234891E-01    -1.92931957539554E-01    -1.16545189788096E-01     5.76099382365109E-02     6.19921426617335E-04     1.44538982304548E-02    -5.98965853675183E-02    -3.34874285742800E-01    -3.46596204372422E-02     4.71004052116905E-02
         1.78279136787405    -2.84491112545455E-01     2.38583023723905E-01     7.10112350868031E-01    -2.05628119426160E-01     4.39096800896407E-01     2.73029191686726E-01     5.48950916152754E-01    -6.62451426221918E-01    -3.17955716838076E-01    -2.21454211303303E-01     3.82151442926794E-01    -1.06826914563867E-01    -2.88692408429418E-02     5.52299330484075E-01     1.40074564650188E-01    -2.76255512843774E-01
         0.69592061847438    -1.86398592652914E-02    -6.81590008574745E-02     3.09647926578921E-02     6.79648192364258E-01     6.10516168282055E-01    -2.87614885485265E-01     7.84184177732258E-01     5.04115204565509E-01     5.39304137282967E-02     3.03652518574342E-01     8.51167975270784E-01     1.82090344326678E-01    -2.29762769477953E-01     3.72100642698035E-01     7.63650601238270E-01     8.93199494007652E-01
         0.23437535573234     6.78664266189393E-02    -8.07092091663469E-02    -3.93515918625141E-01    -6.53898295769646E-01     5.93315325908767E-01    -1.21955025455687E-01     8.62420725538773E-02    -3.46962881635470E-01     9.05879747583858E-01     1.58950667117993E-01     2.95943468177309E-01    -1.86982054472801E-01     9.11221631041558E-01    -6.36423785031810E-01     5.69779531685396E-01     3.15564283871453E-01
         0.06382460967891     1.95939295057353E-02    -2.98281703777030E-01    -1.62094214861902E-01     1.47307931563293E-01     9.89521543727293E-02     8.79952917090053E-01    -2.27327027054311E-01    -5.15763193638259E-02    -2.20766790944066E-01     7.56133841818163E-01     7.73717068504635E-02    -9.55960201524973E-01    -2.39292946148473E-01     1.83813964401191E-01     1.83335270099733E-02    -1.45667153832912E-01


TC QZVPP-MOLOPT-PBE-Q15
 2
 1 0 2 6 2 1 1
        18.57461246233540    -4.61931266182360E-01    -5.74375582295244E-02    -4.20432687087244E-02    -2.79689155538753E-02
        13.37188528913954     7.64322163142737E-01     2.61727331715000E-01     1.84200283257500E-01     1.18126952998956E-01
        10.15127712989213     1.45145304438490E-01    -4.35931298551336E-01    -1.42234320766150E-01    -1.29274258440612E-01
         4.90273642442961    -1.70876744034015E-01     8.25069548896859E-01    -3.65412324095161E-01     2.25903019599394E-02
         1.54774051891042     3.29712989614667E-01    -1.72712510385747E-01     7.34588158834506E-01     3.00277262660086E-01
         0.82283984621925    -2.08457332994353E-01    -1.66115206771413E-01     5.20505607558495E-01     9.36949930694953E-01
 1 0 4 6 5 4 3 4 2
         1.84091018618944    -3.59714713569316E-01    -5.39283687068663E-01     1.09612036972765E-02     6.88893416378029E-03    -4.22744401399648E-01    -4.69401541781413E-02     1.91667954402429E-02     4.45036928835966E-04     1.70642478829146E-01     1.46067399204862E-01     1.34929212428587E-02     1.54448197951352E-01     9.61590733989032E-01    -7.13527451440964E-03     1.32904365967079E-01    -6.33871620423738E-02     2.83222727188911E-01    -5.92463185802028E-02
         0.70773398444832     8.47736394499112E-01    -6.35424220558911E-04     3.12407717953713E-01    -2.79703764367952E-02    -3.54589293358648E-01     1.67928746737418E-01     4.53451405207335E-02     4.97081261291033E-02     9.29405695541266E-02    -4.71241803751647E-01    -5.24974948584306E-02    -1.31605553501069E-01     4.79758702168001E-02     9.27374142258270E-01    -5.97934001103657E-02    -1.20559009933512E-01     5.11477263402677E-01    -6.57473284846608E-02
         0.40390209376543    -1.52137473015010E-01     6.79803539736410E-01     1.93385944734974E-01     1.49434653278409E-01     2.23110380153086E-01     7.86807598059839E-01     4.65088869380538E-01    -1.96991304271636E-03     3.56645966274178E-01     8.58968993215089E-01    -6.48098435956265E-02    -1.66214960921222E-01    -2.59216798753867E-01     1.03414058959853E-01     2.52370430332287E-01    -1.73508393428019E-01     2.19208982085348E-01     9.28761663099608E-01
         0.27629033527208    -2.11880343407555E-01     4.09694504102353E-03     6.29358881614001E-01    -7.40928359216950E-01     4.65952245034938E-02    -3.30110384636842E-01     6.37640977513548E-01    -6.88714459918813E-01    -7.17817461840003E-02     6.34488598626630E-03     7.27631725818547E-01     5.15846148022869E-01    -4.44288842580627E-02    -5.05042594187159E-02     9.03887593861616E-01     1.80147964437441E-01     4.40866558858686E-01    -3.57268995721177E-01
         0.23435256565528    -1.53215360355216E-01    -1.68385016154449E-01     6.84141054638951E-01     6.53310355042570E-01     3.08537119133176E-02    -3.55511689953572E-01     5.94660922163078E-01     7.20416186157758E-01     7.76152618765936E-03    -2.05462040190634E-02    -6.76352009459642E-01     6.41645547950210E-01     1.50746188949081E-02     2.28011119449730E-01    -3.92729646407410E-02     9.21877437345395E-01     5.58788888419855E-01    -1.58409950953974E-02
         0.05860669499368     2.45833872801768E-01    -4.67621160594270E-01     2.72316295233894E-02    -3.24072758784608E-02     8.01655971039481E-01    -3.39365487110153E-01    -1.45124660929025E-01    -6.47914732207739E-02     9.10952243158976E-01    -1.35297235388262E-01    -7.72118460163954E-02    -5.03380632890119E-01     6.03908729522020E-02    -2.73298499310988E-01    -3.10668950195240E-01     2.62737762121523E-01    -3.21737429369810E-01    -4.09495208646393E-02
