TC QZVPP-MOLOPT-PBE-Q15
 2
 1 0 2 6 2 1 1
        18.57461246233540    -4.61931266182360E-01    -5.74375582295244E-02    -4.20432687087244E-02    -2.79689155538753E-02
        13.37188528913954     7.64322163142737E-01     2.61727331715000E-01     1.84200283257500E-01     1.18126952998956E-01
        10.15127712989213     1.45145304438490E-01    -4.35931298551336E-01    -1.42234320766150E-01    -1.29274258440612E-01
         4.90273642442961    -1.70876744034015E-01     8.25069548896859E-01    -3.65412324095161E-01     2.25903019599394E-02
         1.54774051891042     3.29712989614667E-01    -1.72712510385747E-01     7.34588158834506E-01     3.00277262660086E-01
         0.82283984621925    -2.08457332994353E-01    -1.66115206771413E-01     5.20505607558495E-01     9.36949930694953E-01
 1 0 4 6 5 4 3 4 2
         1.84091018618944    -3.59714713569316E-01    -5.39283687068663E-01     1.09612036972765E-02     6.88893416378029E-03    -4.22744401399648E-01    -4.69401541781413E-02     1.91667954402429E-02     4.45036928835966E-04     1.70642478829146E-01     1.46067399204862E-01     1.34929212428587E-02     1.54448197951352E-01     9.61590733989032E-01    -7.13527451440964E-03     1.32904365967079E-01    -6.33871620423738E-02     2.83222727188911E-01    -5.92463185802028E-02
         0.70773398444832     8.47736394499112E-01    -6.35424220558911E-04     3.12407717953713E-01    -2.79703764367952E-02    -3.54589293358648E-01     1.67928746737418E-01     4.53451405207335E-02     4.97081261291033E-02     9.29405695541266E-02    -4.71241803751647E-01    -5.24974948584306E-02    -1.31605553501069E-01     4.79758702168001E-02     9.27374142258270E-01    -5.97934001103657E-02    -1.20559009933512E-01     5.11477263402677E-01    -6.57473284846608E-02
         0.40390209376543    -1.52137473015010E-01     6.79803539736410E-01     1.93385944734974E-01     1.49434653278409E-01     2.23110380153086E-01     7.86807598059839E-01     4.65088869380538E-01    -1.96991304271636E-03     3.56645966274178E-01     8.58968993215089E-01    -6.48098435956265E-02    -1.66214960921222E-01    -2.59216798753867E-01     1.03414058959853E-01     2.52370430332287E-01    -1.73508393428019E-01     2.19208982085348E-01     9.28761663099608E-01
         0.27629033527208    -2.11880343407555E-01     4.09694504102353E-03     6.29358881614001E-01    -7.40928359216950E-01     4.65952245034938E-02    -3.30110384636842E-01     6.37640977513548E-01    -6.88714459918813E-01    -7.17817461840003E-02     6.34488598626630E-03     7.27631725818547E-01     5.15846148022869E-01    -4.44288842580627E-02    -5.05042594187159E-02     9.03887593861616E-01     1.80147964437441E-01     4.40866558858686E-01    -3.57268995721177E-01
         0.23435256565528    -1.53215360355216E-01    -1.68385016154449E-01     6.84141054638951E-01     6.53310355042570E-01     3.08537119133176E-02    -3.55511689953572E-01     5.94660922163078E-01     7.20416186157758E-01     7.76152618765936E-03    -2.05462040190634E-02    -6.76352009459642E-01     6.41645547950210E-01     1.50746188949081E-02     2.28011119449730E-01    -3.92729646407410E-02     9.21877437345395E-01     5.58788888419855E-01    -1.58409950953974E-02
         0.05860669499368     2.45833872801768E-01    -4.67621160594270E-01     2.72316295233894E-02    -3.24072758784608E-02     8.01655971039481E-01    -3.39365487110153E-01    -1.45124660929025E-01    -6.47914732207739E-02     9.10952243158976E-01    -1.35297235388262E-01    -7.72118460163954E-02    -5.03380632890119E-01     6.03908729522020E-02    -2.73298499310988E-01    -3.10668950195240E-01     2.62737762121523E-01    -3.21737429369810E-01    -4.09495208646393E-02
F QZVPP-MOLOPT-PBE-AE
 3
 1 0 0 8 1
    132536.04395257573924     2.19133884152562E-04
     19758.15592578060023     2.13098802939830E-03
      4485.33885808192372     9.36952235670608E-03
      1273.60032301696378     4.57116768597223E-02
       418.75079369228018     1.29815698472524E-01
       152.24712142839283     3.88984269444136E-01
        59.93506405237581     3.48051089779771E-01
        24.88806979770636     8.41734891149259E-01
 1 0 1 5 2 1
       240.82710880865446    -5.22362746235088E-02     7.61618022060436E-02     2.22155163398913E-02
        56.74054074501728     8.36915891686098E-01    -3.52431037520191E-01     9.17502257704855E-02
        18.02568816680041     5.06654331012575E-01     3.90319004241376E-01     6.94833984744179E-01
         7.22835931546723     1.13647744824332E-01     8.46604124895882E-01     5.19336475096237E-01
         2.54051853711273     1.65011335426585E-01     3.00711541924844E-02     4.88450331337750E-01
 1 0 4 4 4 3 3 2 1
         4.64152109972176     7.99092172965100E-01     3.57185510151160E-01    -4.75225254357118E-01     8.96167845059311E-02     2.14101203990999E-03     4.09061558167189E-01    -4.32260580718334E-01     5.23415929943841E-01    -8.45844703511436E-01    -9.90960844591549E-02     6.49830793177351E-01    -6.47812475723957E-01     7.18812892465629E-01
         1.55189089466188    -5.65383503262805E-01     6.20688611440661E-01    -5.16124369070663E-01    -1.69418940846506E-01     9.01357430415779E-01    -3.23634717094166E-01     1.52228377872265E-01     8.31684066132871E-01     4.84322390964955E-01     2.69070652276370E-01     7.59749389285090E-01     5.45754817250953E-01     6.81802537410497E-01
         0.54311529853246     1.47999793272877E-01     6.59726542294831E-01     7.03321697890184E-01    -2.19534826074957E-01     3.64587678140232E-01     2.81361980784028E-01    -7.13536840615867E-01    -1.67858516623561E-01    -2.20433972029506E-01     9.41600143248362E-01     1.96681952393344E-02     4.63299478087506E-01    -2.42238812327185E-02
         0.17933709925335    -1.41029268364327E-01     2.27870683409749E-01     1.14521537491829E-01     9.56593181325010E-01     2.33722107747691E-01     8.05459277239079E-01     5.29945741006902E-01     7.84913805373263E-02     3.72481291736264E-02    -1.76550617000047E-01     1.06755709662101E-02    -2.60469325156765E-01    -1.33665736760872E-01
O QZVPP-MOLOPT-PBE-AE
 3
 1 0 0 8 1
    116506.38604434675653    -9.98096455193836E-05
     17504.60971368530591     2.33919295977431E-03
      3993.52399023383759     6.88020418607601E-03
      1133.09478918324885     4.13200618900893E-02
       369.82539210352701     1.15856592130636E-01
       133.78894948022503     3.83521465148008E-01
        52.21462909576736     4.11693815406844E-01
        21.67293595845605     8.17457382177472E-01
 1 0 1 5 2 1
       191.04192564330430    -5.10687570632457E-03     2.62695839052370E-02     1.26002594453494E-02
        45.06231751131436     7.10386627064769E-01    -6.24048153127724E-01     1.12036824182174E-01
        14.05235016622558     5.61186314944367E-01     2.63654168302179E-01     6.01861899721717E-01
         5.51919750076573     3.93930461642211E-01     7.34005739981864E-01     3.82904045403275E-01
         2.22318311118849     1.58787503341973E-01     3.99482759313346E-02     6.91690486537335E-01
 1 0 4 4 4 3 3 2 1
         4.07110969272635     8.35823185743741E-01     1.43707378138683E-01    -5.04975809725526E-01    -1.60459413041861E-01     1.72086536028372E-01     1.83573320585855E-01    -5.65096491463834E-01     5.87117703432284E-01    -6.86150954111257E-01     3.38448518372782E-01     7.96331496602706E-01    -4.06031379618403E-01     7.19190810290016E-01
         1.29660548931134    -3.21106263793023E-01     8.70808213615098E-01    -3.35156402976138E-01     1.62030885936799E-01     7.37714269017482E-01    -1.23907267761277E-01     5.94500398393531E-01     7.22514408166509E-01     6.34126435292987E-01    -1.48853997263073E-01     5.96617421514652E-01     6.47582903144410E-01     6.77717136798244E-01
         0.45442777800760     1.72702329034076E-01     4.19606306388715E-01     6.11297846324634E-01    -6.48397560346960E-01     6.52371782439809E-01     1.27228381173723E-01    -5.13977719496993E-01    -3.94104996625507E-02     3.37150724159123E-01     9.16679165386756E-01    -9.80648777410346E-02     6.03388801969736E-01     3.99419887891043E-02
         0.14870720086566     4.10443997485985E-01     2.12065537529809E-01     5.08905256619550E-01     7.26346592547186E-01    -2.39778831856476E-02     9.66830266380264E-01     2.51121754346111E-01     3.62922229719464E-01    -1.15801215165473E-01    -1.51639030780056E-01     1.69434240146108E-02    -2.27369426215928E-01    -1.47880689800770E-01
