  BASIS_TYPE GAUSSIAN
  S_EXPONENTS          13.94653095 \
                        1.44734515 \
                        0.43085570
  P_EXPONENTS          10.26177832 \
                        2.35214420 \
                        0.52189556

  ORBITAL COEFFICENTS (Quickstep normalization)
  L Quantum Number:  0
       13.94653095    0.00000000 -0.14293257  0.51243064  0.00000000  0.00000000  0.00000000
        1.44734515    0.00000000  0.61367903  1.27741127  0.00000000  0.00000000  0.00000000
        0.43085570    0.00000000  0.49280569  0.53633791  0.00000000  0.00000000  0.00000000
  L Quantum Number:  1
       10.26177832   -0.04863884  0.17437615  0.00000000  0.00000000  0.00000000  0.00000000
        2.35214420    0.24075265  0.50114169  0.00000000  0.00000000  0.00000000  0.00000000
        0.52189556    0.51165323  0.55685036  0.00000000  0.00000000  0.00000000  0.00000000
