SB TZVPP-MOLOPT-PBE-Q23
 2
 1 0 2 8 1 1 1
      1612.09286029594796     6.95487231746761E-04     1.91126634475631E-05    -1.54486792932921E-05
       238.41939465883007     2.89961446770015E-03    -2.35270209597110E-05     9.57356023417599E-05
        24.07000544923540    -1.18712265546189E-01     3.09601477487506E-02     6.01976384917848E-03
        15.35638708661732     8.21902129184223E-01    -1.57183317961753E-01    -3.71002601246872E-02
         9.90527342523247    -2.70952370287244E-01    -6.89273754720518E-01    -9.73669511076712E-02
         3.96814869160631    -1.43160333564573E-01     6.99941834801795E-01     3.61957762633400E-02
         2.06306686708479     3.95793002848925E-01    -6.97885416495645E-02     1.54984650145645E-01
         0.30903291175634    -2.44567429168350E-01     6.66899639323506E-02    -9.81721256044625E-01
 1 0 3 7 5 4 2 2
        11.65394399755086     5.80411804418601E-01    -5.06455331148132E-02    -8.62235942230793E-02     1.84015847716760E-01    -7.79279742440021E-02     8.52606831200398E-02    -1.40466115328754E-01    -2.53383152953371E-01    -3.62820892850589E-01     1.51945274940375E-01    -1.74359020760056E-02     2.66228919632521E-02    -4.17889108733830E-02
         6.40294791697872     7.36383618441521E-01    -2.13166535248789E-01     2.06727752923833E-01     1.74866966529152E-01     3.00985120754175E-02    -3.44528381112265E-03     1.91976847396557E-02     1.38108019662259E-01     1.14146145037471E-01     4.48543647977718E-03     5.32486760043072E-02     5.07985231749445E-02     2.80812346843484E-02
         1.65266598732834     2.90157191539967E-01     6.83470219568274E-01    -5.02278275479991E-01    -3.64167662898046E-01    -5.69799135121921E-02     4.34132518745476E-01    -3.32878812172389E-01     2.67575260948299E-01    -5.00681217556409E-01    -3.43637873615039E-01     3.06785738492494E-01    -2.29305855692458E-01     2.12874527864787E-01
         0.91997784098431     2.51904588205169E-02     6.55177497147940E-01     6.99639921870668E-01     1.59727622956792E-01     1.87118749354267E-01     4.10377096588574E-01    -1.34987971893866E-01    -5.50201655483313E-02    -3.68785006693525E-01     6.68541275603494E-01    -5.01587547507984E-01     9.03551966272993E-01    -1.07842383383082E-04
         0.32880698356859    -1.31147878544854E-01     9.61517511687793E-02     1.44283880942224E-01     2.89976909471146E-01    -7.74282422490769E-01     6.46765813085078E-01     7.32030006029348E-01    -4.35708360379128E-02     1.38600726689129E-01     6.14872821479673E-01     7.80126264620449E-01     1.18875789831455E-01     9.53755722166131E-01
         0.12508575776031    -6.37833728348657E-02     2.14585207387846E-01    -4.02994025833590E-01     7.25711115083609E-01    -8.01527808350571E-02     3.10235065860464E-01    -3.91948192219609E-01    -7.42704897014983E-01     3.82200454080632E-01    -2.16791749713737E-03     5.80203344609073E-02    -2.42759587232130E-01     1.90145407890477E-01
         0.04683861181698    -1.21521455173810E-01     1.77198740766357E-02    -1.57567821964560E-01     4.08271332556659E-01     5.90612762682575E-01     3.48262153602080E-01    -4.01720485019396E-01     5.37206135494359E-01     5.50781486589989E-01    -1.83806426585197E-01     1.97963791395083E-01    -2.33794204066201E-01     7.96511220040831E-02
H TZVPP-MOLOPT-PBE-AE
 1
 1 0 2 5 3 2 1
        34.17773832674855    -4.67038702307212E-01     3.25930727691839E-01    -1.51283436822271E-01    -1.00054440080746E-01     7.49322156514700E-02     1.29694886730211E-02
         4.94770130521271    -8.38132979846024E-02     2.28656356488893E-01    -2.28133785557746E-02     1.35570007424312E-01    -4.78523016653350E-02    -4.42398660674758E-02
         1.06512662518152     8.14717082181122E-01     2.11440298046549E-01     2.96545250287854E-01     9.76472815332876E-01     6.34720246090092E-02     9.35175251752971E-01
         0.29382327136550    -1.33307568322592E-01     8.19165770735029E-01     3.66068869122815E-01    -2.64980945419224E-02     9.79893619096044E-01     2.87655408521357E-01
         0.09137129667664    -3.05475612542697E-01    -3.54606643763996E-01     8.68704419864991E-01     1.31941555275947E-01    -1.66958430843673E-01    -2.01435451376045E-01
O TZVPP-MOLOPT-PBE-AE
 2
 1 0 0 6 1
     27032.34110717467047     7.35264897360634E-04
      4052.43915960016602     8.66846509689763E-03
       922.34965292725667     3.34607178584762E-02
       261.27735857055188     1.68914563970243E-01
        85.30942400544160     3.28333881314405E-01
        31.08080221478707     9.28692322525900E-01
 1 0 3 6 4 3 2 1
        62.91495630413323     1.16332726109966E-01    -5.81371416541881E-02     1.11937556008261E-02     5.75105170781194E-02    -1.16673038976174E-01     1.57254063503839E-01    -3.81929188419382E-02     1.36166697203113E-01    -8.71583721921845E-02     3.21000644845466E-04
        12.30944986692977     8.69241308775708E-01    -1.42460076990705E-02    -1.06600413011436E-01    -2.47597695986788E-02     1.45932079266690E-01    -6.05243600472558E-02     1.73638156652357E-02    -3.58452443966721E-02     4.76694147153259E-02     4.38837435813283E-02
         4.39539910954103     4.65741956926282E-01    -6.40342096322616E-02    -3.00344470998385E-02    -3.98106989985230E-03     3.91422103647488E-01     5.26377359502661E-02    -3.09523103597808E-02     7.70731222820744E-01    -3.53322944888660E-01    -1.34769543790620E-01
         1.33540846189799     9.21608149605863E-03     9.33076668604289E-01    -3.27550581669708E-01    -1.21459202569881E-01     9.00080356671289E-01     4.50466786404856E-02    -1.97504472088648E-02     5.53665920222864E-01     3.94485051877056E-01     9.40647803425498E-01
         0.45443287552085     9.32917636734327E-02     2.31107250617785E-01     8.41720615852045E-01    -4.78471205438802E-01    -3.61150582409544E-02     9.80775789580233E-01    -6.12678902654526E-02     1.14853463706434E-01     8.35162106564474E-01     2.94962206933611E-01
         0.14893102365245     7.19887781862831E-02     2.61293155746377E-01     4.14519004469322E-01     8.67396456641546E-01     2.07610475621550E-02     6.99062044682833E-02     9.96563053096360E-01     2.57701109533086E-01    -1.10361865139449E-01     8.99460419695147E-02
F TZVPP-MOLOPT-PBE-AE
 2
 1 0 0 6 1
     35479.02878767263610     6.72585320603450E-04
      5318.56312951047130     8.20097950478645E-03
      1210.53207767191157     3.41581776414553E-02
       342.85143677005027     1.67981165419731E-01
       112.04698837680320     3.40179960458393E-01
        40.78491787387953     9.24567700620738E-01
 1 0 3 6 4 3 2 1
        79.87901815644609     1.16918239284466E-01    -1.68147951461107E-02    -2.12818697913285E-02    -7.26226478740949E-03    -2.45424567087636E-01     2.14619427519455E-01     6.35891870315225E-02     1.01451133211560E-01    -3.43565246327839E-02    -1.31870850864618E-02
        16.19635642859436     8.53271420269594E-01     1.38508493184897E-02     1.47303644984199E-01    -9.44612873543679E-02    -1.04048621424425E-01     1.57592183640012E-01     5.70164828779390E-02     5.65110690465166E-02     4.45853785965349E-03     1.05680763536942E-01
         5.77801148801512     4.75828101997680E-01     9.06865843098977E-03     4.56280442532807E-02    -3.42227538288093E-02     3.85471543429814E-01     1.08618595980577E-01    -3.86557846134089E-02     7.78219890128867E-01    -1.58938198405914E-01    -1.90738906372033E-01
         1.80048565891898     5.42202862380103E-03     9.84951172129337E-01    -1.65338157360219E-01    -4.82246452283413E-02     8.82036252116551E-01     2.29685585491659E-02     9.54990517737228E-02     5.96805252189064E-01     2.06883586435839E-01     7.91345089335059E-01
         0.61342852936985    -1.78123417267227E-01     1.16155230853301E-01     8.34960810060312E-01    -5.05012861636734E-01     2.35771402740000E-03     9.52591193174218E-01     7.86110613461027E-02     2.14870962580005E-02     9.58447372992515E-01     5.67195057415070E-01
         0.19458219035665     9.39552285204502E-03     1.25786831338083E-01     5.01268928973589E-01     8.55856016509765E-01    -4.85679584923393E-02    -9.66833470619191E-02     9.87882330256585E-01     1.55723360184243E-01    -1.10073678097833E-01    -6.58715646571095E-02
CL TZVPP-MOLOPT-PBE-AE
 3
 1 0 0 7 1
     69508.00450217274192     8.54639670881115E-04
     10426.07404861877149     6.36610882195957E-03
      2373.21372557596396     3.32269466123591E-02
       671.48082610673112     1.29170911439118E-01
       218.35953271185565     3.78680461942424E-01
        77.68193958237838     7.12972790189941E-01
        28.63569494373375     5.74839539435266E-01
 1 0 1 5 1 1
       666.45268090401123     1.43814656418117E-03     5.81778333606563E-03
       157.54073854080110     2.68716178613030E-02     4.29983499959330E-02
        50.27147981024441     2.23252919385808E-01     2.08198314680469E-01
        18.56181800307728     1.26049949313096E-01     5.59198731644810E-01
         7.67698456608668    -9.66201527711407E-01     8.01291167794660E-01
 1 0 3 5 3 4 3 1
         7.92291630827550    -3.55714849236007E-02    -2.05335282550433E-02    -6.21248979322775E-03     1.19403838140099E-01     1.05841381548266E-01    -1.46122271693128E-02     1.83454633514422E-02    -6.37399836508334E-02     8.49429480795528E-02     1.55420574128900E-02     9.92703827764435E-03
         3.21359254353200     9.59549625721583E-01    -2.59950857602373E-02    -1.29366285576508E-01     9.67663531581177E-01     2.77689868599938E-03     2.12406118864067E-01    -7.59992235115858E-02     9.93189642383517E-01     9.67974271551950E-02     3.26871756359324E-02     7.10821712077589E-02
         1.26147295769703     2.42813469124242E-01     1.04956178351874E-01    -5.23619012807164E-02    -7.82419592685200E-03     9.92946336504231E-01    -1.67130180932852E-02     4.83191202193001E-02    -8.82726077217294E-02     9.57739641027515E-01    -9.19882652581050E-02     1.80157385026295E-01
         0.41296442360435    -1.45904199321127E-02     9.89285109716447E-01    -9.35576426318930E-02    -2.17443131180686E-01     2.49858269018969E-02     9.66832988440936E-01    -1.25324606656000E-01    -3.65554258774248E-02     3.24811484808539E-02     9.74023579148050E-01     9.80783981908141E-01
         0.13005620364658     1.37214882924396E-01     9.59260238559098E-02     9.85764154311841E-01     4.50253233824506E-02    -4.71505255802842E-02     1.40088439832982E-01     9.87849466056346E-01    -1.95754006656028E-02     2.55136647045343E-01     2.03730752020278E-01    -2.13278292454652E-02
