GE DZVP-MOLOPT-PBE0-GTH-Q4
 1
 2 0 2 4 2 2 1
         2.48056097542309    -2.06755394888076E-01     1.16740678112275E-01     3.56791025939623E-02    -2.99528557505554E-02    -1.50786271509158E-01
         1.67790085056403     5.08776669643401E-01    -2.71359995468613E-01     6.87772206048451E-02     3.23587585752263E-02     2.31350811264140E-01
         0.28835417023733    -6.64628740340098E-01     4.12736847876251E-01    -9.95885291927576E-01    -4.59387097573992E-02     9.32715154786802E-01
         0.08435423678050    -5.06623276829224E-01    -8.61616887797783E-01     4.70019242828213E-02    -9.97970626883217E-01     2.31911065891264E-01
H DZVP-MOLOPT-PBE0-GTH-Q1
 1
 2 0 1 5 2 1
         9.40376558777484     5.57995409025206E-02    -4.70579310756749E-02    -9.22922683878503E-02
         2.19236236036235     2.26741263852150E-01    -2.37595450605385E-01     3.56629407794935E-01
         0.70785664525623     4.70071809062586E-01    -3.84865803668886E-01     4.70685683046521E-01
         0.37495748172786     5.50419957177599E-01     8.25544608526065E-01     4.93402007633953E-01
         0.15142571456720     6.49265104227107E-01    -3.34198093163844E-01     6.31907468961614E-01
O DZVP-MOLOPT-PBE0-GTH-Q6
 1
 2 0 2 5 2 2 1
        10.34082423621691    -1.29825249634708E-01     8.18793043945143E-02    -9.31315963557027E-02     6.07168741616306E-02    -1.46443819746845E-04
         3.64864310376424    -1.27684551447027E-01     1.02649506262870E-01    -3.10412801135525E-01     1.66218217874094E-01     4.82789843051162E-02
         1.25503633997207     5.26487514579900E-01    -3.65113179366377E-01    -5.97863015525008E-01     4.26686208369503E-01     7.18155124032992E-01
         0.43936673910305     7.72667288737258E-01    -8.21060762059060E-02    -6.48920500304752E-01    -1.50379113770830E-02     6.93882202281484E-01
         0.14295518532255     3.04365270334762E-01     9.17992274956007E-01    -3.41221918409427E-01    -8.86790677695403E-01    -2.12090879301656E-02
F DZVP-MOLOPT-PBE0-GTH-Q7
 1
 2 0 2 5 2 2 1
        13.31501907729122     1.31813146289282E-01    -5.24225688764356E-02    -9.80506809064632E-02     4.64420401614479E-02     4.89385522399914E-03
         4.62512020147175     1.34547810393351E-01    -5.37398783766778E-02    -3.12727206728056E-01     1.25929415842544E-01     2.30296758923593E-02
         1.62272294024072    -5.51865766775749E-01     1.65440705311574E-01    -5.86706702362430E-01     2.77907352966805E-01     5.26472480151814E-01
         0.55216173678272    -7.87309125215089E-01     1.14519053917377E-01    -6.52997838515906E-01     1.82287680337408E-01     8.49582617686734E-01
         0.17330337957192    -2.00276553789357E-01    -9.76667117835106E-01    -3.49223175694863E-01    -9.33554296168888E-01    -2.19496600587510E-02
CL DZVP-MOLOPT-PBE0-GTH-Q7
 1
 2 0 2 4 2 2 1
         1.95736377876919     5.14900988266686E-01     2.40693792976429E-01     3.91491934421244E-01     1.94579618291814E-01     1.03302579489917E-01
         1.54347371438383    -4.22981434715776E-01     4.84506053505592E-02    -5.31183852831214E-01    -2.06763688400425E-01     2.53080986425568E-01
         0.40766941393095    -4.94589672987331E-01    -6.25944067103656E-01    -6.13505638411310E-01    -3.32691397032460E-01     9.52098239408987E-01
         0.13062819821750    -5.57982735881729E-01     7.40211497966303E-01    -4.33807113141348E-01     8.99279702676011E-01     1.37067625261757E-01
