CD SVP-MOLOPT-PBE-Q20
 1
 1 0 3 7 5 3 2 1
         9.90833914582374    -1.90348923702235E-01     3.67894610692491E-02     6.06596415599835E-02     2.91431578838371E-01    -2.62217577889969E-01     6.55305937709008E-02     2.51458119974533E-01     1.63574798017447E-01    -2.53565909822777E-02     3.54235678566484E-02     4.63862107086059E-02
         7.68432615921033     7.98686184962264E-01     4.74556102058869E-01    -1.99355984420085E-01    -1.67771669308359E-01    -7.18482235676054E-02    -2.10094224764908E-01    -5.28176857286190E-01    -2.94198140866575E-01     2.88128591561458E-02    -9.57698604256824E-02     6.55392146947640E-02
         4.47346884360753    -1.91287874397600E-01    -7.46939732057239E-02    -8.00650109056676E-02    -1.40601061227024E-01     2.03160665280503E-01     1.28168382966972E-02     4.29864750482518E-01     1.49198619338053E-01     2.41160835835111E-01     6.48334234525274E-02    -4.27839829854336E-02
         2.00082243075274    -4.77378707781005E-01     8.03493127012484E-01    -7.11402410137918E-02    -1.51454992895732E-01     2.88092043846989E-01     4.13637355610121E-01    -2.86409626472900E-01     4.37897305435835E-02    -2.06934041015565E-01     4.72900965327471E-01    -1.28734370631713E-01
         0.89093487535680    -8.54669102417563E-03     3.22604623566457E-01     6.54986685284049E-01     2.19083926068301E-01    -5.25927207534328E-01     7.96079285121980E-01    -4.62533119606144E-02     2.83728254205293E-01     6.48184793292705E-01     6.68347817482626E-01     7.18883554529572E-01
         0.26896901689964    -7.58747737311185E-02     1.28352457330167E-01    -6.35749707105240E-01     6.57961939041454E-01    -2.42840261618076E-01    -1.23336422646144E-01     5.68941059015362E-01    -1.63671168403690E-02    -3.60261541559714E-01     4.75172488966497E-01     6.60408271302261E-01
         0.09700823918400     2.35703535071919E-01     4.14071287850449E-02     3.34545978178044E-01     6.02744845397585E-01     6.82815987424836E-01    -3.62425058941759E-01    -2.55246049884354E-01     8.84162522448612E-01    -5.89588595366630E-01     2.98758948762571E-01    -1.49054599505471E-01
H SVP-MOLOPT-PBE-AE
 1
 2 0 1 4 2 1
        12.24885489931877     9.13601065893484E-02    -2.92233653979741E-02    -2.98536765580705E-02
         1.44668572118719     5.46801357436806E-01    -1.89238960127749E-01     5.05674686289909E-01
         0.37494771895490     8.27248429081306E-01     2.01024168753657E-02     8.56401740098416E-01
         0.11192006491493     9.12230399173390E-02     9.81290224001215E-01     9.98895850325395E-02
C SVP-MOLOPT-PBE-AE
 2
 1 0 0 7 3
      1238.39426419178358    -4.78406537374023E-03     1.27146911459613E-03    -5.36949721028131E-02
       186.27092160057330     7.27577956373038E-02    -3.87014813631117E-03     3.12678868824760E-02
        40.80523427140306     2.82729712730794E-01     3.91219182986007E-02    -1.20909941390461E-01
        10.50190712188572     7.36614416920618E-01    -1.03553210085742E-02    -1.50059003947046E-01
         3.17652800649052     5.70205094939138E-01    -6.02785487184621E-02    -1.16302283183318E-01
         0.52377208128119    -9.67834489581362E-02     8.18843449080152E-01    -5.58118156557381E-01
         0.16127813865472     1.94024843588592E-01     5.69392264276621E-01     7.96228706387491E-01
 2 1 2 4 2 1
         4.14554558811762     2.38798494806177E-01    -1.02514582239433E-01     4.69156263784244E-02
         0.93752931792561     7.23206993243051E-01    -3.26894283377303E-01     7.30958288976847E-01
         0.30089930346209     6.40598750295380E-01     2.69762855262236E-01     6.78270396676493E-01
         0.09693513829087     9.78783169177316E-02     8.99921602054468E-01     5.87211441464886E-02
F SVP-MOLOPT-PBE-AE
 2
 1 0 0 7 3
      2894.85760373222138    -1.89225166552882E-02    -1.69242373474079E-02     1.56429205622782E-01
       435.72006333230098    -5.47718508603712E-02     4.35884037952142E-03    -7.98432634961778E-02
        98.52635730461387    -2.73685193620500E-01     1.03734081139359E-01    -3.50907504362976E-02
        25.52164954648142    -7.37742492792940E-01     9.09854482000018E-02     1.19033433504314E-02
         7.74033527583515    -5.97666004055640E-01     7.53553007481536E-02    -4.08316440936959E-03
         1.29027540045465     1.18958584280118E-01     8.03005387331711E-01    -5.67628929674378E-01
         0.39691722964189     7.82215741311875E-02     5.74594975519432E-01     8.03469123562649E-01
 2 1 2 4 2 1
        20.86106496273842    -1.10459850494974E-01    -4.27931460741902E-02     1.87770753897563E-02
         3.47280160970880    -5.28022336274227E-01    -8.76852813264224E-03     1.42075306386988E-01
         0.85628499813330    -8.26328796839365E-01    -1.81029642926015E-01     9.03974169721402E-01
         0.22140677163303    -1.61776862802262E-01     9.82507062542321E-01     4.02855717635176E-01
