CD TZVPP-MOLOPT-PBE-Q20
 1
 1 0 4 8 6 4 3 2 1
        19.28340675397089    -1.79540772911493E-02    -1.82078591447414E-01    -5.16175577013946E-02    -1.83750057205934E-02     2.82306153515453E-01    -5.92374197001491E-01    -2.04189252478757E-03     2.20515499707739E-01     4.34707914032716E-02    -6.40870276403665E-02     1.36061916892537E-01     2.46396602891993E-02     2.00523237331333E-01    -9.43392806799344E-02     3.03739622382308E-02    -1.06271490712016E-01
        15.66109289909744     1.45687459900034E-01    -7.00715829394913E-01     7.36083304700216E-02    -3.22527275679133E-01     1.22715324516406E-01     1.40149065693381E-01     7.88730952926381E-02    -3.39812793153715E-01    -6.03896693462413E-02     2.27401995352382E-01     2.28525474633382E-01    -2.05890063376136E-01    -4.44818361808541E-02     1.20109805006657E-01    -5.81552937020052E-02     1.36811308008345E-01
         6.15225789795149    -3.13603159151811E-02     5.79123677748543E-01    -2.80123786925280E-01    -2.03487539309985E-01    -2.46788516503461E-02     2.03403181167041E-01    -2.20612878970040E-01     4.79910893684394E-02     2.10193816120259E-02    -1.18578300775701E-01    -1.43917729816323E-01     1.75533281197171E-01     1.95344882385581E-01    -9.21042954099300E-02     1.34355823119393E-01    -8.30781317836214E-02
         2.10812896173001    -1.82476343417958E-01     6.04350746203590E-02     8.57367045112071E-01     1.39110739002261E-01    -2.82923215501822E-01     1.28023468859848E-01     4.83981794614861E-01     1.77993537037323E-01    -9.82524015432561E-03    -6.18939137334449E-03     8.86702091528869E-01     9.48467095045446E-02     9.30566804107160E-02     2.04267765308986E-01    -2.44225381702721E-01     5.93339740071015E-02
         0.81523044205703     2.36662477134084E-01    -2.31683201123427E-01    -3.10532196169717E-01     6.22731521689457E-01    -5.85517407761581E-01    -3.46034023345506E-02     6.19477592726875E-01     4.72394452152660E-01    -1.16609776890135E-01    -3.03502834931831E-01     4.79279610077566E-02     8.51568008492169E-01    -4.77705043284747E-01    -5.69208753095070E-02     8.28728357486333E-01     3.94660214520654E-02
         0.25866561771577    -6.86483694531250E-01    -1.94403757222198E-02    -4.63966142296227E-02     4.13249778991689E-01     2.50324445660897E-01    -2.67005092076421E-01    -4.06872886302850E-01     5.48749239984955E-01     5.74176233310594E-01    -1.41075722817650E-01    -1.08632419285545E-01     3.43267204457392E-01     7.06193874020726E-01     9.18659096229905E-01     1.89411106321885E-01    -6.56069044087676E-01
         0.18327254034009     6.42731005661775E-01     2.50067538627511E-01     2.67786661754490E-01     3.51707938119164E-01     4.28077447058031E-01    -2.09778220059371E-01    -3.54392445541674E-01     4.64832677365966E-01    -7.62681881484944E-01     2.17633384971258E-01     1.69828058050777E-01     1.98871535850582E-01     4.04184191770905E-01    -2.80008592221347E-01     1.51280559268557E-01     7.24158629632328E-01
         0.08395070987365    -6.16408406456097E-02    -1.42194489458336E-01    -8.98736251256332E-02     3.90654754955313E-01     4.85640123610554E-01     6.74679309868909E-01     1.89669203276916E-01     2.48120275987273E-01     2.62612240904835E-01     8.77896031875828E-01    -2.81728040618027E-01     1.86128996443965E-01     1.43930093223275E-01    -2.97637503524248E-02     4.15264728391145E-01    -5.63618796742646E-02
H TZVPP-MOLOPT-PBE-AE
 1
 1 0 2 5 3 2 1
        34.17773832674855    -4.67038702307212E-01     3.25930727691839E-01    -1.51283436822271E-01    -1.00054440080746E-01     7.49322156514700E-02     1.29694886730211E-02
         4.94770130521271    -8.38132979846024E-02     2.28656356488893E-01    -2.28133785557746E-02     1.35570007424312E-01    -4.78523016653350E-02    -4.42398660674758E-02
         1.06512662518152     8.14717082181122E-01     2.11440298046549E-01     2.96545250287854E-01     9.76472815332876E-01     6.34720246090092E-02     9.35175251752971E-01
         0.29382327136550    -1.33307568322592E-01     8.19165770735029E-01     3.66068869122815E-01    -2.64980945419224E-02     9.79893619096044E-01     2.87655408521357E-01
         0.09137129667664    -3.05475612542697E-01    -3.54606643763996E-01     8.68704419864991E-01     1.31941555275947E-01    -1.66958430843673E-01    -2.01435451376045E-01
C TZVPP-MOLOPT-PBE-AE
 2
 1 0 0 6 1
     13575.36958405577388     4.58147950944622E-04
      2035.23751738363671     1.21337901046264E-02
       463.11111195382159     3.94772659786306E-02
       131.31855343946540     2.27675432947388E-01
        42.89959282566456     1.83999091958326E-01
        15.85510154272720     9.55302223434938E-01
 1 0 3 6 4 3 2 1
        34.41721150609357     9.02610706533540E-02     1.45960387814647E-01    -5.81350391534647E-01    -1.86791853710472E-01     2.24000414781332E-02     1.35113513652918E-02    -9.87851280080972E-02     2.98612069007889E-01    -2.24236690578969E-01     1.44118218013727E-02
         6.73967331854110     8.42948760302444E-01    -1.29849205041561E-01    -5.44525843040446E-02    -6.71931413988591E-02     1.91277633948411E-01    -1.66915456837718E-01     1.05142388826124E-01     1.25840321584798E-01    -1.04282075437448E-01    -2.31687139463439E-02
         2.44162428858657     4.59593591138479E-01    -1.00655279581068E-01    -1.37653511557023E-01    -1.93557517366443E-02     2.11051684448653E-01     1.99160136414799E-01    -1.81772636941788E-01     6.58919643733437E-01    -3.51581809254503E-01     1.16047272341388E-01
         0.80676393803573     8.72690243543751E-03     8.01077547688240E-01    -4.00910108714892E-01     7.51099749711393E-02     9.43473200180869E-01    -1.64395137159315E-01    -5.93836313870153E-02     6.64977833395214E-01     3.14836909427245E-01     7.81790432912519E-01
         0.28395954992898     1.42303776998465E-01     4.59233425841999E-01     5.88311261894914E-01    -6.15166888615124E-01     1.43785506703447E-01     9.46250030657811E-01    -5.39147063185988E-02     1.17179343018990E-01     8.44845722597378E-01     5.98727626814855E-01
         0.09709795396584     2.23019133348180E-01     3.14774025311408E-01     3.65074092396285E-01     7.59043760808618E-01     8.69042000524980E-02     9.93832585229523E-02     9.69387473501416E-01     6.99530662023376E-02     4.84439079059064E-02    -1.26954671295191E-01
F TZVPP-MOLOPT-PBE-AE
 2
 1 0 0 6 1
     35479.02878767263610     6.72585320603450E-04
      5318.56312951047130     8.20097950478645E-03
      1210.53207767191157     3.41581776414553E-02
       342.85143677005027     1.67981165419731E-01
       112.04698837680320     3.40179960458393E-01
        40.78491787387953     9.24567700620738E-01
 1 0 3 6 4 3 2 1
        79.87901815644609     1.16918239284466E-01    -1.68147951461107E-02    -2.12818697913285E-02    -7.26226478740142E-03    -2.45424567087636E-01     2.14619427519455E-01     6.35891870315225E-02     1.01451133211560E-01    -3.43565246327839E-02    -1.31870850864618E-02
        16.19635642859436     8.53271420269594E-01     1.38508493184707E-02     1.47303644984199E-01    -9.44612873543658E-02    -1.04048621424425E-01     1.57592183640012E-01     5.70164828779390E-02     5.65110690465166E-02     4.45853785965349E-03     1.05680763536942E-01
         5.77801148801512     4.75828101997680E-01     9.06865843102369E-03     4.56280442532807E-02    -3.42227538288150E-02     3.85471543429814E-01     1.08618595980577E-01    -3.86557846134089E-02     7.78219890128867E-01    -1.58938198405914E-01    -1.90738906372033E-01
         1.80048565891898     5.42202862380103E-03     9.84951172129337E-01    -1.65338157360217E-01    -4.82246452283418E-02     8.82036252116551E-01     2.29685585491659E-02     9.54990517737228E-02     5.96805252189064E-01     2.06883586435839E-01     7.91345089335059E-01
         0.61342852936985    -1.78123417267227E-01     1.16155230853301E-01     8.34960810060313E-01    -5.05012861636734E-01     2.35771402740000E-03     9.52591193174218E-01     7.86110613461027E-02     2.14870962580005E-02     9.58447372992515E-01     5.67195057415070E-01
         0.19458219035665     9.39552285204502E-03     1.25786831338083E-01     5.01268928973589E-01     8.55856016509765E-01    -4.85679584923393E-02    -9.66833470619191E-02     9.87882330256585E-01     1.55723360184243E-01    -1.10073678097833E-01    -6.58715646571095E-02
