CD QZVPP-MOLOPT-PBE-Q20
 2
 1 0 2 6 2 1 1
       269.28126135610620     1.12173293064624E-01     7.29570148184126E-02    -5.73301576363876E-04     1.61887201471665E-05
        35.68135897706853    -3.91508947542697E-01    -2.17530309463370E-01     4.53247610949073E-03     2.49017639300771E-03
        14.17848236512224     8.86830735994002E-01     8.26100026276876E-02     8.74843518592575E-02    -3.70564908551925E-03
         8.22682016596111    -1.67566883426517E-01     8.89474236518035E-01    -3.86739903274784E-01    -2.64638996075579E-02
         2.15617441443332     4.26432888716736E-02    -3.86396955425343E-01     9.02207870929515E-01     4.21528000789807E-01
         0.89015541539564    -1.33311783073800E-01     8.14870100655979E-03     1.69643216820562E-01     9.06418155981014E-01
 1 0 4 6 5 4 3 4 2
         4.64745845216131    -7.10688193758781E-02    -2.80735593332292E-01    -3.12155516804790E-02    -8.01353703571480E-02    -8.48949704189701E-02    -4.29486298352586E-03     7.52293506640403E-02     5.19870559359184E-02    -1.61321451986025E-01    -5.28636850347714E-01     2.28522679212762E-01     1.27431589204810E-01     9.77603707917344E-01     1.23486975765654E-02    -2.85439045346662E-02     6.70920311626755E-02     7.55481443156558E-01    -5.91244614151692E-01
         1.37328385975492     9.65120878558657E-01    -9.61653541531414E-02    -1.38617521023937E-01    -1.50554856178303E-01    -1.31121153097274E-01     1.28980146928661E-01    -4.23952848895070E-02     1.00893697314624E-01     1.23452500471962E-01     6.43751232610099E-01    -2.36713243646339E-01     2.79923398809308E-01    -4.61558514693521E-02     9.77280562747175E-01     7.95832876153874E-03    -1.19873380140428E-02     6.36621030445509E-01     5.93291064413755E-01
         0.69640995440481     9.27975342953001E-02     9.14371245654293E-01    -1.56979661894717E-01    -2.65915232810352E-03     2.14333637248686E-01     9.83734732040388E-01    -4.35097452107389E-02    -1.16278992834661E-01    -6.67685059078717E-02     5.16058001765831E-01     2.36723885049303E-01    -3.57053004818872E-02     1.23842694311288E-01     7.28629475485954E-02     7.01412533965326E-01     2.17245913270784E-01     1.51784666649447E-01     4.83948212297561E-01
         0.33930283229466     2.11907168795864E-01    -3.31436250193731E-02     8.01414570403951E-01     2.07347532881787E-01     5.09533769243936E-01    -6.57654784893550E-03     8.92011410686183E-01    -4.23379458259285E-01    -1.06786356994813E-01     1.52887156852248E-01     8.93577880528208E-01     7.11331221226860E-02    -1.07519360768864E-01     2.37031865217628E-03     9.92356153868463E-02     8.91706716244762E-01     1.59670150758468E-02    -1.72713539423903E-01
         0.15198972612310     9.26538865638109E-02    -1.46523561132061E-01    -4.09199568179244E-01     8.63031483800905E-01     2.36078661055121E-01     1.23938631875050E-01     4.41261414839351E-01     8.33860350619856E-01     2.82212869300344E-01    -9.52609693007690E-02     2.14383398110373E-02     9.27414384444668E-01     8.60816715847140E-02     1.15635903924174E-01    -6.92708090807704E-01     2.96061433867753E-01    -9.17721195387811E-03     1.85468990918780E-01
         0.04751352093025    -3.72845736054269E-02    -2.30862128924035E-01    -3.81390295754957E-01    -4.27888005421971E-01     7.83775084412768E-01     1.44089338596620E-02    -1.59403158413008E-02    -3.14680399247972E-01     9.29101397176979E-01    -8.58046314507431E-02    -1.91742005392343E-01     1.97412894339445E-01     8.86179867981465E-02     1.61505174939955E-01     1.32099058595889E-01    -2.55667627651801E-01     2.41599010970742E-02    -9.66252887545018E-04
H QZVPP-MOLOPT-PBE-AE
 2
 1 0 0 4 1
       190.54117440353127     1.96600972886938E-02
        28.48589623081718     5.38615245148400E-01
         6.82683105625948     8.41690491707832E-01
         1.91976916792120    -3.26222996883324E-02
 1 0 3 4 3 3 2 1
         3.13044722440195    -3.66327628299461E-01     2.56023465069061E-01     1.80301571342015E-01     9.57864765395543E-01    -2.86990854469403E-01     7.09708425215965E-03     9.99207337838246E-01    -1.14391682399844E-02     5.85140484472903E-01
         0.96627664577475     8.95826280526715E-01     1.78507674168198E-01     3.15139388181339E-01     2.45050348375012E-01     8.29767518144689E-01     5.01170647875718E-01     1.62635846128724E-02     9.81329325317073E-01     6.84086073735301E-01
         0.31928820204257    -2.30012077387642E-01     6.10224429055026E-01     6.40105374762635E-01    -1.47922353363481E-01    -4.66731275488582E-01     8.51205422301253E-01    -4.48915950780499E-03     1.60295348734119E-01    -4.27324109791794E-01
         0.10666805621490    -1.01949929465328E-01    -7.28157360590113E-01     6.77084646545968E-01     2.37570063441528E-02     1.06226323308904E-01    -1.55650063115620E-01     3.60560573643188E-02    -1.05675455413839E-01    -8.38508338830758E-02
C QZVPP-MOLOPT-PBE-AE
 3
 1 0 0 8 1
     67025.10701901487482     1.55242819581319E-04
     10039.96335431500120     1.79971855855663E-03
      2284.84440343404003     9.18465603393004E-03
       647.15582521948454     3.30943254643816E-02
       211.19400038923030     1.40054573872043E-01
        76.38630250999670     4.88904212464159E-01
        29.42939055659313     2.78742815383946E-01
        12.03316158077197     8.13926885458716E-01
 1 0 1 5 2 1
       105.22664287722547     1.24505987707591E-01    -1.23979079829649E-01     8.48724734240174E-03
        24.91583300068185     8.86899830964621E-01    -2.61079451396708E-01     7.12935689849336E-02
         7.80229155370005     4.00003776712541E-01     4.47986862457745E-01     2.93646788512991E-01
         3.21099181776232     6.52461897044525E-02     8.43161823281634E-01     4.71754813357094E-01
         1.56967041290132     1.83430810401738E-01     6.96607396504121E-02     8.28289896910713E-01
 1 0 4 4 4 3 3 2 1
         2.47850638544973     9.25363103371105E-01     3.63921965952564E-01    -4.09754907799388E-02     9.79027005345653E-02     8.73685730878957E-02     3.72622955903123E-01    -9.83513676753767E-02     4.18652943059247E-01    -8.11425670640435E-01    -2.99873003208179E-01     8.66784219363824E-01    -3.74034672761027E-01     4.58087622796984E-01
         0.78087017731256    -2.54208430662628E-01     7.69342245085598E-01    -2.12774533576705E-01    -5.46093015490870E-01     7.33644745126078E-01    -6.00104778885827E-01     2.48102701482297E-01     8.43800014184531E-01     5.13566081489940E-01    -1.18528266702603E-01     4.72493367712121E-01     8.15402228229376E-01     8.80208065556334E-01
         0.29223334789975    -1.80276620568274E-01     4.39776512878143E-01     7.84816560471271E-01     3.97693255169442E-01     5.19905537704389E-01     2.32993327506253E-01    -7.89436028296271E-01     2.94729082110152E-01    -2.41293925323745E-01     9.09144108822956E-01    -8.52078289092147E-02     3.90944163971848E-01    -9.54945193189171E-02
         0.09841607149407    -2.15827571862177E-01     2.86827354596128E-01    -5.80612584626446E-01     7.30778731527445E-01     4.28754419510502E-01     6.68386487318509E-01     5.52777364968373E-01     1.60829156214052E-01    -1.40055355380103E-01    -2.63598598880757E-01     1.34813799080373E-01    -2.05863863821392E-01    -7.91851498062194E-02
F QZVPP-MOLOPT-PBE-AE
 3
 1 0 0 8 1
    132536.04395257573924     2.19133884152562E-04
     19758.15592578060023     2.13098802939830E-03
      4485.33885808192372     9.36952235670608E-03
      1273.60032301696378     4.57116768597223E-02
       418.75079369228018     1.29815698472524E-01
       152.24712142839283     3.88984269444136E-01
        59.93506405237581     3.48051089779771E-01
        24.88806979770636     8.41734891149259E-01
 1 0 1 5 2 1
       240.82710880865446    -5.22362746235088E-02     7.61618022060436E-02     2.22155163398913E-02
        56.74054074501728     8.36915891686098E-01    -3.52431037520191E-01     9.17502257704855E-02
        18.02568816680041     5.06654331012575E-01     3.90319004241376E-01     6.94833984744179E-01
         7.22835931546723     1.13647744824332E-01     8.46604124895882E-01     5.19336475096237E-01
         2.54051853711273     1.65011335426585E-01     3.00711541924844E-02     4.88450331337750E-01
 1 0 4 4 4 3 3 2 1
         4.64152109972176     7.99092172965100E-01     3.57185510151160E-01    -4.75225254357118E-01     8.96167845059309E-02     2.14101203990999E-03     4.09061558167189E-01    -4.32260580718334E-01     5.23415929943841E-01    -8.45844703511436E-01    -9.90960844591549E-02     6.49830793177351E-01    -6.47812475723957E-01     7.18812892465629E-01
         1.55189089466188    -5.65383503262805E-01     6.20688611440661E-01    -5.16124369070663E-01    -1.69418940846506E-01     9.01357430415779E-01    -3.23634717094166E-01     1.52228377872265E-01     8.31684066132871E-01     4.84322390964955E-01     2.69070652276370E-01     7.59749389285090E-01     5.45754817250953E-01     6.81802537410497E-01
         0.54311529853246     1.47999793272877E-01     6.59726542294831E-01     7.03321697890184E-01    -2.19534826074957E-01     3.64587678140232E-01     2.81361980784028E-01    -7.13536840615867E-01    -1.67858516623561E-01    -2.20433972029506E-01     9.41600143248362E-01     1.96681952393344E-02     4.63299478087506E-01    -2.42238812327185E-02
         0.17933709925335    -1.41029268364327E-01     2.27870683409749E-01     1.14521537491829E-01     9.56593181325010E-01     2.33722107747691E-01     8.05459277239079E-01     5.29945741006902E-01     7.84913805373263E-02     3.72481291736264E-02    -1.76550617000047E-01     1.06755709662101E-02    -2.60469325156765E-01    -1.33665736760872E-01
