RH DZVP-MOLOPT-SCAN-GTH-Q17
 1
 2 0 3 6 3 2 2 1
         2.52076685442269     5.71412969645536E-01    -7.78404732833610E-02    -4.30285031202485E-01    -6.69904248659894E-01    -8.90332169195237E-02    -5.25149663896232E-01     3.51291078780465E-01     3.84692019774112E-01
         2.37906333061366    -4.88024998576921E-01     1.03370197611906E-03     4.88799761033316E-01     7.26588193811225E-01     2.39409005176670E-02     6.15310238712228E-01    -4.17223636983944E-01    -4.47262819445101E-01
         0.81952293895490     5.55052226619382E-02    -2.02436873780210E-01     2.47232575203623E-01     1.31640943703134E-01    -2.55067137449013E-02     7.43314909622820E-02    -2.29084708616205E-01    -3.03803302815342E-01
         0.34823452061105    -2.41289268250597E-01     8.58727071813174E-02    -2.60321367662352E-01    -1.52698562096087E-02     4.67850978755825E-01     3.09946535155607E-01     2.67507775124179E-01    -6.65579603618425E-01
         0.13834456860268    -3.67467544549272E-01     6.95176492737361E-01    -4.38459370242071E-01    -7.22869485769936E-02     8.40852283836640E-01     4.56588683815599E-01     6.88955305507546E-01    -3.39507095294023E-01
         0.05520529390340     4.88861004654836E-01     6.79937222411066E-01     5.04769061532462E-01    -2.25828417006784E-02     2.54818024411979E-01     1.88536174920022E-01     3.22210161618920E-01    -3.75539206312558E-02
F DZVP-MOLOPT-SCAN-GTH-Q7
 1
 2 0 2 5 2 2 1
        13.16645520019096     1.25688709752362E-01    -6.90191648196731E-02    -9.31572868763813E-02     5.00225599861602E-02    -1.02513605924922E-02
         4.67863609541364     1.25206371205048E-01    -7.54523660806367E-02    -2.93923292691458E-01     1.19602022797720E-01     4.04484470063397E-02
         1.68188350144516    -4.93940854057955E-01     2.15904735709196E-01    -5.53343548452151E-01     3.11861936412921E-01     4.51403790784568E-01
         0.58393450944632    -7.58234802751956E-01     3.05654861844976E-01    -6.44505933144035E-01     2.69615230808562E-01     8.90352206116421E-01
         0.18571155118612    -3.86817953873203E-01    -9.21685166349822E-01    -4.28198362261887E-01    -9.01799789070697E-01     4.20285554084608E-02
O DZVP-MOLOPT-SCAN-GTH-Q6
 1
 2 0 2 5 2 2 1
        10.25781699497238    -1.37093335568261E-01     6.42341766590814E-02    -1.01541960662273E-01     5.12250917317880E-02    -1.55308630843787E-02
         3.64428735012608    -1.53382903419191E-01     6.95730187369108E-02    -2.97888826596963E-01     1.18416114723772E-01     1.12242705044625E-01
         1.40222472037927     4.52964005356058E-01    -1.60546208430784E-01    -5.48743422499672E-01     2.65706574607295E-01     4.02080210361362E-01
         0.52205700268808     8.05450964095097E-01    -2.63981031214717E-01    -6.95022929228448E-01     1.92118246587555E-01     9.01700430010169E-01
         0.16818943371335     3.22104729197730E-01     9.46346921445871E-01    -3.41723954857718E-01    -9.35865486749767E-01    -1.11481865840859E-01
