RH TZV2P-MOLOPT-SCAN-GTH-Q17
 1
 2 0 3 6 4 3 3 2
         2.52076685442269     5.44525492470138E-01    -8.53636054591611E-02    -4.62594280755263E-01     1.34123136722782E-01    -6.69714467818445E-01    -9.13341214836498E-02     1.77010144322569E-02    -4.53306784248663E-01     4.40663464505535E-01    -8.40817626614190E-02     4.31297347846695E-01    -4.40032714422828E-02
         2.37906333061366    -4.51896811228417E-01     1.61503155442580E-02     5.22374295444275E-01     2.05855436725327E-01     7.26584990803061E-01     2.30507476986131E-02     2.51649844867992E-02     5.33066387194292E-01    -5.18331200763815E-01     3.58852880790801E-02    -4.96961020142912E-01    -7.51683941693975E-02
         0.81952293895490     3.49345987534372E-02    -2.39504725618418E-01     2.14863446604468E-01    -4.32535176742703E-01     1.34021370680794E-01    -4.84000907324315E-02     7.93069550363100E-02     4.69737876004368E-02    -2.22238686731059E-01     1.29900534489102E-01    -2.87720186554203E-01    -2.97885004012720E-01
         0.34823452061105    -2.29879717934037E-01     1.21158891170212E-01    -2.22719040869889E-01     7.69524123506278E-01    -2.01037228561054E-02     5.23510422095966E-01    -6.55090636595324E-01     3.53206973744612E-01     2.11751297076334E-01    -8.93861011062530E-01    -6.54739751248912E-01     6.91870480494325E-02
         0.13834456860268    -3.90278243566879E-01     6.91528279869323E-01    -4.24316237485880E-01    -3.83574420551813E-01    -6.75613636877923E-02     7.96521716433183E-01     1.77174585416767E-01     5.68080488160140E-01     5.98758802851527E-01     3.34857776865127E-01    -2.35220322877355E-01     1.91808930004861E-01
         0.05520529390340     5.41201479804515E-01     6.64980352949363E-01     4.87152220178345E-01     1.15113559091279E-01    -2.50271332594179E-02     2.83326959020276E-01     7.29540422906262E-01     2.46325074132010E-01     2.90530080506427E-01     2.52291729158710E-01    -1.47205396682398E-02     9.28493637973523E-01
RH TZVP-MOLOPT-SCAN-GTH-q17
 1
 2 0 3 6 4 3 3 1
         2.52076685442269     5.44525492470138E-01    -8.53636054591611E-02    -4.62594280755263E-01     1.34123136722782E-01    -6.69714467818445E-01    -9.13341214836498E-02     1.77010144322569E-02    -4.53306784248663E-01     4.40663464505535E-01    -8.40817626614190E-02     4.31297347846695E-01
         2.37906333061366    -4.51896811228417E-01     1.61503155442580E-02     5.22374295444275E-01     2.05855436725327E-01     7.26584990803061E-01     2.30507476986131E-02     2.51649844867992E-02     5.33066387194292E-01    -5.18331200763815E-01     3.58852880790801E-02    -4.96961020142912E-01
         0.81952293895490     3.49345987534372E-02    -2.39504725618418E-01     2.14863446604468E-01    -4.32535176742703E-01     1.34021370680794E-01    -4.84000907324315E-02     7.93069550363100E-02     4.69737876004368E-02    -2.22238686731059E-01     1.29900534489102E-01    -2.87720186554203E-01
         0.34823452061105    -2.29879717934037E-01     1.21158891170212E-01    -2.22719040869889E-01     7.69524123506278E-01    -2.01037228561054E-02     5.23510422095966E-01    -6.55090636595324E-01     3.53206973744612E-01     2.11751297076334E-01    -8.93861011062530E-01    -6.54739751248912E-01
         0.13834456860268    -3.90278243566879E-01     6.91528279869323E-01    -4.24316237485880E-01    -3.83574420551813E-01    -6.75613636877923E-02     7.96521716433183E-01     1.77174585416767E-01     5.68080488160140E-01     5.98758802851527E-01     3.34857776865127E-01    -2.35220322877355E-01
         0.05520529390340     5.41201479804515E-01     6.64980352949363E-01     4.87152220178345E-01     1.15113559091279E-01    -2.50271332594179E-02     2.83326959020276E-01     7.29540422906262E-01     2.46325074132010E-01     2.90530080506427E-01     2.52291729158710E-01    -1.47205396682398E-02
RH DZVP-MOLOPT-SCAN-GTH-q17
 1
 2 0 3 6 3 2 2 1
         2.52076685442269     5.44525492470138E-01    -8.53636054591611E-02    -4.62594280755263E-01    -6.69714467818445E-01    -9.13341214836498E-02    -4.53306784248663E-01     4.40663464505535E-01     4.31297347846695E-01
         2.37906333061366    -4.51896811228417E-01     1.61503155442580E-02     5.22374295444275E-01     7.26584990803061E-01     2.30507476986131E-02     5.33066387194292E-01    -5.18331200763815E-01    -4.96961020142912E-01
         0.81952293895490     3.49345987534372E-02    -2.39504725618418E-01     2.14863446604468E-01     1.34021370680794E-01    -4.84000907324315E-02     4.69737876004368E-02    -2.22238686731059E-01    -2.87720186554203E-01
         0.34823452061105    -2.29879717934037E-01     1.21158891170212E-01    -2.22719040869889E-01    -2.01037228561054E-02     5.23510422095966E-01     3.53206973744612E-01     2.11751297076334E-01    -6.54739751248912E-01
         0.13834456860268    -3.90278243566879E-01     6.91528279869323E-01    -4.24316237485880E-01    -6.75613636877923E-02     7.96521716433183E-01     5.68080488160140E-01     5.98758802851527E-01    -2.35220322877355E-01
         0.05520529390340     5.41201479804515E-01     6.64980352949363E-01     4.87152220178345E-01    -2.50271332594179E-02     2.83326959020276E-01     2.46325074132010E-01     2.90530080506427E-01    -1.47205396682398E-02
O TZV2P-MOLOPT-SCAN-GTH-Q6
 1
 2 0 3 5 3 3 2 1
        10.25781699497238    -1.37093335568261E-01     6.42341766590814E-02    -7.17088581420037E-01    -1.01541960662273E-01     5.12250917317880E-02     1.18360216509634E-01    -1.55308630843787E-02     3.18602602792577E-02     1.18645628163343E-03
         3.64428735012608    -1.53382903419191E-01     6.95730187369108E-02    -5.49416247278626E-01    -2.97888826596963E-01     1.18416114723772E-01     5.91292938991212E-02     1.12242705044625E-01    -2.22035206994148E-01    -3.65643497936781E-03
         1.40222472037927     4.52964005356058E-01    -1.60546208430784E-01     2.25545730548663E-01    -5.48743422499672E-01     2.65706574607295E-01     7.32042358682655E-01     4.02080210361362E-01    -8.37756480907312E-01     4.91390044295019E-04
         0.52205700268808     8.05450964095097E-01    -2.63981031214717E-01    -3.63850982918199E-01    -6.95022929228448E-01     1.92118246587555E-01    -6.62764404039625E-01     9.01700430010169E-01     4.32284673630976E-01     9.99992334274143E-01
         0.16818943371335     3.22104729197730E-01     9.46346921445871E-01     2.58329108697022E-02    -3.41723954857718E-01    -9.35865486749767E-01     8.57433121772174E-02    -1.11481865840859E-01     2.46939932598114E-01     5.59225812546083E-04
O TZVP-MOLOPT-SCAN-GTH-q6
 1
 2 0 2 5 3 3 1
        10.25781699497238    -1.37093335568261E-01     6.42341766590814E-02    -7.17088581420037E-01    -1.01541960662273E-01     5.12250917317880E-02     1.18360216509634E-01    -1.55308630843787E-02
         3.64428735012608    -1.53382903419191E-01     6.95730187369108E-02    -5.49416247278626E-01    -2.97888826596963E-01     1.18416114723772E-01     5.91292938991212E-02     1.12242705044625E-01
         1.40222472037927     4.52964005356058E-01    -1.60546208430784E-01     2.25545730548663E-01    -5.48743422499672E-01     2.65706574607295E-01     7.32042358682655E-01     4.02080210361362E-01
         0.52205700268808     8.05450964095097E-01    -2.63981031214717E-01    -3.63850982918199E-01    -6.95022929228448E-01     1.92118246587555E-01    -6.62764404039625E-01     9.01700430010169E-01
         0.16818943371335     3.22104729197730E-01     9.46346921445871E-01     2.58329108697022E-02    -3.41723954857718E-01    -9.35865486749767E-01     8.57433121772174E-02    -1.11481865840859E-01
O DZVP-MOLOPT-SCAN-GTH-q6
 1
 2 0 2 5 2 2 1
        10.25781699497238    -1.37093335568261E-01     6.42341766590814E-02    -1.01541960662273E-01     5.12250917317880E-02    -1.55308630843787E-02
         3.64428735012608    -1.53382903419191E-01     6.95730187369108E-02    -2.97888826596963E-01     1.18416114723772E-01     1.12242705044625E-01
         1.40222472037927     4.52964005356058E-01    -1.60546208430784E-01    -5.48743422499672E-01     2.65706574607295E-01     4.02080210361362E-01
         0.52205700268808     8.05450964095097E-01    -2.63981031214717E-01    -6.95022929228448E-01     1.92118246587555E-01     9.01700430010169E-01
         0.16818943371335     3.22104729197730E-01     9.46346921445871E-01    -3.41723954857718E-01    -9.35865486749767E-01    -1.11481865840859E-01
F TZV2P-MOLOPT-SCAN-GTH-Q7
 1
 2 0 3 5 3 3 2 1
        13.16645520019096     1.25688709752362E-01    -6.90191648196731E-02    -4.19619998203344E-01    -9.31572868763813E-02     5.00225599861602E-02    -6.88622277281857E-02    -1.02513605924922E-02    -1.03135180619022E-01    -3.14119421202531E-02
         4.67863609541364     1.25206371205048E-01    -7.54523660806367E-02    -2.93986334505468E-01    -2.93923292691458E-01     1.19602022797720E-01    -4.99826189781570E-01     4.04484470063397E-02    -1.25856773171103E-01     1.01835664406271E-01
         1.68188350144516    -4.93940854057955E-01     2.15904735709196E-01    -7.69158858630548E-01    -5.53343548452151E-01     3.11861936412921E-01     7.42571819653283E-01     4.51403790784568E-01    -8.76791264789868E-01     2.29748587047615E-01
         0.58393450944632    -7.58234802751956E-01     3.05654861844976E-01     3.81944805550917E-01    -6.44505933144035E-01     2.69615230808562E-01    -4.36892722870730E-01     8.90352206116421E-01     4.45248862484439E-01     9.66043910568162E-01
         0.18571155118612    -3.86817953873203E-01    -9.21685166349822E-01     1.97684968795902E-03    -4.28198362261887E-01    -9.01799789070697E-01     5.60679494913207E-02     4.20285554084608E-02     8.07077171659289E-02    -5.11618700886137E-02
F TZVP-MOLOPT-SCAN-GTH-q7
 1
 2 0 2 5 3 3 1
        13.16645520019096     1.25688709752362E-01    -6.90191648196731E-02    -4.19619998203344E-01    -9.31572868763813E-02     5.00225599861602E-02    -6.88622277281857E-02    -1.02513605924922E-02
         4.67863609541364     1.25206371205048E-01    -7.54523660806367E-02    -2.93986334505468E-01    -2.93923292691458E-01     1.19602022797720E-01    -4.99826189781570E-01     4.04484470063397E-02
         1.68188350144516    -4.93940854057955E-01     2.15904735709196E-01    -7.69158858630548E-01    -5.53343548452151E-01     3.11861936412921E-01     7.42571819653283E-01     4.51403790784568E-01
         0.58393450944632    -7.58234802751956E-01     3.05654861844976E-01     3.81944805550917E-01    -6.44505933144035E-01     2.69615230808562E-01    -4.36892722870730E-01     8.90352206116421E-01
         0.18571155118612    -3.86817953873203E-01    -9.21685166349822E-01     1.97684968795902E-03    -4.28198362261887E-01    -9.01799789070697E-01     5.60679494913207E-02     4.20285554084608E-02
F DZVP-MOLOPT-SCAN-GTH-q7
 1
 2 0 2 5 2 2 1
        13.16645520019096     1.25688709752362E-01    -6.90191648196731E-02    -9.31572868763813E-02     5.00225599861602E-02    -1.02513605924922E-02
         4.67863609541364     1.25206371205048E-01    -7.54523660806367E-02    -2.93923292691458E-01     1.19602022797720E-01     4.04484470063397E-02
         1.68188350144516    -4.93940854057955E-01     2.15904735709196E-01    -5.53343548452151E-01     3.11861936412921E-01     4.51403790784568E-01
         0.58393450944632    -7.58234802751956E-01     3.05654861844976E-01    -6.44505933144035E-01     2.69615230808562E-01     8.90352206116421E-01
         0.18571155118612    -3.86817953873203E-01    -9.21685166349822E-01    -4.28198362261887E-01    -9.01799789070697E-01     4.20285554084608E-02
