
ZR SVP-MOLOPT-PBE-Q12
 1
 1 0 3 7 5 3 2 1
         5.63551283545286     6.39113131604391E-01    -1.19258206007603E-01     8.52451303073866E-02    -1.97289797878861E-01     3.30604229647266E-02    -4.12513864480377E-02     1.64575518656708E-01    -2.49220047025015E-02     1.05984028049803E-03     2.23461376259569E-02    -2.61366857670824E-02
         3.88148794426413    -7.42062812168620E-01    -1.06554234738405E-01    -4.38033788201012E-02    -1.47239739435834E-01     2.98005668547678E-02    -9.12163743079411E-02    -1.50108308659890E-01     1.09154616003480E-01    -1.30372768968571E-02    -1.93700172975280E-02     4.18415307795228E-02
         1.25799938955665     1.24007548633095E-01    -1.78276335866203E-01     2.60219367551293E-01     2.84041887271806E-01    -4.55480160369491E-01     2.27493872093126E-01     1.69167245236358E-01    -1.65023254961022E-01     2.09395324712750E-01    -2.84958069872233E-01     1.32053731860300E-01
         0.53455360813801     6.12181053275841E-02     5.17699716316815E-01    -6.32429675550375E-01     4.40287626087965E-01    -2.79061658940278E-01     6.65063136590670E-01     2.30007382967128E-01    -6.08662818763379E-01     7.67330681803736E-02    -8.23595151667704E-01     8.60018976378955E-01
         0.24662564257764    -1.04031793575887E-01     3.97987678203042E-01     6.93359491189579E-01     4.93342887149279E-01     8.14005370212557E-02     4.67076050182736E-01    -8.11776185074247E-01     1.12007395972560E-01     5.25437023191442E-01    -3.21631187329558E-01     4.74926518834265E-01
         0.09848980370516     8.87018164823023E-02    -1.15723744969740E-01    -1.68537489073387E-01     3.90747669545437E-01     8.19140500142999E-01     3.88091247935357E-01     4.58048259545534E-01     6.01170557456214E-01     7.53383262647918E-01     2.86140063860347E-01    -1.90569511438263E-02
         0.03710650915939    -5.53266025295552E-02    -7.09113566365432E-01    -1.18240639170454E-01     5.18452757555310E-01    -1.87254218286101E-01     3.56567813051257E-01     8.52399692080940E-03     4.64552866699863E-01     3.26227121201559E-01     2.33007768793689E-01     1.20735108605866E-01


ZR TZVPP-MOLOPT-PBE-Q12
 1
 1 0 4 7 6 4 3 2 1
        10.97252477341376    -3.04368161311590E-01    -3.65786107573673E-01    -6.23400086531297E-02    -3.73921375894526E-01    -1.27093090644082E-01    -1.77606252074487E-01     1.13181581812844E-01    -2.45138230592174E-01     1.84971484263469E-01     1.21371422761066E-01     1.11432518707733E-01    -6.86116681768352E-02     2.61246863474539E-02     4.01845265112572E-03     6.42497538206737E-03     2.92623558630998E-02
         9.24852730150017     8.37290256405463E-01    -8.68038648477648E-03     2.13040613537347E-02     2.96097624571945E-01    -7.00929006460106E-02    -7.68813871372378E-02    -1.32332799303678E-01    -7.50431496299868E-03    -1.98500078166454E-01    -1.83029670842675E-01    -1.71619965646424E-01     1.57016627132824E-01    -5.28920912029180E-02    -9.44931244705255E-03    -9.52936738492196E-03    -2.05176556136175E-02
         3.33588660893302    -1.48168948953392E-01     8.98146912990594E-01     1.78763472348455E-01    -8.27996205168523E-02    -1.97126145247946E-01    -3.86695662220301E-02    -9.48077828390977E-02     4.27380034183866E-02     1.47441376624485E-01    -1.11401428646877E-03     1.27646111883406E-01    -2.03413588353602E-01     4.64800390430995E-02     4.51709688355877E-02     1.57056848514623E-02    -4.16425058519529E-02
         1.27749425406902     1.60541178174515E-01    -1.85083618549516E-01     7.24284536211585E-01    -3.14325943319917E-01    -5.05091838669370E-01    -9.98390825072864E-02     2.49061420947106E-01    -9.21648758207601E-01    -1.53020508218203E-01    -7.13722828356007E-03     3.43418558398498E-01    -3.62675639154537E-01     3.25611341817719E-01     2.07408392175440E-01     1.58308541871762E-01     1.51563857247492E-01
         0.53078483349334    -3.59926032479467E-01    -1.38906602991227E-01     5.32950634793105E-01     6.99571783181879E-01     1.50358479166486E-01     8.13889540320941E-02     8.29203311805765E-01     2.95829382661545E-01    -4.38899597817807E-01     1.01980827415331E-01     8.87900213010037E-01     6.55374852324252E-02    -4.23935546385354E-02     4.95077121999988E-01     8.10063150951446E-01     4.67780337609552E-01
         0.17400854978650     1.68847681765886E-01     5.84468093663316E-02     3.91726455013020E-01    -4.15547680246485E-01     7.78384089410316E-01     1.66100059642792E-01     4.12771528189864E-01     2.95664872004783E-02     8.13501638239912E-01     1.73750038916363E-01     1.02806789666052E-01     8.56025996048080E-01     4.08149998788172E-01    -7.60708954163087E-01     5.64015604904039E-01     8.63862385704743E-01
         0.05007248294994     2.28309677967924E-02    -4.99026787556885E-02    -4.03657920300642E-02    -6.90787318050729E-02    -2.37630776740847E-01     9.57532611526330E-01    -2.01740887977358E-01    -1.40982944353159E-02    -1.63741445936410E-01     9.54530131053505E-01    -1.57998483441482E-01    -2.46275948379224E-01     8.48500531830105E-01    -3.62017175408203E-01     1.56120715381141E-02    -9.45535484817830E-02


ZR QZVPP-MOLOPT-PBE-Q12
 2
 1 0 2 6 2 1 1
        13.91434091358119     4.79166775937501E-01    -6.42160513970816E-03     1.18714366240499E-01     5.58452293115927E-02
        11.60440366428981    -7.94763295295437E-01     9.04882754904364E-02    -2.33089534143066E-01     1.63707316782372E-02
         8.70068809775951    -2.70104238957085E-01    -1.68280445265280E-01     2.39836915182720E-01    -8.35823737881307E-02
         4.32869267674704     9.90216574535176E-02     6.64593015939075E-01    -6.07101478428071E-01    -2.51199317591339E-01
         2.06762898683615    -4.17471742891375E-02     7.21855264197252E-01    -6.24256697181765E-02     8.46746725955591E-01
         1.42839668723681     2.32907900639380E-01    -2.63330105235932E-02     7.08226837310907E-01     4.57762144813798E-01
 1 0 4 6 5 4 3 3 2
         1.03361614717793     9.51076760087362E-01    -9.32870978371114E-02     1.40225462040097E-01    -5.11052978162360E-02     2.40245896437394E-01    -5.24125500791180E-02     2.24549679519690E-01    -1.14372536516271E-01    -3.56953368469117E-02     1.93648945692470E-01    -1.61929669062308E-01     6.96450861150041E-02    -3.05687367654787E-01     1.39447601135822E-01     2.23929749961534E-01     3.78808596071306E-01    -9.72241435228881E-03
         0.90878376153172    -4.67588836519245E-02    -4.15381685697220E-01    -2.84620740425616E-01     1.47515740209787E-01    -6.85725017462655E-02     4.03191501390705E-01    -1.82429292611917E-01     7.67701110785526E-02    -3.77970980071837E-02     3.86938724786439E-01     1.94158241520845E-01     9.77866074669068E-02     7.71404893497899E-01     2.05754498921819E-01     1.08904761117191E-01    -3.64220535491771E-01     2.91221693517438E-01
         0.46304463139219     2.46609204883482E-02     8.24317034503675E-01     2.66488832929711E-01    -8.54323546087535E-03    -1.01974419444306E-01     8.49283318402734E-01    -2.22944945511107E-01     2.92381252021928E-02    -1.38850727020320E-01     7.56482443262521E-01     6.60497283026093E-03     1.91830074748016E-01    -7.30911968846767E-02     9.61791451588585E-01    -7.44539810135390E-02     8.32636182616573E-01     8.97918267638471E-02
         0.25840255703685    -1.90590526459226E-01    -3.19777271869429E-01     6.89702248451844E-01    -5.95410819034573E-01     4.24326420145223E-02     2.95276817753990E-01     7.26739979787675E-01    -5.67059515818989E-01     9.39515771967554E-02     9.62916906958948E-02     9.17277890617740E-01    -2.32418175297982E-01     5.81183425410801E-02     1.93186482931657E-02     9.42139140202075E-01     4.83521545121132E-02     9.49542505079610E-01
         0.12002891948989    -1.21774460588838E-01    -1.33440532187289E-01     5.50687545721819E-01     7.68235856033573E-01     2.71882867775450E-01     1.49489294196665E-01     5.14728437400681E-01     7.87850545399083E-01     3.02768168619246E-01     4.68042401170249E-02     8.73002077400536E-02     8.34548545743755E-01    -4.92329471662586E-01     4.30720997437260E-02     1.95013515447388E-01     1.67743172534036E-01    -6.68424798198540E-02
         0.04038747937706    -2.03726959910349E-01     1.38539236163806E-01    -2.22183688209389E-01    -1.75653050455365E-01     9.22745965111803E-01     6.22248720449729E-02    -2.71101795281835E-01    -1.94693165272905E-01     9.36761567918293E-01    -4.78591783818319E-01     2.94987591219068E-01     4.45307849010612E-01    -2.45726168884114E-01     1.04633839716464E-01    -8.24341803595729E-02     9.41985607788867E-03     3.05604592419744E-02
