ZR SVP-MOLOPT-PBE-Q12
 1
 1 0 3 7 5 3 2 1
         5.63551283545286     6.39113131604391E-01    -1.19258206007603E-01     8.52451303073866E-02    -1.97289797878861E-01     3.30604229647266E-02    -4.12513864480377E-02     1.64575518656708E-01    -2.49220047025015E-02     1.05984028049803E-03     2.23461376259569E-02    -2.61366857670824E-02
         3.88148794426413    -7.42062812168620E-01    -1.06554234738405E-01    -4.38033788201012E-02    -1.47239739435834E-01     2.98005668547678E-02    -9.12163743079411E-02    -1.50108308659890E-01     1.09154616003480E-01    -1.30372768968571E-02    -1.93700172975280E-02     4.18415307795228E-02
         1.25799938955665     1.24007548633095E-01    -1.78276335866203E-01     2.60219367551293E-01     2.84041887271806E-01    -4.55480160369491E-01     2.27493872093126E-01     1.69167245236358E-01    -1.65023254961022E-01     2.09395324712750E-01    -2.84958069872233E-01     1.32053731860300E-01
         0.53455360813801     6.12181053275841E-02     5.17699716316815E-01    -6.32429675550375E-01     4.40287626087965E-01    -2.79061658940278E-01     6.65063136590670E-01     2.30007382967128E-01    -6.08662818763379E-01     7.67330681803736E-02    -8.23595151667704E-01     8.60018976378955E-01
         0.24662564257764    -1.04031793575887E-01     3.97987678203042E-01     6.93359491189579E-01     4.93342887149279E-01     8.14005370212557E-02     4.67076050182736E-01    -8.11776185074247E-01     1.12007395972560E-01     5.25437023191442E-01    -3.21631187329558E-01     4.74926518834265E-01
         0.09848980370516     8.87018164823023E-02    -1.15723744969740E-01    -1.68537489073387E-01     3.90747669545437E-01     8.19140500142999E-01     3.88091247935357E-01     4.58048259545534E-01     6.01170557456214E-01     7.53383262647918E-01     2.86140063860347E-01    -1.90569511438263E-02
         0.03710650915939    -5.53266025295552E-02    -7.09113566365432E-01    -1.18240639170454E-01     5.18452757555310E-01    -1.87254218286101E-01     3.56567813051257E-01     8.52399692080940E-03     4.64552866699863E-01     3.26227121201559E-01     2.33007768793689E-01     1.20735108605866E-01
O SVP-MOLOPT-PBE-AE
 2
 1 0 0 7 3
      2266.11882679815517    -6.53195164418799E-03     4.31511781018852E-03    -1.50255386286268E-02
       340.90332514956907    -6.49692043203330E-02    -8.38643395903432E-03     2.78970138112306E-02
        76.92814265988143    -2.68398557546813E-01     9.66356731438743E-02    -1.03149893654597E-01
        19.69260394517260    -7.46654382968193E-01     7.27513962145946E-02    -4.77845342576543E-02
         5.94653840051691    -5.84020787076508E-01     6.76448442348491E-02    -6.55152912382769E-02
         0.94188304160944     1.58317373375200E-01     7.83140450398519E-01    -5.91846167956205E-01
         0.29333843489112    -7.81743877443225E-03     6.06131205686227E-01     7.94668854066698E-01
 2 1 2 4 2 1
        16.36868614237306     1.01723539743118E-01    -2.55855611750852E-02     8.33706707858758E-03
         2.90797745788635     5.10732722414240E-01    -9.49942456369113E-02     1.82905409616553E-01
         0.75006795444374     8.35859133120747E-01    -1.43391921218567E-01     8.94419927848460E-01
         0.19193642427748     1.73620037138872E-01     9.84764047518226E-01     4.08030755106872E-01
F SVP-MOLOPT-PBE-AE
 2
 1 0 0 7 3
      2894.85760373222138    -1.89225166552882E-02    -1.69242373474079E-02     1.56429205622782E-01
       435.72006333230098    -5.47718508603712E-02     4.35884037952142E-03    -7.98432634961778E-02
        98.52635730461387    -2.73685193620500E-01     1.03734081139359E-01    -3.50907504362976E-02
        25.52164954648142    -7.37742492792940E-01     9.09854482000018E-02     1.19033433504314E-02
         7.74033527583515    -5.97666004055640E-01     7.53553007481536E-02    -4.08316440936958E-03
         1.29027540045465     1.18958584280118E-01     8.03005387331711E-01    -5.67628929674378E-01
         0.39691722964189     7.82215741311875E-02     5.74594975519432E-01     8.03469123562649E-01
 2 1 2 4 2 1
        20.86106496273842    -1.10459850494974E-01    -4.27931460741902E-02     1.87770753897563E-02
         3.47280160970880    -5.28022336274227E-01    -8.76852813264224E-03     1.42075306386988E-01
         0.85628499813330    -8.26328796839365E-01    -1.81029642926015E-01     9.03974169721402E-01
         0.22140677163303    -1.61776862802262E-01     9.82507062542321E-01     4.02855717635176E-01
