HG DZVP-MOLOPT-PBE0-GTH-Q12
 1
 2 0 3 6 2 2 2 1
         2.85488303550692    -3.55676281992063E-03     8.79151301102919E-02    -2.07062131728370E-02    -5.02493254000431E-02    -1.13162574115204E-01    -4.69897888689463E-02    -4.77633429671125E-03
         1.90050041309184    -5.77348072694444E-02     3.51709059169334E-03     8.48278531708988E-02     9.75940900206365E-02     5.63049179176518E-01     4.13414235067529E-02     1.71253611812434E-02
         0.82619982377516     3.88181653500672E-01    -5.59945000175066E-01    -3.74311161810332E-01    -8.65237096364921E-02     6.66259456535118E-01    -4.17942461913613E-01    -1.22845886103457E-01
         0.33793350121070    -1.47679604352256E-01     4.17997355861132E-01     3.00097500533157E-01     1.33283321969323E-02     4.57533779435592E-01     4.32772000790403E-01    -9.66030383363666E-01
         0.13551429831378    -7.63001031371236E-01     8.77422748094216E-02     8.72964576750102E-01    -3.89007187263025E-02     1.22148792065057E-01     1.36529493590215E-01    -2.26655166777430E-01
         0.05044752889160    -4.91923983902063E-01    -7.04485386970358E-01    -1.18735049553175E-02     9.89329639808719E-01     4.48408686159144E-02     7.84522171570662E-01    -2.35174273626938E-03
H DZVP-MOLOPT-PBE0-GTH-Q1
 1
 2 0 1 5 2 1
         9.40376558777484     5.57995409025206E-02    -4.70579310756749E-02    -9.22922683878503E-02
         2.19236236036235     2.26741263852150E-01    -2.37595450605385E-01     3.56629407794935E-01
         0.70785664525623     4.70071809062586E-01    -3.84865803668886E-01     4.70685683046521E-01
         0.37495748172786     5.50419957177599E-01     8.25544608526065E-01     4.93402007633953E-01
         0.15142571456720     6.49265104227107E-01    -3.34198093163844E-01     6.31907468961614E-01
C DZVP-MOLOPT-PBE0-GTH-Q4
 1
 2 0 2 5 2 2 1
         5.37649556675185    -1.22404309942338E-01     1.51052142999233E-01    -1.02230399503479E-01     7.40025761345854E-02    -3.33102657255285E-02
         1.95241253925289    -1.29373346346520E-01     2.06617207371748E-01    -3.09172408281985E-01     2.20213934213870E-01     2.24862943378639E-01
         0.69884308058897     4.93419910923422E-01    -4.42585619435647E-01    -6.76608029554237E-01     4.84079784827656E-01     7.92785845721874E-01
         0.25544398452951     7.50469724701437E-01    -1.05635637414093E-01    -6.23090735983644E-01    -3.82982660790289E-01     5.31193096205402E-01
         0.08778128068034     4.02009584429917E-01     8.52907768337305E-01    -2.18908374551020E-01    -7.51678445453038E-01     1.94040151152179E-01
F DZVP-MOLOPT-PBE0-GTH-Q7
 1
 2 0 2 5 2 2 1
        13.31501907729122     1.31813146289282E-01    -5.24225688764356E-02    -9.80506809064632E-02     4.64420401614479E-02     4.89385522399914E-03
         4.62512020147175     1.34547810393351E-01    -5.37398783766778E-02    -3.12727206728056E-01     1.25929415842544E-01     2.30296758923593E-02
         1.62272294024072    -5.51865766775749E-01     1.65440705311574E-01    -5.86706702362430E-01     2.77907352966805E-01     5.26472480151814E-01
         0.55216173678272    -7.87309125215089E-01     1.14519053917377E-01    -6.52997838515906E-01     1.82287680337408E-01     8.49582617686734E-01
         0.17330337957192    -2.00276553789357E-01    -9.76667117835106E-01    -3.49223175694863E-01    -9.33554296168888E-01    -2.19496600587510E-02
CL DZVP-MOLOPT-PBE0-GTH-Q7
 1
 2 0 2 4 2 2 1
         1.95736377876919     5.14900988266686E-01     2.40693792976429E-01     3.91491934421244E-01     1.94579618291814E-01     1.03302579489917E-01
         1.54347371438383    -4.22981434715776E-01     4.84506053505592E-02    -5.31183852831214E-01    -2.06763688400425E-01     2.53080986425568E-01
         0.40766941393095    -4.94589672987331E-01    -6.25944067103656E-01    -6.13505638411310E-01    -3.32691397032460E-01     9.52098239408987E-01
         0.13062819821750    -5.57982735881729E-01     7.40211497966303E-01    -4.33807113141348E-01     8.99279702676011E-01     1.37067625261757E-01
