HG TZV2P-MOLOPT-PBE0-GTH-Q12
 1
 2 0 3 6 3 3 3 2
         2.85488303550692    -4.35813763118567E-02    -2.99449056385203E-02     1.75925407069633E-01    -2.79034628935141E-02     7.64781947459260E-03     2.28852110069286E-01    -1.13703462937562E-01    -3.24545820736341E-02     7.78239785127918E-02    -8.00034264168573E-03     7.51862148695826E-02
         1.90050041309184    -2.09357568172042E-02     1.69814543362288E-01    -1.30606950477732E-01     1.02029046855354E-01    -2.02231817574453E-02    -5.45336610286408E-01     5.62072399334443E-01     2.55583326654198E-03    -1.08405414881403E-01     2.65410950502136E-02    -1.73733815641381E-01
         0.82619982377516     4.68740898549052E-01    -5.59614799625759E-01    -3.98013519072937E-01    -4.11336090554133E-01     4.97910985997762E-02     7.02699473291241E-01     6.52367585536270E-01    -4.17121121855981E-01     4.86059251266379E-01    -1.46199614434122E-01    -3.19038138510760E-01
         0.33793350121070    -1.62772206984188E-01     6.75596451239072E-01    -2.53469096954073E-01     3.65137041245918E-01    -1.87864925174689E-01     2.14685596353803E-01     4.73145874751369E-01     4.07816391697777E-01    -4.99765410726302E-01    -9.55860984643788E-01     1.36734424450880E-01
         0.13551429831378    -8.35239162309303E-01    -3.84633758217085E-01    -3.90798678892590E-01     8.17873434623934E-01     2.63909279299802E-01     3.17823983135543E-01     1.23770308853995E-01     7.69035374650459E-02    -4.41663707067162E-01    -2.53207850167849E-01    -3.23583041704584E-01
         0.05044752889160    -2.32002323546625E-01    -2.29616869244732E-01     7.59346510978065E-01    -1.31803175267546E-01     9.44516830165394E-01    -9.66755082554419E-02     7.98534007788955E-02     8.07911984134605E-01     5.48731084186472E-01     8.53230213073669E-03     8.59637116964569E-01
HG TZVP-MOLOPT-PBE0-GTH-q12
 1
 2 0 3 6 3 3 3 1
         2.85488303550692    -4.35813763118567E-02    -2.99449056385203E-02     1.75925407069633E-01    -2.79034628935141E-02     7.64781947459260E-03     2.28852110069286E-01    -1.13703462937562E-01    -3.24545820736341E-02     7.78239785127918E-02    -8.00034264168573E-03
         1.90050041309184    -2.09357568172042E-02     1.69814543362288E-01    -1.30606950477732E-01     1.02029046855354E-01    -2.02231817574453E-02    -5.45336610286408E-01     5.62072399334443E-01     2.55583326654198E-03    -1.08405414881403E-01     2.65410950502136E-02
         0.82619982377516     4.68740898549052E-01    -5.59614799625759E-01    -3.98013519072937E-01    -4.11336090554133E-01     4.97910985997762E-02     7.02699473291241E-01     6.52367585536270E-01    -4.17121121855981E-01     4.86059251266379E-01    -1.46199614434122E-01
         0.33793350121070    -1.62772206984188E-01     6.75596451239072E-01    -2.53469096954073E-01     3.65137041245918E-01    -1.87864925174689E-01     2.14685596353803E-01     4.73145874751369E-01     4.07816391697777E-01    -4.99765410726302E-01    -9.55860984643788E-01
         0.13551429831378    -8.35239162309303E-01    -3.84633758217085E-01    -3.90798678892590E-01     8.17873434623934E-01     2.63909279299802E-01     3.17823983135543E-01     1.23770308853995E-01     7.69035374650459E-02    -4.41663707067162E-01    -2.53207850167849E-01
         0.05044752889160    -2.32002323546625E-01    -2.29616869244732E-01     7.59346510978065E-01    -1.31803175267546E-01     9.44516830165394E-01    -9.66755082554419E-02     7.98534007788955E-02     8.07911984134605E-01     5.48731084186472E-01     8.53230213073669E-03
HG DZVP-MOLOPT-PBE0-GTH-q12
 1
 2 0 3 6 2 2 2 1
         2.85488303550692    -4.35813763118567E-02    -2.99449056385203E-02    -2.79034628935141E-02     7.64781947459260E-03    -1.13703462937562E-01    -3.24545820736341E-02    -8.00034264168573E-03
         1.90050041309184    -2.09357568172042E-02     1.69814543362288E-01     1.02029046855354E-01    -2.02231817574453E-02     5.62072399334443E-01     2.55583326654198E-03     2.65410950502136E-02
         0.82619982377516     4.68740898549052E-01    -5.59614799625759E-01    -4.11336090554133E-01     4.97910985997762E-02     6.52367585536270E-01    -4.17121121855981E-01    -1.46199614434122E-01
         0.33793350121070    -1.62772206984188E-01     6.75596451239072E-01     3.65137041245918E-01    -1.87864925174689E-01     4.73145874751369E-01     4.07816391697777E-01    -9.55860984643788E-01
         0.13551429831378    -8.35239162309303E-01    -3.84633758217085E-01     8.17873434623934E-01     2.63909279299802E-01     1.23770308853995E-01     7.69035374650459E-02    -2.53207850167849E-01
         0.05044752889160    -2.32002323546625E-01    -2.29616869244732E-01    -1.31803175267546E-01     9.44516830165394E-01     7.98534007788955E-02     8.07911984134605E-01     8.53230213073669E-03
H TZV2P-MOLOPT-PBE0-GTH-Q1
 1
 2 0 2 5 3 2 1
         9.40376558777484     5.57995409025206E-02    -4.70579310756749E-02    -9.03982952048893E-02    -9.22922683878503E-02     5.62771387719766E-01     7.80341103329014E-02
         2.19236236036235     2.26741263852150E-01    -2.37595450605385E-01    -3.31859181820579E-01     3.56629407794935E-01    -1.55610962004131E-01     3.11602862374432E-01
         0.70785664525623     4.70071809062586E-01    -3.84865803668886E-01    -6.33091997698946E-01     4.70685683046521E-01    -1.55533260185636E-01     6.35783567219683E-05
         0.37495748172786     5.50419957177599E-01     8.25544608526065E-01    -1.19262368808400E-01     4.93402007633953E-01     7.41061881197701E-01     9.44971331284660E-01
         0.15142571456720     6.49265104227107E-01    -3.34198093163844E-01     6.83131496493313E-01     6.31907468961614E-01    -2.92763192495008E-01     6.19960707827798E-02
H TZVP-MOLOPT-PBE0-GTH-q1
 1
 2 0 1 5 3 1
         9.40376558777484     5.57995409025206E-02    -4.70579310756749E-02    -9.03982952048893E-02    -9.22922683878503E-02
         2.19236236036235     2.26741263852150E-01    -2.37595450605385E-01    -3.31859181820579E-01     3.56629407794935E-01
         0.70785664525623     4.70071809062586E-01    -3.84865803668886E-01    -6.33091997698946E-01     4.70685683046521E-01
         0.37495748172786     5.50419957177599E-01     8.25544608526065E-01    -1.19262368808400E-01     4.93402007633953E-01
         0.15142571456720     6.49265104227107E-01    -3.34198093163844E-01     6.83131496493313E-01     6.31907468961614E-01
H DZVP-MOLOPT-PBE0-GTH-q1
 1
 2 0 1 5 2 1
         9.40376558777484     5.57995409025206E-02    -4.70579310756749E-02    -9.22922683878503E-02
         2.19236236036235     2.26741263852150E-01    -2.37595450605385E-01     3.56629407794935E-01
         0.70785664525623     4.70071809062586E-01    -3.84865803668886E-01     4.70685683046521E-01
         0.37495748172786     5.50419957177599E-01     8.25544608526065E-01     4.93402007633953E-01
         0.15142571456720     6.49265104227107E-01    -3.34198093163844E-01     6.31907468961614E-01
C TZV2P-MOLOPT-PBE0-GTH-Q4
 1
 2 0 3 5 3 3 2 1
         5.37649556675185    -1.22404309942338E-01     1.51052142999233E-01    -2.91603005508096E-01    -1.02230399503479E-01     7.40025761345854E-02     8.94622998880541E-02    -3.33102657255285E-02     9.86374456561292E-02     7.95121951184048E-02
         1.95241253925289    -1.29373346346520E-01     2.06617207371748E-01    -1.01805179489666E-01    -3.09172408281985E-01     2.20213934213870E-01     3.39999059653624E-01     2.24862943378639E-01    -4.25828317504440E-02     4.21381944948773E-01
         0.69884308058897     4.93419910923422E-01    -4.42585619435647E-01     6.21910558850215E-01    -6.76608029554237E-01     4.84079784827656E-01     2.48477330781687E-01     7.92785845721874E-01    -5.17543483541305E-01     3.21750315531954E-01
         0.25544398452951     7.50469724701437E-01    -1.05635637414093E-01    -6.44963922243512E-01    -6.23090735983644E-01    -3.82982660790289E-01    -6.66883209981747E-01     5.31193096205402E-01     8.40388777086484E-01     8.41599833069726E-01
         0.08778128068034     4.02009584429917E-01     8.52907768337305E-01     3.19142896525367E-01    -2.18908374551020E-01    -7.51678445453038E-01     6.08212904060281E-01     1.94040151152179E-01    -1.19803183369898E-01    -6.55859949283386E-02
C TZVP-MOLOPT-PBE0-GTH-q4
 1
 2 0 2 5 3 3 1
         5.37649556675185    -1.22404309942338E-01     1.51052142999233E-01    -2.91603005508096E-01    -1.02230399503479E-01     7.40025761345854E-02     8.94622998880541E-02    -3.33102657255285E-02
         1.95241253925289    -1.29373346346520E-01     2.06617207371748E-01    -1.01805179489666E-01    -3.09172408281985E-01     2.20213934213870E-01     3.39999059653624E-01     2.24862943378639E-01
         0.69884308058897     4.93419910923422E-01    -4.42585619435647E-01     6.21910558850215E-01    -6.76608029554237E-01     4.84079784827656E-01     2.48477330781687E-01     7.92785845721874E-01
         0.25544398452951     7.50469724701437E-01    -1.05635637414093E-01    -6.44963922243512E-01    -6.23090735983644E-01    -3.82982660790289E-01    -6.66883209981747E-01     5.31193096205402E-01
         0.08778128068034     4.02009584429917E-01     8.52907768337305E-01     3.19142896525367E-01    -2.18908374551020E-01    -7.51678445453038E-01     6.08212904060281E-01     1.94040151152179E-01
C DZVP-MOLOPT-PBE0-GTH-q4
 1
 2 0 2 5 2 2 1
         5.37649556675185    -1.22404309942338E-01     1.51052142999233E-01    -1.02230399503479E-01     7.40025761345854E-02    -3.33102657255285E-02
         1.95241253925289    -1.29373346346520E-01     2.06617207371748E-01    -3.09172408281985E-01     2.20213934213870E-01     2.24862943378639E-01
         0.69884308058897     4.93419910923422E-01    -4.42585619435647E-01    -6.76608029554237E-01     4.84079784827656E-01     7.92785845721874E-01
         0.25544398452951     7.50469724701437E-01    -1.05635637414093E-01    -6.23090735983644E-01    -3.82982660790289E-01     5.31193096205402E-01
         0.08778128068034     4.02009584429917E-01     8.52907768337305E-01    -2.18908374551020E-01    -7.51678445453038E-01     1.94040151152179E-01
F TZV2P-MOLOPT-PBE0-GTH-Q7
 1
 2 0 3 5 3 3 2 1
        13.31501907729122     1.31813146289282E-01    -5.24225688764356E-02    -5.17923286744451E-01    -9.80506809064632E-02     4.64420401614479E-02     6.35659142568778E-02     4.89385522399914E-03     1.52535072278595E-01     5.41962851226601E-02
         4.62512020147175     1.34547810393351E-01    -5.37398783766778E-02    -2.73506612070950E-02    -3.12727206728056E-01     1.25929415842544E-01     1.88833971660508E-01     2.30296758923593E-02    -1.84322551941015E-01     3.68925101794283E-02
         1.62272294024072    -5.51865766775749E-01     1.65440705311574E-01    -7.34790083225985E-01    -5.86706702362430E-01     2.77907352966805E-01     6.51110127867809E-01     5.26472480151814E-01    -8.13967424463323E-01     8.50449987353287E-02
         0.55216173678272    -7.87309125215089E-01     1.14519053917377E-01     4.34902286738320E-01    -6.52997838515906E-01     1.82287680337408E-01    -7.27945836193775E-01     8.49582617686734E-01     5.11993820603493E-01     9.94034575948952E-01
         0.17330337957192    -2.00276553789357E-01    -9.76667117835106E-01    -4.41695026221844E-02    -3.49223175694863E-01    -9.33554296168888E-01     8.03216449515110E-02    -2.19496600587510E-02     1.34452996051777E-01    -1.90870474316679E-02
F TZVP-MOLOPT-PBE0-GTH-q7
 1
 2 0 2 5 3 3 1
        13.31501907729122     1.31813146289282E-01    -5.24225688764356E-02    -5.17923286744451E-01    -9.80506809064632E-02     4.64420401614479E-02     6.35659142568778E-02     4.89385522399914E-03
         4.62512020147175     1.34547810393351E-01    -5.37398783766778E-02    -2.73506612070950E-02    -3.12727206728056E-01     1.25929415842544E-01     1.88833971660508E-01     2.30296758923593E-02
         1.62272294024072    -5.51865766775749E-01     1.65440705311574E-01    -7.34790083225985E-01    -5.86706702362430E-01     2.77907352966805E-01     6.51110127867809E-01     5.26472480151814E-01
         0.55216173678272    -7.87309125215089E-01     1.14519053917377E-01     4.34902286738320E-01    -6.52997838515906E-01     1.82287680337408E-01    -7.27945836193775E-01     8.49582617686734E-01
         0.17330337957192    -2.00276553789357E-01    -9.76667117835106E-01    -4.41695026221844E-02    -3.49223175694863E-01    -9.33554296168888E-01     8.03216449515110E-02    -2.19496600587510E-02
F DZVP-MOLOPT-PBE0-GTH-q7
 1
 2 0 2 5 2 2 1
        13.31501907729122     1.31813146289282E-01    -5.24225688764356E-02    -9.80506809064632E-02     4.64420401614479E-02     4.89385522399914E-03
         4.62512020147175     1.34547810393351E-01    -5.37398783766778E-02    -3.12727206728056E-01     1.25929415842544E-01     2.30296758923593E-02
         1.62272294024072    -5.51865766775749E-01     1.65440705311574E-01    -5.86706702362430E-01     2.77907352966805E-01     5.26472480151814E-01
         0.55216173678272    -7.87309125215089E-01     1.14519053917377E-01    -6.52997838515906E-01     1.82287680337408E-01     8.49582617686734E-01
         0.17330337957192    -2.00276553789357E-01    -9.76667117835106E-01    -3.49223175694863E-01    -9.33554296168888E-01    -2.19496600587510E-02
CL TZV2P-MOLOPT-PBE0-GTH-Q7
 1
 2 0 3 4 3 3 2 1
         1.95736377876919     5.14900988266686E-01     2.40693792976429E-01    -1.28104442415964E-01     3.91491934421244E-01     1.94579618291814E-01    -4.24624922261607E-01     1.03302579489917E-01    -1.51719991846673E-01    -8.80894837945973E-02
         1.54347371438383    -4.22981434715776E-01     4.84506053505592E-02    -8.97870765280675E-01    -5.31183852831214E-01    -2.06763688400425E-01    -8.12512692066251E-01     2.53080986425568E-01     7.90079486051753E-01     3.40736837991551E-01
         0.40766941393095    -4.94589672987331E-01    -6.25944067103656E-01     2.66738548390740E-01    -6.13505638411310E-01    -3.32691397032460E-01     3.96050456242181E-01     9.52098239408987E-01    -2.69731069825107E-01     9.35543949131780E-01
         0.13062819821750    -5.57982735881729E-01     7.40211497966303E-01     3.25987557262529E-01    -4.33807113141348E-01     8.99279702676011E-01     5.15832990020733E-02     1.37067625261757E-01     5.29150828937503E-01     2.99360873066907E-02
CL TZVP-MOLOPT-PBE0-GTH-q7
 1
 2 0 2 4 3 3 1
         1.95736377876919     5.14900988266686E-01     2.40693792976429E-01    -1.28104442415964E-01     3.91491934421244E-01     1.94579618291814E-01    -4.24624922261607E-01     1.03302579489917E-01
         1.54347371438383    -4.22981434715776E-01     4.84506053505592E-02    -8.97870765280675E-01    -5.31183852831214E-01    -2.06763688400425E-01    -8.12512692066251E-01     2.53080986425568E-01
         0.40766941393095    -4.94589672987331E-01    -6.25944067103656E-01     2.66738548390740E-01    -6.13505638411310E-01    -3.32691397032460E-01     3.96050456242181E-01     9.52098239408987E-01
         0.13062819821750    -5.57982735881729E-01     7.40211497966303E-01     3.25987557262529E-01    -4.33807113141348E-01     8.99279702676011E-01     5.15832990020733E-02     1.37067625261757E-01
CL DZVP-MOLOPT-PBE0-GTH-q7
 1
 2 0 2 4 2 2 1
         1.95736377876919     5.14900988266686E-01     2.40693792976429E-01     3.91491934421244E-01     1.94579618291814E-01     1.03302579489917E-01
         1.54347371438383    -4.22981434715776E-01     4.84506053505592E-02    -5.31183852831214E-01    -2.06763688400425E-01     2.53080986425568E-01
         0.40766941393095    -4.94589672987331E-01    -6.25944067103656E-01    -6.13505638411310E-01    -3.32691397032460E-01     9.52098239408987E-01
         0.13062819821750    -5.57982735881729E-01     7.40211497966303E-01    -4.33807113141348E-01     8.99279702676011E-01     1.37067625261757E-01
