Re admm-dz
    7
1 0 0 2 1
        2.77304919    0.93384216 
        1.66680260   -0.95975961
1 0 0 1 1
        0.66840925    1.00000000
1 0 0 1 1
        0.08888783    1.00000000
2 1 1 2 1
        4.08530202   -0.15667490 
        1.15667756    0.72924268
2 1 1 1 1
        0.44455515    1.00000000
2 2 2 2 1
        1.29035891   -0.32384157 
        0.47436746   -0.53667055
2 2 2 1 1
        0.14567675    1.00000000

Re admm-dzp
    8
1 0 0 2 1
        2.77304919    0.93384216
        1.66680260   -0.95975961
1 0 0 1 1
        0.66840925    1.00000000
1 0 0 1 1
        0.08888783    1.00000000
2 1 1 2 1
        4.08530202   -0.15667490
        1.15667756    0.72924268
2 1 1 1 1
        0.44455515    1.00000000
2 2 2 2 1
        1.29035891   -0.32384157
        0.47436746   -0.53667055
2 2 2 1 1
        0.14567675    1.00000000
3 3 3 1 1
      0.5533000       1.0000000

Re admm-tzp
   11
1 0 0 2 1
        4.98136553   -0.79121107 
        4.47987409    1.21472694
1 0 0 1 1
        0.88263141    1.00000000
1 0 0 1 1
        0.19622391    1.00000000
1 0 0 1 1
        0.07383831    1.00000000
2 1 1 2 1
        5.64856569    0.20497883 
        5.06801231   -0.34601986
2 1 1 1 1
        1.12080738    1.00000000
2 1 1 1 1
        0.43260042    1.00000000
2 2 2 2 1
        1.48750476    0.21265406 
        0.66771127    0.43641886
2 2 2 1 1
        0.26175411    1.00000000
2 2 2 1 1
        0.09147985    1.00000000
3 3 3 1 1
      0.5533000       1.0000000

Re admm-tz2p
   13
1 0 0 2 1
        4.98136553   -0.79121107
        4.47987409    1.21472694
1 0 0 1 1
        0.88263141    1.00000000
1 0 0 1 1
        0.19622391    1.00000000
1 0 0 1 1
        0.07383831    1.00000000
2 1 1 2 1
        5.64856569    0.20497883
        5.06801231   -0.34601986
2 1 1 1 1
        1.12080738    1.00000000
2 1 1 1 1
        0.43260042    1.00000000
2 2 2 2 1
        1.48750476    0.21265406
        0.66771127    0.43641886
2 2 2 1 1
        0.26175411    1.00000000
2 2 2 1 1
        0.09147985    1.00000000
3 3 3 1 1
      0.9339000       1.0000000
3 3 3 1 1
      0.2939000       1.0000000
4 4 4 1 1
      0.7368000       1.0000000

