Se DZVP-MOLOPT-PBE0-GTH-q6
 1
 2 0 2 4 2 2 1
      1.465689267622  0.522315327760  0.109434486047  0.302629346132  0.397353185807  0.120897258750
      1.029752381010 -0.177617010578  0.919860707697 -0.349360567622 -0.410169822544 -0.291516752716
      0.303575471349 -1.057800048233 -1.719933785859 -0.653355185785 -0.626545135443 -1.069566209605
      0.107173147417 -0.299101385035  2.073037006457 -0.381186874482  2.208055478040 -0.296658894209

##################################################################################
H DZVP-MOLOPT-PBE0-GTH-Q1
 1
 2 0 1 5 2 1
         9.40376558777484     4.99921878262584E-02    -6.01760463447986E-02    -1.91917949580623E-02
         2.19236236036235     2.07750616603128E-01    -2.48729761572598E-01     2.15445332744891E-01
         0.70785664525623     4.72336308767911E-01    -3.21210746148036E-01     4.86508963896186E-01
         0.37495748172786     5.41895273351049E-01     8.33122255305197E-01     2.26583896119400E-01
         0.15142571456720     6.61504638378795E-01    -3.70463646568122E-01     8.15587977886349E-01

O DZVP-MOLOPT-PBE0-GTH-Q6
 1
 2 0 2 5 2 2 1
        10.34082423621691    -1.35471995421340E-01     6.52248591911249E-02    -9.47914764323301E-02     5.35187940839026E-02    -1.24802583115412E-02
         3.64864310376424    -1.37229228491611E-01     9.72101295675209E-02    -3.15076543225045E-01     1.42382834578136E-01     7.19294320703716E-02
         1.25503633997207     5.56468817719137E-01    -3.14735471845088E-01    -6.10679134934315E-01     3.65204590090252E-01     6.34007888463729E-01
         0.43936673910305     7.74958495228934E-01    -2.40485789038744E-02    -6.48906523820734E-01     2.16977003571567E-02     7.51858366819853E-01
         0.14295518532255     2.29340931547182E-01     9.41625805226321E-01    -3.12622240737769E-01    -9.18159944820902E-01    -1.65569905367066E-01
