Cs admm-dz
    4
1 0 0 2 1
        2.29980995    1.57903280 
        2.06943049   -1.97561742 
1 0 0 1 1
        0.29052633    1.00000000
1 0 0 1 1
        0.04784316    1.00000000
2 1 1 3 1
        1.17443641   -0.21695140 
        0.46896330    0.69474304 
        0.15674376    0.52197282 

Cs admm-dzp
    5
1 0 0 2 1
        2.29980995    1.57903280 
        2.06943049   -1.97561742  
1 0 0 1 1
        0.29052633    1.00000000
1 0 0 1 1
        0.04784316    1.00000000
2 1 1 3 1
        1.17443641   -0.21695140 
        0.46896330    0.69474304  
        0.15674376    0.52197282
2 2 2 1 1
  0.105292485963      1.00000000

Cs admm-tzp
    7
1 0 0 2 1
        2.14772448   -1.69608499 
        1.92891071    2.15435124
1 0 0 1 1
        0.33981380    1.00000000
1 0 0 1 1
        0.07211792    1.00000000
1 0 0 1 1
        0.06498850    1.00000000
2 1 1 2 1
        1.17524879   -0.21716068 
        0.46777763    0.69889360
2 1 1 1 1
        0.15778269    1.00000000
2 2 2 1 1
  0.105292485963      1.00000000

Cs admm-tz2p
    9
1 0 0 2 1
        2.14772448   -1.69608499  
        1.92891071    2.15435124 
1 0 0 1 1
        0.33981380    1.00000000
1 0 0 1 1
        0.07211792    1.00000000
1 0 0 1 1
        0.06498850    1.00000000
2 1 1 2 1
        1.17524879   -0.21716068 
        0.46777763    0.69889360  
2 1 1 1 1
        0.15778269    1.00000000
2 2 2 1 1
  0.262520036136      1.00000000
2 2 2 1 1
  0.767794709560E-01  1.00000000
3 3 3 1 1
  0.105292485963      1.00000000
