
W SVP-MOLOPT-PBE-Q14
 1
 1 0 3 7 6 3 2 1
        10.00028238159715     3.27556178358192E-01     3.30140438983935E-01     5.48012674194489E-01     1.89847027169415E-02    -1.86145287288600E-02    -4.88943340986378E-02     1.44000393448505E-02    -8.49719963264917E-02     1.42487086669693E-02     2.24956184823109E-03    -1.42871940502574E-03    -1.59159103722258E-03
         4.48130396269046     3.17211532170866E-01     7.38098813185812E-01     7.18782928898978E-02    -2.81652090672474E-02     3.51836542000722E-02     2.36223899024137E-01    -1.80094448548432E-01     1.41035320723172E-01     4.77557107625602E-02    -6.42635321056601E-02     1.97875146484810E-02     7.65518356884269E-03
         1.42319883695463    -8.35637480044631E-01     3.15537077867358E-01     3.19905996619083E-01     2.65844345743725E-01     1.68728495407314E-01     2.40012587974051E-02     1.51251866742833E-01    -6.83332676159430E-01     9.00829464030121E-02     2.51423572196051E-01    -6.49188595751864E-02    -1.73029789992758E-02
         0.69716756564394    -1.31662464041164E-01    -6.81968696476001E-02     4.52899024108452E-01    -5.64770200056550E-01    -4.51345235831100E-01    -4.08375731776914E-01     5.68337232938115E-01    -1.50001329703007E-01    -7.63228705542615E-01     6.72233382113349E-01    -2.06908349713272E-01     5.81640329539443E-01
         0.32601062606532     2.72998928605353E-01    -3.07568707961764E-01     4.36378612211302E-01     6.24024492477953E-01     1.41291825984574E-01    -3.15015250669147E-01     5.14230007748496E-01     6.61606556346887E-01     1.05665947208706E-01     6.46183920123837E-01    -1.33492931573907E-01     7.93556429980529E-01
         0.12515833202769     3.45750427401717E-02    -2.96089356258842E-01     3.61250980305076E-01    -4.32750306659111E-01     6.62039151629061E-01     3.79655740309161E-01     5.27034692002774E-01    -2.05398510157110E-01     5.24392237554030E-01     2.50405545988771E-01     9.60028339469206E-01    -1.68177776072661E-01
         0.04568387005680    -2.71098281864947E-02    -2.44408582041105E-01     2.57156923405462E-01     1.80356069759796E-01    -5.54954560615283E-01     7.28757659027233E-01     2.81560337207641E-01    -5.94396294821696E-02     3.47463467126469E-01     2.22937018208626E-02     1.14481938099813E-01     5.76057900328416E-02


W TZVPP-MOLOPT-PBE-Q14
 2
 1 0 1 5 2 1
        30.05599010952657     7.70274595834838E-01     2.91793213259182E-01     2.64171090563697E-02
        27.01019220369720    -2.57230821030307E-01    -7.24271245209853E-02    -3.99821190336701E-02
        12.92891236336562     4.65596712451840E-01     1.55948581461952E-01     6.04568445264692E-02
         5.09685771348378    -1.48385580705942E-01     6.32571274823789E-01    -1.43780822622959E-01
         0.55880574563625     3.18921263819380E-01    -6.96523262021675E-01     9.86597998934951E-01
 1 0 4 6 4 3 3 2 1
         7.42657549593530     3.22528011385650E-01     7.48086631322989E-02     2.16190171348754E-01    -7.50561521935056E-02    -1.06293183463304E-01    -7.70649715250001E-02     2.52760038758402E-02     4.68378632771692E-03    -1.43517933154460E-01     2.88721423719681E-01     7.63098704059963E-02     5.29626811882920E-02    -3.28886800069801E-03
         6.04718792355793     5.92774090558061E-01    -8.49637435439242E-02    -5.01045154324582E-01     9.49822075462141E-02     1.30232849808916E-03     4.21022906822487E-02    -6.84074678561285E-03    -4.55955865472932E-02     1.73310636776418E-01    -3.17284709918445E-01     2.52324370000007E-01    -9.16829610365019E-02     1.24686736396199E-02
         1.06304723974552     4.68964292765503E-01    -1.40286390141204E-01    -3.32489491244100E-01     1.88521616145372E-01     7.03119940510018E-01    -4.11496817562107E-01     1.08442164612295E-01     5.25185761830421E-01    -4.83705271226729E-01     3.66964060716280E-01     8.74292006180389E-01     6.90973319653213E-02     2.26059210495947E-01
         0.44168294944269     4.62478036387246E-01     5.22181098185249E-01     3.29618244982296E-01    -5.41703608063079E-01    -1.44946028124374E-01     5.91032042551784E-01    -4.02096350952499E-01     8.06564589025329E-01     3.04214242815002E-01    -4.31487493597888E-01     1.91145719340667E-01     8.23988885582116E-01     7.74808361178083E-01
         0.15247154353381     2.93659136258439E-01    -7.26775884267827E-01     5.89020069182639E-01     1.05693255273442E-02     5.33082278089888E-01     6.88214938974774E-01     4.13074455225929E-01     2.36087754343391E-01     4.26516328871554E-01     6.82322456378072E-01    -3.58956054910279E-01     5.50983428212306E-01     5.46531472377615E-01
         0.05252818653131     1.56669809143237E-01     4.08201261253900E-01     3.68881379344582E-01     8.10092615003265E-01    -4.34898086986331E-01     2.80835237644028E-04     8.09470594732243E-01    -1.25678781753889E-01     6.64027674351851E-01     1.71937020070357E-01     2.71397961078810E-02    -3.83969535869565E-02    -2.22949101868972E-01


W QZVPP-MOLOPT-PBE-Q14
 2
 1 0 2 6 2 1 1
        22.09482307999387     3.52229446687622E-01    -1.73180613304835E-02     9.32278956238883E-02    -5.75767768071791E-02
        18.88042730181024    -3.76547197053125E-01     1.52253417669166E-01    -2.05166041406913E-01     1.04587493395479E-01
        13.17541772806692     8.04058889757034E-01    -9.13601532573512E-02     2.70574810773026E-01    -8.73796599764682E-02
        10.10621166916935    -2.41416070962132E-01    -4.63397726543075E-02    -1.67062866965029E-01     4.99007141728589E-02
         4.25719125888374     1.15240061079389E-01     9.77452126949622E-01    -9.79805164608527E-02    -1.23975990443294E-01
         0.88766534174001    -1.26783027586022E-01    -1.03015867460368E-01     9.15693476869629E-01     9.79923996307258E-01
 1 0 4 6 5 4 3 3 2
         1.67075098234493     3.21060996213078E-01    -1.32048468362519E-01    -7.37373089763362E-03    -1.90619331202814E-01    -1.02040687623332E-01     2.99927555560241E-01     1.25912960623271E-02    -2.17551568212036E-01     4.06099885848754E-01     1.95603461883326E-01     5.72378180191410E-02     1.80143497719122E-01     5.22326493511177E-02    -4.15505970126788E-02    -5.44697942959668E-02    -1.11771792524564E-01     3.37420426397365E-02
         1.00322700036031     9.11518873703356E-01    -2.23898651675136E-01     2.73807213214903E-03     8.16855134781625E-02     8.92908319886849E-03    -8.38450137217931E-01    -2.92957442946293E-01    -2.14648150902240E-02     2.13552591028144E-01    -2.82858755418715E-01     3.65744749017274E-02    -4.70993166899993E-01     9.68483623974190E-01     9.24682869729989E-02     4.86561939238710E-02     2.99805901791441E-01     2.17377762553207E-01
         0.56332546050951     2.28635749278987E-01     8.66811041169359E-01     4.29064245681609E-01    -8.88144763166477E-02    -6.20710154121145E-02     4.29457061958708E-01    -3.20854149380305E-01    -5.47755055803493E-02     3.94834362936621E-02     8.93282249548953E-01     1.71722903500622E-01    -6.09717574745813E-02    -8.71704767873592E-02     9.89041655846506E-01    -8.33413848774971E-02     8.83512450257988E-01    -2.67102844581457E-01
         0.24267678392418    -1.07387681689671E-01    -4.16586702393334E-01     8.25227671257199E-01    -3.51388382863187E-01    -4.06664823904542E-02    -1.41049629821279E-01     8.72506637550693E-01    -2.33887400934178E-01    -5.15785984262147E-02    -1.32579109271391E-01     9.64764719390539E-01     1.00284573343195E-01    -6.21682024900670E-02     5.74949866457279E-02     9.69070474176772E-01     3.21745780835164E-01     7.39199974487629E-01
         0.10113365378891    -1.98272587359817E-02    -7.07838207680475E-02     3.62904706767143E-01     8.49929480818239E-01     3.09287190504778E-01     4.11889227127898E-02     1.97499160904479E-01     9.45108165738583E-01     1.21050803794403E-01    -7.74192885589788E-02    -1.18911525722863E-01     8.43271549659686E-01    -1.04403797059944E-01    -8.43029594333485E-02    -2.09576382545879E-01     1.03241314240922E-01    -5.72592689665964E-01
         0.04087028193449     4.30539124494229E-02     5.01635803605096E-02    -5.60488048846248E-02    -3.21325097496342E-01     9.42519405417173E-01     3.19364262516167E-02     1.03905050807418E-01    -3.57415669571140E-02     8.77841433814989E-01    -2.45369244948959E-01     1.44867075821050E-01     1.44333986425313E-01     1.92217299353797E-01    -3.32731773949660E-02    -6.85564426344291E-02    -5.33865285870032E-02     7.73657726707293E-02
