W TZVPP-MOLOPT-PBE-Q14
 2
 1 0 1 5 2 1
        30.05599010952657     7.70274595834838E-01     2.91793213259182E-01     2.64171090563697E-02
        27.01019220369720    -2.57230821030307E-01    -7.24271245209853E-02    -3.99821190336701E-02
        12.92891236336562     4.65596712451840E-01     1.55948581461952E-01     6.04568445264692E-02
         5.09685771348378    -1.48385580705942E-01     6.32571274823789E-01    -1.43780822622959E-01
         0.55880574563625     3.18921263819380E-01    -6.96523262021675E-01     9.86597998934951E-01
 1 0 4 6 4 3 3 2 1
         7.42657549593530     3.22528011385650E-01     7.48086631322989E-02     2.16190171348754E-01    -7.50561521935056E-02    -1.06293183463304E-01    -7.70649715250001E-02     2.52760038758402E-02     4.68378632771692E-03    -1.43517933154460E-01     2.88721423719681E-01     7.63098704059963E-02     5.29626811882920E-02    -3.28886800069801E-03
         6.04718792355793     5.92774090558061E-01    -8.49637435439242E-02    -5.01045154324582E-01     9.49822075462141E-02     1.30232849808916E-03     4.21022906822487E-02    -6.84074678561285E-03    -4.55955865472932E-02     1.73310636776418E-01    -3.17284709918445E-01     2.52324370000007E-01    -9.16829610365019E-02     1.24686736396199E-02
         1.06304723974552     4.68964292765503E-01    -1.40286390141204E-01    -3.32489491244100E-01     1.88521616145372E-01     7.03119940510018E-01    -4.11496817562107E-01     1.08442164612295E-01     5.25185761830421E-01    -4.83705271226729E-01     3.66964060716280E-01     8.74292006180389E-01     6.90973319653213E-02     2.26059210495947E-01
         0.44168294944269     4.62478036387246E-01     5.22181098185249E-01     3.29618244982296E-01    -5.41703608063079E-01    -1.44946028124374E-01     5.91032042551784E-01    -4.02096350952499E-01     8.06564589025329E-01     3.04214242815002E-01    -4.31487493597888E-01     1.91145719340667E-01     8.23988885582116E-01     7.74808361178083E-01
         0.15247154353381     2.93659136258439E-01    -7.26775884267827E-01     5.89020069182639E-01     1.05693255273442E-02     5.33082278089888E-01     6.88214938974774E-01     4.13074455225929E-01     2.36087754343391E-01     4.26516328871554E-01     6.82322456378072E-01    -3.58956054910279E-01     5.50983428212306E-01     5.46531472377615E-01
         0.05252818653131     1.56669809143237E-01     4.08201261253900E-01     3.68881379344582E-01     8.10092615003265E-01    -4.34898086986331E-01     2.80835237644028E-04     8.09470594732243E-01    -1.25678781753889E-01     6.64027674351851E-01     1.71937020070357E-01     2.71397961078810E-02    -3.83969535869565E-02    -2.22949101868972E-01
C TZVPP-MOLOPT-PBE-AE
 2
 1 0 0 6 1
     13575.36958405577388     4.58147950944622E-04
      2035.23751738363671     1.21337901046264E-02
       463.11111195382159     3.94772659786306E-02
       131.31855343946540     2.27675432947388E-01
        42.89959282566456     1.83999091958326E-01
        15.85510154272720     9.55302223434938E-01
 1 0 3 6 4 3 2 1
        34.41721150609357     9.02610706533540E-02     1.45960387814647E-01    -5.81350391534647E-01    -1.86791853710472E-01     2.24000414781332E-02     1.35113513652918E-02    -9.87851280080972E-02     2.98612069007889E-01    -2.24236690578969E-01     1.44118218013727E-02
         6.73967331854110     8.42948760302444E-01    -1.29849205041561E-01    -5.44525843040446E-02    -6.71931413988591E-02     1.91277633948411E-01    -1.66915456837718E-01     1.05142388826124E-01     1.25840321584798E-01    -1.04282075437448E-01    -2.31687139463439E-02
         2.44162428858657     4.59593591138479E-01    -1.00655279581068E-01    -1.37653511557023E-01    -1.93557517366444E-02     2.11051684448653E-01     1.99160136414799E-01    -1.81772636941788E-01     6.58919643733437E-01    -3.51581809254503E-01     1.16047272341388E-01
         0.80676393803573     8.72690243543751E-03     8.01077547688240E-01    -4.00910108714892E-01     7.51099749711393E-02     9.43473200180869E-01    -1.64395137159315E-01    -5.93836313870153E-02     6.64977833395214E-01     3.14836909427245E-01     7.81790432912519E-01
         0.28395954992898     1.42303776998465E-01     4.59233425841999E-01     5.88311261894914E-01    -6.15166888615124E-01     1.43785506703447E-01     9.46250030657811E-01    -5.39147063185988E-02     1.17179343018990E-01     8.44845722597378E-01     5.98727626814855E-01
         0.09709795396584     2.23019133348180E-01     3.14774025311408E-01     3.65074092396285E-01     7.59043760808618E-01     8.69042000524980E-02     9.93832585229523E-02     9.69387473501416E-01     6.99530662023376E-02     4.84439079059064E-02    -1.26954671295191E-01
O TZVPP-MOLOPT-PBE-AE
 2
 1 0 0 6 1
     27032.34110717467047     7.35264897360634E-04
      4052.43915960016602     8.66846509689763E-03
       922.34965292725667     3.34607178584762E-02
       261.27735857055188     1.68914563970243E-01
        85.30942400544160     3.28333881314405E-01
        31.08080221478707     9.28692322525900E-01
 1 0 3 6 4 3 2 1
        62.91495630413323     1.16332726109966E-01    -5.81371416541881E-02     1.11937556008261E-02     5.75105170781195E-02    -1.16673038976174E-01     1.57254063503839E-01    -3.81929188419382E-02     1.36166697203113E-01    -8.71583721921845E-02     3.21000644845466E-04
        12.30944986692977     8.69241308775708E-01    -1.42460076990705E-02    -1.06600413011436E-01    -2.47597695986788E-02     1.45932079266690E-01    -6.05243600472558E-02     1.73638156652357E-02    -3.58452443966721E-02     4.76694147153259E-02     4.38837435813283E-02
         4.39539910954103     4.65741956926282E-01    -6.40342096322616E-02    -3.00344470998384E-02    -3.98106989985228E-03     3.91422103647488E-01     5.26377359502661E-02    -3.09523103597808E-02     7.70731222820744E-01    -3.53322944888660E-01    -1.34769543790620E-01
         1.33540846189799     9.21608149605863E-03     9.33076668604289E-01    -3.27550581669708E-01    -1.21459202569881E-01     9.00080356671289E-01     4.50466786404856E-02    -1.97504472088648E-02     5.53665920222864E-01     3.94485051877056E-01     9.40647803425498E-01
         0.45443287552085     9.32917636734327E-02     2.31107250617785E-01     8.41720615852045E-01    -4.78471205438802E-01    -3.61150582409544E-02     9.80775789580233E-01    -6.12678902654526E-02     1.14853463706434E-01     8.35162106564474E-01     2.94962206933611E-01
         0.14893102365245     7.19887781862831E-02     2.61293155746377E-01     4.14519004469322E-01     8.67396456641546E-01     2.07610475621550E-02     6.99062044682833E-02     9.96563053096360E-01     2.57701109533086E-01    -1.10361865139449E-01     8.99460419695147E-02
F TZVPP-MOLOPT-PBE-AE
 2
 1 0 0 6 1
     35479.02878767263610     6.72585320603450E-04
      5318.56312951047130     8.20097950478645E-03
      1210.53207767191157     3.41581776414553E-02
       342.85143677005027     1.67981165419731E-01
       112.04698837680320     3.40179960458393E-01
        40.78491787387953     9.24567700620738E-01
 1 0 3 6 4 3 2 1
        79.87901815644609     1.16918239284466E-01    -1.68147951461107E-02    -2.12818697913285E-02    -7.26226478740871E-03    -2.45424567087636E-01     2.14619427519455E-01     6.35891870315225E-02     1.01451133211560E-01    -3.43565246327839E-02    -1.31870850864618E-02
        16.19635642859436     8.53271420269594E-01     1.38508493185373E-02     1.47303644984199E-01    -9.44612873543690E-02    -1.04048621424425E-01     1.57592183640012E-01     5.70164828779390E-02     5.65110690465166E-02     4.45853785965381E-03     1.05680763536942E-01
         5.77801148801512     4.75828101997680E-01     9.06865843090442E-03     4.56280442532805E-02    -3.42227538288074E-02     3.85471543429814E-01     1.08618595980577E-01    -3.86557846134089E-02     7.78219890128867E-01    -1.58938198405914E-01    -1.90738906372033E-01
         1.80048565891898     5.42202862380103E-03     9.84951172129337E-01    -1.65338157360222E-01    -4.82246452283399E-02     8.82036252116551E-01     2.29685585491659E-02     9.54990517737228E-02     5.96805252189064E-01     2.06883586435839E-01     7.91345089335059E-01
         0.61342852936985    -1.78123417267227E-01     1.16155230853301E-01     8.34960810060312E-01    -5.05012861636734E-01     2.35771402740000E-03     9.52591193174218E-01     7.86110613461027E-02     2.14870962580005E-02     9.58447372992515E-01     5.67195057415070E-01
         0.19458219035665     9.39552285204502E-03     1.25786831338083E-01     5.01268928973589E-01     8.55856016509765E-01    -4.85679584923393E-02    -9.66833470619191E-02     9.87882330256585E-01     1.55723360184243E-01    -1.10073678097833E-01    -6.58715646571095E-02
H TZVPP-MOLOPT-PBE-AE
 1
 1 0 2 5 3 2 1
        34.17773832674855    -4.67038702307212E-01     3.25930727691839E-01    -1.51283436822271E-01    -1.00054440080746E-01     7.49322156514700E-02     1.29694886730211E-02
         4.94770130521271    -8.38132979846024E-02     2.28656356488893E-01    -2.28133785557746E-02     1.35570007424312E-01    -4.78523016653350E-02    -4.42398660674758E-02
         1.06512662518152     8.14717082181122E-01     2.11440298046549E-01     2.96545250287854E-01     9.76472815332876E-01     6.34720246090092E-02     9.35175251752971E-01
         0.29382327136550    -1.33307568322592E-01     8.19165770735029E-01     3.66068869122815E-01    -2.64980945419224E-02     9.79893619096044E-01     2.87655408521357E-01
         0.09137129667664    -3.05475612542697E-01    -3.54606643763996E-01     8.68704419864991E-01     1.31941555275947E-01    -1.66958430843673E-01    -2.01435451376045E-01
