Y TZV2P-MOLOPT-PBE0-GTH-Q11
 1
 2 0 3 7 4 3 3 2
         7.22186042743449     6.35516949534808E-02    -3.41451966696532E-02    -3.31071980199603E-03    -4.78186802588909E-02    -3.55131396025038E-02    -1.63730709384298E-02    -1.67786827817760E-02    -7.17747016606838E-03     2.48544818886359E-02     2.68296699468054E-02     5.46102324735778E-03    -9.33499789992672E-03
         2.68665518662884    -4.83171640000948E-01     3.08177548963449E-01    -6.78140146850939E-02     2.77497454875269E-01     2.13056683384901E-01     1.04295309513422E-01     3.60009345933522E-02    -1.76330919457547E-03    -3.71767794752422E-02    -5.56200501856553E-02    -2.78945254067153E-03     3.99614230259969E-04
         1.17263431130344     8.23865649407034E-02    -1.57107778460546E-01     1.27269558035720E-01     7.84547164900633E-02    -3.97676335303289E-01    -2.42670592956760E-01     2.34957893352931E-01     2.64358697960981E-01     3.99281233447771E-02     3.04557097379312E-02    -1.39437548308546E-01    -6.90346074387039E-02
         0.60046584621513     4.28068901099613E-01    -3.90874081151086E-01     5.58069576791687E-01    -1.44017631505224E-01    -6.88121699551018E-01    -2.61995782466426E-01     3.81751326337029E-01     6.06675992760330E-01    -3.07158802588802E-01    -5.28316944802069E-01    -4.13520994741595E-01    -6.40163213525887E-01
         0.28853052934923     2.07484290640826E-01    -3.74796933151939E-01    -1.90718400713311E-01     8.73489185321364E-01    -2.97679267995950E-01    -3.67341215604923E-01    -8.68264319001611E-01     7.05704929531540E-01     5.07280330207406E-02     6.36959761352685E-01    -8.96903223737053E-01     2.49826754453108E-01
         0.12487782742766     6.17495715824840E-01     2.02409324296828E-01    -6.64264457795255E-01    -1.78242513774256E-01    -3.29096590786586E-01     5.08486958949198E-01    -5.56295201209171E-02     2.40206818043156E-01     7.67263779289837E-01    -4.72861089212060E-01    -5.44337029502038E-02     4.31908747820113E-01
         0.04331491359126     3.84870274600698E-01     7.38209338079898E-01     4.36039364441968E-01     3.14735706652723E-01    -3.53228273026673E-01     6.83977373998481E-01    -2.01259907938392E-01    -7.92800749483026E-02     5.57487503368459E-01     2.94660630444536E-01    -4.60600959882766E-02     5.79982247540869E-01
Y TZVP-MOLOPT-PBE0-GTH-q11
 1
 2 0 3 7 4 3 3 1
         7.22186042743449     6.35516949534808E-02    -3.41451966696532E-02    -3.31071980199603E-03    -4.78186802588909E-02    -3.55131396025038E-02    -1.63730709384298E-02    -1.67786827817760E-02    -7.17747016606838E-03     2.48544818886359E-02     2.68296699468054E-02     5.46102324735778E-03
         2.68665518662884    -4.83171640000948E-01     3.08177548963449E-01    -6.78140146850939E-02     2.77497454875269E-01     2.13056683384901E-01     1.04295309513422E-01     3.60009345933522E-02    -1.76330919457547E-03    -3.71767794752422E-02    -5.56200501856553E-02    -2.78945254067153E-03
         1.17263431130344     8.23865649407034E-02    -1.57107778460546E-01     1.27269558035720E-01     7.84547164900633E-02    -3.97676335303289E-01    -2.42670592956760E-01     2.34957893352931E-01     2.64358697960981E-01     3.99281233447771E-02     3.04557097379312E-02    -1.39437548308546E-01
         0.60046584621513     4.28068901099613E-01    -3.90874081151086E-01     5.58069576791687E-01    -1.44017631505224E-01    -6.88121699551018E-01    -2.61995782466426E-01     3.81751326337029E-01     6.06675992760330E-01    -3.07158802588802E-01    -5.28316944802069E-01    -4.13520994741595E-01
         0.28853052934923     2.07484290640826E-01    -3.74796933151939E-01    -1.90718400713311E-01     8.73489185321364E-01    -2.97679267995950E-01    -3.67341215604923E-01    -8.68264319001611E-01     7.05704929531540E-01     5.07280330207406E-02     6.36959761352685E-01    -8.96903223737053E-01
         0.12487782742766     6.17495715824840E-01     2.02409324296828E-01    -6.64264457795255E-01    -1.78242513774256E-01    -3.29096590786586E-01     5.08486958949198E-01    -5.56295201209171E-02     2.40206818043156E-01     7.67263779289837E-01    -4.72861089212060E-01    -5.44337029502038E-02
         0.04331491359126     3.84870274600698E-01     7.38209338079898E-01     4.36039364441968E-01     3.14735706652723E-01    -3.53228273026673E-01     6.83977373998481E-01    -2.01259907938392E-01    -7.92800749483026E-02     5.57487503368459E-01     2.94660630444536E-01    -4.60600959882766E-02
Y DZVP-MOLOPT-PBE0-GTH-q11
 1
 2 0 3 7 3 2 2 1
         7.22186042743449     6.35516949534808E-02    -3.41451966696532E-02    -3.31071980199603E-03    -3.55131396025038E-02    -1.63730709384298E-02    -7.17747016606838E-03     2.48544818886359E-02     5.46102324735778E-03
         2.68665518662884    -4.83171640000948E-01     3.08177548963449E-01    -6.78140146850939E-02     2.13056683384901E-01     1.04295309513422E-01    -1.76330919457547E-03    -3.71767794752422E-02    -2.78945254067153E-03
         1.17263431130344     8.23865649407034E-02    -1.57107778460546E-01     1.27269558035720E-01    -3.97676335303289E-01    -2.42670592956760E-01     2.64358697960981E-01     3.99281233447771E-02    -1.39437548308546E-01
         0.60046584621513     4.28068901099613E-01    -3.90874081151086E-01     5.58069576791687E-01    -6.88121699551018E-01    -2.61995782466426E-01     6.06675992760330E-01    -3.07158802588802E-01    -4.13520994741595E-01
         0.28853052934923     2.07484290640826E-01    -3.74796933151939E-01    -1.90718400713311E-01    -2.97679267995950E-01    -3.67341215604923E-01     7.05704929531540E-01     5.07280330207406E-02    -8.96903223737053E-01
         0.12487782742766     6.17495715824840E-01     2.02409324296828E-01    -6.64264457795255E-01    -3.29096590786586E-01     5.08486958949198E-01     2.40206818043156E-01     7.67263779289837E-01    -5.44337029502038E-02
         0.04331491359126     3.84870274600698E-01     7.38209338079898E-01     4.36039364441968E-01    -3.53228273026673E-01     6.83977373998481E-01    -7.92800749483026E-02     5.57487503368459E-01    -4.60600959882766E-02
O TZV2P-MOLOPT-PBE0-GTH-Q6
 1
 2 0 3 5 3 3 2 1
        10.34082423621691    -1.29825249634708E-01     8.18793043945143E-02    -1.54163825083534E-01    -9.31315963557027E-02     6.07168741616306E-02     5.24249215362802E-02    -1.46443819746845E-04    -1.35615599706110E-01    -4.53627038333396E-02
         3.64864310376424    -1.27684551447027E-01     1.02649506262870E-01    -2.90598920673850E-01    -3.10412801135525E-01     1.66218217874094E-01     1.57277538743803E-01     4.82789843051162E-02    -2.03664714425298E-01    -7.75510089052828E-02
         1.25503633997207     5.26487514579900E-01    -3.65113179366377E-01     6.61471073309150E-01    -5.97863015525008E-01     4.26686208369503E-01     5.52189434348781E-01     7.18155124032992E-01    -6.65039106707507E-01     7.74070424398802E-02
         0.43936673910305     7.72667288737258E-01    -8.21060762059060E-02    -6.24492813862270E-01    -6.48920500304752E-01    -1.50379113770830E-02    -7.55332729990091E-01     6.93882202281484E-01     7.03924405563841E-01     9.92909576133937E-01
         0.14295518532255     3.04365270334762E-01     9.17992274956007E-01     2.53476876555698E-01    -3.41221918409427E-01    -8.86790677695403E-01     3.11568128998934E-01    -2.12090879301656E-02     4.83994939610748E-02     8.17248560335443E-03
O TZVP-MOLOPT-PBE0-GTH-q6
 1
 2 0 2 5 3 3 1
        10.34082423621691    -1.29825249634708E-01     8.18793043945143E-02    -1.54163825083534E-01    -9.31315963557027E-02     6.07168741616306E-02     5.24249215362802E-02    -1.46443819746845E-04
         3.64864310376424    -1.27684551447027E-01     1.02649506262870E-01    -2.90598920673850E-01    -3.10412801135525E-01     1.66218217874094E-01     1.57277538743803E-01     4.82789843051162E-02
         1.25503633997207     5.26487514579900E-01    -3.65113179366377E-01     6.61471073309150E-01    -5.97863015525008E-01     4.26686208369503E-01     5.52189434348781E-01     7.18155124032992E-01
         0.43936673910305     7.72667288737258E-01    -8.21060762059060E-02    -6.24492813862270E-01    -6.48920500304752E-01    -1.50379113770830E-02    -7.55332729990091E-01     6.93882202281484E-01
         0.14295518532255     3.04365270334762E-01     9.17992274956007E-01     2.53476876555698E-01    -3.41221918409427E-01    -8.86790677695403E-01     3.11568128998934E-01    -2.12090879301656E-02
O DZVP-MOLOPT-PBE0-GTH-q6
 1
 2 0 2 5 2 2 1
        10.34082423621691    -1.29825249634708E-01     8.18793043945143E-02    -9.31315963557027E-02     6.07168741616306E-02    -1.46443819746845E-04
         3.64864310376424    -1.27684551447027E-01     1.02649506262870E-01    -3.10412801135525E-01     1.66218217874094E-01     4.82789843051162E-02
         1.25503633997207     5.26487514579900E-01    -3.65113179366377E-01    -5.97863015525008E-01     4.26686208369503E-01     7.18155124032992E-01
         0.43936673910305     7.72667288737258E-01    -8.21060762059060E-02    -6.48920500304752E-01    -1.50379113770830E-02     6.93882202281484E-01
         0.14295518532255     3.04365270334762E-01     9.17992274956007E-01    -3.41221918409427E-01    -8.86790677695403E-01    -2.12090879301656E-02
F TZV2P-MOLOPT-PBE0-GTH-Q7
 1
 2 0 3 5 3 3 2 1
        13.31501907729122     1.31813146289282E-01    -5.24225688764356E-02    -5.17923286744451E-01    -9.80506809064632E-02     4.64420401614479E-02     6.35659142568778E-02     4.89385522399914E-03     1.52535072278595E-01     5.41962851226601E-02
         4.62512020147175     1.34547810393351E-01    -5.37398783766778E-02    -2.73506612070950E-02    -3.12727206728056E-01     1.25929415842544E-01     1.88833971660508E-01     2.30296758923593E-02    -1.84322551941015E-01     3.68925101794283E-02
         1.62272294024072    -5.51865766775749E-01     1.65440705311574E-01    -7.34790083225985E-01    -5.86706702362430E-01     2.77907352966805E-01     6.51110127867809E-01     5.26472480151814E-01    -8.13967424463323E-01     8.50449987353287E-02
         0.55216173678272    -7.87309125215089E-01     1.14519053917377E-01     4.34902286738320E-01    -6.52997838515906E-01     1.82287680337408E-01    -7.27945836193775E-01     8.49582617686734E-01     5.11993820603493E-01     9.94034575948952E-01
         0.17330337957192    -2.00276553789357E-01    -9.76667117835106E-01    -4.41695026221844E-02    -3.49223175694863E-01    -9.33554296168888E-01     8.03216449515110E-02    -2.19496600587510E-02     1.34452996051777E-01    -1.90870474316679E-02
F TZVP-MOLOPT-PBE0-GTH-q7
 1
 2 0 2 5 3 3 1
        13.31501907729122     1.31813146289282E-01    -5.24225688764356E-02    -5.17923286744451E-01    -9.80506809064632E-02     4.64420401614479E-02     6.35659142568778E-02     4.89385522399914E-03
         4.62512020147175     1.34547810393351E-01    -5.37398783766778E-02    -2.73506612070950E-02    -3.12727206728056E-01     1.25929415842544E-01     1.88833971660508E-01     2.30296758923593E-02
         1.62272294024072    -5.51865766775749E-01     1.65440705311574E-01    -7.34790083225985E-01    -5.86706702362430E-01     2.77907352966805E-01     6.51110127867809E-01     5.26472480151814E-01
         0.55216173678272    -7.87309125215089E-01     1.14519053917377E-01     4.34902286738320E-01    -6.52997838515906E-01     1.82287680337408E-01    -7.27945836193775E-01     8.49582617686734E-01
         0.17330337957192    -2.00276553789357E-01    -9.76667117835106E-01    -4.41695026221844E-02    -3.49223175694863E-01    -9.33554296168888E-01     8.03216449515110E-02    -2.19496600587510E-02
F DZVP-MOLOPT-PBE0-GTH-q7
 1
 2 0 2 5 2 2 1
        13.31501907729122     1.31813146289282E-01    -5.24225688764356E-02    -9.80506809064632E-02     4.64420401614479E-02     4.89385522399914E-03
         4.62512020147175     1.34547810393351E-01    -5.37398783766778E-02    -3.12727206728056E-01     1.25929415842544E-01     2.30296758923593E-02
         1.62272294024072    -5.51865766775749E-01     1.65440705311574E-01    -5.86706702362430E-01     2.77907352966805E-01     5.26472480151814E-01
         0.55216173678272    -7.87309125215089E-01     1.14519053917377E-01    -6.52997838515906E-01     1.82287680337408E-01     8.49582617686734E-01
         0.17330337957192    -2.00276553789357E-01    -9.76667117835106E-01    -3.49223175694863E-01    -9.33554296168888E-01    -2.19496600587510E-02
