Po admm-dz
    4
1 0 0 2 1
        1.76146661    1.08833398
        1.58243259   -1.41730069
1 0 0 1 1
        0.19651472    1.00000000
2 1 1 2 1
        1.03198922   -0.11148736
        0.28417051    0.50315209
2 1 1 1 1
        0.10001671    1.00000000

Po admm-dzp
    5
1 0 0 2 1
        1.76146661    1.08833398
        1.58243259   -1.41730069
1 0 0 1 1
        0.19651472    1.00000000
2 1 1 2 1
        1.03198922   -0.11148736
        0.28417051    0.50315209
2 1 1 1 1
        0.10001671    1.00000000
2 2 2 1 1
  0.818418884099E-01  1.00000000

Po admm-tzp
    7
1 0 0 1 1
        1.76170238    1.00000000
1 0 0 1 1
        1.58265288    1.00000000
1 0 0 1 1
        0.19650062    1.00000000
2 1 1 2 1
        3.78982052    0.00249256
        1.08346582   -0.10842754
2 1 1 1 1
        0.28054431    1.00000000
2 1 1 1 1
        0.09974752    1.00000000
2 2 2 1 1
  0.818418884099E-01  1.00000000

Po admm-tz2p
    9
1 0 0 1 1
        1.76170238    1.00000000
1 0 0 1 1
        1.58265288    1.00000000
1 0 0 1 1
        0.19650062    1.00000000
2 1 1 2 1
        3.78982052    0.00249256
        1.08346582   -0.10842754
2 1 1 1 1
        0.28054431    1.00000000
2 1 1 1 1
        0.09974752    1.00000000
2 2 2 1 1
  0.239903045117      1.00000000
2 2 2 1 1
  0.688969764017E-01  1.00000000
3 3 3 1 1
      0.3250000       1.00000000
