#
# Generated with CP2K Atom Code
#
 In ccGRB-VAL-0
   1
  2  0  2  6  1  1  1
   6.06702848618       -0.0060475120   -0.0023092053   -0.0147425429
   2.41664222362        0.0835251064    0.0181897576   -0.4418844166
  0.962606266027       -0.4145645133   -0.1082033788   -0.4746926904
  0.383429046443        0.0589277057    0.1043350347   -0.2180335361
  0.152728938970        0.7448553984    0.3342557737   -0.0431045991
  0.608355809640E-01    0.3965758961    0.6842952724    0.0011249198

 In ccGRB-VAL-1
   1
  2  0  2  6  2  2  2
   6.06702848618       -0.0060475120    0.0003942999   -0.0023092053   -0.0031688168   -0.0147425429    0.0050927990
   2.41664222362        0.0835251064   -0.0443617811    0.0181897576    0.0075567070   -0.4418844166    0.0106516003
  0.962606266027       -0.4145645133    0.2763662012   -0.1082033788    0.0387976323   -0.4746926904    0.0328776987
  0.383429046443        0.0589277057    0.3460500007    0.1043350347    0.1787042013   -0.2180335361    0.5337787617
  0.152728938970        0.7448553984   -2.5248850288    0.3342557737   -1.7555264790   -0.0431045991   -1.0888996109
  0.608355809640E-01    0.3965758961    2.1681937167    0.6842952724    1.5293173530    0.0011249198   -0.2285132309

 In ccGRB-POL-1
   1
  3  3  3  1  1
  0.409362678860        1.0000000000

 In ccGRB-EXT
   1
  2  0  2  1  3  2  1
  0.152936852336E-01    1.0000000000    9.1012462499  580.0645009863    9.1012462499  580.0645009863  580.0645009863

