FE TZV2P-MOLOPT-PBE-GTH-Q16
 1
 2 0 3 6 4 3 3 2
         8.43104761335522    -1.79146379436825E-01    -4.76936872452124E-02    -4.01140952923715E-02     3.36584559647269E-01    -1.07414592649052E-01    -2.92678069498313E-02     2.58197543217107E-02     1.87833758037925E-01    -7.49839958517680E-02     5.38293460842007E-02    -3.19559322413517E-02     2.13738120076966E-02
         4.91235622506683    -3.01481979984569E-01    -7.98704764114657E-02    -1.51913022631677E-01     2.72942509428693E-01     1.93370505146955E-01     1.47926873641713E-02    -6.39824118535861E-03     3.22029325756076E-01    -8.11304909855281E-02     1.27806520274664E-01     4.63023858707314E-02    -4.31222675323521E-02
         2.20583190310894     6.94237497919697E-01     9.79133425900441E-02     1.95235907297239E-01    -4.08563651468864E-01     7.67363088245349E-01     1.37007305042960E-02     2.95020118924704E-02     5.40824382984301E-01    -3.60923877130243E-01     3.71115088426551E-01    -1.27278103345269E-01     1.23464653142836E-01
         0.87239412493975     6.23725236813312E-01    -2.26214105587703E-01    -3.85779918474394E-01     6.20282335568295E-01     5.97224482831072E-01    -3.63352353140361E-02     9.25437757256790E-02     5.72085974464571E-01    -1.36820977977904E-01     1.68523249738004E-02    -4.47303360116473E-01     4.33297274672276E-01
         0.30308466691437     7.50033748960948E-02     2.98115971717021E-01     7.97470670068009E-01     5.05083840616747E-01     5.64213945312189E-02     7.03040306017574E-01    -7.03948563985730E-01     4.64263087412804E-01     3.89397135904503E-01    -7.47525183509293E-01    -5.40829270812077E-01     5.31805832758338E-01
         0.09488269803889     1.97689068446640E-02     9.17449204249466E-01    -3.90398025480121E-01     7.36824374055821E-02    -4.86146806028915E-02     7.09331333475360E-01     7.03074749175122E-01     1.60318442329450E-01     8.28962658537984E-01     5.32882337087615E-01     6.98611906373979E-01     7.15455196104715E-01
FE TZVP-MOLOPT-PBE-GTH-q16
 1
 2 0 3 6 4 3 3 1
         8.43104761335522    -1.79146379436825E-01    -4.76936872452124E-02    -4.01140952923715E-02     3.36584559647269E-01    -1.07414592649052E-01    -2.92678069498313E-02     2.58197543217107E-02     1.87833758037925E-01    -7.49839958517680E-02     5.38293460842007E-02    -3.19559322413517E-02
         4.91235622506683    -3.01481979984569E-01    -7.98704764114657E-02    -1.51913022631677E-01     2.72942509428693E-01     1.93370505146955E-01     1.47926873641713E-02    -6.39824118535861E-03     3.22029325756076E-01    -8.11304909855281E-02     1.27806520274664E-01     4.63023858707314E-02
         2.20583190310894     6.94237497919697E-01     9.79133425900441E-02     1.95235907297239E-01    -4.08563651468864E-01     7.67363088245349E-01     1.37007305042960E-02     2.95020118924704E-02     5.40824382984301E-01    -3.60923877130243E-01     3.71115088426551E-01    -1.27278103345269E-01
         0.87239412493975     6.23725236813312E-01    -2.26214105587703E-01    -3.85779918474394E-01     6.20282335568295E-01     5.97224482831072E-01    -3.63352353140361E-02     9.25437757256790E-02     5.72085974464571E-01    -1.36820977977904E-01     1.68523249738004E-02    -4.47303360116473E-01
         0.30308466691437     7.50033748960948E-02     2.98115971717021E-01     7.97470670068009E-01     5.05083840616747E-01     5.64213945312189E-02     7.03040306017574E-01    -7.03948563985730E-01     4.64263087412804E-01     3.89397135904503E-01    -7.47525183509293E-01    -5.40829270812077E-01
         0.09488269803889     1.97689068446640E-02     9.17449204249466E-01    -3.90398025480121E-01     7.36824374055821E-02    -4.86146806028915E-02     7.09331333475360E-01     7.03074749175122E-01     1.60318442329450E-01     8.28962658537984E-01     5.32882337087615E-01     6.98611906373979E-01
FE DZVP-MOLOPT-PBE-GTH-q16
 1
 2 0 3 6 3 2 2 1
         8.43104761335522    -1.79146379436825E-01    -4.76936872452124E-02    -4.01140952923715E-02    -1.07414592649052E-01    -2.92678069498313E-02     1.87833758037925E-01    -7.49839958517680E-02    -3.19559322413517E-02
         4.91235622506683    -3.01481979984569E-01    -7.98704764114657E-02    -1.51913022631677E-01     1.93370505146955E-01     1.47926873641713E-02     3.22029325756076E-01    -8.11304909855281E-02     4.63023858707314E-02
         2.20583190310894     6.94237497919697E-01     9.79133425900441E-02     1.95235907297239E-01     7.67363088245349E-01     1.37007305042960E-02     5.40824382984301E-01    -3.60923877130243E-01    -1.27278103345269E-01
         0.87239412493975     6.23725236813312E-01    -2.26214105587703E-01    -3.85779918474394E-01     5.97224482831072E-01    -3.63352353140361E-02     5.72085974464571E-01    -1.36820977977904E-01    -4.47303360116473E-01
         0.30308466691437     7.50033748960948E-02     2.98115971717021E-01     7.97470670068009E-01     5.64213945312189E-02     7.03040306017574E-01     4.64263087412804E-01     3.89397135904503E-01    -5.40829270812077E-01
         0.09488269803889     1.97689068446640E-02     9.17449204249466E-01    -3.90398025480121E-01    -4.86146806028915E-02     7.09331333475360E-01     1.60318442329450E-01     8.28962658537984E-01     6.98611906373979E-01
H TZV2P-MOLOPT-PBE-GTH-Q1
 1
 2 0 2 5 3 2 1
         9.42354063693337     1.73389254674243E-02    -1.21441381781897E-01     8.48842952201243E-01    -8.76722314909129E-02     1.38509912982294E-01     1.01583846424117E-05
         2.22615949373757     1.93701953472634E-01    -1.18295700700916E-01     4.34966851840939E-01     2.94035801652179E-01    -4.64264354132394E-01    -5.41805899933135E-06
         0.63906011750762     5.93968178416321E-01    -1.91886640436410E-01     8.47731161618519E-02     4.09268475073086E-01    -6.46177309023364E-01    -2.13029117448260E-05
         0.31891311049636     2.87977189530933E-01     9.48793640784133E-01     1.29845157344792E-01     1.56986057354678E-01    -2.47870371773730E-01     1.00804100896023E-05
         0.16139156624546     7.25568643357183E-01    -1.85008817130971E-01    -2.57338753762772E-01     8.44814311123899E-01     5.35059601902204E-01     9.99999999656012E-01
H TZVP-MOLOPT-PBE-GTH-q1
 1
 2 0 1 5 3 1
         9.42354063693337     1.73389254674243E-02    -1.21441381781897E-01     8.48842952201243E-01    -8.76722314909129E-02
         2.22615949373757     1.93701953472634E-01    -1.18295700700916E-01     4.34966851840939E-01     2.94035801652179E-01
         0.63906011750762     5.93968178416321E-01    -1.91886640436410E-01     8.47731161618519E-02     4.09268475073086E-01
         0.31891311049636     2.87977189530933E-01     9.48793640784133E-01     1.29845157344792E-01     1.56986057354678E-01
         0.16139156624546     7.25568643357183E-01    -1.85008817130971E-01    -2.57338753762772E-01     8.44814311123899E-01
H DZVP-MOLOPT-PBE-GTH-q1
 1
 2 0 1 5 2 1
         9.42354063693337     1.73389254674243E-02    -1.21441381781897E-01    -8.76722314909129E-02
         2.22615949373757     1.93701953472634E-01    -1.18295700700916E-01     2.94035801652179E-01
         0.63906011750762     5.93968178416321E-01    -1.91886640436410E-01     4.09268475073086E-01
         0.31891311049636     2.87977189530933E-01     9.48793640784133E-01     1.56986057354678E-01
         0.16139156624546     7.25568643357183E-01    -1.85008817130971E-01     8.44814311123899E-01
S TZV2P-MOLOPT-PBE-GTH-Q6
 1
 2 0 3 4 3 3 2 1
         1.90928473004308     3.15669989593405E-01    -1.65456324788273E-01     3.10548000189879E-01     2.12914054759076E-01     1.55419933935669E-01    -7.11939992762134E-01     7.69801068642102E-02    -1.88997576689492E-01    -1.06596717424030E-01
         1.19506924590343    -6.18859553620396E-02    -9.38673161414144E-02    -9.35734177878882E-01    -3.46018377109546E-01    -2.07811881091118E-01     5.31802271666964E-01     3.74453729277594E-01     9.11097678000808E-01     4.72918833714747E-01
         0.37255650459583    -7.61235407877732E-01     5.43670742015259E-01     1.15196623983730E-01    -8.19216679563436E-01    -3.21721314227605E-01    -4.50938487460970E-01     8.99702285348994E-01    -3.66075556598411E-01     8.72423546594614E-01
         0.11964558871342    -5.63065928637358E-01    -8.17456577332731E-01     1.21207366732185E-01    -4.04750441523642E-01     9.10579080686826E-01     8.35599849337092E-02     2.10699467287116E-01     1.30239782017600E-02     6.21455702329570E-02
S TZVP-MOLOPT-PBE-GTH-q6
 1
 2 0 2 4 3 3 1
         1.90928473004308     3.15669989593405E-01    -1.65456324788273E-01     3.10548000189879E-01     2.12914054759076E-01     1.55419933935669E-01    -7.11939992762134E-01     7.69801068642102E-02
         1.19506924590343    -6.18859553620396E-02    -9.38673161414144E-02    -9.35734177878882E-01    -3.46018377109546E-01    -2.07811881091118E-01     5.31802271666964E-01     3.74453729277594E-01
         0.37255650459583    -7.61235407877732E-01     5.43670742015259E-01     1.15196623983730E-01    -8.19216679563436E-01    -3.21721314227605E-01    -4.50938487460970E-01     8.99702285348994E-01
         0.11964558871342    -5.63065928637358E-01    -8.17456577332731E-01     1.21207366732185E-01    -4.04750441523642E-01     9.10579080686826E-01     8.35599849337092E-02     2.10699467287116E-01
S DZVP-MOLOPT-PBE-GTH-q6
 1
 2 0 2 4 2 2 1
         1.90928473004308     3.15669989593405E-01    -1.65456324788273E-01     2.12914054759076E-01     1.55419933935669E-01     7.69801068642102E-02
         1.19506924590343    -6.18859553620396E-02    -9.38673161414144E-02    -3.46018377109546E-01    -2.07811881091118E-01     3.74453729277594E-01
         0.37255650459583    -7.61235407877732E-01     5.43670742015259E-01    -8.19216679563436E-01    -3.21721314227605E-01     8.99702285348994E-01
         0.11964558871342    -5.63065928637358E-01    -8.17456577332731E-01    -4.04750441523642E-01     9.10579080686826E-01     2.10699467287116E-01
O TZV2P-MOLOPT-PBE-GTH-Q6
 1
 2 0 3 5 3 3 2 1
        10.34256722623639    -1.36598767253985E-01     5.35898017733314E-02    -1.18707008771107E-01    -9.23673397522993E-02     5.82948619873808E-02     9.18414097966573E-02    -9.48396929864874E-02     1.47739306049945E-01    -6.27421636348332E-05
         3.67715896642206    -1.53365311059511E-01     9.09944842814309E-02    -2.82507973527509E-01    -2.98268574244154E-01     1.75273022378177E-01     2.27281538167357E-01     1.72695668110757E-01    -2.69128753144972E-01     1.08668748395417E-04
         1.30046451996361     5.48021970885945E-01    -2.61169567089594E-01     6.98682645593308E-01    -5.68604037326135E-01     3.64979965319240E-01     5.95584075165259E-01     4.96837623369842E-01    -7.73936715688092E-01     3.17226823696088E-04
         0.46645021946921     7.84538402757388E-01    -4.08365744734644E-02    -6.15550727563364E-01    -6.49207117094457E-01     1.42847181972710E-01    -7.45101990481658E-01     8.41535542399250E-01     5.40201745515093E-01     9.99999938769363E-01
         0.14793951916337     2.04917720496501E-01     9.58629734771334E-01     1.97579739611495E-01    -3.97144432185278E-01    -9.01257668045223E-01     1.73236517641798E-01    -7.84343402663362E-02     1.22257293978271E-01     7.79931889816245E-05
O TZVP-MOLOPT-PBE-GTH-q6
 1
 2 0 2 5 3 3 1
        10.34256722623639    -1.36598767253985E-01     5.35898017733314E-02    -1.18707008771107E-01    -9.23673397522993E-02     5.82948619873808E-02     9.18414097966573E-02    -9.48396929864874E-02
         3.67715896642206    -1.53365311059511E-01     9.09944842814309E-02    -2.82507973527509E-01    -2.98268574244154E-01     1.75273022378177E-01     2.27281538167357E-01     1.72695668110757E-01
         1.30046451996361     5.48021970885945E-01    -2.61169567089594E-01     6.98682645593308E-01    -5.68604037326135E-01     3.64979965319240E-01     5.95584075165259E-01     4.96837623369842E-01
         0.46645021946921     7.84538402757388E-01    -4.08365744734644E-02    -6.15550727563364E-01    -6.49207117094457E-01     1.42847181972710E-01    -7.45101990481658E-01     8.41535542399250E-01
         0.14793951916337     2.04917720496501E-01     9.58629734771334E-01     1.97579739611495E-01    -3.97144432185278E-01    -9.01257668045223E-01     1.73236517641798E-01    -7.84343402663362E-02
O DZVP-MOLOPT-PBE-GTH-q6
 1
 2 0 2 5 2 2 1
        10.34256722623639    -1.36598767253985E-01     5.35898017733314E-02    -9.23673397522993E-02     5.82948619873808E-02    -9.48396929864874E-02
         3.67715896642206    -1.53365311059511E-01     9.09944842814309E-02    -2.98268574244154E-01     1.75273022378177E-01     1.72695668110757E-01
         1.30046451996361     5.48021970885945E-01    -2.61169567089594E-01    -5.68604037326135E-01     3.64979965319240E-01     4.96837623369842E-01
         0.46645021946921     7.84538402757388E-01    -4.08365744734644E-02    -6.49207117094457E-01     1.42847181972710E-01     8.41535542399250E-01
         0.14793951916337     2.04917720496501E-01     9.58629734771334E-01    -3.97144432185278E-01    -9.01257668045223E-01    -7.84343402663362E-02
C TZV2P-MOLOPT-PBE-GTH-Q4
 1
 2 0 3 5 3 3 2 1
         5.26168129831067    -1.61141917378974E-01     9.96686652890171E-02    -1.17238307580140E-01    -9.87481588337120E-02     8.04369823930186E-02     7.08590015603763E-02    -7.94823942452603E-02     1.04464800757986E-01    -1.15487166610279E-05
         1.93765185829818    -1.80855958455182E-01     2.07650729566158E-01    -3.33811408541760E-01    -2.33439340416087E-01     3.08796108490828E-01     4.56576584711807E-01     2.69082041591327E-01    -3.53701545984790E-01     9.95236583846123E-02
         0.75874037796781     4.91788265416699E-01    -4.16657014983378E-01     5.95870904155683E-01    -5.45250710497427E-01     4.47197164192854E-01     3.99065341940114E-01     5.09051672136440E-01    -6.69295761141920E-01    -1.83046665174320E-05
         0.29195902016920     8.01306792979118E-01     6.03691230508770E-02    -5.88930355080236E-01    -6.71258492279101E-01     5.58623031841720E-02    -7.14283704651730E-01     7.95918282332624E-01     6.05404067152161E-01     9.95035195799905E-01
         0.09607356854063     2.39533150688254E-01     8.77325385770500E-01     4.15841346199326E-01    -4.33438086372545E-01    -8.33707955260866E-01     3.42143926326319E-01     1.69286404775650E-01    -2.22511620738430E-01    -8.52958759292650E-06
C TZVP-MOLOPT-PBE-GTH-q4
 1
 2 0 2 5 3 3 1
         5.26168129831067    -1.61141917378974E-01     9.96686652890171E-02    -1.17238307580140E-01    -9.87481588337120E-02     8.04369823930186E-02     7.08590015603763E-02    -7.94823942452603E-02
         1.93765185829818    -1.80855958455182E-01     2.07650729566158E-01    -3.33811408541760E-01    -2.33439340416087E-01     3.08796108490828E-01     4.56576584711807E-01     2.69082041591327E-01
         0.75874037796781     4.91788265416699E-01    -4.16657014983378E-01     5.95870904155683E-01    -5.45250710497427E-01     4.47197164192854E-01     3.99065341940114E-01     5.09051672136440E-01
         0.29195902016920     8.01306792979118E-01     6.03691230508770E-02    -5.88930355080236E-01    -6.71258492279101E-01     5.58623031841720E-02    -7.14283704651730E-01     7.95918282332624E-01
         0.09607356854063     2.39533150688254E-01     8.77325385770500E-01     4.15841346199326E-01    -4.33438086372545E-01    -8.33707955260866E-01     3.42143926326319E-01     1.69286404775650E-01
C DZVP-MOLOPT-PBE-GTH-q4
 1
 2 0 2 5 2 2 1
         5.26168129831067    -1.61141917378974E-01     9.96686652890171E-02    -9.87481588337120E-02     8.04369823930186E-02    -7.94823942452603E-02
         1.93765185829818    -1.80855958455182E-01     2.07650729566158E-01    -2.33439340416087E-01     3.08796108490828E-01     2.69082041591327E-01
         0.75874037796781     4.91788265416699E-01    -4.16657014983378E-01    -5.45250710497427E-01     4.47197164192854E-01     5.09051672136440E-01
         0.29195902016920     8.01306792979118E-01     6.03691230508770E-02    -6.71258492279101E-01     5.58623031841720E-02     7.95918282332624E-01
         0.09607356854063     2.39533150688254E-01     8.77325385770500E-01    -4.33438086372545E-01    -8.33707955260866E-01     1.69286404775650E-01
