#
# Generated with CP2K Atom Code
#
 Y  ccGRB-VAL-0
   1
  2  0  2  6  2  1  1
   6.57702670761       -0.0728633157    0.0255980764   -0.0289015891    0.0013559976
   2.58188073175        0.6397547593   -0.2563569023    0.1726784414    0.0025421883
   1.01354432775       -0.5988322993    0.3184579607   -0.5381424051   -0.2194071019
  0.397877443247       -0.7864574608    0.4251926442   -0.5605473118   -0.3715996186
  0.156190958314       -0.0009298430    0.1517486012   -0.0814287682   -0.3843252291
  0.613143968652E-01   -0.0146753631   -1.2631536570   -0.0050118830   -0.2981994007

 Y  ccGRB-VAL-1
   1
  2  0  2  6  3  2  2
   6.57702670761       -0.0728633157    0.0255980764   -0.0097389465   -0.0289015891    0.0403738167    0.0013559976   -0.0009472591
   2.58188073175        0.6397547593   -0.2563569023    0.2424658975    0.1726784414   -0.2508076779    0.0025421883   -0.0044085008
   1.01354432775       -0.5988322993    0.3184579607    0.0034555495   -0.5381424051    0.9737449205   -0.2194071019    0.2129823712
  0.397877443247       -0.7864574608    0.4251926442   -2.3806292798   -0.5605473118    0.0090026913   -0.3715996186    0.3154021767
  0.156190958314       -0.0009298430    0.1517486012    4.1082605719   -0.0814287682   -1.1447816305   -0.3843252291    0.3767609918
  0.613143968652E-01   -0.0146753631   -1.2631536570   -2.1872411591   -0.0050118830    0.1384863259   -0.2981994007   -1.0943048558

 Y  ccGRB-POL-1
   1
  3  3  3  1  1
  0.222751080458        1.0000000000

 Y  ccGRB-EXT
   1
  2  0  2  1  3  2  1
  0.150807283524E-01    1.0000000000    9.1974669925  596.5624985092    9.1974669925  596.5624985092  596.5624985092

