Ir admm-dz
    7
1 0 0 2 1
        2.65528495    3.88345755 
        2.38358603   -3.81596436
1 0 0 1 1
        0.79735833    1.00000000
1 0 0 1 1
        0.09968681    1.00000000
2 1 1 2 1
        4.26443976   -0.16344068 
        1.28946458    0.74714772
2 1 1 1 1
        0.50248092    1.00000000
2 2 2 2 1
        1.51351657   -0.32619252 
        0.58088061   -0.54281260
2 2 2 1 1
        0.18414453    1.00000000

Ir admm-dzp
    8
1 0 0 2 1
        2.65528495    3.88345755
        2.38358603   -3.81596436
1 0 0 1 1
        0.79735833    1.00000000
1 0 0 1 1
        0.09968681    1.00000000
2 1 1 2 1
        4.26443976   -0.16344068
        1.28946458    0.74714772
2 1 1 1 1
        0.50248092    1.00000000
2 2 2 2 1
        1.51351657   -0.32619252
        0.58088061   -0.54281260
2 2 2 1 1
        0.18414453    1.00000000
3 3 3 1 1
      0.7127000       1.0000000

Ir admm-tzp
   11
1 0 0 2 1
        5.53647449   -0.83742075 
        4.98248161    1.27095256
1 0 0 1 1
        0.98963033    1.00000000
1 0 0 1 1
        0.18415323    1.00000000
1 0 0 1 1
        0.07430808    1.00000000
2 1 1 2 1
        5.91838892    0.20946954 
        5.31010382   -0.35469544
2 1 1 1 1
        1.24689056    1.00000000
2 1 1 1 1
        0.48792897    1.00000000
2 2 2 2 1
        1.75813405    0.20431691
        0.81873383    0.44775383
2 2 2 1 1
        0.33033501    1.00000000
2 2 2 1 1
        0.11822799    1.00000000
3 3 3 1 1
      0.7127000       1.0000000

Ir admm-tz2p
   13
1 0 0 2 1
        5.53647449   -0.83742075
        4.98248161    1.27095256
1 0 0 1 1
        0.98963033    1.00000000
1 0 0 1 1
        0.18415323    1.00000000
1 0 0 1 1
        0.07430808    1.00000000
2 1 1 2 1
        5.91838892    0.20946954
        5.31010382   -0.35469544
2 1 1 1 1
        1.24689056    1.00000000
2 1 1 1 1
        0.48792897    1.00000000
2 2 2 2 1
        1.75813405    0.20431691
        0.81873383    0.44775383
2 2 2 1 1
        0.33033501    1.00000000
2 2 2 1 1
        0.11822799    1.00000000
3 3 3 1 1
      1.1759000       1.0000000
3 3 3 1 1
      0.3847000       1.0000000
4 4 4 1 1
      0.9577000       1.0000000

