RB SVP-MOLOPT-PBE-Q9
 1
 1 0 2 7 5 3 2
         4.10101112511549     2.95968876810120E-01     1.65807931022018E-01     4.39179346228600E-01    -2.13768795662845E-01    -5.41005686617618E-03     2.25260197163364E-01    -1.06278884976416E-01    -8.73220545919308E-02    -5.02761347157431E-02     9.77281707346282E-02
         3.46788435276537    -4.19565982941647E-01    -3.75188850537982E-02    -5.01647246584562E-01     2.99358747278314E-01    -1.00555708782208E-01    -3.44126720623918E-01     1.75367126881985E-01     1.80044165392971E-01     6.07503715234263E-02    -1.29352834376330E-01
         1.30054866749500    -1.77550785916639E-01     6.00377563705545E-01     3.21347617269589E-01    -1.28286283974546E-01    -3.13970456909510E-01     1.30746724015958E-01    -9.11470676766377E-02    -2.60903686754275E-02    -5.37822983946082E-02     7.05591569636425E-02
         0.58884332186761     7.05363263863806E-01    -3.56363070314186E-01    -3.44660208177100E-02     2.04826577881422E-01    -1.06724699282953E-01     2.86567747160518E-01    -1.19339859178984E-01    -5.24992297569207E-01     3.72051261092586E-01     9.36621501271288E-02
         0.24750543171529    -3.84258825729021E-01    -5.93613878942075E-01     3.09761838799887E-01    -4.79690767951630E-01     2.35940014411186E-01     5.55998881306013E-01     2.26362048185773E-02    -3.86087271112983E-01     4.49134944737409E-01     4.99865856532215E-01
         0.05819512635840    -1.15916672458709E-01     8.98204593884092E-02     4.14632304336597E-01     6.36395146544018E-01     6.23437968754004E-01     5.39570822203028E-01     6.80033479067098E-01     4.44173184518442E-01     1.89865718441685E-01     6.94145291021122E-01
         0.02521109714743     2.14973659375288E-01     3.51008624099689E-01    -4.27956772990374E-01    -4.13731711817450E-01     6.59961423253315E-01     3.62418868143757E-01    -6.87345218257703E-01     5.80782350527677E-01    -7.84025405527760E-01     4.77768036093178E-01
H SVP-MOLOPT-PBE-AE
 1
 2 0 1 4 2 1
        12.24885489931877     9.13601065893484E-02    -2.92233653979741E-02    -2.98536765580705E-02
         1.44668572118719     5.46801357436806E-01    -1.89238960127749E-01     5.05674686289909E-01
         0.37494771895490     8.27248429081306E-01     2.01024168753657E-02     8.56401740098416E-01
         0.11192006491493     9.12230399173390E-02     9.81290224001215E-01     9.98895850325395E-02
F SVP-MOLOPT-PBE-AE
 2
 1 0 0 7 3
      2894.85760373222138    -1.89225166552882E-02    -1.69242373474079E-02     1.56429205622782E-01
       435.72006333230098    -5.47718508603712E-02     4.35884037952142E-03    -7.98432634961778E-02
        98.52635730461387    -2.73685193620500E-01     1.03734081139359E-01    -3.50907504362976E-02
        25.52164954648142    -7.37742492792940E-01     9.09854482000018E-02     1.19033433504314E-02
         7.74033527583515    -5.97666004055640E-01     7.53553007481536E-02    -4.08316440936958E-03
         1.29027540045465     1.18958584280118E-01     8.03005387331711E-01    -5.67628929674378E-01
         0.39691722964189     7.82215741311875E-02     5.74594975519432E-01     8.03469123562649E-01
 2 1 2 4 2 1
        20.86106496273842    -1.10459850494974E-01    -4.27931460741902E-02     1.87770753897563E-02
         3.47280160970880    -5.28022336274227E-01    -8.76852813264224E-03     1.42075306386988E-01
         0.85628499813330    -8.26328796839365E-01    -1.81029642926015E-01     9.03974169721402E-01
         0.22140677163303    -1.61776862802262E-01     9.82507062542321E-01     4.02855717635176E-01
O SVP-MOLOPT-PBE-AE
 2
 1 0 0 7 3
      2266.11882679815517    -6.53195164418799E-03     4.31511781018852E-03    -1.50255386286268E-02
       340.90332514956907    -6.49692043203330E-02    -8.38643395903432E-03     2.78970138112306E-02
        76.92814265988143    -2.68398557546813E-01     9.66356731438743E-02    -1.03149893654597E-01
        19.69260394517260    -7.46654382968193E-01     7.27513962145946E-02    -4.77845342576543E-02
         5.94653840051691    -5.84020787076508E-01     6.76448442348491E-02    -6.55152912382769E-02
         0.94188304160944     1.58317373375200E-01     7.83140450398519E-01    -5.91846167956205E-01
         0.29333843489112    -7.81743877443225E-03     6.06131205686227E-01     7.94668854066698E-01
 2 1 2 4 2 1
        16.36868614237306     1.01723539743118E-01    -2.55855611750852E-02     8.33706707858758E-03
         2.90797745788635     5.10732722414240E-01    -9.49942456369113E-02     1.82905409616553E-01
         0.75006795444374     8.35859133120747E-01    -1.43391921218567E-01     8.94419927848460E-01
         0.19193642427748     1.73620037138872E-01     9.84764047518226E-01     4.08030755106872E-01
