RB QZVPP-MOLOPT-PBE-Q9
 2
 1 0 2 5 2 1 1
         7.45885786612134     5.93270725483321E-01    -1.12484097708643E-01     1.79924353591981E-02    -1.65415117846839E-02
         6.82004678508133    -7.91394939725312E-01     6.39046135209607E-02     2.42589219753459E-02    -1.61995302945568E-03
         2.98610695512876     1.18086427839837E-01     9.80758261307419E-01    -3.40858996449260E-01     3.25240231164308E-02
         0.99348237870640    -7.46318597628676E-02    -9.17197865406712E-02     3.74817600790249E-01     3.98507430631842E-02
         0.54673613204659     4.70061350253942E-02    -1.13860624307051E-01     8.61634892313376E-01     9.98537861243976E-01
 1 0 3 6 5 4 3 3
         1.24698311642813    -5.35533530567789E-02    -2.33094612128089E-01    -7.36413975968537E-02    -2.48728189697971E-01    -1.91262617326466E-01     6.54653830636481E-02     3.58026984074180E-01    -3.26466572031624E-02     1.04306722400703E-01    -8.64736718796048E-02     6.93786878016721E-02     4.72520525468501E-02     9.96073936001056E-01     1.53856105032884E-02     4.93036231503121E-02
         0.57317322893648     9.78042650774888E-01    -2.02381701567708E-01    -1.85827034527114E-02     2.85846808065924E-02    -3.59454693152978E-02     8.16024034579172E-02    -9.78015872124492E-02    -1.32094065973679E-01     1.72088166020047E-02    -7.22736127436108E-02     5.61560954093817E-03    -2.74276929466710E-02    -6.70114863673971E-03     9.77434405185686E-01     4.61849306255476E-02
         0.24643876247401     1.87921531673000E-01     9.11574960657118E-01    -8.51754351869161E-02     1.15169370103849E-01     1.53413565120253E-01     9.80841283964765E-01    -1.28503813733755E-01    -9.28671953325797E-02    -3.60722726897516E-02     5.23497066628567E-01    -5.07038283790578E-02     9.24094356363315E-03     5.85485438711918E-04     1.06842800058858E-01    -1.37890941380827E-01
         0.08494486649599     1.46756566633938E-02    -2.34393774652911E-02     9.49505228526528E-01     1.76864299777351E-01     2.00992125402193E-01     1.29752209998313E-01     9.14548291862136E-01     5.63487498105425E-02     3.29403686574368E-02     8.44499337781412E-01     3.78199600749447E-02     6.62186888363965E-03    -4.11650033289127E-02    -5.02407533222546E-02     9.81894945308566E-01
         0.02911460477223    -7.06400809779497E-02    -1.86647919014012E-01    -2.11711947609605E-01     9.38123610561758E-01     7.48648009428315E-03     9.81864955487003E-02    -6.56821660762321E-02     9.84726247866977E-01     2.07755421996331E-04     1.27242233927966E-03     9.95087374766988E-01    -3.39090677569625E-02    -2.58032330494539E-02     1.44862766456728E-01     6.50485552036809E-02
         0.00852560772644    -6.68682557024435E-03    -1.95838682803389E-01    -2.01481128578398E-01    -1.12677995338387E-01     9.47700865583826E-01     2.30105004941474E-02    -7.08912757745008E-02     2.69621354391207E-04     9.93195672758684E-01    -8.30058022535374E-03     3.09022911024884E-02     9.97865670382606E-01    -7.36960073425981E-02     9.72652467454039E-02     8.98509602390367E-02
H QZVPP-MOLOPT-PBE-AE
 2
 1 0 0 4 1
       190.54117440353127     1.96600972886938E-02
        28.48589623081718     5.38615245148400E-01
         6.82683105625948     8.41690491707832E-01
         1.91976916792120    -3.26222996883324E-02
 1 0 3 4 3 3 2 1
         3.13044722440195    -3.66327628299461E-01     2.56023465069061E-01     1.80301571342015E-01     9.57864765395543E-01    -2.86990854469403E-01     7.09708425215968E-03     9.99207337838246E-01    -1.14391682399844E-02     5.85140484472903E-01
         0.96627664577475     8.95826280526715E-01     1.78507674168198E-01     3.15139388181339E-01     2.45050348375012E-01     8.29767518144689E-01     5.01170647875718E-01     1.62635846128724E-02     9.81329325317073E-01     6.84086073735301E-01
         0.31928820204257    -2.30012077387642E-01     6.10224429055026E-01     6.40105374762635E-01    -1.47922353363481E-01    -4.66731275488582E-01     8.51205422301253E-01    -4.48915950780499E-03     1.60295348734119E-01    -4.27324109791794E-01
         0.10666805621490    -1.01949929465328E-01    -7.28157360590113E-01     6.77084646545968E-01     2.37570063441528E-02     1.06226323308904E-01    -1.55650063115620E-01     3.60560573643188E-02    -1.05675455413839E-01    -8.38508338830758E-02
F QZVPP-MOLOPT-PBE-AE
 3
 1 0 0 8 1
    132536.04395257573924     2.19133884152562E-04
     19758.15592578060023     2.13098802939830E-03
      4485.33885808192372     9.36952235670608E-03
      1273.60032301696378     4.57116768597223E-02
       418.75079369228018     1.29815698472524E-01
       152.24712142839283     3.88984269444136E-01
        59.93506405237581     3.48051089779771E-01
        24.88806979770636     8.41734891149259E-01
 1 0 1 5 2 1
       240.82710880865446    -5.22362746235088E-02     7.61618022060436E-02     2.22155163398913E-02
        56.74054074501728     8.36915891686098E-01    -3.52431037520191E-01     9.17502257704855E-02
        18.02568816680041     5.06654331012575E-01     3.90319004241376E-01     6.94833984744179E-01
         7.22835931546723     1.13647744824332E-01     8.46604124895882E-01     5.19336475096237E-01
         2.54051853711273     1.65011335426585E-01     3.00711541924844E-02     4.88450331337750E-01
 1 0 4 4 4 3 3 2 1
         4.64152109972176     7.99092172965100E-01     3.57185510151160E-01    -4.75225254357118E-01     8.96167845059311E-02     2.14101203990999E-03     4.09061558167189E-01    -4.32260580718334E-01     5.23415929943841E-01    -8.45844703511436E-01    -9.90960844591549E-02     6.49830793177351E-01    -6.47812475723957E-01     7.18812892465629E-01
         1.55189089466188    -5.65383503262805E-01     6.20688611440661E-01    -5.16124369070663E-01    -1.69418940846506E-01     9.01357430415779E-01    -3.23634717094166E-01     1.52228377872265E-01     8.31684066132871E-01     4.84322390964955E-01     2.69070652276370E-01     7.59749389285090E-01     5.45754817250953E-01     6.81802537410497E-01
         0.54311529853246     1.47999793272877E-01     6.59726542294831E-01     7.03321697890184E-01    -2.19534826074957E-01     3.64587678140232E-01     2.81361980784028E-01    -7.13536840615867E-01    -1.67858516623561E-01    -2.20433972029506E-01     9.41600143248362E-01     1.96681952393344E-02     4.63299478087506E-01    -2.42238812327185E-02
         0.17933709925335    -1.41029268364327E-01     2.27870683409749E-01     1.14521537491829E-01     9.56593181325010E-01     2.33722107747691E-01     8.05459277239079E-01     5.29945741006902E-01     7.84913805373263E-02     3.72481291736264E-02    -1.76550617000047E-01     1.06755709662101E-02    -2.60469325156765E-01    -1.33665736760872E-01
O QZVPP-MOLOPT-PBE-AE
 3
 1 0 0 8 1
    116506.38604434675653    -9.98096455193836E-05
     17504.60971368530591     2.33919295977431E-03
      3993.52399023383759     6.88020418607601E-03
      1133.09478918324885     4.13200618900893E-02
       369.82539210352701     1.15856592130636E-01
       133.78894948022503     3.83521465148008E-01
        52.21462909576736     4.11693815406844E-01
        21.67293595845605     8.17457382177472E-01
 1 0 1 5 2 1
       191.04192564330430    -5.10687570632457E-03     2.62695839052370E-02     1.26002594453494E-02
        45.06231751131436     7.10386627064769E-01    -6.24048153127724E-01     1.12036824182174E-01
        14.05235016622558     5.61186314944367E-01     2.63654168302179E-01     6.01861899721717E-01
         5.51919750076573     3.93930461642211E-01     7.34005739981864E-01     3.82904045403275E-01
         2.22318311118849     1.58787503341973E-01     3.99482759313346E-02     6.91690486537335E-01
 1 0 4 4 4 3 3 2 1
         4.07110969272635     8.35823185743741E-01     1.43707378138683E-01    -5.04975809725526E-01    -1.60459413041861E-01     1.72086536028372E-01     1.83573320585855E-01    -5.65096491463834E-01     5.87117703432284E-01    -6.86150954111257E-01     3.38448518372782E-01     7.96331496602706E-01    -4.06031379618403E-01     7.19190810290016E-01
         1.29660548931134    -3.21106263793023E-01     8.70808213615098E-01    -3.35156402976138E-01     1.62030885936799E-01     7.37714269017482E-01    -1.23907267761277E-01     5.94500398393531E-01     7.22514408166509E-01     6.34126435292987E-01    -1.48853997263073E-01     5.96617421514652E-01     6.47582903144410E-01     6.77717136798244E-01
         0.45442777800760     1.72702329034076E-01     4.19606306388715E-01     6.11297846324634E-01    -6.48397560346960E-01     6.52371782439809E-01     1.27228381173723E-01    -5.13977719496993E-01    -3.94104996625507E-02     3.37150724159123E-01     9.16679165386756E-01    -9.80648777410346E-02     6.03388801969736E-01     3.99419887891043E-02
         0.14870720086566     4.10443997485985E-01     2.12065537529809E-01     5.08905256619550E-01     7.26346592547186E-01    -2.39778831856476E-02     9.66830266380264E-01     2.51121754346111E-01     3.62922229719464E-01    -1.15801215165473E-01    -1.51639030780056E-01     1.69434240146108E-02    -2.27369426215928E-01    -1.47880689800770E-01
