SE DZVP-MOLOPT-PBE-GTH-Q6
 1
 2 0 2 4 2 2 1
         1.24306159868882     6.35451804126488E-01     2.40170643716472E-01     5.37280844968027E-01     3.02453834619769E-01     3.54176944631616E-01
         1.07956022543905    -5.69011492824708E-01    -4.79915969748051E-02    -5.90136804977873E-01    -3.08207817049037E-01    -5.01779847183588E-01
         0.27773101440429    -3.50542878325287E-01    -4.39886754351046E-01    -4.38224030544976E-01    -6.32199857161120E-02    -7.80192656968016E-01
         0.09112697663449    -3.86712575592277E-01     8.64010712817338E-01    -4.13554765531563E-01     8.99740436370245E-01    -1.18638504984749E-01
H DZVP-MOLOPT-PBE-GTH-Q1
 1
 2 0 1 5 2 1
         9.42354063693337     1.73378201014863E-02    -1.21445159969598E-01    -8.76671027046430E-02
         2.22615949373757     1.93709872716504E-01    -1.18321991639862E-01     2.94039390163616E-01
         0.63906011750762     5.93969954529689E-01    -1.91879319676876E-01     4.09265411017209E-01
         0.31891311049636     2.87972643705189E-01     9.48793006176853E-01     1.56988630151590E-01
         0.16139156624546     7.25566905805197E-01    -1.85000371687637E-01     8.44814600657224E-01
O DZVP-MOLOPT-PBE-GTH-Q6
 1
 2 0 2 5 2 2 1
        10.34256722623639    -1.36612866576817E-01     5.36780510727693E-02    -9.23817206645146E-02     5.83443637080248E-02    -9.48473896502772E-02
         3.67715896642206    -1.53385468202307E-01     9.10278370989298E-02    -2.98264530995839E-01     1.75046650342809E-01     1.72754284852763E-01
         1.30046451996361     5.48080652961239E-01    -2.61157543615482E-01    -5.68590641449654E-01     3.64872626600995E-01     4.96868401181124E-01
         0.46645021946921     7.84467551986126E-01    -4.09115659592467E-02    -6.49258120291653E-01     1.42983044083434E-01     8.41501659783491E-01
         0.14793951916337     2.05007513424509E-01     9.58621708960114E-01    -3.97079920076698E-01    -9.01320376386329E-01    -7.84645029990108E-02
