AL DZVP-MOLOPT-SCAN-GTH-Q3
 1
 2 0 2 4 2 2 1
         0.95791739052556     3.44075652553232E-01    -4.25345920079020E-01     1.16897626354615E-01    -6.98100675957175E-02     2.91695367784670E-01
         0.33961040779561    -1.47929684592657E-01     4.64238593179843E-01    -6.96605791690560E-01     4.96764618952069E-01     7.48410365853795E-01
         0.15217379439230    -8.87280732503298E-01    -6.65390963038402E-03    -6.97311197776437E-01    -3.71519428620495E-01     5.55349748569425E-01
         0.05336998977337    -2.69187026925139E-01    -7.76864918992460E-01    -1.21788379541796E-01    -7.81232860277387E-01     2.15365720251461E-01
SI DZVP-MOLOPT-SCAN-GTH-Q4
 1
 2 0 2 4 2 2 1
         1.21644582823379     1.43587910495734E-01    -6.03614431681337E-01     1.11679619389052E-01     1.01197610528999E-01     2.63204425980488E-01
         0.42372905166864    -5.55526230049098E-02     6.68606699299776E-01    -6.69883442167277E-01    -6.32793634824223E-01     8.10590772369286E-01
         0.16879040618436    -9.46438639612779E-01    -5.86323706003343E-04    -7.28436591103634E-01     5.28363151249311E-01     5.20914598139177E-01
         0.04908092112256    -2.83813881768768E-01    -4.34297542868928E-01    -9.03546859025803E-02     5.56923369729684E-01     4.81041717478452E-02
P DZVP-MOLOPT-SCAN-GTH-Q5
 1
 2 0 2 4 2 2 1
         1.51742916393594     3.69683924013536E-01     2.83881770613012E-01     8.51167863623118E-02     1.59471743992869E-01     2.37169151241038E-01
         0.57853573960743    -2.71190139707309E-01    -3.24486466748689E-01    -4.19415392090187E-01    -6.69555148924157E-01     7.67428562403299E-01
         0.22221583015814    -8.56334526714677E-01    -2.49998302395878E-02    -7.77997168479812E-01    -4.94904338370084E-02     5.95570820257446E-01
         0.07960375197843    -2.37657069761948E-01     9.01939400236271E-01    -4.59963332663141E-01     7.23750898013707E-01    -9.97964754307498E-03
S DZVP-MOLOPT-SCAN-GTH-Q6
 1
 2 0 2 4 2 2 1
         1.88982592125518     3.23354493623140E-01    -1.34689884023968E-01     2.02350260022561E-01     1.28511987766320E-01     8.26692656558192E-02
         1.15800216982202    -8.55014559096893E-02    -1.50331878367846E-01    -3.44749030244175E-01    -1.65643477550273E-01     3.65228247374538E-01
         0.37325162853195    -7.19053651302125E-01     6.07892906437497E-01    -8.25475533586418E-01    -3.41587632835537E-01     9.08702840122468E-01
         0.12418523801761    -6.09174210747738E-01    -7.67935658627061E-01    -3.98487919346021E-01     9.16168541502717E-01     1.84481078132724E-01
CL DZVP-MOLOPT-SCAN-GTH-Q7
 1
 2 0 2 4 2 2 1
         1.99031135450461     4.90989014074366E-01     1.73679861897873E-01     3.10850659034091E-01     1.82540958754547E-01     1.19072472417811E-01
         1.46501921747017    -3.76874035079977E-01     1.15124176961947E-01    -4.74002154693204E-01    -2.05330787235802E-01     2.45479430532686E-01
         0.40655378963524    -5.52689011027080E-01    -6.56359794089995E-01    -6.60993044533897E-01    -4.12883268991311E-01     9.51484176931759E-01
         0.13370286337397    -5.58059680348551E-01     7.25102441143394E-01    -4.91713351661393E-01     8.68357917207614E-01     1.42265443963569E-01
H DZVP-MOLOPT-SCAN-GTH-Q1
 1
 2 0 1 5 2 1
         9.16876514496744     4.30245721944096E-02    -3.89199332255518E-02    -1.03225299298647E-01
         2.16119406948452     1.67758655334156E-01    -2.29436993766244E-01     3.18679005482070E-01
         0.61986766123499     5.51924571472773E-01    -2.73974309763091E-01     4.58038932787715E-01
         0.16131600752250     6.99078574975625E-01    -2.64330500496994E-01     8.23091485416057E-01
         0.41225503616229     4.20326460221825E-01     8.94936516623427E-01     2.25604019455304E-02
B DZVP-MOLOPT-SCAN-GTH-Q3
 1
 2 0 2 5 2 2 1
         3.65988726090151    -1.63931717391878E-01     1.43039480146903E-01    -9.82563493612261E-02     8.59682867544174E-02    -1.17987384907779E-01
         1.27972732283840    -2.60179746144549E-01     1.42130404338348E-01    -2.35518016243385E-01     2.82827837664396E-01     4.27474251187594E-01
         0.54616677814259     4.80282079929407E-01    -2.85822610121461E-01    -5.47597912886026E-01     3.68307680553495E-01     4.34001973757363E-01
         0.22370469741326     7.50352476860196E-01    -1.48572474286656E-01    -6.57102846745137E-01     1.71955486235345E-01     7.73438906055056E-01
         0.08171614349639     3.34265128150633E-01     9.24970437749022E-01    -4.50809636584324E-01    -8.64522198161194E-01     1.29534886996904E-01
C DZVP-MOLOPT-SCAN-GTH-Q4
 1
 2 0 2 5 2 2 1
         5.62346013427220    -1.55253500731420E-01     5.81156225081139E-02    -9.29774868419450E-02     6.15864535855770E-02    -8.37519672759395E-02
         2.09855872766266    -2.36394508865927E-01     1.09598535828912E-01    -2.48489734215218E-01     2.22870166784096E-01     2.49479844044917E-01
         0.82051076634244     4.67426079878225E-01    -1.58417931802923E-01    -5.81990872631545E-01     3.41552398929665E-01     5.62523929081207E-01
         0.31733139976061     8.30527918853097E-01     3.37009387490941E-03    -6.83456388910509E-01     8.65714462205001E-02     7.72454993535448E-01
         0.11111607198944     1.08398443456976E-01     9.79542309813727E-01    -3.51826701035020E-01    -9.06853538878833E-01     1.32761167386880E-01
N DZVP-MOLOPT-SCAN-GTH-Q5
 1
 2 0 2 5 2 2 1
         7.74124015225863    -1.45963178273034E-01     6.43304029112797E-02    -1.01905209736116E-01     4.44251854507497E-02    -2.76539938296751E-03
         2.73930390849528    -1.87345534874555E-01     1.22127781812082E-01    -3.01245760058054E-01     1.48069012522506E-01     1.26888684309027E-01
         1.07756524408889     4.78177253406059E-01    -2.57606991616038E-01    -5.55725383684687E-01     2.96032930788583E-01     4.97316099002491E-01
         0.42547578818945     8.00783158520077E-01    -1.27185272284790E-01    -6.97364785465728E-01     1.25087813780900E-01     8.53314297705412E-01
         0.14241534174476     2.71457636670345E-01     9.47844369374694E-01    -3.22052750642701E-01    -9.34248100431846E-01    -9.17770198091085E-02
O DZVP-MOLOPT-SCAN-GTH-Q6
 1
 2 0 2 5 2 2 1
        10.25781699497238    -1.37093335568261E-01     6.42341766590814E-02    -1.01541960662273E-01     5.12250917317880E-02    -1.55308630843787E-02
         3.64428735012608    -1.53382903419191E-01     6.95730187369108E-02    -2.97888826596963E-01     1.18416114723772E-01     1.12242705044625E-01
         1.40222472037927     4.52964005356058E-01    -1.60546208430784E-01    -5.48743422499672E-01     2.65706574607295E-01     4.02080210361362E-01
         0.52205700268808     8.05450964095097E-01    -2.63981031214717E-01    -6.95022929228448E-01     1.92118246587555E-01     9.01700430010169E-01
         0.16818943371335     3.22104729197730E-01     9.46346921445871E-01    -3.41723954857718E-01    -9.35865486749767E-01    -1.11481865840859E-01
F DZVP-MOLOPT-SCAN-GTH-Q7
 1
 2 0 2 5 2 2 1
        13.16645520019096     1.25688709752362E-01    -6.90191648196731E-02    -9.31572868763813E-02     5.00225599861602E-02    -1.02513605924922E-02
         4.67863609541364     1.25206371205048E-01    -7.54523660806367E-02    -2.93923292691458E-01     1.19602022797720E-01     4.04484470063397E-02
         1.68188350144516    -4.93940854057955E-01     2.15904735709196E-01    -5.53343548452151E-01     3.11861936412921E-01     4.51403790784568E-01
         0.58393450944632    -7.58234802751956E-01     3.05654861844976E-01    -6.44505933144035E-01     2.69615230808562E-01     8.90352206116421E-01
         0.18571155118612    -3.86817953873203E-01    -9.21685166349822E-01    -4.28198362261887E-01    -9.01799789070697E-01     4.20285554084608E-02
