AL DZVP-MOLOPT-SCAN-GTH-Q3
 1
 2 0 2 4 2 2 1
         1.21290231909900     1.45634864888543E-01    -3.22235384972761E-02     3.64744305312891E-02    -4.63128211697206E-02     1.76633378886909E-01
         0.45418144688100     3.64462949040637E-01    -1.19573781712723E-01     6.56305032138228E-02     4.53565550404686E-02     3.00388797240324E-01
         0.24241850378800    -8.42483741328073E-01     3.49496897687996E-01    -8.22671970487110E-01     5.65007653657963E-01     8.64738108145942E-01
         0.07826849517500    -3.69023563615320E-01    -9.28717218963932E-01    -5.63536229483229E-01    -8.22535261747535E-01     3.61656223886279E-01
SI DZVP-MOLOPT-SCAN-GTH-Q4
 1
 2 0 2 4 2 2 1
         1.25676764138700     3.56731151605261E-01    -7.39002316159660E-01     1.15634522420590E-01     1.58626700741789E-01     1.99313554184550E-01
         0.50639412247800    -3.81040049980466E-02     5.60380418709614E-01    -3.64626698502511E-01    -6.23361578963162E-01     4.91721097528218E-01
         0.23888384566200    -8.75134171747077E-01    -2.11110233143942E-01    -6.99328349980130E-01    -2.68040460933458E-01     4.92667007540063E-01
         0.08733688383600    -3.24701634917429E-01    -3.08677554252663E-01    -6.03834320718680E-01     7.17225364154746E-01     6.89756253357291E-01
P DZVP-MOLOPT-SCAN-GTH-Q5
 1
 2 0 2 4 2 2 1
         1.63186217078600     3.12876687625746E-01     1.17462338209775E-01     1.19868926077657E-01     1.50484862613805E-01     1.80310373297013E-01
         0.70843268531900    -2.15587407880996E-02     1.25501941558989E-02    -3.41731109718262E-01    -4.34606640948070E-01     5.19268354816753E-01
         0.28496848365400    -9.09307194243669E-01    -2.49012795649957E-01    -7.84420616667840E-01    -3.19482702844471E-01     7.21755982780994E-01
         0.09801182368900    -2.73502880300520E-01     9.61268807010575E-01    -5.03523172612900E-01     8.28493920527563E-01     4.20614843160861E-01
S DZVP-MOLOPT-SCAN-GTH-Q6
 1
 2 0 2 4 2 2 1
         2.21585469281300     2.17943599274046E-01     5.02479287482133E-02     1.37883647827386E-01     4.78619925243253E-02     1.17680910450651E-01
         1.13147052527100     1.61988168854307E-01    -1.55096191428151E-01    -2.42584710240984E-01    -7.84336559803763E-02     3.62482421795792E-01
         0.41016814397400    -9.35608599850737E-01     2.16934158439473E-01    -9.05737707762559E-01    -3.05530602094701E-01     8.96637948692131E-01
         0.14058733002300    -2.25603565069449E-01    -9.62475915523684E-01    -3.19029720803778E-01     9.47738593951308E-01     2.25384307727337E-01
CL DZVP-MOLOPT-SCAN-GTH-Q7
 1
 2 0 2 4 2 2 1
         2.37907811760100     3.04318175707169E-01     2.36150010354956E-02     1.95207961416066E-01     1.52136483412777E-01     8.88844909062880E-02
         1.47071846501300     2.02834364179246E-02     1.77779389275510E-01    -3.25081116830205E-01    -2.06753827880509E-01     3.60598767287180E-01
         0.46121347405700    -8.85316153812357E-01    -3.52016238171188E-01    -7.76944190134393E-01    -4.33900613174786E-01     9.10085370111299E-01
         0.15001471741500    -3.50990509758078E-01     9.18651940910553E-01    -5.02567253904015E-01     8.63618899143653E-01     1.83882286848612E-01
H DZVP-MOLOPT-SCAN-GTH-Q1
 1
 2 0 1 5 2 1
         9.16876514496744     4.30245721944096E-02    -3.89199332255518E-02    -1.03225299298647E-01
         2.16119406948452     1.67758655334156E-01    -2.29436993766244E-01     3.18679005482070E-01
         0.61986766123499     5.51924571472773E-01    -2.73974309763091E-01     4.58038932787715E-01
         0.16131600752250     6.99078574975625E-01    -2.64330500496994E-01     8.23091485416057E-01
         0.41225503616229     4.20326460221825E-01     8.94936516623427E-01     2.25604019455304E-02
B DZVP-MOLOPT-SCAN-GTH-Q3
 1
 2 0 2 5 2 2 1
         3.65988726090151    -1.63931717391878E-01     1.43039480146903E-01    -9.82563493612261E-02     8.59682867544174E-02    -1.17987384907779E-01
         1.27972732283840    -2.60179746144549E-01     1.42130404338348E-01    -2.35518016243385E-01     2.82827837664396E-01     4.27474251187594E-01
         0.54616677814259     4.80282079929407E-01    -2.85822610121461E-01    -5.47597912886026E-01     3.68307680553495E-01     4.34001973757363E-01
         0.22370469741326     7.50352476860196E-01    -1.48572474286656E-01    -6.57102846745137E-01     1.71955486235345E-01     7.73438906055056E-01
         0.08171614349639     3.34265128150633E-01     9.24970437749022E-01    -4.50809636584324E-01    -8.64522198161194E-01     1.29534886996904E-01
C DZVP-MOLOPT-SCAN-GTH-Q4
 1
 2 0 2 5 2 2 1
         5.62346013427220    -1.55253500731420E-01     5.81156225081139E-02    -9.29774868419450E-02     6.15864535855770E-02    -8.37519672759395E-02
         2.09855872766266    -2.36394508865927E-01     1.09598535828912E-01    -2.48489734215218E-01     2.22870166784096E-01     2.49479844044917E-01
         0.82051076634244     4.67426079878225E-01    -1.58417931802923E-01    -5.81990872631545E-01     3.41552398929665E-01     5.62523929081207E-01
         0.31733139976061     8.30527918853097E-01     3.37009387490942E-03    -6.83456388910509E-01     8.65714462205002E-02     7.72454993535448E-01
         0.11111607198944     1.08398443456976E-01     9.79542309813727E-01    -3.51826701035020E-01    -9.06853538878833E-01     1.32761167386880E-01
N DZVP-MOLOPT-SCAN-GTH-Q5
 1
 2 0 2 5 2 2 1
         7.74124015225863    -1.45963178273034E-01     6.43304029112797E-02    -1.01905209736116E-01     4.44251854507497E-02    -2.76539938296751E-03
         2.73930390849528    -1.87345534874555E-01     1.22127781812082E-01    -3.01245760058054E-01     1.48069012522506E-01     1.26888684309027E-01
         1.07756524408889     4.78177253406059E-01    -2.57606991616038E-01    -5.55725383684687E-01     2.96032930788583E-01     4.97316099002491E-01
         0.42547578818945     8.00783158520077E-01    -1.27185272284790E-01    -6.97364785465728E-01     1.25087813780900E-01     8.53314297705412E-01
         0.14241534174476     2.71457636670345E-01     9.47844369374694E-01    -3.22052750642701E-01    -9.34248100431846E-01    -9.17770198091085E-02
O DZVP-MOLOPT-SCAN-GTH-Q6
 1
 2 0 2 5 2 2 1
        10.25781699497238    -1.37093335568261E-01     6.42341766590814E-02    -1.01541960662273E-01     5.12250917317880E-02    -1.55308630843787E-02
         3.64428735012608    -1.53382903419191E-01     6.95730187369108E-02    -2.97888826596963E-01     1.18416114723772E-01     1.12242705044625E-01
         1.40222472037927     4.52964005356058E-01    -1.60546208430784E-01    -5.48743422499672E-01     2.65706574607295E-01     4.02080210361362E-01
         0.52205700268808     8.05450964095097E-01    -2.63981031214717E-01    -6.95022929228448E-01     1.92118246587555E-01     9.01700430010169E-01
         0.16818943371335     3.22104729197730E-01     9.46346921445871E-01    -3.41723954857718E-01    -9.35865486749767E-01    -1.11481865840859E-01
F DZVP-MOLOPT-SCAN-GTH-Q7
 1
 2 0 2 5 2 2 1
        13.16645520019096     1.25688709752362E-01    -6.90191648196731E-02    -9.31572868763813E-02     5.00225599861602E-02    -1.02513605924922E-02
         4.67863609541364     1.25206371205048E-01    -7.54523660806367E-02    -2.93923292691458E-01     1.19602022797720E-01     4.04484470063397E-02
         1.68188350144516    -4.93940854057955E-01     2.15904735709196E-01    -5.53343548452151E-01     3.11861936412921E-01     4.51403790784568E-01
         0.58393450944632    -7.58234802751956E-01     3.05654861844976E-01    -6.44505933144035E-01     2.69615230808562E-01     8.90352206116421E-01
         0.18571155118612    -3.86817953873203E-01    -9.21685166349822E-01    -4.28198362261887E-01    -9.01799789070697E-01     4.20285554084608E-02
