Ba admm-dz
    4
1 0 0 2 1
        3.18039272    0.22511956 
        1.90667825   -0.65594525 
1 0 0 1 1
        0.32827658    1.00000000
1 0 0 1 1
        0.04933779    1.00000000
2 1 1 3 1
        3.18039272    0.46345834 
        2.87255548   -0.56503978 
        0.32987285    1.03712118 

Ba admm-dzp
    5
1 0 0 2 1
        3.18039272    0.22511956 
        1.90667825   -0.65594525  
1 0 0 1 1
        0.32827658    1.00000000
1 0 0 1 1
        0.04933779    1.00000000
2 1 1 3 1
        3.18039272    0.46345834 
        2.87255548   -0.56503978  
        0.32987285    1.03712118
2 2 2 1 1
  0.112924581503      1.00000000

Ba admm-tzp
    7
1 0 0 2 1
        3.38727315   -3.64838427 
        3.05716599    9.64146019 
1 0 0 1 1
        2.76027656    1.00000000
1 0 0 1 1
        0.32213761    1.00000000
1 0 0 1 1
        0.04943417    1.00000000
2 1 1 2 1
        3.38727315    0.20993368 
        2.76027656   -0.31119360 
2 1 1 1 1
        0.32974299    1.00000000
2 2 2 1 1
  0.112924581503      1.00000000

Ba admm-tz2p
    9
1 0 0 2 1
        3.38727315   -3.64838427  
        3.05716599    9.64146019 
1 0 0 1 1
        2.76027656    1.00000000
1 0 0 1 1
        0.32213761    1.00000000
1 0 0 1 1
        0.04943417    1.00000000
2 1 1 2 1
        3.38727315    0.20993368 
        2.76027656   -0.31119360  
2 1 1 1 1
        0.32974299    1.00000000
2 2 2 1 1
  0.280703757633      1.00000000
2 2 2 1 1
  0.821097387714E-01  1.00000000
3 3 3 1 1
  0.112924581503      1.00000000
