RB DZVP-MOLOPT-PBE-GTH-Q9
 1
 2 0 2 7 3 2 1
         6.90121659211506    -5.45029585439006E-02     3.35881559586083E-02     1.12904862283202E-02     4.65959131724797E-02     3.21833791012799E-02     2.54615694221170E-02
         2.42378406773514     4.18677399250958E-01    -2.30661486747693E-01    -9.91900818238965E-02    -2.14541338827396E-01    -1.50874516891813E-01    -5.99899052391803E-02
         1.26879862246914    -6.03701119200679E-02     5.69502318069359E-02     3.68249609355635E-02     2.40479582711723E-01     1.74139361345308E-01     1.27034857194381E-01
         0.48795027266443    -7.62076490627048E-01     1.56310630610360E-01     2.81737568885620E-01     7.38186210563655E-01     3.04706474889524E-01     3.22348303832049E-01
         0.18574326132113    -2.99372475356114E-01     6.62679598536666E-02    -4.40347804243371E-03     3.38685945028937E-01     3.34975759834209E-01     6.25621265388465E-01
         0.04696100976940    -2.56734234227719E-02     6.78363672155387E-01    -7.21149720264791E-01    -1.75266876029488E-01     3.98083347061434E-01     6.87005173959983E-01
         0.02982420926241     3.83471682416896E-01     6.73366213855925E-01     6.23879321233005E-01    -4.51248131795532E-01     7.63119549198416E-01    -1.11034044653479E-01
H DZVP-MOLOPT-PBE-GTH-Q1
 1
 2 0 1 5 2 1
         9.42354063693337     1.73378201014863E-02    -1.21445159969598E-01    -8.76671027046430E-02
         2.22615949373757     1.93709872716504E-01    -1.18321991639862E-01     2.94039390163616E-01
         0.63906011750762     5.93969954529689E-01    -1.91879319676876E-01     4.09265411017209E-01
         0.31891311049636     2.87972643705189E-01     9.48793006176853E-01     1.56988630151590E-01
         0.16139156624546     7.25566905805197E-01    -1.85000371687637E-01     8.44814600657224E-01
F DZVP-MOLOPT-PBE-GTH-Q7
 1
 2 0 2 5 2 2 1
        13.30428004732790     1.38300641201995E-01    -4.13429187269840E-02    -9.35306094799813E-02     5.06566246623838E-02    -3.27607844899301E-02
         4.80605774544240     1.37253664661734E-01    -3.39425431978004E-02    -2.95918398172795E-01     1.05639317967558E-01     1.33212173705781E-01
         1.70698523266130    -5.18315587577063E-01     1.04830293747595E-01    -5.65287543674134E-01     3.02725510725546E-01     2.66499630071583E-01
         0.58735472443375    -8.26234910698634E-01     4.59821538585404E-02    -6.52514099592094E-01     2.40459771924833E-01     9.50816701157307E-01
         0.17874874061685    -1.03533512436824E-01    -9.91985341560913E-01    -3.97944304537121E-01    -9.14773526135829E-01     7.81459899689756E-02
O DZVP-MOLOPT-PBE-GTH-Q6
 1
 2 0 2 5 2 2 1
        10.34256722623639    -1.36612866576817E-01     5.36780510727693E-02    -9.23817206645146E-02     5.83443637080248E-02    -9.48473896502772E-02
         3.67715896642206    -1.53385468202307E-01     9.10278370989298E-02    -2.98264530995839E-01     1.75046650342809E-01     1.72754284852763E-01
         1.30046451996361     5.48080652961239E-01    -2.61157543615482E-01    -5.68590641449654E-01     3.64872626600995E-01     4.96868401181124E-01
         0.46645021946921     7.84467551986126E-01    -4.09115659592467E-02    -6.49258120291653E-01     1.42983044083434E-01     8.41501659783491E-01
         0.14793951916337     2.05007513424509E-01     9.58621708960114E-01    -3.97079920076698E-01    -9.01320376386329E-01    -7.84645029990108E-02
