RB TZV2P-MOLOPT-PBE-GTH-Q9
 1
 2 0 2 7 4 3 2
         6.90121659211506    -5.03981485233026E-02     4.15077271678666E-02     1.69960621870063E-03     2.83866946804163E-01     4.95109554121172E-02     2.70293393788478E-02     1.67116945375082E-02     2.64659542895803E-02     6.03040068732992E-02
         2.42378406773514     3.89813817689178E-01    -2.93122220665311E-01    -3.62155052667403E-02     6.00775627189954E-01    -2.29166334855272E-01    -1.24979477964187E-01    -1.88378333646081E-01    -6.26915715558388E-02    -1.12310973045821E-01
         1.26879862246914    -5.69801044569959E-02     6.60861479257151E-02     1.95883793193103E-02     1.27599975424943E-01     2.60823123905032E-01     1.37703260573933E-01     8.23096763586365E-01     1.28520970159504E-01     7.05946338795624E-02
         0.48795027266443    -7.52178613824074E-01     2.78062109367215E-01     2.06375206819070E-01     5.36698367725467E-02     7.57793314897694E-01     2.55821206052412E-01    -4.86452940999555E-01     2.97275297089956E-01    -6.28007841961336E-01
         0.18574326132113    -2.93815790896136E-01     1.03535510714486E-01    -7.68306959925422E-02     7.27396013670317E-01     3.53127302203951E-01     3.23159096526584E-01     2.01860168244938E-01     6.21437818498091E-01    -2.98829185303263E-01
         0.04696100976940     1.71749376216309E-01     6.68270650638343E-01    -7.06100736695495E-01     5.95978328459038E-03    -2.68456611398609E-01     6.39939882014650E-01    -3.43434899027526E-02     7.09981114018360E-01     4.88977708254857E-01
         0.02982420926241     4.00824459776549E-01     6.11036244621124E-01     6.71736489789252E-01     1.00923324651415E-01    -3.25552150093500E-01     6.20715726561634E-01    -9.04575802372068E-02     1.48638341729702E-02     5.05938868868383E-01
RB TZVP-MOLOPT-PBE-GTH-q9
 1
 2 0 2 7 4 3 1
         6.90121659211506    -5.03981485233026E-02     4.15077271678666E-02     1.69960621870063E-03     2.83866946804163E-01     4.95109554121172E-02     2.70293393788478E-02     1.67116945375082E-02     2.64659542895803E-02
         2.42378406773514     3.89813817689178E-01    -2.93122220665311E-01    -3.62155052667403E-02     6.00775627189954E-01    -2.29166334855272E-01    -1.24979477964187E-01    -1.88378333646081E-01    -6.26915715558388E-02
         1.26879862246914    -5.69801044569959E-02     6.60861479257151E-02     1.95883793193103E-02     1.27599975424943E-01     2.60823123905032E-01     1.37703260573933E-01     8.23096763586365E-01     1.28520970159504E-01
         0.48795027266443    -7.52178613824074E-01     2.78062109367215E-01     2.06375206819070E-01     5.36698367725467E-02     7.57793314897694E-01     2.55821206052412E-01    -4.86452940999555E-01     2.97275297089956E-01
         0.18574326132113    -2.93815790896136E-01     1.03535510714486E-01    -7.68306959925422E-02     7.27396013670317E-01     3.53127302203951E-01     3.23159096526584E-01     2.01860168244938E-01     6.21437818498091E-01
         0.04696100976940     1.71749376216309E-01     6.68270650638343E-01    -7.06100736695495E-01     5.95978328459038E-03    -2.68456611398609E-01     6.39939882014650E-01    -3.43434899027526E-02     7.09981114018360E-01
         0.02982420926241     4.00824459776549E-01     6.11036244621124E-01     6.71736489789252E-01     1.00923324651415E-01    -3.25552150093500E-01     6.20715726561634E-01    -9.04575802372068E-02     1.48638341729702E-02
RB DZVP-MOLOPT-PBE-GTH-q9
 1
 2 0 2 7 3 2 1
         6.90121659211506    -5.03981485233026E-02     4.15077271678666E-02     1.69960621870063E-03     4.95109554121172E-02     2.70293393788478E-02     2.64659542895803E-02
         2.42378406773514     3.89813817689178E-01    -2.93122220665311E-01    -3.62155052667403E-02    -2.29166334855272E-01    -1.24979477964187E-01    -6.26915715558388E-02
         1.26879862246914    -5.69801044569959E-02     6.60861479257151E-02     1.95883793193103E-02     2.60823123905032E-01     1.37703260573933E-01     1.28520970159504E-01
         0.48795027266443    -7.52178613824074E-01     2.78062109367215E-01     2.06375206819070E-01     7.57793314897694E-01     2.55821206052412E-01     2.97275297089956E-01
         0.18574326132113    -2.93815790896136E-01     1.03535510714486E-01    -7.68306959925422E-02     3.53127302203951E-01     3.23159096526584E-01     6.21437818498091E-01
         0.04696100976940     1.71749376216309E-01     6.68270650638343E-01    -7.06100736695495E-01    -2.68456611398609E-01     6.39939882014650E-01     7.09981114018360E-01
         0.02982420926241     4.00824459776549E-01     6.11036244621124E-01     6.71736489789252E-01    -3.25552150093500E-01     6.20715726561634E-01     1.48638341729702E-02
O TZV2P-MOLOPT-PBE-GTH-Q6
 1
 2 0 3 5 3 3 2 1
        10.34256722623639    -1.36598767253985E-01     5.35898017733314E-02    -1.18707008771107E-01    -9.23673397522993E-02     5.82948619873808E-02     9.18414097966573E-02    -9.48396929864874E-02     1.47739306049945E-01    -6.27421636348332E-05
         3.67715896642206    -1.53365311059511E-01     9.09944842814309E-02    -2.82507973527509E-01    -2.98268574244154E-01     1.75273022378177E-01     2.27281538167357E-01     1.72695668110757E-01    -2.69128753144972E-01     1.08668748395417E-04
         1.30046451996361     5.48021970885945E-01    -2.61169567089594E-01     6.98682645593308E-01    -5.68604037326135E-01     3.64979965319240E-01     5.95584075165259E-01     4.96837623369842E-01    -7.73936715688092E-01     3.17226823696088E-04
         0.46645021946921     7.84538402757388E-01    -4.08365744734644E-02    -6.15550727563364E-01    -6.49207117094457E-01     1.42847181972710E-01    -7.45101990481658E-01     8.41535542399250E-01     5.40201745515093E-01     9.99999938769363E-01
         0.14793951916337     2.04917720496501E-01     9.58629734771334E-01     1.97579739611495E-01    -3.97144432185278E-01    -9.01257668045223E-01     1.73236517641798E-01    -7.84343402663362E-02     1.22257293978271E-01     7.79931889816245E-05
O TZVP-MOLOPT-PBE-GTH-q6
 1
 2 0 2 5 3 3 1
        10.34256722623639    -1.36598767253985E-01     5.35898017733314E-02    -1.18707008771107E-01    -9.23673397522993E-02     5.82948619873808E-02     9.18414097966573E-02    -9.48396929864874E-02
         3.67715896642206    -1.53365311059511E-01     9.09944842814309E-02    -2.82507973527509E-01    -2.98268574244154E-01     1.75273022378177E-01     2.27281538167357E-01     1.72695668110757E-01
         1.30046451996361     5.48021970885945E-01    -2.61169567089594E-01     6.98682645593308E-01    -5.68604037326135E-01     3.64979965319240E-01     5.95584075165259E-01     4.96837623369842E-01
         0.46645021946921     7.84538402757388E-01    -4.08365744734644E-02    -6.15550727563364E-01    -6.49207117094457E-01     1.42847181972710E-01    -7.45101990481658E-01     8.41535542399250E-01
         0.14793951916337     2.04917720496501E-01     9.58629734771334E-01     1.97579739611495E-01    -3.97144432185278E-01    -9.01257668045223E-01     1.73236517641798E-01    -7.84343402663362E-02
O DZVP-MOLOPT-PBE-GTH-q6
 1
 2 0 2 5 2 2 1
        10.34256722623639    -1.36598767253985E-01     5.35898017733314E-02    -9.23673397522993E-02     5.82948619873808E-02    -9.48396929864874E-02
         3.67715896642206    -1.53365311059511E-01     9.09944842814309E-02    -2.98268574244154E-01     1.75273022378177E-01     1.72695668110757E-01
         1.30046451996361     5.48021970885945E-01    -2.61169567089594E-01    -5.68604037326135E-01     3.64979965319240E-01     4.96837623369842E-01
         0.46645021946921     7.84538402757388E-01    -4.08365744734644E-02    -6.49207117094457E-01     1.42847181972710E-01     8.41535542399250E-01
         0.14793951916337     2.04917720496501E-01     9.58629734771334E-01    -3.97144432185278E-01    -9.01257668045223E-01    -7.84343402663362E-02
H TZV2P-MOLOPT-PBE-GTH-Q1
 1
 2 0 2 5 3 2 1
         9.42354063693337     1.73389254674243E-02    -1.21441381781897E-01     8.48842952201243E-01    -8.76722314909129E-02     1.38509912982294E-01     1.01583846424117E-05
         2.22615949373757     1.93701953472634E-01    -1.18295700700916E-01     4.34966851840939E-01     2.94035801652179E-01    -4.64264354132394E-01    -5.41805899933135E-06
         0.63906011750762     5.93968178416321E-01    -1.91886640436410E-01     8.47731161618519E-02     4.09268475073086E-01    -6.46177309023364E-01    -2.13029117448260E-05
         0.31891311049636     2.87977189530933E-01     9.48793640784133E-01     1.29845157344792E-01     1.56986057354678E-01    -2.47870371773730E-01     1.00804100896023E-05
         0.16139156624546     7.25568643357183E-01    -1.85008817130971E-01    -2.57338753762772E-01     8.44814311123899E-01     5.35059601902204E-01     9.99999999656012E-01
H TZVP-MOLOPT-PBE-GTH-q1
 1
 2 0 1 5 3 1
         9.42354063693337     1.73389254674243E-02    -1.21441381781897E-01     8.48842952201243E-01    -8.76722314909129E-02
         2.22615949373757     1.93701953472634E-01    -1.18295700700916E-01     4.34966851840939E-01     2.94035801652179E-01
         0.63906011750762     5.93968178416321E-01    -1.91886640436410E-01     8.47731161618519E-02     4.09268475073086E-01
         0.31891311049636     2.87977189530933E-01     9.48793640784133E-01     1.29845157344792E-01     1.56986057354678E-01
         0.16139156624546     7.25568643357183E-01    -1.85008817130971E-01    -2.57338753762772E-01     8.44814311123899E-01
H DZVP-MOLOPT-PBE-GTH-q1
 1
 2 0 1 5 2 1
         9.42354063693337     1.73389254674243E-02    -1.21441381781897E-01    -8.76722314909129E-02
         2.22615949373757     1.93701953472634E-01    -1.18295700700916E-01     2.94035801652179E-01
         0.63906011750762     5.93968178416321E-01    -1.91886640436410E-01     4.09268475073086E-01
         0.31891311049636     2.87977189530933E-01     9.48793640784133E-01     1.56986057354678E-01
         0.16139156624546     7.25568643357183E-01    -1.85008817130971E-01     8.44814311123899E-01
F TZV2P-MOLOPT-PBE-GTH-Q7
 1
 2 0 3 5 3 3 2 1
        13.30428004732790     1.38292090777636E-01    -4.13851185732434E-02    -3.68601172475513E-01    -9.35531482386367E-02     5.06296345689289E-02     1.31156005847365E-01    -3.26022751966033E-02     1.00541308351024E-01     9.72064409635608E-05
         4.80605774544240     1.37268979809070E-01    -3.39565337061055E-02    -2.68712697428403E-01    -2.95910126104609E-01     1.05677150923709E-01    -3.03933997040743E-01     1.33191225710905E-01    -4.08920622745241E-01     5.04092340544058E-06
         1.70698523266130    -5.18264453672791E-01     1.04861752881122E-01     6.94838249064691E-01    -5.65276724858415E-01     3.02716360438154E-01     7.47866109869779E-01     2.66499643835383E-01    -8.18034852203344E-01     5.83002400834836E-05
         0.58735472443375    -8.26267224974586E-01     4.59440905301858E-02    -5.51244775686392E-01    -6.52493507471700E-01     2.40526134346493E-01    -5.71224059806739E-01     9.50822081343244E-01     3.09737546860849E-01     9.99999990598423E-01
         0.17874874061685    -1.03522721189923E-01    -9.91981541717081E-01     7.24959778581021E-02    -3.97994287350983E-01    -9.14756231842929E-01     6.94376178966045E-02     7.81824693351836E-02    -2.39910404638869E-01    -7.70047573235798E-05
F TZVP-MOLOPT-PBE-GTH-q7
 1
 2 0 2 5 3 3 1
        13.30428004732790     1.38292090777636E-01    -4.13851185732434E-02    -3.68601172475513E-01    -9.35531482386367E-02     5.06296345689289E-02     1.31156005847365E-01    -3.26022751966033E-02
         4.80605774544240     1.37268979809070E-01    -3.39565337061055E-02    -2.68712697428403E-01    -2.95910126104609E-01     1.05677150923709E-01    -3.03933997040743E-01     1.33191225710905E-01
         1.70698523266130    -5.18264453672791E-01     1.04861752881122E-01     6.94838249064691E-01    -5.65276724858415E-01     3.02716360438154E-01     7.47866109869779E-01     2.66499643835383E-01
         0.58735472443375    -8.26267224974586E-01     4.59440905301858E-02    -5.51244775686392E-01    -6.52493507471700E-01     2.40526134346493E-01    -5.71224059806739E-01     9.50822081343244E-01
         0.17874874061685    -1.03522721189923E-01    -9.91981541717081E-01     7.24959778581021E-02    -3.97994287350983E-01    -9.14756231842929E-01     6.94376178966045E-02     7.81824693351836E-02
F DZVP-MOLOPT-PBE-GTH-q7
 1
 2 0 2 5 2 2 1
        13.30428004732790     1.38292090777636E-01    -4.13851185732434E-02    -9.35531482386367E-02     5.06296345689289E-02    -3.26022751966033E-02
         4.80605774544240     1.37268979809070E-01    -3.39565337061055E-02    -2.95910126104609E-01     1.05677150923709E-01     1.33191225710905E-01
         1.70698523266130    -5.18264453672791E-01     1.04861752881122E-01    -5.65276724858415E-01     3.02716360438154E-01     2.66499643835383E-01
         0.58735472443375    -8.26267224974586E-01     4.59440905301858E-02    -6.52493507471700E-01     2.40526134346493E-01     9.50822081343244E-01
         0.17874874061685    -1.03522721189923E-01    -9.91981541717081E-01    -3.97994287350983E-01    -9.14756231842929E-01     7.81824693351836E-02
