Pt admm-dz
    7
1 0 0 2 1
        2.59006267    0.58294690 
        2.33470978   -0.59830237
1 0 0 1 1
        0.72908213    1.00000000
1 0 0 1 1
        0.10544586    1.00000000
2 1 1 2 1
        4.56552187   -0.15077067 
        1.40715444    0.74705907
2 1 1 1 1
        0.54474727    1.00000000
2 2 2 2 1
        1.20177282   -0.52879475 
        0.41824921   -0.47471797
2 2 2 1 1
        0.14098272    1.00000000

Pt admm-dzp
    8
1 0 0 2 1
        2.59006267    0.58294690
        2.33470978   -0.59830237
1 0 0 1 1
        0.72908213    1.00000000
1 0 0 1 1
        0.10544586    1.00000000
2 1 1 2 1
        4.56552187   -0.15077067
        1.40715444    0.74705907
2 1 1 1 1
        0.54474727    1.00000000
2 2 2 2 1
        1.20177282   -0.52879475
        0.41824921   -0.47471797
2 2 2 1 1
        0.14098272    1.00000000
3 3 3 1 1
      0.8018000       1.0000000

Pt admm-tzp
   11
1 0 0 2 1
        6.45716265   -1.73481696 
        5.80445331    2.25813221
1 0 0 1 1
        1.22503717    1.00000000
1 0 0 1 1
        0.48248445    1.00000000
1 0 0 1 1
        0.10020730    1.00000000
2 1 1 2 1
        6.33742192    0.19478466 
        5.68566246   -0.32892194
2 1 1 1 1
        1.36675421    1.00000000
2 1 1 1 1
        0.52976283    1.00000000
2 2 2 2 1
        5.29398987   -0.05214581 
        1.51922447    0.40675577
2 2 2 1 1
        0.57162405    1.00000000
2 2 2 1 1
        0.18683539    1.00000000
3 3 3 1 1
      0.8018000       1.0000000

Pt admm-tz2p
   13
1 0 0 2 1
        6.45716265   -1.73481696
        5.80445331    2.25813221
1 0 0 1 1
        1.22503717    1.00000000
1 0 0 1 1
        0.48248445    1.00000000
1 0 0 1 1
        0.10020730    1.00000000
2 1 1 2 1
        6.33742192    0.19478466
        5.68566246   -0.32892194
2 1 1 1 1
        1.36675421    1.00000000
2 1 1 1 1
        0.52976283    1.00000000
2 2 2 2 1
        5.29398987   -0.05214581
        1.51922447    0.40675577
2 2 2 1 1
        0.57162405    1.00000000
2 2 2 1 1
        0.18683539    1.00000000
3 3 3 1 1
      1.3040000       1.0000000
3 3 3 1 1
      0.4337000       1.0000000
4 4 4 1 1
      1.0772000       1.0000000
