MO TZVPP-MOLOPT-PBE-Q14
 1
 1 0 4 7 6 4 3 2 1
        13.81799806780407    -3.89876320006817E-01    -1.19938092364420E-01     2.93856984823154E-02    -6.39684173494993E-02    -2.99768655771367E-01     7.66010316353351E-02    -7.57973215831680E-03     2.65161075180547E-01     2.89766747751023E-01     1.24748106980446E-01     5.42650206314691E-02    -9.93532602812464E-02    -1.01164909493428E-01     9.15683088132028E-02    -7.00595494390612E-02    -5.50046450120680E-02
        12.39644977867194     4.92643448625377E-01    -1.54085167569420E-01     3.01641346257975E-01    -2.23810062012624E-01     5.83577716918354E-01    -2.94567187271987E-01    -1.14526941200554E-01    -1.07205829726605E-01    -3.37797073550074E-01    -5.96698498457864E-02    -6.86381470886618E-02     1.04406747760321E-01     1.20105986967109E-01    -1.14801908830163E-01     8.20049783457008E-02     4.17252371053782E-02
         4.06975302560443     3.19203549907662E-02     9.44581156392836E-01     1.10668487613752E-01     1.43232044449631E-01     1.46461717376652E-01     1.21804230307131E-01     1.36981954552525E-01    -4.57994904622331E-01     6.69780521774324E-02    -1.77458337601539E-01     7.79883051243826E-04     2.11846836932999E-02    -3.89993491745531E-02     8.09726232783794E-02    -3.72917463751077E-02     6.57564525018449E-02
         1.70306413259051    -3.18984206962796E-01    -1.38337880822493E-01     8.54388670737922E-01     3.07622488595397E-01     9.16030398602926E-02     1.51227197442247E-01     6.27689924490297E-01    -5.34937795174204E-01    -1.11691062847429E-01    -1.93495040453356E-01     3.10937686742013E-01    -2.40404878266846E-01    -5.70661213006063E-02     2.04996512040266E-02     5.55851914739557E-02    -2.66322239741445E-01
         0.66059346054996     5.10839087131522E-01    -5.36249644818277E-02     5.72768111325611E-02     6.72784075426544E-01    -4.42986174216335E-01    -2.53253597304560E-01     6.96473159809445E-01     5.76844454495064E-01    -3.06074279164495E-01     1.01566791738324E-01     9.02222070486282E-01    -1.02185976589995E-01    -1.83608271215603E-01     9.23473625628118E-01     3.39100972945039E-01     8.51275018167943E-01
         0.21764978973221    -4.45984866837380E-01    -5.77103916682763E-02    -3.34437701565579E-01     5.20862413163383E-01     4.91860143193242E-01    -4.12741002571309E-01     2.97135736335005E-01    -1.88312515000673E-02     8.14556456499355E-01     1.49001490875947E-01     1.64572445580192E-01    -2.25510887331386E-01     9.52303896353910E-01    -3.08376310229653E-01     9.30501359701612E-01     4.29712887649897E-01
         0.06431919927845     2.06567131656259E-01    -2.10465100978804E-01    -2.25371370840158E-01     3.26701726476809E-01     3.18701268833250E-01     7.96971767766496E-01     2.65126776786045E-02    -2.98621158327910E-01    -1.66684524820030E-01     9.37778422172614E-01    -2.33607587054133E-01    -9.27193469702671E-01    -1.73112718411700E-01     1.53490974289617E-01    -5.53552611880317E-02    -1.03245943357720E-01
C TZVPP-MOLOPT-PBE-AE
 2
 1 0 0 6 1
     13575.36958405577388     4.58147950944622E-04
      2035.23751738363671     1.21337901046264E-02
       463.11111195382159     3.94772659786306E-02
       131.31855343946540     2.27675432947388E-01
        42.89959282566456     1.83999091958326E-01
        15.85510154272720     9.55302223434938E-01
 1 0 3 6 4 3 2 1
        34.41721150609357     9.02610706533540E-02     1.45960387814647E-01    -5.81350391534647E-01    -1.86791853710472E-01     2.24000414781332E-02     1.35113513652918E-02    -9.87851280080972E-02     2.98612069007889E-01    -2.24236690578969E-01     1.44118218013727E-02
         6.73967331854110     8.42948760302444E-01    -1.29849205041561E-01    -5.44525843040446E-02    -6.71931413988591E-02     1.91277633948411E-01    -1.66915456837718E-01     1.05142388826124E-01     1.25840321584798E-01    -1.04282075437448E-01    -2.31687139463439E-02
         2.44162428858657     4.59593591138479E-01    -1.00655279581068E-01    -1.37653511557023E-01    -1.93557517366444E-02     2.11051684448653E-01     1.99160136414799E-01    -1.81772636941788E-01     6.58919643733437E-01    -3.51581809254503E-01     1.16047272341388E-01
         0.80676393803573     8.72690243543751E-03     8.01077547688240E-01    -4.00910108714892E-01     7.51099749711393E-02     9.43473200180869E-01    -1.64395137159315E-01    -5.93836313870153E-02     6.64977833395214E-01     3.14836909427245E-01     7.81790432912519E-01
         0.28395954992898     1.42303776998465E-01     4.59233425841999E-01     5.88311261894914E-01    -6.15166888615124E-01     1.43785506703447E-01     9.46250030657811E-01    -5.39147063185988E-02     1.17179343018990E-01     8.44845722597378E-01     5.98727626814855E-01
         0.09709795396584     2.23019133348180E-01     3.14774025311408E-01     3.65074092396285E-01     7.59043760808618E-01     8.69042000524980E-02     9.93832585229523E-02     9.69387473501416E-01     6.99530662023376E-02     4.84439079059064E-02    -1.26954671295191E-01
O TZVPP-MOLOPT-PBE-AE
 2
 1 0 0 6 1
     27032.34110717467047     7.35264897360634E-04
      4052.43915960016602     8.66846509689763E-03
       922.34965292725667     3.34607178584762E-02
       261.27735857055188     1.68914563970243E-01
        85.30942400544160     3.28333881314405E-01
        31.08080221478707     9.28692322525900E-01
 1 0 3 6 4 3 2 1
        62.91495630413323     1.16332726109966E-01    -5.81371416541881E-02     1.11937556008261E-02     5.75105170781195E-02    -1.16673038976174E-01     1.57254063503839E-01    -3.81929188419382E-02     1.36166697203113E-01    -8.71583721921845E-02     3.21000644845466E-04
        12.30944986692977     8.69241308775708E-01    -1.42460076990705E-02    -1.06600413011436E-01    -2.47597695986788E-02     1.45932079266690E-01    -6.05243600472558E-02     1.73638156652357E-02    -3.58452443966721E-02     4.76694147153259E-02     4.38837435813283E-02
         4.39539910954103     4.65741956926282E-01    -6.40342096322616E-02    -3.00344470998384E-02    -3.98106989985228E-03     3.91422103647488E-01     5.26377359502661E-02    -3.09523103597808E-02     7.70731222820744E-01    -3.53322944888660E-01    -1.34769543790620E-01
         1.33540846189799     9.21608149605863E-03     9.33076668604289E-01    -3.27550581669708E-01    -1.21459202569881E-01     9.00080356671289E-01     4.50466786404856E-02    -1.97504472088648E-02     5.53665920222864E-01     3.94485051877056E-01     9.40647803425498E-01
         0.45443287552085     9.32917636734327E-02     2.31107250617785E-01     8.41720615852045E-01    -4.78471205438802E-01    -3.61150582409544E-02     9.80775789580233E-01    -6.12678902654526E-02     1.14853463706434E-01     8.35162106564474E-01     2.94962206933611E-01
         0.14893102365245     7.19887781862831E-02     2.61293155746377E-01     4.14519004469322E-01     8.67396456641546E-01     2.07610475621550E-02     6.99062044682833E-02     9.96563053096360E-01     2.57701109533086E-01    -1.10361865139449E-01     8.99460419695147E-02
F TZVPP-MOLOPT-PBE-AE
 2
 1 0 0 6 1
     35479.02878767263610     6.72585320603450E-04
      5318.56312951047130     8.20097950478645E-03
      1210.53207767191157     3.41581776414553E-02
       342.85143677005027     1.67981165419731E-01
       112.04698837680320     3.40179960458393E-01
        40.78491787387953     9.24567700620738E-01
 1 0 3 6 4 3 2 1
        79.87901815644609     1.16918239284466E-01    -1.68147951461107E-02    -2.12818697913285E-02    -7.26226478740949E-03    -2.45424567087636E-01     2.14619427519455E-01     6.35891870315225E-02     1.01451133211560E-01    -3.43565246327839E-02    -1.31870850864618E-02
        16.19635642859436     8.53271420269594E-01     1.38508493185086E-02     1.47303644984199E-01    -9.44612873543678E-02    -1.04048621424425E-01     1.57592183640012E-01     5.70164828779390E-02     5.65110690465166E-02     4.45853785965381E-03     1.05680763536942E-01
         5.77801148801512     4.75828101997680E-01     9.06865843095588E-03     4.56280442532806E-02    -3.42227538288093E-02     3.85471543429814E-01     1.08618595980577E-01    -3.86557846134089E-02     7.78219890128867E-01    -1.58938198405914E-01    -1.90738906372033E-01
         1.80048565891898     5.42202862380103E-03     9.84951172129337E-01    -1.65338157360220E-01    -4.82246452283408E-02     8.82036252116551E-01     2.29685585491659E-02     9.54990517737228E-02     5.96805252189064E-01     2.06883586435839E-01     7.91345089335059E-01
         0.61342852936985    -1.78123417267227E-01     1.16155230853301E-01     8.34960810060312E-01    -5.05012861636734E-01     2.35771402740000E-03     9.52591193174218E-01     7.86110613461027E-02     2.14870962580005E-02     9.58447372992515E-01     5.67195057415070E-01
         0.19458219035665     9.39552285204502E-03     1.25786831338083E-01     5.01268928973589E-01     8.55856016509765E-01    -4.85679584923393E-02    -9.66833470619191E-02     9.87882330256585E-01     1.55723360184243E-01    -1.10073678097833E-01    -6.58715646571095E-02
H TZVPP-MOLOPT-PBE-AE
 1
 1 0 2 5 3 2 1
        34.17773832674855    -4.67038702307212E-01     3.25930727691839E-01    -1.51283436822271E-01    -1.00054440080746E-01     7.49322156514700E-02     1.29694886730211E-02
         4.94770130521271    -8.38132979846024E-02     2.28656356488893E-01    -2.28133785557746E-02     1.35570007424312E-01    -4.78523016653350E-02    -4.42398660674758E-02
         1.06512662518152     8.14717082181122E-01     2.11440298046549E-01     2.96545250287854E-01     9.76472815332876E-01     6.34720246090092E-02     9.35175251752971E-01
         0.29382327136550    -1.33307568322592E-01     8.19165770735029E-01     3.66068869122815E-01    -2.64980945419224E-02     9.79893619096044E-01     2.87655408521357E-01
         0.09137129667664    -3.05475612542697E-01    -3.54606643763996E-01     8.68704419864991E-01     1.31941555275947E-01    -1.66958430843673E-01    -2.01435451376045E-01
