SN QZVPP-MOLOPT-PBE-Q22
 2
 1 0 2 11 2 2 1
     11607.11924599079794    -1.23275144045332E-04    -5.68143995308785E-03     1.33770286391315E-03    -9.50752772725554E-03    -5.97054585268648E-06
      1754.94257258393986     6.59872139116826E-04     3.18822528510592E-02    -3.71311196825721E-04     2.29978419487887E-03     2.89460851750777E-06
       397.18272189159472    -3.31058766752733E-04    -5.80627462899976E-02     4.01436581871701E-04    -1.55220356756330E-03     1.44052418905760E-05
        90.22593563895182     4.72116727074754E-03     1.49489759130455E-01     3.57898211620246E-03    -2.95367671043026E-02     1.32796609909392E-04
        31.50248495645857    -4.16582970866131E-02    -1.30599822946058E-01    -6.79617336114479E-03     8.38762176850872E-02     1.38291970241676E-03
        19.59173543454968     1.37025616998779E-01    -6.37201881052808E-01     1.04444536185533E-02    -1.09178494663788E-01    -2.57874323208212E-03
         7.13790451484842    -3.44389472766623E-01     3.01752787145424E-01    -1.57056261831944E-01     4.87459741449422E-01    -1.67056297044554E-04
         4.28359497288018    -3.00469845111580E-01     4.95295403079989E-01     9.05016761271896E-02     5.20134625772854E-01     1.40835756756376E-01
         1.86253608979233     8.51763772083395E-01     4.16171882910151E-01     3.26984237563561E-01    -4.73501650387081E-01     1.56103316501468E-01
         0.56504037377676    -2.08976631628207E-01     6.43780142342737E-02     4.65157778027766E-01     4.94682689856260E-01     5.81000366224579E-01
         0.24529088481423     3.75063214323410E-02    -1.90877908430689E-01     8.02298046235795E-01    -5.47952493155903E-02     7.86274131880964E-01
 1 0 4 7 5 4 3 4 1
         4.54878885097661    -1.16420788216004E-01    -1.49984391959691E-01    -1.51982827263255E-01    -3.94907107627139E-02    -2.96480507948532E-02    -1.79668542962170E-01     3.02990146742894E-01    -6.82171449022949E-02    -6.99273814098845E-02     1.19512244912982E-02    -5.28476512921700E-02    -1.10704605465862E-01     9.54846713289821E-01    -4.01617139374585E-02     1.06625883715858E-01     1.57672429867157E-01    -4.05447596972056E-03
         1.74873880138541     1.00414142494680E-01    -2.18589256087783E-01     6.11884484480051E-01    -1.24435282219243E-01    -5.46851376942327E-03    -1.92837341640216E-02     9.28618865469544E-02     1.17373700828688E-01     2.43442142678772E-01     1.77425797267667E-02     1.31777076721554E-01    -2.52548434186693E-02    -1.07874607033522E-01     4.54793486411529E-01     3.25481353551567E-01    -9.93275189655473E-02     1.22798446479130E-02
         0.94089127276486     7.69636271472396E-01    -2.88420454456444E-01    -4.81246153553505E-01    -9.86661193520335E-02    -2.10134782595965E-01    -7.94197836090092E-02    -3.55626104106900E-01    -2.15894383909620E-01    -2.31351252930043E-01    -9.44133615966206E-02    -3.00742164189171E-01     5.32416737287021E-02     8.93372788886517E-02     8.02340459524078E-01    -3.96993668805206E-02    -2.50359007244921E-01    -2.07430782483135E-01
         0.57993367088522     3.26320137471542E-01     8.08853825624135E-01    -3.27360497529074E-03    -2.96857570774344E-01     3.26769643780204E-01     7.82344012667992E-01    -1.73805131532438E-01    -1.04728082245280E-01    -5.01584194315751E-01     5.77431447577001E-01    -7.69762049087942E-01    -3.58124882343283E-02     4.00457304001072E-02    -3.07023613894420E-01     6.35257307698496E-01    -6.79630489386674E-01     3.37943216181458E-01
         0.23251568843573     4.76145977382459E-01    -6.82163206576642E-02     3.94741716435031E-01     6.22332886360953E-01     3.22442036792754E-01     4.64730431657212E-01     6.68268148410734E-01    -2.64983514161271E-01     3.29355033479791E-01     5.86086331917173E-01     3.92220721747434E-01    -6.60074898978636E-01    -1.61760649919580E-01     8.39462989759533E-02     6.79545751157389E-01     6.56923016629851E-01     9.11536322038825E-01
         0.10731115234222    -2.19815555202383E-01    -7.44191884959600E-02    -4.57529619657484E-01     3.92485793022625E-01     6.01736939947806E-01     3.13808381127547E-01    -1.58889450881224E-01     8.19631610574911E-01     2.86154649022617E-01     5.43696555234331E-01     3.64398226177722E-01     7.19557522678668E-01     5.97105098156608E-02    -7.59019526150840E-04    -3.40072540647864E-02     7.97992071424330E-02     8.55558738411629E-02
         0.04072963583962     5.00450545650233E-02    -4.26732782306848E-01     7.57340446039652E-02    -5.86305044066214E-01     6.18142256684911E-01     1.85816097005599E-01    -5.20641254178683E-01    -4.26590247719974E-01     6.63608888609633E-01     1.34529836709732E-01    -1.01189448347249E-01     1.71835887906047E-01     1.93168735849341E-01     2.15612271799989E-01     1.20938006647663E-01    -5.27299818384115E-02    -6.61917352137555E-02
H QZVPP-MOLOPT-PBE-AE
 2
 1 0 0 4 1
       190.54117440353127     1.96600972886938E-02
        28.48589623081718     5.38615245148400E-01
         6.82683105625948     8.41690491707832E-01
         1.91976916792120    -3.26222996883324E-02
 1 0 3 4 3 3 2 1
         3.13044722440195    -3.66327628299461E-01     2.56023465069061E-01     1.80301571342015E-01     9.57864765395543E-01    -2.86990854469403E-01     7.09708425215968E-03     9.99207337838246E-01    -1.14391682399844E-02     5.85140484472903E-01
         0.96627664577475     8.95826280526715E-01     1.78507674168198E-01     3.15139388181339E-01     2.45050348375012E-01     8.29767518144689E-01     5.01170647875718E-01     1.62635846128724E-02     9.81329325317073E-01     6.84086073735301E-01
         0.31928820204257    -2.30012077387642E-01     6.10224429055026E-01     6.40105374762635E-01    -1.47922353363481E-01    -4.66731275488582E-01     8.51205422301253E-01    -4.48915950780499E-03     1.60295348734119E-01    -4.27324109791794E-01
         0.10666805621490    -1.01949929465328E-01    -7.28157360590113E-01     6.77084646545968E-01     2.37570063441528E-02     1.06226323308904E-01    -1.55650063115620E-01     3.60560573643188E-02    -1.05675455413839E-01    -8.38508338830758E-02
O QZVPP-MOLOPT-PBE-AE
 3
 1 0 0 8 1
    116506.38604434675653    -9.98096455193836E-05
     17504.60971368530591     2.33919295977431E-03
      3993.52399023383759     6.88020418607601E-03
      1133.09478918324885     4.13200618900893E-02
       369.82539210352701     1.15856592130636E-01
       133.78894948022503     3.83521465148008E-01
        52.21462909576736     4.11693815406844E-01
        21.67293595845605     8.17457382177472E-01
 1 0 1 5 2 1
       191.04192564330430    -5.10687570632457E-03     2.62695839052370E-02     1.26002594453494E-02
        45.06231751131436     7.10386627064769E-01    -6.24048153127724E-01     1.12036824182174E-01
        14.05235016622558     5.61186314944367E-01     2.63654168302179E-01     6.01861899721717E-01
         5.51919750076573     3.93930461642211E-01     7.34005739981864E-01     3.82904045403275E-01
         2.22318311118849     1.58787503341973E-01     3.99482759313346E-02     6.91690486537335E-01
 1 0 4 4 4 3 3 2 1
         4.07110969272635     8.35823185743741E-01     1.43707378138683E-01    -5.04975809725526E-01    -1.60459413041861E-01     1.72086536028372E-01     1.83573320585855E-01    -5.65096491463834E-01     5.87117703432284E-01    -6.86150954111257E-01     3.38448518372782E-01     7.96331496602706E-01    -4.06031379618403E-01     7.19190810290016E-01
         1.29660548931134    -3.21106263793023E-01     8.70808213615098E-01    -3.35156402976138E-01     1.62030885936799E-01     7.37714269017482E-01    -1.23907267761277E-01     5.94500398393531E-01     7.22514408166509E-01     6.34126435292987E-01    -1.48853997263073E-01     5.96617421514652E-01     6.47582903144410E-01     6.77717136798244E-01
         0.45442777800760     1.72702329034076E-01     4.19606306388715E-01     6.11297846324634E-01    -6.48397560346960E-01     6.52371782439809E-01     1.27228381173723E-01    -5.13977719496993E-01    -3.94104996625507E-02     3.37150724159123E-01     9.16679165386756E-01    -9.80648777410346E-02     6.03388801969736E-01     3.99419887891043E-02
         0.14870720086566     4.10443997485985E-01     2.12065537529809E-01     5.08905256619550E-01     7.26346592547186E-01    -2.39778831856476E-02     9.66830266380264E-01     2.51121754346111E-01     3.62922229719464E-01    -1.15801215165473E-01    -1.51639030780056E-01     1.69434240146108E-02    -2.27369426215928E-01    -1.47880689800770E-01
F QZVPP-MOLOPT-PBE-AE
 3
 1 0 0 8 1
    132536.04395257573924     2.19133884152562E-04
     19758.15592578060023     2.13098802939830E-03
      4485.33885808192372     9.36952235670608E-03
      1273.60032301696378     4.57116768597223E-02
       418.75079369228018     1.29815698472524E-01
       152.24712142839283     3.88984269444136E-01
        59.93506405237581     3.48051089779771E-01
        24.88806979770636     8.41734891149259E-01
 1 0 1 5 2 1
       240.82710880865446    -5.22362746235088E-02     7.61618022060436E-02     2.22155163398913E-02
        56.74054074501728     8.36915891686098E-01    -3.52431037520191E-01     9.17502257704855E-02
        18.02568816680041     5.06654331012575E-01     3.90319004241376E-01     6.94833984744179E-01
         7.22835931546723     1.13647744824332E-01     8.46604124895882E-01     5.19336475096237E-01
         2.54051853711273     1.65011335426585E-01     3.00711541924844E-02     4.88450331337750E-01
 1 0 4 4 4 3 3 2 1
         4.64152109972176     7.99092172965100E-01     3.57185510151160E-01    -4.75225254357118E-01     8.96167845059309E-02     2.14101203990999E-03     4.09061558167189E-01    -4.32260580718334E-01     5.23415929943841E-01    -8.45844703511436E-01    -9.90960844591549E-02     6.49830793177351E-01    -6.47812475723957E-01     7.18812892465629E-01
         1.55189089466188    -5.65383503262805E-01     6.20688611440661E-01    -5.16124369070663E-01    -1.69418940846506E-01     9.01357430415779E-01    -3.23634717094166E-01     1.52228377872265E-01     8.31684066132871E-01     4.84322390964955E-01     2.69070652276370E-01     7.59749389285090E-01     5.45754817250953E-01     6.81802537410497E-01
         0.54311529853246     1.47999793272877E-01     6.59726542294831E-01     7.03321697890184E-01    -2.19534826074957E-01     3.64587678140232E-01     2.81361980784028E-01    -7.13536840615867E-01    -1.67858516623561E-01    -2.20433972029506E-01     9.41600143248362E-01     1.96681952393344E-02     4.63299478087506E-01    -2.42238812327185E-02
         0.17933709925335    -1.41029268364327E-01     2.27870683409749E-01     1.14521537491829E-01     9.56593181325010E-01     2.33722107747691E-01     8.05459277239079E-01     5.29945741006902E-01     7.84913805373263E-02     3.72481291736264E-02    -1.76550617000047E-01     1.06755709662101E-02    -2.60469325156765E-01    -1.33665736760872E-01
