
 *******************************************************************************
                                 RESPONSE BASIS
 *******************************************************************************

 Angular momentum :            0

             Exponent     Coef.(Quickstep Normalization), first 2 valence 0 response
            0.0988496300           -1.032401E-02       -1.297385E-01
            0.1911911842            4.041035E-02       -4.319258E-01
            0.3697946965           -8.887372E-02       -6.830498E-01
            0.7152427980            4.813517E-02       -4.522996E-02
            1.3833953405           -9.702345E-01        4.353532E-01
            2.6757105049           -6.656384E-01        8.978328E-01
            5.1752572069            9.965073E-01       -5.283573E-01
           10.0097851053           -2.149880E-01        5.671167E-02
           19.3605445776            4.355278E-02       -5.574356E-03
           37.4464269107           -7.325854E-03        7.199515E-04

 Angular momentum :            1

             Exponent     Coef.(Quickstep Normalization), first 2 valence 0 response
            0.0988496300           -3.286073E-04        3.017176E-01
            0.1911911842            1.128562E-03        2.811013E-01
            0.3697946965           -5.063937E-03        5.041818E-01
            0.7152427980           -8.147465E-02        6.535107E-02
            1.3833953405           -4.450871E-01       -7.789247E-02
            2.6757105049           -6.518026E-01       -4.453757E-01
            5.1752572069            1.756107E-01        4.471240E-02
           10.0097851053           -5.029942E-03        2.163749E-02
           19.3605445776            4.968502E-04       -6.421722E-03
           37.4464269107           -1.059709E-04        1.211756E-03

 Angular momentum :            2

             Exponent     Coef.(Quickstep Normalization), first 1 valence 0 response
            0.0988496300            6.882401E-05
            0.1911911842           -1.471626E-03
            0.3697946965           -3.043754E-02
            0.7152427980           -1.701308E-01
            1.3833953405           -4.039963E-01
            2.6757105049           -5.533912E-01
            5.1752572069            7.768186E-02
           10.0097851053            5.681324E-03
           19.3605445776           -1.856312E-03
           37.4464269107            3.883166E-04
 *******************************************************************************
