Au admm-dz
    5
1 0 0 2 1
        1.44407685    1.46922974
        1.29582956   -1.76479471
1 0 0 1 1
        0.10665369    1.00000000
2 1 1 1 1
        0.06901393    1.00000000
2 2 2 2 1
        1.38970476   -0.45958051
        0.55147103   -0.49070348
2 2 2 1 1
        0.19188151    1.00000000

Au admm-dzp
    6
1 0 0 2 1
        1.44407685    1.46922974
        1.29582956   -1.76479471
1 0 0 1 1
        0.10665369    1.00000000
2 1 1 1 1
        0.06901393    1.00000000
2 2 2 2 1
        1.38970476   -0.45958051
        0.55147103   -0.49070348
2 2 2 1 1
        0.19188151    1.00000000
3 3 3 1 1
      0.8919000       1.0000000

Au admm-tzp
    9
1 0 0 2 1
        1.86348707   -1.99608925
        1.66923891    5.74558910
1 0 0 1 1
        1.49584896    1.00000000
1 0 0 1 1
        0.10578613    1.00000000
2 1 1 1 1
        0.13976894    1.00000000
2 1 1 1 1
        0.06249240    1.00000000
2 2 2 2 1
        6.79487809   -0.00190526
        1.40916351    0.44855858
2 2 2 1 1
        0.56349482    1.00000000
2 2 2 1 1
        0.19543547    1.00000000
3 3 3 1 1
      0.8919000       1.0000000

Au admm-tz2p
   11
1 0 0 2 1
        1.86348707   -1.99608925
        1.66923891    5.74558910
1 0 0 1 1
        1.49584896    1.00000000
1 0 0 1 1
        0.10578613    1.00000000
2 1 1 1 1
        0.13976894    1.00000000
2 1 1 1 1
        0.06249240    1.00000000
2 2 2 2 1
        6.79487809   -0.00190526
        1.40916351    0.44855858
2 2 2 1 1
        0.56349482    1.00000000
2 2 2 1 1
        0.19543547    1.00000000
3 3 3 1 1
      1.4385000       1.0000000
3 3 3 1 1
      0.4878000       1.0000000
4 4 4 1 1
      1.2257000       1.0000000

