Kr admm-dz-q8
    4
1 0 0 2 1
        1.70967740   -0.44661310
        0.56300038    0.74802221
1 1 1 1 1
        0.20113053    1.00000000
1 1 1 2 1
        3.02014169   -0.07652623
        0.53365132    0.60354982
1 1 1 1 1
        0.16365259    1.00000000

Kr admm-dzp-q8
    5
1 0 0 2 1
        1.70967740   -0.44661310
        0.56300038    0.74802221
1 1 1 1 1
        0.20113053    1.00000000
1 1 1 2 1
        3.02014169   -0.07652623
        0.53365132    0.60354982
1 1 1 1 1
        0.16365259    1.00000000
2 2 2 1 1
  0.162345729986      1.00000000

Kr admm-tzp-q8
    7
1 0 0 2 1
        3.16289042    0.25761046
        2.40188483   -0.60179548
1 0 0 1 1
        0.45911737    1.00000000
1 0 0 1 1
        0.17492101    1.00000003
1 1 1 2 1
        2.71822488    0.09327661
        0.68766533   -0.36735805
1 1 1 1 1
        0.29346927    1.00000000
1 1 1 1 1
        0.11124341    1.00000000
2 2 2 1 1
  0.162345729986      1.00000000

Kr admm-tz2p-q8
    9
1 0 0 2 1
        3.16289042    0.25761046
        2.40188483   -0.60179548
1 0 0 1 1
        0.45911737    1.00000000
1 0 0 1 1
        0.17492101    1.00000003
1 1 1 2 1
        2.71822488    0.09327661
        0.68766533   -0.36735805
1 1 1 1 1
        0.29346927    1.00000000
1 1 1 1 1
        0.11124341    1.00000000
2 2 2 1 1
  0.495795342324      1.00000000
2 2 2 1 1
  0.141101443699      1.00000000
3 3 3 1 1
      6.622000E-01    1.00000000
