GA SVP-MOLOPT-PBE-AE
 4
 1 0 0 6 1
     87842.18153618251381     2.84678733253615E-03
     13189.62299068344328     2.04217232577319E-02
      3000.99204463754950     1.04379372171728E-01
       847.49374733554578     3.51606046819344E-01
       275.96202340313130     7.41294797195304E-01
        93.74185120193511     5.61725028085229E-01
 1 0 0 8 4
       183.97335337443658    -1.35636534156458E-01    -3.22438760701017E-03     1.38535399211264E-02     2.84938070225601E-02
        21.72394227865310     7.96800614705580E-01    -4.58708954708644E-02    -5.98039046225420E-02    -1.55302100018325E-01
        15.99626171593838    -3.46310793214151E-03    -1.56089938080672E-01     2.11374670865125E-02     3.31066236041258E-02
         9.02681603104357     5.50538794319634E-01    -5.56806392784734E-02    -2.92649877251795E-02    -9.64584105786373E-02
         2.85508459000068     5.42860962459519E-03     7.55735819903837E-01    -2.04659095273065E-01    -2.28958839713204E-01
         1.14841747837808    -4.42601373430826E-02     4.63460633239286E-01    -1.98434448346510E-01    -2.55906980058324E-01
         0.22386480334326     1.55083662803222E-01     4.00741594283508E-01     8.09159318293051E-01     3.87792788355821E-01
         0.07494460256768     1.32541245696648E-01     1.54579586218885E-01    -5.08849646214984E-01     8.34491047146263E-01
 1 1 1 5 1
      1167.13363740221621     1.35916372859626E-02
       275.45740008539269     9.54920751187558E-02
        87.40090335160005     3.91886688495206E-01
        30.55841370582662     7.84616786201639E-01
        11.21345359566030     4.70635584264804E-01
 1 1 2 7 3 3
        65.37129342526323    -2.71447699734365E-02     8.33813359758592E-02    -2.67050943419206E-01     4.43236379944066E-02     2.97338473463019E-03    -2.28337203879288E-02
        18.41200525957233    -3.65303959289292E-02     5.94471102639562E-03    -1.08528553325116E-01     2.12250219451383E-01     9.91477845366871E-02    -4.38936227347470E-02
         6.38229452138756     4.66308439846596E-01     2.28765353307796E-02    -2.32253106475347E-01     5.69892147300136E-01     9.64149944429226E-02    -3.93923511303133E-02
         2.43647666902276     8.15452185379313E-01    -1.86252242500452E-01     1.90318123646750E-01     7.76144195783894E-01    -1.81960123094373E-02     1.22934557133509E-01
         0.91530256404412     3.17652839695505E-01     1.08339164930649E-01    -3.37266480263029E-01     5.49248653942247E-02     6.75040451810541E-01    -5.52958192188464E-01
         0.31436378959291     1.00881835167924E-01     9.52232497324823E-01    -6.99805254537985E-02    -1.43591266713299E-01     7.18952770323016E-01     4.48266324232596E-01
         0.08484118759367     6.66512767382172E-02     1.98279791953611E-01     8.41484937728775E-01     4.66175346783874E-02     8.92257376073371E-02     6.88608632448028E-01

GA TZVPP-MOLOPT-PBE-AE
 4
 1 0 0 8 1
    435548.41586578462739     4.08703486058168E-04
     65289.78769720545824     3.07764882967774E-03
     14858.70907513516249     1.61872290237386E-02
      4206.15814240099826     6.52439537880583E-02
      1369.63531634846117     2.12908782018553E-01
       492.35775130119077     5.08464226962488E-01
       191.25469873946162     7.32175509902581E-01
        75.50689293733070     3.94366028313149E-01
 1 0 1 6 1 1
      2432.13630264048379    -2.03556827184992E-03     3.62015212846058E-03
       576.19348608922064    -2.54342371013555E-02     3.32435103718438E-02
       185.11265346520270    -1.20158879652835E-01     1.46258453928275E-01
        69.13852966379127    -9.68819615539745E-02     4.62436877441857E-01
        26.35686888746151     6.74530166506822E-01     7.76117862118390E-01
        10.32991698118328     7.21480242060163E-01     4.01601078999843E-01
 1 0 2 5 1 1 1
       103.72667183507285     1.58294982690609E-02    -2.37842516408363E-03     3.07035026322758E-02
        29.72118894242035    -7.66348876696251E-02    -1.39980555345018E-02     1.76690875527119E-01
        11.47189369482406    -2.01537764163166E-01     2.62429914087547E-02     4.98581390701783E-01
         4.81382668015051     1.42625673648502E-01     1.94481019554416E-01     8.43211262342364E-01
         0.74460271137304     9.65876269409719E-01     9.80452362927433E-01    -9.08239689533682E-02
 1 0 3 4 3 3 3 1
         1.97833816513275    -3.21692809816503E-01    -3.14229748970292E-01     1.25523861435644E-02    -2.23022280164819E-01    -9.27435978070555E-02     8.35207924006948E-03     7.57646718195605E-01    -1.15860238502607E-01    -3.81044782873346E-01     4.65630039971554E-02
         0.74101479372593     8.80816767729076E-01     2.33008398066240E-01     1.08055634600384E-01     8.61091973305263E-01     4.45885861292327E-01    -4.10320732885731E-02     5.99906387764433E-01     2.30996192524859E-01     9.04219132625950E-02     4.73147108090335E-01
         0.25662704186030    -2.81029997008120E-01     8.68217298957244E-01    -3.51370198160367E-01    -4.56555024249110E-01     8.88523357028913E-01    -4.11996183377420E-02    -3.98801816330023E-02     9.64813171381782E-01    -2.11610742872907E-02     8.44343014447187E-01
         0.07945383904720    -2.04200143440895E-01     3.05230196874523E-01     9.29895371145569E-01     1.84170000876048E-02     5.57733608407637E-02     9.98273110517775E-01     2.53955404431130E-01    -4.85047265878808E-02     9.19880948809108E-01    -2.47080097779550E-01

GA QZVPP-MOLOPT-PBE-AE
 4
 1 0 0 11 1
   6623802.03925660531968     1.18369175757462E-05
    987904.04993346321862     1.48641763085935E-04
    224132.15907271666219     7.26454689599983E-04
     63315.20121693071997     3.16310651105265E-03
     20611.30757008810906     1.11198572557909E-02
      7429.16047330503170     3.66256515052850E-02
      2894.20317279433448     1.02322484971158E-01
      1199.00631172372846     2.56734644472600E-01
       521.83109010118903     4.99877877837747E-01
       236.24940538875526     6.85996017052464E-01
       110.00310617814935     4.49080570105368E-01
 1 0 1 9 1 1
     14711.72572545770709     4.82184369412655E-04     1.29855034103064E-04
      3482.15517754628172     4.32071188117558E-03     1.70323428253440E-03
      1130.20924040420027     3.31252962222923E-02     7.66028607191700E-03
       431.55931696838587     1.59940909848719E-01     5.37693645986641E-02
       182.44832306503986     5.40662429043482E-01     1.44678349302101E-01
        82.75898849150339     8.22991407836889E-01     3.64980838685147E-01
        39.21008142364619    -9.84608178645076E-03     7.01057523561660E-01
        19.18886293815512    -4.73656875915098E-02     5.28244746894857E-01
         9.54546042136035     3.64903523402994E-02     2.69035789905521E-01
 1 0 2 8 5 2 1
       363.45972755434275     7.94575210177397E-02    -1.88360070305644E-01     2.68757860412824E-01    -2.52063852622108E-01     1.87873444762089E-01    -6.46952693459133E-03    -1.16569277742265E-01     1.66522130976592E-03
       109.05300712003785    -4.12484708992043E-02     9.43237288826156E-02    -1.20218576099387E-01     4.64728794718690E-02    -1.36895708995025E-01    -1.76634115589129E-02    -3.04315499101480E-01     1.41353298431813E-02
        41.87926673184627     9.91718816441949E-01    -5.53863673370653E-02    -3.23514518729274E-02    -1.75037967385245E-03    -2.22598495487376E-02    -8.18442011154336E-02    -9.27328428417117E-01     6.77335912515023E-02
        17.87544837353522     7.39117730132257E-02     9.73204185446416E-01     6.44785701386831E-02    -2.78026043872458E-02     6.29963592608603E-03     5.69460744505964E-03     2.40875416166296E-02     2.09347810279228E-01
         8.14213332515540    -4.87515345649916E-03    -7.27477191477097E-03     9.46264996748695E-01     6.31534262412424E-02    -4.71260991313244E-02     2.85032595787485E-01    -6.23709440913032E-02     4.62355007471080E-01
         3.77374554284720     2.60932651333117E-02    -3.03665171355770E-02     1.62300510731935E-02     9.59527106127802E-01    -3.42387032788015E-02     7.25980209255854E-01     5.05202075364682E-02     6.09250324773863E-01
         1.71320929711442    -5.42228687737142E-03     3.24292257420752E-02    -3.95820315617165E-02     8.87525915594091E-02     9.59766827910215E-01     5.96157785718507E-01    -1.61325096312356E-01     5.91760907724286E-01
         0.76931700159494    -4.77690080040576E-02    -5.83333478837478E-02    -1.04235349710849E-01    -3.11511137307145E-02    -1.44507526858832E-01     1.70939454011785E-01    -2.85874788152532E-02     1.27451917813621E-01
 1 0 4 6 4 4 3 4 1
         7.80861396679625    -1.36808770720902E-01    -5.50786105657828E-03    -2.63164218244889E-02    -1.10073981425113E-01    -1.46032827570059E-02    -2.24677057597845E-03    -1.38701332646736E-02     1.48960235445347E-02    -6.18290380778570E-02    -3.51484474931364E-02     1.20766885810092E-01     9.99513643432489E-01     1.22706217210133E-02    -1.94931602932181E-02     6.70559445918806E-03    -1.50854012899848E-02
         2.22843040860385    -1.83225554244631E-01    -1.21844896236955E-01    -1.39531333460046E-01    -1.10453123008923E-01     7.55394289777998E-01    -7.61327679540387E-02    -3.14200809870120E-02     2.43919557486517E-02     6.31400994715852E-02    -1.02060875105539E-02    -1.59071441457840E-01    -1.17117577015353E-02     9.98467183885948E-01     3.88500960278747E-03     1.31571296947257E-02    -2.31819738867829E-03
         0.74605209600825     9.69524605708490E-01     3.67312969173567E-02    -7.31297319539903E-02     1.45525778875032E-02     6.52310327366683E-01     1.07894846833307E-02    -1.32069342686269E-02    -3.95612503585673E-02     9.94479420437194E-01    -2.36567760515788E-02     2.18158812439651E-03     1.81786014818705E-02    -2.33578783551154E-02     7.07609179778051E-01    -4.27293171881994E-01     7.03749319527188E-01
         0.29305784575644    -6.74029348713066E-02     9.76201204211411E-01    -1.84383782028071E-01     2.85265024522820E-02     5.04481144891592E-02     9.95962104389953E-01     5.61643057637242E-03    -4.33590622722981E-02     2.55020161438304E-02     9.96197292451536E-01    -7.99164187663407E-03     1.00045446907649E-02     1.78674121979461E-02     7.06046692747002E-01     4.22941645256082E-01     7.09735891613073E-01
         0.11119634831903     2.26501823931517E-02     1.62542905143197E-01     9.58621489037517E-01     1.37172929076268E-01     3.23823605415351E-02    -5.32128943536092E-03     9.97747955219932E-01     5.64112963639693E-02     2.92942019042011E-02    -1.16362339309931E-02     9.36282826051138E-01     1.56901274445921E-03    -4.34032368012206E-02    -4.50841127551993E-04     7.70732940945462E-01     2.47147434858860E-02
         0.04041171643306    -5.17456187485608E-02    -6.62216689472404E-02    -1.46758157899565E-01     9.77671660064924E-01     7.98864096896689E-03     4.59729396904939E-02    -5.57982827982989E-02     9.96270949997432E-01    -4.11421574954804E-02     7.45408071832184E-02     2.88820843741104E-01     2.00573442048666E-02    -1.28077586141272E-02    -1.97999115983409E-02    -2.10460373119995E-01    -1.29652421662857E-02
