GA QZVPP-MOLOPT-PBE-AE
 4
 1 0 0 11 1
   6623802.03925660531968     1.18369175757462E-05
    987904.04993346321862     1.48641763085935E-04
    224132.15907271666219     7.26454689599983E-04
     63315.20121693071997     3.16310651105265E-03
     20611.30757008810906     1.11198572557909E-02
      7429.16047330503170     3.66256515052850E-02
      2894.20317279433448     1.02322484971158E-01
      1199.00631172372846     2.56734644472600E-01
       521.83109010118903     4.99877877837747E-01
       236.24940538875526     6.85996017052464E-01
       110.00310617814935     4.49080570105368E-01
 1 0 1 9 1 1
     14711.72572545770709     4.82184369412655E-04     1.29855034103064E-04
      3482.15517754628172     4.32071188117558E-03     1.70323428253440E-03
      1130.20924040420027     3.31252962222923E-02     7.66028607191700E-03
       431.55931696838587     1.59940909848719E-01     5.37693645986641E-02
       182.44832306503986     5.40662429043482E-01     1.44678349302101E-01
        82.75898849150339     8.22991407836889E-01     3.64980838685147E-01
        39.21008142364619    -9.84608178645076E-03     7.01057523561660E-01
        19.18886293815512    -4.73656875915098E-02     5.28244746894857E-01
         9.54546042136035     3.64903523402994E-02     2.69035789905521E-01
 1 0 2 8 5 2 1
       363.45972755434275     7.94575210177397E-02    -1.88360070305644E-01     2.68757860412824E-01    -2.52063852622108E-01     1.87873444762089E-01    -6.46952693459133E-03    -1.16569277742265E-01     1.66522130976592E-03
       109.05300712003785    -4.12484708992043E-02     9.43237288826156E-02    -1.20218576099387E-01     4.64728794718690E-02    -1.36895708995025E-01    -1.76634115589129E-02    -3.04315499101480E-01     1.41353298431813E-02
        41.87926673184627     9.91718816441949E-01    -5.53863673370653E-02    -3.23514518729274E-02    -1.75037967385245E-03    -2.22598495487376E-02    -8.18442011154336E-02    -9.27328428417117E-01     6.77335912515023E-02
        17.87544837353522     7.39117730132257E-02     9.73204185446416E-01     6.44785701386831E-02    -2.78026043872458E-02     6.29963592608603E-03     5.69460744505964E-03     2.40875416166296E-02     2.09347810279228E-01
         8.14213332515540    -4.87515345649916E-03    -7.27477191477097E-03     9.46264996748695E-01     6.31534262412424E-02    -4.71260991313244E-02     2.85032595787485E-01    -6.23709440913032E-02     4.62355007471080E-01
         3.77374554284720     2.60932651333117E-02    -3.03665171355770E-02     1.62300510731935E-02     9.59527106127802E-01    -3.42387032788015E-02     7.25980209255854E-01     5.05202075364682E-02     6.09250324773863E-01
         1.71320929711442    -5.42228687737142E-03     3.24292257420752E-02    -3.95820315617165E-02     8.87525915594091E-02     9.59766827910215E-01     5.96157785718507E-01    -1.61325096312356E-01     5.91760907724286E-01
         0.76931700159494    -4.77690080040576E-02    -5.83333478837478E-02    -1.04235349710849E-01    -3.11511137307145E-02    -1.44507526858832E-01     1.70939454011785E-01    -2.85874788152532E-02     1.27451917813621E-01
 1 0 4 6 4 4 3 4 1
         7.80861396679625    -1.36808770720902E-01    -5.50786105657828E-03    -2.63164218244889E-02    -1.10073981425113E-01    -1.46032827570059E-02    -2.24677057597845E-03    -1.38701332646736E-02     1.48960235445347E-02    -6.18290380778570E-02    -3.51484474931364E-02     1.20766885810092E-01     9.99513643432489E-01     1.22706217210133E-02    -1.94931602932181E-02     6.70559445918806E-03    -1.50854012899848E-02
         2.22843040860385    -1.83225554244631E-01    -1.21844896236955E-01    -1.39531333460046E-01    -1.10453123008923E-01     7.55394289777998E-01    -7.61327679540387E-02    -3.14200809870120E-02     2.43919557486517E-02     6.31400994715852E-02    -1.02060875105539E-02    -1.59071441457840E-01    -1.17117577015353E-02     9.98467183885948E-01     3.88500960278747E-03     1.31571296947257E-02    -2.31819738867829E-03
         0.74605209600825     9.69524605708490E-01     3.67312969173567E-02    -7.31297319539903E-02     1.45525778875032E-02     6.52310327366683E-01     1.07894846833307E-02    -1.32069342686269E-02    -3.95612503585673E-02     9.94479420437194E-01    -2.36567760515788E-02     2.18158812439651E-03     1.81786014818705E-02    -2.33578783551154E-02     7.07609179778051E-01    -4.27293171881994E-01     7.03749319527188E-01
         0.29305784575644    -6.74029348713066E-02     9.76201204211411E-01    -1.84383782028071E-01     2.85265024522820E-02     5.04481144891592E-02     9.95962104389953E-01     5.61643057637242E-03    -4.33590622722981E-02     2.55020161438304E-02     9.96197292451536E-01    -7.99164187663407E-03     1.00045446907649E-02     1.78674121979461E-02     7.06046692747002E-01     4.22941645256082E-01     7.09735891613073E-01
         0.11119634831903     2.26501823931517E-02     1.62542905143197E-01     9.58621489037517E-01     1.37172929076268E-01     3.23823605415351E-02    -5.32128943536092E-03     9.97747955219932E-01     5.64112963639693E-02     2.92942019042011E-02    -1.16362339309931E-02     9.36282826051138E-01     1.56901274445921E-03    -4.34032368012206E-02    -4.50841127551993E-04     7.70732940945462E-01     2.47147434858860E-02
         0.04041171643306    -5.17456187485608E-02    -6.62216689472404E-02    -1.46758157899565E-01     9.77671660064924E-01     7.98864096896689E-03     4.59729396904939E-02    -5.57982827982989E-02     9.96270949997432E-01    -4.11421574954804E-02     7.45408071832184E-02     2.88820843741104E-01     2.00573442048666E-02    -1.28077586141272E-02    -1.97999115983409E-02    -2.10460373119995E-01    -1.29652421662857E-02
H QZVPP-MOLOPT-PBE-AE
 2
 1 0 0 4 1
       190.54117440353127     1.96600972886938E-02
        28.48589623081718     5.38615245148400E-01
         6.82683105625948     8.41690491707832E-01
         1.91976916792120    -3.26222996883324E-02
 1 0 3 4 3 3 2 1
         3.13044722440195    -3.66327628299461E-01     2.56023465069061E-01     1.80301571342015E-01     9.57864765395543E-01    -2.86990854469403E-01     7.09708425215968E-03     9.99207337838246E-01    -1.14391682399844E-02     5.85140484472903E-01
         0.96627664577475     8.95826280526715E-01     1.78507674168198E-01     3.15139388181339E-01     2.45050348375012E-01     8.29767518144689E-01     5.01170647875718E-01     1.62635846128724E-02     9.81329325317073E-01     6.84086073735301E-01
         0.31928820204257    -2.30012077387642E-01     6.10224429055026E-01     6.40105374762635E-01    -1.47922353363481E-01    -4.66731275488582E-01     8.51205422301253E-01    -4.48915950780499E-03     1.60295348734119E-01    -4.27324109791794E-01
         0.10666805621490    -1.01949929465328E-01    -7.28157360590113E-01     6.77084646545968E-01     2.37570063441528E-02     1.06226323308904E-01    -1.55650063115620E-01     3.60560573643188E-02    -1.05675455413839E-01    -8.38508338830758E-02
C QZVPP-MOLOPT-PBE-AE
 3
 1 0 0 8 1
     67025.10701901487482     1.55242819581319E-04
     10039.96335431500120     1.79971855855663E-03
      2284.84440343404003     9.18465603393004E-03
       647.15582521948454     3.30943254643816E-02
       211.19400038923030     1.40054573872043E-01
        76.38630250999670     4.88904212464159E-01
        29.42939055659313     2.78742815383946E-01
        12.03316158077197     8.13926885458716E-01
 1 0 1 5 2 1
       105.22664287722547     1.24505987707591E-01    -1.23979079829649E-01     8.48724734240174E-03
        24.91583300068185     8.86899830964621E-01    -2.61079451396708E-01     7.12935689849336E-02
         7.80229155370005     4.00003776712541E-01     4.47986862457745E-01     2.93646788512991E-01
         3.21099181776232     6.52461897044525E-02     8.43161823281634E-01     4.71754813357094E-01
         1.56967041290132     1.83430810401738E-01     6.96607396504120E-02     8.28289896910713E-01
 1 0 4 4 4 3 3 2 1
         2.47850638544973     9.25363103371105E-01     3.63921965952564E-01    -4.09754907799388E-02     9.79027005345653E-02     8.73685730878957E-02     3.72622955903123E-01    -9.83513676753768E-02     4.18652943059247E-01    -8.11425670640435E-01    -2.99873003208179E-01     8.66784219363824E-01    -3.74034672761027E-01     4.58087622796984E-01
         0.78087017731256    -2.54208430662628E-01     7.69342245085598E-01    -2.12774533576705E-01    -5.46093015490870E-01     7.33644745126078E-01    -6.00104778885827E-01     2.48102701482297E-01     8.43800014184531E-01     5.13566081489940E-01    -1.18528266702603E-01     4.72493367712121E-01     8.15402228229376E-01     8.80208065556334E-01
         0.29223334789975    -1.80276620568274E-01     4.39776512878143E-01     7.84816560471271E-01     3.97693255169442E-01     5.19905537704389E-01     2.32993327506253E-01    -7.89436028296271E-01     2.94729082110152E-01    -2.41293925323745E-01     9.09144108822956E-01    -8.52078289092147E-02     3.90944163971848E-01    -9.54945193189171E-02
         0.09841607149407    -2.15827571862177E-01     2.86827354596128E-01    -5.80612584626446E-01     7.30778731527445E-01     4.28754419510502E-01     6.68386487318509E-01     5.52777364968373E-01     1.60829156214052E-01    -1.40055355380103E-01    -2.63598598880757E-01     1.34813799080373E-01    -2.05863863821392E-01    -7.91851498062194E-02
F QZVPP-MOLOPT-PBE-AE
 3
 1 0 0 8 1
    132536.04395257573924     2.19133884152562E-04
     19758.15592578060023     2.13098802939830E-03
      4485.33885808192372     9.36952235670608E-03
      1273.60032301696378     4.57116768597223E-02
       418.75079369228018     1.29815698472524E-01
       152.24712142839283     3.88984269444136E-01
        59.93506405237581     3.48051089779771E-01
        24.88806979770636     8.41734891149259E-01
 1 0 1 5 2 1
       240.82710880865446    -5.22362746235088E-02     7.61618022060436E-02     2.22155163398913E-02
        56.74054074501728     8.36915891686098E-01    -3.52431037520191E-01     9.17502257704855E-02
        18.02568816680041     5.06654331012575E-01     3.90319004241376E-01     6.94833984744179E-01
         7.22835931546723     1.13647744824332E-01     8.46604124895882E-01     5.19336475096237E-01
         2.54051853711273     1.65011335426585E-01     3.00711541924844E-02     4.88450331337750E-01
 1 0 4 4 4 3 3 2 1
         4.64152109972176     7.99092172965100E-01     3.57185510151160E-01    -4.75225254357118E-01     8.96167845059311E-02     2.14101203990999E-03     4.09061558167189E-01    -4.32260580718334E-01     5.23415929943841E-01    -8.45844703511436E-01    -9.90960844591549E-02     6.49830793177351E-01    -6.47812475723957E-01     7.18812892465629E-01
         1.55189089466188    -5.65383503262805E-01     6.20688611440661E-01    -5.16124369070663E-01    -1.69418940846506E-01     9.01357430415779E-01    -3.23634717094166E-01     1.52228377872265E-01     8.31684066132871E-01     4.84322390964955E-01     2.69070652276370E-01     7.59749389285090E-01     5.45754817250953E-01     6.81802537410497E-01
         0.54311529853246     1.47999793272877E-01     6.59726542294831E-01     7.03321697890184E-01    -2.19534826074957E-01     3.64587678140232E-01     2.81361980784028E-01    -7.13536840615867E-01    -1.67858516623561E-01    -2.20433972029506E-01     9.41600143248362E-01     1.96681952393344E-02     4.63299478087506E-01    -2.42238812327185E-02
         0.17933709925335    -1.41029268364327E-01     2.27870683409749E-01     1.14521537491829E-01     9.56593181325010E-01     2.33722107747691E-01     8.05459277239079E-01     5.29945741006902E-01     7.84913805373263E-02     3.72481291736264E-02    -1.76550617000047E-01     1.06755709662101E-02    -2.60469325156765E-01    -1.33665736760872E-01
CL QZVPP-MOLOPT-PBE-AE
 3
 1 0 0 10 1
   1467458.93775052158162     5.00027973996311E-05
    219756.22561595341540     2.92119625382510E-04
     50010.78269045410707     1.28590722749441E-03
     14164.71914344428478     6.48940441751174E-03
      4620.77877126598923     1.97871266811614E-02
      1667.78852683964556     6.65018359892871E-02
       650.34523295930057     1.78047411514083E-01
       269.43766657761569     4.24217234215202E-01
       117.09536851846944     6.88319212568402E-01
        52.76000788002602     5.56504843396412E-01
 1 0 1 8 2 2
      2501.95646798690223    -3.82883357554072E-02     8.37909091563773E-02     4.17887012633053E-04     1.59916949870661E-03
       592.94635448432632    -4.07348538060098E-02     1.30718267465741E-01     3.99041739687339E-03    -2.59213449401013E-02
       192.18114183797039     2.20528820527411E-01    -1.98966788392605E-01     2.18359541428443E-02     3.32964376441369E-02
        72.87930898689872     7.33114974004280E-01    -3.92594344886566E-01     8.68350005331845E-02    -2.17375228769997E-01
        30.43574290352728     6.34280900802578E-01     5.37964084760841E-01     2.47733889523512E-01    -2.17956740087419E-01
        13.46035723428640     7.71650835004062E-03     6.98209154610030E-01     5.32066586940945E-01    -4.48983934995352E-01
         5.97563269106637     1.31312121901711E-02     1.06376827476728E-02     7.10008437176348E-01     6.90916424895068E-01
         3.08191027511841    -9.07739768895670E-02     7.18273987087124E-02     3.78665897473595E-01    -4.73822396122835E-01
 1 0 4 6 6 4 4 2 1
         9.78337990819075     8.91563859098250E-01     4.20492586467600E-01    -1.05500184052396E-01    -6.37580026009099E-03    -1.27727899356303E-01    -2.85396905660188E-02    -1.53857744271598E-02     1.06253051057092E-01    -1.15431250361608E-01    -2.24073346383234E-02     3.39725575429827E-02     1.01895475255016E-01     3.78215008137413E-02    -4.46426713878059E-02    -6.35534933198293E-02     3.84866238399188E-02    -6.11006722560778E-02
         4.33269446539561    -4.29731410091877E-01     7.82174610574314E-01    -3.34369761244485E-01    -2.72432075009675E-01    -1.25354633131214E-01    -4.23985492338584E-02     7.30865995598478E-02    -1.69780800664228E-01     9.20852072943818E-03     3.68926930660954E-02     9.84874476080405E-01    -1.38014851189017E-01    -4.74208272594507E-02     1.83642605819759E-02     4.69010615356294E-02    -6.41463169582076E-02    -1.95982450216892E-02
         1.89618722201134    -1.08607609504601E-01     3.85249243565499E-01     8.24406939689850E-01     3.51646048346057E-01    -1.90711290748148E-01     1.07175344599850E-02     9.91627029311956E-01     8.56131566559374E-02    -7.28575131920513E-02     2.31284362812144E-02     7.90619312155555E-02     7.33791834593761E-01    -6.62746105231222E-01     4.37386186866967E-02     6.43881756150717E-01    -4.40208755319482E-01     7.22168984314687E-01
         0.75937665037877    -8.64870311670285E-02     5.72642042507304E-02    -4.40832017733930E-01     8.81987013108728E-01    -1.10544464050763E-01     6.91864630354049E-02    -7.17104623334244E-02     9.75883878241501E-01     2.82742999161818E-02    -5.63192675837824E-03     1.32325112586378E-01     6.30921978952516E-01     7.45720946790107E-01     7.09504044527997E-02     7.55448939940310E-01     4.62184592162924E-01     6.65787803325587E-01
         0.29257745973674     3.21350778484430E-02     2.43787785919905E-01     5.55589531759151E-02     1.28047138769592E-01     9.55294229503361E-01     8.63997700254051E-02     6.90556986584205E-02    -6.16188331121305E-03     9.83715665542611E-01     1.12973648641345E-01    -3.38233190166359E-02    -5.85726486891373E-02    -1.98834428606854E-02     9.93139085193975E-01    -8.21528343028837E-02     7.63814987833132E-01     1.70005500533451E-01
         0.10605356801669     1.16840788925550E-02     1.61310253462363E-02    -3.26472144512038E-04    -8.82496986965603E-02    -8.24248737035741E-02     9.92482391084379E-01    -3.44438923863824E-02     1.29554489179424E-02    -1.13078139742878E-01     9.92374501940459E-01    -6.29554636350571E-02     1.75001307873770E-01     2.43581082505283E-02    -6.63137740448836E-02    -4.15371998214924E-02    -5.99362050420123E-02     4.66830318968192E-02
