GA TZVPP-MOLOPT-PBE-AE
 4
 1 0 0 8 1
    435548.41586578462739     4.08703486058168E-04
     65289.78769720545824     3.07764882967774E-03
     14858.70907513516249     1.61872290237386E-02
      4206.15814240099826     6.52439537880583E-02
      1369.63531634846117     2.12908782018553E-01
       492.35775130119077     5.08464226962488E-01
       191.25469873946162     7.32175509902581E-01
        75.50689293733070     3.94366028313149E-01
 1 0 1 6 1 1
      2432.13630264048379    -2.03556827184992E-03     3.62015212846058E-03
       576.19348608922064    -2.54342371013555E-02     3.32435103718438E-02
       185.11265346520270    -1.20158879652835E-01     1.46258453928275E-01
        69.13852966379127    -9.68819615539745E-02     4.62436877441857E-01
        26.35686888746151     6.74530166506822E-01     7.76117862118390E-01
        10.32991698118328     7.21480242060163E-01     4.01601078999843E-01
 1 0 2 5 1 1 1
       103.72667183507285     1.58294982690609E-02    -2.37842516408363E-03     3.07035026322758E-02
        29.72118894242035    -7.66348876696251E-02    -1.39980555345018E-02     1.76690875527119E-01
        11.47189369482406    -2.01537764163166E-01     2.62429914087547E-02     4.98581390701783E-01
         4.81382668015051     1.42625673648502E-01     1.94481019554416E-01     8.43211262342364E-01
         0.74460271137304     9.65876269409719E-01     9.80452362927433E-01    -9.08239689533682E-02
 1 0 3 4 3 3 3 1
         1.97833816513275    -3.21692809816503E-01    -3.14229748970292E-01     1.25523861435644E-02    -2.23022280164819E-01    -9.27435978070555E-02     8.35207924006948E-03     7.57646718195605E-01    -1.15860238502607E-01    -3.81044782873346E-01     4.65630039971554E-02
         0.74101479372593     8.80816767729076E-01     2.33008398066240E-01     1.08055634600384E-01     8.61091973305263E-01     4.45885861292327E-01    -4.10320732885731E-02     5.99906387764433E-01     2.30996192524859E-01     9.04219132625950E-02     4.73147108090335E-01
         0.25662704186030    -2.81029997008120E-01     8.68217298957244E-01    -3.51370198160367E-01    -4.56555024249110E-01     8.88523357028913E-01    -4.11996183377420E-02    -3.98801816330023E-02     9.64813171381782E-01    -2.11610742872907E-02     8.44343014447187E-01
         0.07945383904720    -2.04200143440895E-01     3.05230196874523E-01     9.29895371145569E-01     1.84170000876048E-02     5.57733608407637E-02     9.98273110517775E-01     2.53955404431130E-01    -4.85047265878808E-02     9.19880948809108E-01    -2.47080097779550E-01
H TZVPP-MOLOPT-PBE-AE
 1
 1 0 2 5 3 2 1
        34.17773832674855    -4.67038702307212E-01     3.25930727691839E-01    -1.51283436822271E-01    -1.00054440080746E-01     7.49322156514700E-02     1.29694886730211E-02
         4.94770130521271    -8.38132979846024E-02     2.28656356488893E-01    -2.28133785557746E-02     1.35570007424312E-01    -4.78523016653350E-02    -4.42398660674758E-02
         1.06512662518152     8.14717082181122E-01     2.11440298046549E-01     2.96545250287854E-01     9.76472815332876E-01     6.34720246090092E-02     9.35175251752971E-01
         0.29382327136550    -1.33307568322592E-01     8.19165770735029E-01     3.66068869122815E-01    -2.64980945419224E-02     9.79893619096044E-01     2.87655408521357E-01
         0.09137129667664    -3.05475612542697E-01    -3.54606643763996E-01     8.68704419864991E-01     1.31941555275947E-01    -1.66958430843673E-01    -2.01435451376045E-01
C TZVPP-MOLOPT-PBE-AE
 2
 1 0 0 6 1
     13575.36958405577388     4.58147950944622E-04
      2035.23751738363671     1.21337901046264E-02
       463.11111195382159     3.94772659786306E-02
       131.31855343946540     2.27675432947388E-01
        42.89959282566456     1.83999091958326E-01
        15.85510154272720     9.55302223434938E-01
 1 0 3 6 4 3 2 1
        34.41721150609357     9.02610706533540E-02     1.45960387814647E-01    -5.81350391534647E-01    -1.86791853710472E-01     2.24000414781332E-02     1.35113513652918E-02    -9.87851280080972E-02     2.98612069007889E-01    -2.24236690578969E-01     1.44118218013727E-02
         6.73967331854110     8.42948760302444E-01    -1.29849205041561E-01    -5.44525843040446E-02    -6.71931413988591E-02     1.91277633948411E-01    -1.66915456837718E-01     1.05142388826124E-01     1.25840321584798E-01    -1.04282075437448E-01    -2.31687139463439E-02
         2.44162428858657     4.59593591138479E-01    -1.00655279581068E-01    -1.37653511557023E-01    -1.93557517366443E-02     2.11051684448653E-01     1.99160136414799E-01    -1.81772636941788E-01     6.58919643733437E-01    -3.51581809254503E-01     1.16047272341388E-01
         0.80676393803573     8.72690243543751E-03     8.01077547688240E-01    -4.00910108714892E-01     7.51099749711393E-02     9.43473200180869E-01    -1.64395137159315E-01    -5.93836313870153E-02     6.64977833395214E-01     3.14836909427245E-01     7.81790432912519E-01
         0.28395954992898     1.42303776998465E-01     4.59233425841999E-01     5.88311261894914E-01    -6.15166888615124E-01     1.43785506703447E-01     9.46250030657811E-01    -5.39147063185988E-02     1.17179343018990E-01     8.44845722597378E-01     5.98727626814855E-01
         0.09709795396584     2.23019133348180E-01     3.14774025311408E-01     3.65074092396285E-01     7.59043760808618E-01     8.69042000524980E-02     9.93832585229523E-02     9.69387473501416E-01     6.99530662023376E-02     4.84439079059064E-02    -1.26954671295191E-01
F TZVPP-MOLOPT-PBE-AE
 2
 1 0 0 6 1
     35479.02878767263610     6.72585320603450E-04
      5318.56312951047130     8.20097950478645E-03
      1210.53207767191157     3.41581776414553E-02
       342.85143677005027     1.67981165419731E-01
       112.04698837680320     3.40179960458393E-01
        40.78491787387953     9.24567700620738E-01
 1 0 3 6 4 3 2 1
        79.87901815644609     1.16918239284466E-01    -1.68147951461107E-02    -2.12818697913285E-02    -7.26226478740142E-03    -2.45424567087636E-01     2.14619427519455E-01     6.35891870315225E-02     1.01451133211560E-01    -3.43565246327839E-02    -1.31870850864618E-02
        16.19635642859436     8.53271420269594E-01     1.38508493184707E-02     1.47303644984199E-01    -9.44612873543658E-02    -1.04048621424425E-01     1.57592183640012E-01     5.70164828779390E-02     5.65110690465166E-02     4.45853785965349E-03     1.05680763536942E-01
         5.77801148801512     4.75828101997680E-01     9.06865843102369E-03     4.56280442532807E-02    -3.42227538288150E-02     3.85471543429814E-01     1.08618595980577E-01    -3.86557846134089E-02     7.78219890128867E-01    -1.58938198405914E-01    -1.90738906372033E-01
         1.80048565891898     5.42202862380103E-03     9.84951172129337E-01    -1.65338157360217E-01    -4.82246452283418E-02     8.82036252116551E-01     2.29685585491659E-02     9.54990517737228E-02     5.96805252189064E-01     2.06883586435839E-01     7.91345089335059E-01
         0.61342852936985    -1.78123417267227E-01     1.16155230853301E-01     8.34960810060313E-01    -5.05012861636734E-01     2.35771402740000E-03     9.52591193174218E-01     7.86110613461027E-02     2.14870962580005E-02     9.58447372992515E-01     5.67195057415070E-01
         0.19458219035665     9.39552285204502E-03     1.25786831338083E-01     5.01268928973589E-01     8.55856016509765E-01    -4.85679584923393E-02    -9.66833470619191E-02     9.87882330256585E-01     1.55723360184243E-01    -1.10073678097833E-01    -6.58715646571095E-02
CL TZVPP-MOLOPT-PBE-AE
 3
 1 0 0 7 1
     69508.00450217274192     8.54639670881115E-04
     10426.07404861877149     6.36610882195957E-03
      2373.21372557596396     3.32269466123591E-02
       671.48082610673112     1.29170911439118E-01
       218.35953271185565     3.78680461942424E-01
        77.68193958237838     7.12972790189941E-01
        28.63569494373375     5.74839539435266E-01
 1 0 1 5 1 1
       666.45268090401123     1.43814656418117E-03     5.81778333606563E-03
       157.54073854080110     2.68716178613030E-02     4.29983499959330E-02
        50.27147981024441     2.23252919385808E-01     2.08198314680469E-01
        18.56181800307728     1.26049949313096E-01     5.59198731644810E-01
         7.67698456608668    -9.66201527711407E-01     8.01291167794660E-01
 1 0 3 5 3 4 3 1
         7.92291630827550    -3.55714849236007E-02    -2.05335282550433E-02    -6.21248979322775E-03     1.19403838140099E-01     1.05841381548266E-01    -1.46122271693981E-02     1.83454633514444E-02    -6.37399836508334E-02     8.49429480795528E-02     1.55420574128900E-02     9.92703827764435E-03
         3.21359254353200     9.59549625721583E-01    -2.59950857602373E-02    -1.29366285576508E-01     9.67663531581177E-01     2.77689868599938E-03     2.12406118864077E-01    -7.59992235115857E-02     9.93189642383517E-01     9.67974271551950E-02     3.26871756359324E-02     7.10821712077589E-02
         1.26147295769703     2.42813469124242E-01     1.04956178351874E-01    -5.23619012807164E-02    -7.82419592685200E-03     9.92946336504231E-01    -1.67130180932761E-02     4.83191202192998E-02    -8.82726077217294E-02     9.57739641027515E-01    -9.19882652581050E-02     1.80157385026295E-01
         0.41296442360435    -1.45904199321127E-02     9.89285109716447E-01    -9.35576426318930E-02    -2.17443131180686E-01     2.49858269018969E-02     9.66832988440933E-01    -1.25324606655998E-01    -3.65554258774248E-02     3.24811484808539E-02     9.74023579148050E-01     9.80783981908141E-01
         0.13005620364658     1.37214882924396E-01     9.59260238559098E-02     9.85764154311841E-01     4.50253233824506E-02    -4.71505255802842E-02     1.40088439832982E-01     9.87849466056347E-01    -1.95754006656028E-02     2.55136647045343E-01     2.03730752020278E-01    -2.13278292454652E-02
