GA SVP-MOLOPT-PBE-AE
 4
 1 0 0 6 1
     87842.18153618251381     2.84678733253615E-03
     13189.62299068344328     2.04217232577319E-02
      3000.99204463754950     1.04379372171728E-01
       847.49374733554578     3.51606046819344E-01
       275.96202340313130     7.41294797195304E-01
        93.74185120193511     5.61725028085229E-01
 1 0 0 8 4
       183.97335337443658    -1.35636534156458E-01    -3.22438760701017E-03     1.38535399211264E-02     2.84938070225601E-02
        21.72394227865310     7.96800614705580E-01    -4.58708954708644E-02    -5.98039046225420E-02    -1.55302100018325E-01
        15.99626171593838    -3.46310793214151E-03    -1.56089938080672E-01     2.11374670865125E-02     3.31066236041258E-02
         9.02681603104357     5.50538794319634E-01    -5.56806392784734E-02    -2.92649877251795E-02    -9.64584105786373E-02
         2.85508459000068     5.42860962459519E-03     7.55735819903837E-01    -2.04659095273065E-01    -2.28958839713204E-01
         1.14841747837808    -4.42601373430826E-02     4.63460633239286E-01    -1.98434448346510E-01    -2.55906980058324E-01
         0.22386480334326     1.55083662803222E-01     4.00741594283508E-01     8.09159318293051E-01     3.87792788355821E-01
         0.07494460256768     1.32541245696648E-01     1.54579586218885E-01    -5.08849646214984E-01     8.34491047146263E-01
 1 1 1 5 1
      1167.13363740221621     1.35916372859626E-02
       275.45740008539269     9.54920751187558E-02
        87.40090335160005     3.91886688495206E-01
        30.55841370582662     7.84616786201639E-01
        11.21345359566030     4.70635584264804E-01
 1 1 2 7 3 3
        65.37129342526323    -2.71447699734365E-02     8.33813359758592E-02    -2.67050943419206E-01     4.43236379944066E-02     2.97338473463019E-03    -2.28337203879288E-02
        18.41200525957233    -3.65303959289292E-02     5.94471102639562E-03    -1.08528553325116E-01     2.12250219451383E-01     9.91477845366871E-02    -4.38936227347470E-02
         6.38229452138756     4.66308439846596E-01     2.28765353307796E-02    -2.32253106475347E-01     5.69892147300136E-01     9.64149944429226E-02    -3.93923511303133E-02
         2.43647666902276     8.15452185379313E-01    -1.86252242500452E-01     1.90318123646750E-01     7.76144195783894E-01    -1.81960123094373E-02     1.22934557133509E-01
         0.91530256404412     3.17652839695505E-01     1.08339164930649E-01    -3.37266480263029E-01     5.49248653942247E-02     6.75040451810541E-01    -5.52958192188464E-01
         0.31436378959291     1.00881835167924E-01     9.52232497324823E-01    -6.99805254537985E-02    -1.43591266713299E-01     7.18952770323016E-01     4.48266324232596E-01
         0.08484118759367     6.66512767382172E-02     1.98279791953611E-01     8.41484937728775E-01     4.66175346783874E-02     8.92257376073371E-02     6.88608632448028E-01
H SVP-MOLOPT-PBE-AE
 1
 2 0 1 4 2 1
        12.24885489931877     9.13601065893484E-02    -2.92233653979741E-02    -2.98536765580705E-02
         1.44668572118719     5.46801357436806E-01    -1.89238960127749E-01     5.05674686289909E-01
         0.37494771895490     8.27248429081306E-01     2.01024168753657E-02     8.56401740098416E-01
         0.11192006491493     9.12230399173390E-02     9.81290224001215E-01     9.98895850325395E-02
C SVP-MOLOPT-PBE-AE
 2
 1 0 0 7 3
      1238.39426419178358    -4.78406537374023E-03     1.27146911459613E-03    -5.36949721028131E-02
       186.27092160057330     7.27577956373038E-02    -3.87014813631117E-03     3.12678868824760E-02
        40.80523427140306     2.82729712730794E-01     3.91219182986007E-02    -1.20909941390461E-01
        10.50190712188572     7.36614416920618E-01    -1.03553210085742E-02    -1.50059003947046E-01
         3.17652800649052     5.70205094939138E-01    -6.02785487184621E-02    -1.16302283183318E-01
         0.52377208128119    -9.67834489581362E-02     8.18843449080152E-01    -5.58118156557381E-01
         0.16127813865472     1.94024843588592E-01     5.69392264276621E-01     7.96228706387491E-01
 2 1 2 4 2 1
         4.14554558811762     2.38798494806177E-01    -1.02514582239433E-01     4.69156263784244E-02
         0.93752931792561     7.23206993243051E-01    -3.26894283377303E-01     7.30958288976847E-01
         0.30089930346209     6.40598750295380E-01     2.69762855262236E-01     6.78270396676493E-01
         0.09693513829087     9.78783169177316E-02     8.99921602054468E-01     5.87211441464886E-02
F SVP-MOLOPT-PBE-AE
 2
 1 0 0 7 3
      2894.85760373222138    -1.89225166552882E-02    -1.69242373474079E-02     1.56429205622782E-01
       435.72006333230098    -5.47718508603712E-02     4.35884037952142E-03    -7.98432634961778E-02
        98.52635730461387    -2.73685193620500E-01     1.03734081139359E-01    -3.50907504362976E-02
        25.52164954648142    -7.37742492792940E-01     9.09854482000018E-02     1.19033433504314E-02
         7.74033527583515    -5.97666004055640E-01     7.53553007481536E-02    -4.08316440936959E-03
         1.29027540045465     1.18958584280118E-01     8.03005387331711E-01    -5.67628929674378E-01
         0.39691722964189     7.82215741311875E-02     5.74594975519432E-01     8.03469123562649E-01
 2 1 2 4 2 1
        20.86106496273842    -1.10459850494974E-01    -4.27931460741902E-02     1.87770753897563E-02
         3.47280160970880    -5.28022336274227E-01    -8.76852813264224E-03     1.42075306386988E-01
         0.85628499813330    -8.26328796839365E-01    -1.81029642926015E-01     9.03974169721402E-01
         0.22140677163303    -1.61776862802262E-01     9.82507062542321E-01     4.02855717635176E-01
CL SVP-MOLOPT-PBE-AE
 3
 1 0 0 5 1
     10449.73865986333476     7.92960573941961E-03
      1571.78177464848341     6.21680867531297E-02
       357.17329535888280     2.69577117620510E-01
       100.08667457398440     7.19173472798793E-01
        30.61002596530858     6.37330325671244E-01
 1 0 0 5 3
        51.91245118574216    -1.18096328736624E-01    -6.40377047377502E-02     3.89634888740843E-02
         5.60412729707609     7.74483936348342E-01    -1.94653261999477E-01     5.74322043222265E-01
         2.19075124977087     6.12385827448821E-01     3.85229430631324E-01    -6.60064309823226E-01
         0.56484358945251    -5.02206802462349E-02     5.97599003556938E-01     4.62892544090272E-01
         0.20200153999791    -9.32167961943450E-02     6.72668563772758E-01     1.36680784044379E-01
 1 1 2 7 3 1
       307.66262352364191    -1.41860191757227E-02     4.53707609941391E-03    -4.23704216636409E-03     5.12444630001981E-03
        72.14728379673939    -8.85277776059412E-02    -4.94482703050064E-03    -1.47096881368273E-02    -3.60621072277412E-03
        22.55518606717056    -3.78386770918235E-01    -9.49655880135036E-04     2.33703317780398E-03     7.21261594348665E-03
         7.24782137179115    -7.68325377362051E-01    -8.89706781187266E-02    -6.32538811770098E-02    -8.30729065003500E-03
         2.47105439082271    -5.07191220590418E-01     1.39408082259565E-01     2.81680450029172E-02     2.51018124766366E-01
         0.54359214040661     1.77332693550757E-03     9.86199274331532E-01    -1.36123356582732E-02     8.60344615069135E-01
         0.15406764967487    -3.48579490965011E-02     3.82859289817821E-03     9.97386797034735E-01     4.43437421456475E-01
