#
# Generated with CP2K Atom Code
#
 I  ccGRB-VAL-0
   1
  1  0  1  6  1  1
   2.78734836178       -0.0797642601    0.0013024805
   1.18647889267        0.6036170557    0.1835179420
  0.505043496559       -0.4007168341   -0.3284178769
  0.214979748052       -0.7886048724   -0.5250978173
  0.915095281645E-01   -0.1842195701   -0.3534411305
  0.389524772484E-01    0.0031911275    0.0105283715

 I  ccGRB-VAL-1
   1
  1  0  1  6  2  2
   2.78734836178       -0.0797642601    0.0607281406    0.0013024805   -0.0106123235
   1.18647889267        0.6036170557   -0.5659326647    0.1835179420   -0.1299660800
  0.505043496559       -0.4007168341    0.5106980244   -0.3284178769    0.2298683247
  0.214979748052       -0.7886048724    1.7935114220   -0.5250978173    1.3003818763
  0.915095281645E-01   -0.1842195701   -2.1018015738   -0.3534411305   -1.6268358704
  0.389524772484E-01    0.0031911275    0.0355398052    0.0105283715    0.0345763608

 I  ccGRB-VAL-2
   1
  1  0  1  6  3  3
   2.78734836178       -0.0797642601    0.0607281406   -0.3711625992    0.0013024805   -0.0106123235   -0.1315396961
   1.18647889267        0.6036170557   -0.5659326647    2.4542895584    0.1835179420   -0.1299660800    0.9862399509
  0.505043496559       -0.4007168341    0.5106980244   -5.8295918419   -0.3284178769    0.2298683247   -3.1618606059
  0.214979748052       -0.7886048724    1.7935114220    5.5254355483   -0.5250978173    1.3003818763    3.2992870842
  0.915095281645E-01   -0.1842195701   -2.1018015738   -1.9634107238   -0.3534411305   -1.6268358704   -1.3612300646
  0.389524772484E-01    0.0031911275    0.0355398052   -0.2248530248    0.0105283715    0.0345763608   -0.0495931884

 I  ccGRB-VAL-3
   1
  1  0  1  6  4  4
   2.78734836178       -0.0797642601    0.0607281406   -0.3711625992   -1.1621719192    0.0013024805   -0.0106123235   -0.1315396961   -0.9327705124
   1.18647889267        0.6036170557   -0.5659326647    2.4542895584    2.6585436452    0.1835179420   -0.1299660800    0.9862399509    2.9902460846
  0.505043496559       -0.4007168341    0.5106980244   -5.8295918419   -0.7257325720   -0.3284178769    0.2298683247   -3.1618606059   -2.5176054936
  0.214979748052       -0.7886048724    1.7935114220    5.5254355483   -2.4042541090   -0.5250978173    1.3003818763    3.2992870842    0.8829864184
  0.915095281645E-01   -0.1842195701   -2.1018015738   -1.9634107238    3.8458959071   -0.3534411305   -1.6268358704   -1.3612300646    0.3877542587
  0.389524772484E-01    0.0031911275    0.0355398052   -0.2248530248   -2.2293673334    0.0105283715    0.0345763608   -0.0495931884   -0.5799744409

 I  ccGRB-POL-1
   1
  2  2  2  1  1
  0.934650041339E-01    1.0000000000

 I  ccGRB-EXT
   1
  1  0  1  1  2  1
  0.108177821753E-01    1.0000000000   11.7999808233   11.7999808233

