PO TZV2P-MOLOPT-PBE0-GTH-Q6
 1
 2 0 2 5 3 3 2
         1.51058451281135    -5.80256654111940E-02    -6.17784419673677E-01     1.07912666397531E-02    -1.12973759748435E-01    -3.92720208748501E-01     1.68606587299553E-01    -4.85454723099241E-01    -3.23184304706133E-02
         1.41520953025130     1.23709028934864E-01     7.25071493837806E-01    -6.35486220647795E-03     1.68655935655507E-01     4.87342993133043E-01    -1.83687222414396E-01     5.66734673738616E-01     3.77295230162234E-02
         0.25665608102724    -1.05563273338576E-01    -2.61412793011505E-01    -4.62709724465633E-03    -2.55088840139274E-01    -6.32650322241533E-01     2.06015924293021E-01    -5.50116375269748E-01    -3.66231843649540E-02
         0.09880426746013    -9.78509294571914E-01     1.53286153036842E-01    -1.15357075652508E-01    -7.34957206676749E-01     2.32642664311348E-02    -6.75594511008726E-01    -3.68924135210346E-01    -2.45605788663617E-02
         0.03099962682820    -1.12716698283805E-01     2.79364738175955E-02     9.93234362755657E-01    -5.94608857121031E-01     4.55499712798775E-01     6.62540805289346E-01    -6.64264820865578E-02     9.97791322109791E-01
PO TZVP-MOLOPT-PBE0-GTH-q6
 1
 2 0 2 5 3 3 1
         1.51058451281135    -5.80256654111940E-02    -6.17784419673677E-01     1.07912666397531E-02    -1.12973759748435E-01    -3.92720208748501E-01     1.68606587299553E-01    -4.85454723099241E-01
         1.41520953025130     1.23709028934864E-01     7.25071493837806E-01    -6.35486220647795E-03     1.68655935655507E-01     4.87342993133043E-01    -1.83687222414396E-01     5.66734673738616E-01
         0.25665608102724    -1.05563273338576E-01    -2.61412793011505E-01    -4.62709724465633E-03    -2.55088840139274E-01    -6.32650322241533E-01     2.06015924293021E-01    -5.50116375269748E-01
         0.09880426746013    -9.78509294571914E-01     1.53286153036842E-01    -1.15357075652508E-01    -7.34957206676749E-01     2.32642664311348E-02    -6.75594511008726E-01    -3.68924135210346E-01
         0.03099962682820    -1.12716698283805E-01     2.79364738175955E-02     9.93234362755657E-01    -5.94608857121031E-01     4.55499712798775E-01     6.62540805289346E-01    -6.64264820865578E-02
PO DZVP-MOLOPT-PBE0-GTH-q6
 1
 2 0 2 5 2 2 1
         1.51058451281135    -5.80256654111940E-02    -6.17784419673677E-01    -1.12973759748435E-01    -3.92720208748501E-01    -4.85454723099241E-01
         1.41520953025130     1.23709028934864E-01     7.25071493837806E-01     1.68655935655507E-01     4.87342993133043E-01     5.66734673738616E-01
         0.25665608102724    -1.05563273338576E-01    -2.61412793011505E-01    -2.55088840139274E-01    -6.32650322241533E-01    -5.50116375269748E-01
         0.09880426746013    -9.78509294571914E-01     1.53286153036842E-01    -7.34957206676749E-01     2.32642664311348E-02    -3.68924135210346E-01
         0.03099962682820    -1.12716698283805E-01     2.79364738175955E-02    -5.94608857121031E-01     4.55499712798775E-01    -6.64264820865578E-02
LI TZV2P-MOLOPT-PBE0-GTH-Q3
 1
 2 0 2 5 4 2 1
         7.05027339548382     4.70212080343201E-01     6.53603881588795E-02    -1.07446938144366E-01    -7.31652936334812E-01    -8.20405506143954E-03     1.71860172686032E-01    -7.27670172165824E-03
         1.96462205080353     6.90697135431791E-01     1.58056143437986E-01    -1.01412260045235E-01     1.75299741735578E-02    -4.87231480498767E-02    -5.60674489588689E-02     1.72910769115635E-02
         0.63056258093130     4.29493999857787E-01     3.92445663200615E-01     2.72325294990826E-01     5.90085055296356E-01    -2.77963950924245E-01     3.33339922563714E-01     1.94679025088828E-01
         0.16314292709457     2.04658917950402E-01    -4.75130741960851E-01    -7.56167033755959E-01     3.39249078877749E-01    -7.50264733067419E-01     4.99114795062391E-01     9.18695015972092E-01
         0.04636444691345     2.74750246578904E-01    -7.68754482692616E-01     5.76386207125736E-01     3.29601388743697E-02    -5.97827417091686E-01    -7.79159444264533E-01     3.43143720749474E-01
LI TZVP-MOLOPT-PBE0-GTH-q3
 1
 2 0 1 5 4 1
         7.05027339548382     4.70212080343201E-01     6.53603881588795E-02    -1.07446938144366E-01    -7.31652936334812E-01    -8.20405506143954E-03
         1.96462205080353     6.90697135431791E-01     1.58056143437986E-01    -1.01412260045235E-01     1.75299741735578E-02    -4.87231480498767E-02
         0.63056258093130     4.29493999857787E-01     3.92445663200615E-01     2.72325294990826E-01     5.90085055296356E-01    -2.77963950924245E-01
         0.16314292709457     2.04658917950402E-01    -4.75130741960851E-01    -7.56167033755959E-01     3.39249078877749E-01    -7.50264733067419E-01
         0.04636444691345     2.74750246578904E-01    -7.68754482692616E-01     5.76386207125736E-01     3.29601388743697E-02    -5.97827417091686E-01
LI DZVP-MOLOPT-PBE0-GTH-q3
 1
 2 0 1 5 3 1
         7.05027339548382     4.70212080343201E-01     6.53603881588795E-02    -1.07446938144366E-01    -8.20405506143954E-03
         1.96462205080353     6.90697135431791E-01     1.58056143437986E-01    -1.01412260045235E-01    -4.87231480498767E-02
         0.63056258093130     4.29493999857787E-01     3.92445663200615E-01     2.72325294990826E-01    -2.77963950924245E-01
         0.16314292709457     2.04658917950402E-01    -4.75130741960851E-01    -7.56167033755959E-01    -7.50264733067419E-01
         0.04636444691345     2.74750246578904E-01    -7.68754482692616E-01     5.76386207125736E-01    -5.97827417091686E-01
H TZV2P-MOLOPT-PBE0-GTH-Q1
 1
 2 0 2 5 3 2 1
         9.40376558777484     5.57995409025206E-02    -4.70579310756749E-02    -9.03982952048893E-02    -9.22922683878503E-02     5.62771387719766E-01     7.80341103329014E-02
         2.19236236036235     2.26741263852150E-01    -2.37595450605385E-01    -3.31859181820579E-01     3.56629407794935E-01    -1.55610962004131E-01     3.11602862374432E-01
         0.70785664525623     4.70071809062586E-01    -3.84865803668886E-01    -6.33091997698946E-01     4.70685683046521E-01    -1.55533260185636E-01     6.35783567219683E-05
         0.37495748172786     5.50419957177599E-01     8.25544608526065E-01    -1.19262368808400E-01     4.93402007633953E-01     7.41061881197701E-01     9.44971331284660E-01
         0.15142571456720     6.49265104227107E-01    -3.34198093163844E-01     6.83131496493313E-01     6.31907468961614E-01    -2.92763192495008E-01     6.19960707827798E-02
H TZVP-MOLOPT-PBE0-GTH-q1
 1
 2 0 1 5 3 1
         9.40376558777484     5.57995409025206E-02    -4.70579310756749E-02    -9.03982952048893E-02    -9.22922683878503E-02
         2.19236236036235     2.26741263852150E-01    -2.37595450605385E-01    -3.31859181820579E-01     3.56629407794935E-01
         0.70785664525623     4.70071809062586E-01    -3.84865803668886E-01    -6.33091997698946E-01     4.70685683046521E-01
         0.37495748172786     5.50419957177599E-01     8.25544608526065E-01    -1.19262368808400E-01     4.93402007633953E-01
         0.15142571456720     6.49265104227107E-01    -3.34198093163844E-01     6.83131496493313E-01     6.31907468961614E-01
H DZVP-MOLOPT-PBE0-GTH-q1
 1
 2 0 1 5 2 1
         9.40376558777484     5.57995409025206E-02    -4.70579310756749E-02    -9.22922683878503E-02
         2.19236236036235     2.26741263852150E-01    -2.37595450605385E-01     3.56629407794935E-01
         0.70785664525623     4.70071809062586E-01    -3.84865803668886E-01     4.70685683046521E-01
         0.37495748172786     5.50419957177599E-01     8.25544608526065E-01     4.93402007633953E-01
         0.15142571456720     6.49265104227107E-01    -3.34198093163844E-01     6.31907468961614E-01
O TZV2P-MOLOPT-PBE0-GTH-Q6
 1
 2 0 3 5 3 3 2 1
        10.34082423621691    -1.29825249634708E-01     8.18793043945143E-02    -1.54163825083534E-01    -9.31315963557027E-02     6.07168741616306E-02     5.24249215362800E-02    -1.46443819746845E-04    -1.35615599706110E-01    -4.53627038333396E-02
         3.64864310376424    -1.27684551447027E-01     1.02649506262870E-01    -2.90598920673850E-01    -3.10412801135525E-01     1.66218217874094E-01     1.57277538743803E-01     4.82789843051162E-02    -2.03664714425298E-01    -7.75510089052828E-02
         1.25503633997207     5.26487514579900E-01    -3.65113179366377E-01     6.61471073309150E-01    -5.97863015525008E-01     4.26686208369503E-01     5.52189434348781E-01     7.18155124032992E-01    -6.65039106707507E-01     7.74070424398802E-02
         0.43936673910305     7.72667288737258E-01    -8.21060762059060E-02    -6.24492813862270E-01    -6.48920500304752E-01    -1.50379113770830E-02    -7.55332729990091E-01     6.93882202281484E-01     7.03924405563841E-01     9.92909576133937E-01
         0.14295518532255     3.04365270334762E-01     9.17992274956007E-01     2.53476876555698E-01    -3.41221918409427E-01    -8.86790677695403E-01     3.11568128998934E-01    -2.12090879301656E-02     4.83994939610748E-02     8.17248560335443E-03
O TZVP-MOLOPT-PBE0-GTH-q6
 1
 2 0 2 5 3 3 1
        10.34082423621691    -1.29825249634708E-01     8.18793043945143E-02    -1.54163825083534E-01    -9.31315963557027E-02     6.07168741616306E-02     5.24249215362800E-02    -1.46443819746845E-04
         3.64864310376424    -1.27684551447027E-01     1.02649506262870E-01    -2.90598920673850E-01    -3.10412801135525E-01     1.66218217874094E-01     1.57277538743803E-01     4.82789843051162E-02
         1.25503633997207     5.26487514579900E-01    -3.65113179366377E-01     6.61471073309150E-01    -5.97863015525008E-01     4.26686208369503E-01     5.52189434348781E-01     7.18155124032992E-01
         0.43936673910305     7.72667288737258E-01    -8.21060762059060E-02    -6.24492813862270E-01    -6.48920500304752E-01    -1.50379113770830E-02    -7.55332729990091E-01     6.93882202281484E-01
         0.14295518532255     3.04365270334762E-01     9.17992274956007E-01     2.53476876555698E-01    -3.41221918409427E-01    -8.86790677695403E-01     3.11568128998934E-01    -2.12090879301656E-02
O DZVP-MOLOPT-PBE0-GTH-q6
 1
 2 0 2 5 2 2 1
        10.34082423621691    -1.29825249634708E-01     8.18793043945143E-02    -9.31315963557027E-02     6.07168741616306E-02    -1.46443819746845E-04
         3.64864310376424    -1.27684551447027E-01     1.02649506262870E-01    -3.10412801135525E-01     1.66218217874094E-01     4.82789843051162E-02
         1.25503633997207     5.26487514579900E-01    -3.65113179366377E-01    -5.97863015525008E-01     4.26686208369503E-01     7.18155124032992E-01
         0.43936673910305     7.72667288737258E-01    -8.21060762059060E-02    -6.48920500304752E-01    -1.50379113770830E-02     6.93882202281484E-01
         0.14295518532255     3.04365270334762E-01     9.17992274956007E-01    -3.41221918409427E-01    -8.86790677695403E-01    -2.12090879301656E-02
