H admm-dz
    2
1 0 0 2 1
        4.37774882      0.06760163
        0.69669366      0.35403101
1 0 0 1 1
        0.14104767      1.00000000  

H admm-dzp
    3
1 0 0 2 1
        4.37774882      0.06760163
        0.69669366      0.35403101
1 0 0 1 1
        0.14104767      1.00000000  
1 1 1 1 1
        0.72700000      1.0000000

H admm-tzp
    4
1 0 0 2 1
        9.28418136      0.02126543
        2.18895530      0.09576311
1 0 0 1 1
        0.56930459      1.00000000
1 0 0 1 1
        0.13663873      1.00000000
1 1 1 1 1
        0.72700000      1.0000000

H admm-tz2p
    6
1 0 0 2 1
        9.28418136      0.02126543
        2.18895530      0.09576311
1 0 0 1 1
        0.56930459      1.00000000
1 0 0 1 1
        0.13663873      1.00000000
1 1 1 1 1
        1.40700000      1.00000000
1 1 1 1 1
        0.38800000      1.00000000
1 2 2 1 1
        1.05700000      1.00000000

