Ar admm-dz
    4
1 0 0 2 1
        2.64226229     -0.32567962
        0.62452604      0.70964489
1 0 0 1 1
        0.22220856      1.00000000  
1 1 1 2 1
        0.77963619     -0.79788107
        0.28112189      2.10919283
1 1 1 1 1
        0.10683150      1.00000000  

Ar admm-dzp
    5
1 0 0 2 1
        2.64226229     -0.32567962
        0.62452604      0.70964489
1 0 0 1 1
        0.22220856      1.00000000  
1 1 1 2 1
        0.77963619     -0.79788107
        0.28112189      2.10919283
1 1 1 1 1
        0.10683150      1.00000000  
1 2 2 1 1
        0.73800000      1.00000000

Ar admm-tzp
    7
1 0 0 2 1
        5.90493895      0.04393613
        3.09335435     -0.33676599
1 0 0 1 1
        0.57294042      1.00000000
1 0 0 1 1
        0.20759313      1.00000000
1 1 1 2 1
        4.63815360      0.02117545
        0.98280220     -0.69518191
1 1 1 1 1
        0.37957171      1.00000000
1 1 1 1 1
        0.13248091      1.00000000
1 2 2 1 1
        0.73800000      1.00000000

Ar admm-tz2p
    9
1 0 0 2 1
        5.90493895      0.04393613
        3.09335435     -0.33676599
1 0 0 1 1
        0.57294042      1.00000000
1 0 0 1 1
        0.20759313      1.00000000
1 1 1 2 1
        4.63815360      0.02117545
        0.98280220     -0.69518191
1 1 1 1 1
        0.37957171      1.00000000
1 1 1 1 1
        0.13248091      1.00000000
1 2 2 1 1
        1.25400000      1.00000000
1 2 2 1 1
        0.41000000      1.00000000
1 3 3 1 1
        0.89000000      1.00000000
