KR SVP-MOLOPT-PBE-AE
 3
 1 0 1 8 2 1
    120165.26824111737369     2.97301128937420E-03    -3.11595647909701E-04    -6.49731200712813E-05
     18042.75662352177096     1.95415248994349E-02    -3.00688225264603E-03     7.25789812294965E-04
      4105.39199959170128     1.05614392971569E-01    -1.37947854504826E-02     9.15997850401953E-05
      1159.57269629731695     3.39890136807362E-01    -6.05567958618236E-02     2.10209214109796E-02
       378.00314531104874     7.31662276743569E-01    -1.69315274002199E-01     7.02130977006005E-02
       128.46840897381273     5.07344479799049E-01    -2.42424732233178E-01     3.95828603158916E-01
        41.67804319797163     1.81068876519554E-01     5.44638088942123E-01     8.09540226941784E-01
        15.36729348717628     2.17751092926287E-01     7.82346073807046E-01     4.27307898681674E-01
 1 0 2 5 1 1 1
       115.75113023373264     1.36511054577468E-02    -1.65777565827793E-02     3.68822054552632E-02
        32.70212317372921    -1.69221072007878E-01    -6.23325267850535E-02     2.07641679157359E-01
        12.34062059406925    -2.64977232843383E-01     2.79904320890046E-01     5.06105752658299E-01
         4.94860242636578     7.02476196426585E-01     8.11330340212870E-01     7.06926396487083E-01
         1.98000860594488     6.38351106865953E-01     5.09152712148746E-01     4.46807198994636E-01
 1 0 2 3 2 2 2
         0.84863188975779     1.06658305662154E-01    -3.29626902377775E-02     4.87757435243869E-01    -6.10385830926894E-02     9.94804717902702E-01     6.83818471213651E-02
         0.35984815188468     9.65942312608770E-01     2.40410218942411E-01     8.72821551721896E-01     5.30549836838006E-02    -5.14663817841108E-02     9.76990717963472E-01
         0.12088062652730    -2.35752952357547E-01     9.70111533629175E-01    -1.65898527451006E-02     9.96724365148334E-01    -8.78338476020370E-02     2.02022424491663E-01

KR TZVPP-MOLOPT-PBE-AE
 4
 1 0 0 8 1
    600251.02179902046919     4.05920860982925E-04
     89976.51235645296401     3.00466408422097E-03
     20476.80696522759536     1.58091221033309E-02
      5796.28560793257475     6.37774589463483E-02
      1887.71923273671041     2.08717293448650E-01
       679.07770525666103     5.01014738191285E-01
       264.52122426946079     7.31065931799366E-01
       104.95258904559238     4.08212250555490E-01
 1 0 1 6 1 1
      3232.86038112134383    -1.47812882266614E-03     4.19702768552746E-03
       766.03278245957370    -2.71240226565832E-02     3.43705324887120E-02
       246.25581281072937    -1.26692046580094E-01     1.61758531364678E-01
        92.39093302854101    -9.22931033232136E-02     4.71967347073208E-01
        37.09449803986492     6.50700143271207E-01     7.58547047244681E-01
        14.95899545158978     7.42484029787347E-01     4.17718121942113E-01
 1 0 2 6 1 1 1
       186.33033860150766     3.73160953038102E-03    -2.59470675704380E-03     1.55447387679806E-02
        55.17658753561247    -2.39374905817068E-02    -4.20101695490199E-02     1.04356179167712E-01
        20.26209185449347    -3.11868620575296E-01     3.00583122353693E-02     3.72398515802342E-01
         8.21672761756262     9.59144682157112E-02     5.59223865262720E-01     6.55789101785852E-01
         3.66194066372598     9.21431196677123E-01     7.51082463073077E-01     6.38558437407120E-01
         1.65452696068405    -2.09561446150020E-01     3.47086031412345E-01    -1.11226212690386E-01
 1 0 3 4 3 3 3 1
         1.65194800002528     9.80975965166039E-01     1.82768827462570E-01     6.37693581747623E-02     6.65129056203569E-02    -5.58108400649736E-03    -6.40429929012714E-03     6.75453201169925E-01    -7.36684739512001E-01    -3.20816443784797E-02     1.73519741361058E-01
         0.64319691614947    -1.84364242236695E-01     9.53862022576836E-01     1.45313921086543E-01     9.95075294419954E-01    -5.46047704550482E-02    -4.85892157989598E-02     7.36332492764953E-01     6.71997958426862E-01     7.57070874934342E-02     8.62556006894305E-01
         0.23217605555768    -4.66937060966841E-02    -1.04812391969288E-01     9.59618848497564E-01     6.33745050827106E-02     9.78878039780984E-01     1.94358466973123E-01    -3.88905222277593E-02    -7.43580533528624E-02     9.43020208319830E-01     4.43677117367063E-01
         0.08260497851307     3.89317320704343E-02    -2.13909233281926E-01     2.32269237964572E-01     3.72137599081356E-02    -1.96938959526555E-01     9.79705496245939E-01     8.05980202628243E-03    -1.36094945474661E-02     3.22416022706159E-01     1.70407305751241E-01

KR QZVPP-MOLOPT-PBE-AE
 4
 1 0 0 11 1
  11713823.04609591327608     3.47523806862986E-05
   1755253.39149286481552     1.22482522174767E-04
    399717.47499052924104     7.35735536929334E-04
    113285.79028339980869     2.94459942219444E-03
     36977.18777025015879     1.29067432773865E-02
     13355.00482414292128     3.69998410038475E-02
      5210.83314434133899     9.70381751262384E-02
      2162.09938649063861     2.69024782686026E-01
       943.28118742164088     5.31366614557439E-01
       429.22763224055683     7.41148824077099E-01
       202.36113390694430     2.91568859676809E-01
 1 0 1 10 1 1
     28609.38901308097047    -3.83251214275405E-03     1.09687158692582E-04
      6773.09716142713114     4.42041052022922E-03     9.68613122349290E-04
      2199.80557527722794     8.29129540172497E-03     5.60873005671103E-03
       841.57097743476345     3.58495008893952E-02     2.43333783192682E-02
       356.88601820091924     4.43043699165254E-01     8.50823178035219E-02
       162.74333259114982     8.89344991249315E-01     2.34103886703805E-01
        77.99257011454732    -9.16470371819074E-03     4.80928881358536E-01
        38.70592271919226    -9.24913122130788E-02     6.65650175900410E-01
        19.54416948476376     1.23834560000152E-04     4.96267318700973E-01
         9.75916818134384    -5.24495637125567E-02     1.29104030997285E-01
 1 0 2 7 3 1 1
       665.38977531990952     9.36580455850156E-02     2.29994911143038E-01    -3.21950600133063E-01     7.05770794324348E-03     1.37910247626236E-03
       200.17308864308762     5.35288127627676E-01    -1.08203346077822E-01     5.52566851016000E-03     1.91827517350462E-02     9.82576608627142E-03
        77.48482122413995     8.33324672066126E-01     5.76756612162464E-02    -5.53900447359653E-02     1.13743560265861E-02     5.61904621238594E-02
        33.64732699858989    -3.61371005283146E-02     9.28719941336230E-01    -5.91347243758221E-02    -3.30980689021372E-02     1.75749183674124E-01
        15.67077435161998     7.29557648501877E-02     1.42369697427373E-01     9.38426413220100E-01     3.24461525092232E-01     4.55177007604741E-01
         7.45731311079521     4.54600625118263E-03     1.27907453453733E-01    -8.01312556046179E-02     9.06167000841384E-01     6.39871119904808E-01
         3.70588293003919    -6.01305414214040E-02    -1.81432406198523E-01    -5.18377683229589E-02     2.68222739482215E-01     5.90961293538862E-01
 1 0 4 7 6 5 3 4 1
        14.19999091724508    -2.01091482455428E-01    -1.49549866961473E-01    -1.08695747832387E-01    -7.05492701134622E-02    -2.26047181005492E-02    -1.35028894631095E-02    -3.04917951282264E-02     5.00423235015717E-02    -4.44966935814443E-02    -1.27729590482505E-01     1.52531421302138E-02    -6.56851988332458E-02     6.65495612965558E-03     4.98184252426866E-02     9.99478724109584E-01    -7.37928159091970E-03     1.05924441405783E-02    -1.32855638458676E-02    -1.10096908780828E-02
         9.28168688086270     9.55011924791778E-01     1.46186127516892E-01     3.29520313364045E-02     9.25533378560619E-02     2.52058278843661E-02     3.49411163392460E-02     2.19977645044121E-01     7.59973674572949E-03     2.46345329348608E-02    -4.05576480510349E-02    -3.93558187692409E-02    -1.31482403570174E-02    -1.37667424836369E-03    -4.13974410797555E-02    -1.82707387900188E-02    -1.84106227804905E-04     3.05349953643360E-02    -6.38558598698389E-03     1.02059339141408E-02
         3.95188330359661    -1.79992927549067E-01     9.75342533278294E-01    -1.95232999814884E-02     4.38509788374527E-02    -3.17257957708640E-03    -2.81850334205895E-02     6.86842290654745E-01    -4.19985254336226E-01     3.01252761979009E-01    -4.72293976818302E-01    -6.99468378716804E-02     7.72502161734234E-02     6.18143238799331E-02    -3.08311223440989E-02     8.07158036337933E-03     9.96414738439501E-01    -2.49392198646447E-02    -1.84811824452698E-02     1.96061493466205E-02
         1.75615187296140    -6.55726513368143E-02    -3.36083244843695E-03     9.88239927748054E-01     3.40849373207632E-02     2.13325419266725E-02     8.40511825676139E-02     6.88592021693580E-01     4.24638813596118E-01    -2.81160738730049E-01     4.96361767875489E-01    -1.06561228006942E-02     9.94618174314446E-01    -5.16562250591999E-03     1.51300288655616E-02    -1.26550802692072E-03    -7.10664062225465E-02     1.31267915854996E-01    -1.31956195033003E-01    -9.40991397352920E-02
         0.66922900800752    -9.25582098278986E-02    -6.57809408448145E-02    -4.60750356192356E-02     9.87943535977097E-01    -7.68044264840385E-02     4.14103998006208E-02    -3.62530991244081E-03     7.98547386581617E-01     2.49968618365204E-01    -5.36466603052967E-01    -3.43520228567597E-02     1.78090293237567E-03     9.96241912735352E-01    -3.93697093260477E-02    -1.14589732230156E-02     3.66675671208291E-02     9.87083872930471E-01     4.94892255154820E-03     9.94264741527182E-01
         0.26000496027783    -3.69031249235774E-02    -7.54565370917936E-03    -3.31588853896737E-02     6.86548818960920E-02     9.94409160615768E-01     6.03397058832432E-02    -2.08539112050300E-02     5.52631526178441E-02     8.74597190536149E-01     4.69092835072612E-01     4.86178632145657E-02    -8.91947031456830E-03     3.77021942438850E-02     9.93964607946351E-01     1.22548291339291E-02     1.02590591577649E-02     7.74781505870266E-03     9.89336079013171E-01    -4.40668569232883E-02
         0.09347191016681    -2.98051972429124E-02     2.40006651704880E-02    -8.29316791625388E-02    -5.12451534674343E-02    -6.03328410563777E-02     9.92664138390955E-01     6.57324353290239E-02    -5.73876452564948E-04    -1.42842774776223E-02    -6.89863728917657E-02     9.94820883377941E-01     1.40335771762435E-02    -4.67623555108506E-02    -7.14792601917276E-02     1.89794449810169E-02    -2.45558233803915E-02     8.18998347205584E-02     5.67305693710206E-02     5.59573993088768E-03

XE SVP-MOLOPT-PBE-Q26
 2
 1 0 2 9 2 1 1
      6420.39968519047852     1.30869515974623E-02     1.85218244418707E-01    -6.90802540179221E-03    -1.69879846951614E-01
       983.50313685853962     7.51629865541652E-03     1.07067407917527E-01     1.43262257969323E-02     1.06856050691762E-01
       219.28608089578481     3.04240127325800E-02     4.07569263682204E-01    -2.55631139890015E-02     1.88154669697053E-01
        22.72482045027179    -2.11232174193497E-01     7.67413200377024E-02    -2.16980066791428E-02    -2.74264115279108E-01
        18.24120488096603     5.66311618300963E-01     5.13410446320050E-01    -1.23530680500583E-01    -5.78572866619056E-02
        11.94459064426093    -3.63880021920973E-01     6.45214287438528E-01     9.26226171374708E-01    -9.15013890928936E-02
         5.97486047661450    -1.35795699257930E-01     3.19434027487829E-01     1.56064747520322E-01     4.97729992182136E-01
         2.67770888904133    -8.64853423344630E-02     1.80350655629140E-03    -1.76805955765576E-02     5.48939078976140E-01
         1.18550203532606     6.89340176716563E-01    -1.71966141532635E-02    -3.17488903279925E-01     5.36945444157046E-01
 1 0 3 5 4 4 2 2
         5.07383022429880    -2.61347402529759E-01    -3.82673802325522E-01    -2.34087416293553E-01     4.81044589093626E-01    -3.31837393238336E-01     2.26006092272203E-01     3.74895383057888E-01    -6.33971290310941E-01     3.14187111341404E-01    -1.23269988089649E-01     1.76718164454662E-01     5.17871982698182E-02
         2.24725487931562     8.64325573781173E-01     1.34017331661385E-01     1.13782024906313E-01     4.55742026974061E-01     4.58492727874355E-01    -1.40534724804538E-01     2.24773523418653E-01    -6.37571903629129E-01    -9.24697896484125E-02    -3.39704667543645E-01     9.45736952390627E-01    -4.67813696167812E-02
         0.74796962268433    -2.27211222389521E-01     6.73865287183564E-01    -5.38690259014869E-01     4.14464796657808E-01     5.77119174919327E-01    -5.58353849549324E-01     9.49480311305821E-02     5.77761327482117E-02     4.10919802030562E-01    -7.94495295089534E-01    -1.81031694027397E-01     5.86902553787574E-01
         0.48491073117981    -3.64706935737328E-01     1.69316135692226E-01     7.72026834018084E-01     4.78963468066526E-01     5.82092222967968E-01     7.82790452890180E-01     7.74695637048868E-02     1.45401733900149E-01     6.92661156360806E-01     4.87965260966959E-01     1.53917407220514E-01     7.93829177939771E-01
         0.13514426226226     1.65805432465092E-03    -5.94001461910115E-01    -2.14578900965904E-01     3.99635129514920E-01    -8.81502401344585E-02    -6.82006080427318E-02     8.91018323613855E-01     4.08782001839245E-01     4.94066023763421E-01    -8.50758811185367E-03    -1.33750756060480E-01    -1.43213889554158E-01

XE TZVPP-MOLOPT-PBE-Q26
 2
 1 0 2 9 2 2 1
      6420.26049880995197    -4.24204363662476E-02    -5.47121318403830E-02     6.86534218017972E-04    -2.54621598420558E-03     4.59093817509399E-05
       983.54296601898932     7.38126221898438E-02     9.42633937431108E-02    -5.57447417996695E-04     1.91972066382021E-03    -9.01808560772554E-05
       219.47371464461483     1.29112053809504E-01     1.62043615322377E-01     2.33099394724039E-03    -5.39044032760418E-03     6.25889591590564E-04
        23.14429778789517    -2.80158108497494E-01     1.43197544024677E-02    -1.73417073768497E-02     6.53604248547497E-02     2.37831660645707E-02
        17.95830944148757     9.02597607955444E-01     9.96883880570458E-02    -1.15778662898725E-03     3.71670211301744E-01    -3.86609415331003E-02
        11.75496971989716    -3.43839098548051E-02     9.10581685868117E-01    -6.48414391788619E-02    -9.08957478403462E-01     2.29346126297578E-02
         4.41022506199041    -1.44789210923919E-01     3.07654426713257E-01     3.99864605655590E-01     2.20775528733449E-02     2.02998757960247E-01
         1.99693801244150     9.88062140862963E-03     2.75556895397438E-02     8.44799662552060E-01    -5.78267655027551E-03     1.74169898650455E-01
         0.82301181759272    -2.46307689212029E-01     1.64773975319253E-01     3.49154871320418E-01    -1.75571889176463E-01     9.62221203698968E-01
 1 0 3 5 4 3 2 2
         2.06085892559201     9.85787746935568E-01     1.31679645019315E-01    -2.91051479660083E-02     5.83312112968450E-02    -2.55461982903094E-02    -2.10284281914640E-01     1.25628602354616E-01    -2.61856860519357E-01    -2.11092458372112E-02     9.75322913642471E-01     1.38027806617139E-01
         0.92961963610695    -1.47125458009287E-01     9.09651311626609E-01    -2.22933534527979E-01    -9.99764612768509E-02     8.35009224006051E-01    -3.09546346858212E-01     3.02227455796147E-01     7.11597191673312E-01     7.76345364121277E-02    -2.83897432475817E-02     6.95110363298710E-01
         0.33226314358554    -2.64121324758734E-02     1.35983351386524E-01     9.25076317430816E-01     1.62304058629742E-01     5.48559382876410E-01     4.82378868820113E-01    -4.00437844486298E-01     4.95296917740058E-01     1.90227298227963E-01    -1.76141706724440E-01     6.72589767526433E-01
         0.10932162430347    -7.33373641240320E-02     8.91990910894859E-03    -2.08894605670213E-01     9.69562807153231E-01    -5.02557320812602E-03     7.59213329163615E-01     1.62835693392239E-01    -1.46917596978668E-01     9.78025154187375E-01    -1.19270750707318E-01    -1.09490289671501E-01
         0.15313196213779     2.23751620925756E-02     3.69626738360137E-01     2.23719422928063E-01     1.42153200866744E-01    -3.41223482472459E-02     2.25537863035251E-01     8.40244065075172E-01    -3.97689080032143E-01     2.84192062153368E-02    -5.18442261029225E-02     1.82769769167626E-01

XE QZVPP-MOLOPT-PBE-Q26
 2
 1 0 2 10 1 1 1
     18774.33740229368050     1.68801951376800E-05    -1.88249856367286E-05    -3.52877420747410E-05
      2824.86869132463335     7.08911754170248E-04     1.75611788364587E-05     9.05479050308860E-05
       640.11804611301977     1.20284234434790E-03     8.29589040567561E-05    -3.38168430280418E-04
       172.58132944725745     4.80340063574870E-03     6.42357529599650E-04     2.17108747088171E-03
        29.54941414307588     6.84690810458815E-02     1.10152239029092E-02     8.94720640477449E-03
        18.46318921938761     3.93278897057210E-01     3.84697711320530E-02    -1.43001509685890E-02
        11.52182083244016    -5.33083570847751E-01    -2.45548361976779E-01    -5.55754615960745E-02
         6.65329273323322    -4.69174287145654E-01     6.49277971297258E-02     2.47483873756410E-01
         3.01992861491761     5.71900961990616E-01     7.21826938211217E-01     8.77132806179166E-01
         1.42744988496331    -9.61527752578838E-02     6.42537606484077E-01     4.07445402943942E-01
 1 0 4 8 6 5 3 4 1
        27.01071353481579     1.40307275432938E-01    -5.19808088602250E-02     9.56604230540801E-03     1.28985870992076E-01     8.32128475386685E-02     1.49041358924645E-02    -2.52989062064584E-03    -1.99493876469881E-02     4.98105201551827E-03     3.60719514346380E-02     3.38380249422593E-02     1.88678817703634E-02     1.18554328045441E-04     9.89045537123112E-03     1.63709170564707E-02     2.39076606779292E-02    -4.64889121644835E-02    -7.78442845372787E-03     4.83434534415984E-03
        20.94367758107948    -4.68367926474488E-01     3.90715811206199E-02    -6.75271831374765E-02     6.06692878791964E-02    -8.48701804619037E-02    -8.03758650305560E-02     3.53786373390407E-02     3.23867265829385E-02     9.04637954590128E-03    -5.82720410660386E-02    -5.11850487982784E-02     1.81651715711421E-02     4.52398948139013E-03     2.14100502374262E-03    -3.16889197780720E-02    -2.31925839797606E-02    -1.76629242348014E-02    -4.50241139284494E-02    -3.49960572722932E-02
         5.96773747015616     8.65681485267070E-01     1.12595263616062E-01    -3.21033409220664E-02     2.84499813480704E-02     2.81709007695946E-02    -2.75945304942749E-02     2.73803786714671E-01    -2.36532717370638E-02     2.57732969395461E-02    -3.85074693601218E-02    -2.49719079405742E-02    -4.46155012754352E-02    -3.95489456709505E-02    -1.85530911971572E-02     9.96468884520232E-01     2.47828902822524E-02     2.26451833900391E-02    -2.54099236228174E-02     2.31435927982094E-02
         1.39586791896994    -7.10373572704381E-02     9.87029989644829E-01     9.43629836645251E-02    -2.26762144266444E-02    -6.30247487517021E-03    -1.78612862464830E-02     9.60631855678621E-01     2.95994195954662E-02    -2.74456576793924E-02     1.65764571189915E-02     1.63474285478064E-02     8.87653068716769E-02    -1.14402852616612E-01     8.87639741915880E-03    -2.61393552983902E-02     9.97249120017166E-01    -4.89800598609298E-02     7.25979577143645E-03     1.71875839504380E-02
         0.68918510535792     1.42231893089275E-02    -9.16108352712439E-02     9.75119949586922E-01    -1.06128595842287E-01    -1.25033208269933E-01    -9.00705003895475E-02    -2.31352760802203E-02     9.98351208964181E-01     1.07123026392028E-02     3.92786677710969E-03     1.89973484630268E-02     6.68602266690290E-01    -7.27905630426310E-01    -3.67042812401143E-02    -2.14578877505996E-02     5.00411770763884E-02     9.96594627414853E-01     1.98006299006202E-02     1.60315618641893E-02
         0.36496600478515    -1.08395786298325E-02     1.33637841759714E-02     1.02701997093018E-01     9.81821803691948E-01    -6.02631377575784E-02    -4.47456491047087E-02     1.92216345315383E-02    -9.76478753286203E-03     9.98027631835531E-01    -4.00492872373897E-02     2.47425574906691E-02     7.33649802822660E-01     6.73998781046820E-01     5.37786294131822E-03     2.59407814065754E-02    -8.61994172605947E-03    -2.01434590190262E-02     9.97875934175394E-01     9.96409088952125E-01
         0.18069185799145    -7.75179508243321E-02     1.21592701067259E-03     1.31193758079305E-01     4.26314019771421E-02     9.80434720353235E-01     4.61180701525401E-02    -2.35370883496739E-03    -3.06303137972107E-03     4.19679422668918E-02     9.95949718802038E-01    -7.76104792905862E-03     1.94963452325546E-02    -2.98940704715483E-02     9.98979893520080E-01    -7.60259703770316E-03     2.11692250580453E-02    -1.22599341428735E-02     2.81104061520498E-02    -6.52716084902444E-02
         0.07607898775967    -1.28757745170199E-02     1.71142883824502E-02     8.24327285696182E-02     3.61040296686637E-02    -6.72470357440441E-02     9.89947149521373E-01    -7.04441132979592E-03    -1.75399342204991E-02    -2.32510142607092E-02     3.21923827267121E-03     9.97151401230748E-01    -6.15879471866106E-02    -1.76852640710009E-02     1.17317533798130E-02    -6.24750922944527E-02    -2.72758115440692E-02     2.92922385607787E-02     1.65898493222753E-02     2.39248772977580E-02

RN SVP-MOLOPT-PBE-Q26
 2
 1 0 2 9 2 1 1
      5187.64163106621891    -5.36075716960188E-03    -5.35422976207125E-03    -8.58952719920386E-04    -1.72003357105580E-04
       768.35907932795533     1.06255738705677E-02     8.85057099834134E-03     5.89796965189380E-04     1.53036845958574E-04
       159.09124579412040    -6.91972926063816E-02    -7.02391082732161E-02     6.21621119839934E-04     5.57880361590978E-04
        21.69211266417901    -2.57813910271597E-01     1.06545824653363E-01    -6.83230827616281E-02     2.21328150890896E-03
        18.71283793055797     8.26549414617566E-01     2.07501760714206E-01     1.23125946833653E-01     7.05888398133799E-03
         7.19428580338072    -1.13931116737072E-01     9.26057925113851E-01    -9.20862904021318E-01    -8.22575637185992E-02
         3.30212767844164    -2.89303208785235E-01     9.81502808513231E-02     2.11350126090336E-02     2.68464540546578E-01
         1.78421670968951    -9.64101830589872E-02     2.69243019348973E-01    -1.25374188229749E-01     5.41335229145565E-01
         0.78946941070009     3.73425464654470E-01     2.90157210760886E-02     3.40612127896799E-01     7.92503351836499E-01
 1 0 3 6 4 4 2 2
         6.03191634106356    -1.54469308864693E-01     2.71992905130812E-01    -8.08264071492737E-02     2.68038789493687E-03     3.01921322078932E-01    -1.49148891931919E-01     7.38498127492103E-02    -4.20642063344293E-01    -1.31518444666618E-01    -4.74285166772090E-02     4.89913598151830E-01     1.01937330647432E-01
         2.13125395779062     8.02408209288638E-01     3.95700685640166E-01    -2.65535760952166E-01    -2.22483266471959E-01     6.38897522179220E-01    -1.73536503269138E-01     1.25367897698334E-01     2.11982315141214E-01     3.23235028962600E-01     3.29076622156228E-01     7.71457652669026E-01     8.36902088759835E-02
         0.92681056080893    -2.53767442679124E-01     7.05971337627639E-01     2.98017343889819E-02    -3.39840908433753E-01     6.23612141423042E-01    -2.48748678964481E-01    -1.37947911165243E-01    -5.82663178064983E-02    -4.10178550175926E-01    -5.84433538277590E-02     1.78411843261690E-02     3.89931078576611E-02
         0.63111595809429     1.31676634471153E-01     3.48790291493061E-01     8.16281861268675E-01     3.87775239882081E-01     3.29791843547822E-01     9.39858431616085E-01    -4.86486978648857E-02    -6.11941607622240E-02     4.86186845654012E-01     2.56716784305999E-01    -2.43435138111720E-01     9.28979237066868E-01
         0.29260916482916     4.49764582434214E-02     2.35313975829578E-01    -4.44069657672017E-01     8.27377685839739E-01    -1.47820995114319E-02     3.83224806330995E-02     9.43741070617560E-01    -2.38331019413286E-01    -5.52703811772655E-01     7.94867039502424E-01     3.22395838939826E-01     3.43597735571208E-01
         0.11991140936407    -4.98518570826997E-01     3.06623486918579E-01    -2.41982995867701E-01    -8.87112870464577E-03     5.27275825398377E-02     3.10048509157211E-02     2.58429032839628E-01     8.45093124274556E-01     4.10020023053235E-01     4.33965861696113E-01    -3.63277468744928E-02    -4.73712015562297E-03

RN TZVPP-MOLOPT-PBE-Q26
 2
 1 0 2 9 2 2 1
      5187.74418670775322    -3.87322736251490E-03    -3.48159875363849E-03     1.79693816070109E-05    -9.80563753034241E-05     5.43263597131763E-05
       768.16846718967065     8.22165621434184E-03     5.55965469155553E-03    -1.87363916216954E-04     1.85431785250447E-03    -1.67742479912718E-04
       159.32743028305273    -1.24519780260453E-02    -1.30535939150376E-02     8.39222896457131E-04    -4.94910270344033E-03     1.58920670084196E-03
        21.86515183684854    -5.34688362327684E-01    -8.69304045122833E-02    -4.54926089194211E-02     5.25204748856195E-02    -6.45205362445180E-02
        18.38655001750664     8.38072464763255E-01     1.73457700647970E-02     7.96411351216583E-02    -1.47857747443397E-03     1.20302296458793E-01
         9.06614611002428    -8.64279036248251E-02     1.82370859444890E-01    -1.80598472108070E-01     2.52951220607651E-01    -2.19040126290067E-01
         6.55671899853818    -5.32619135766804E-02     9.59445473247162E-01     1.38044471940295E-01    -9.03618644997614E-01     1.23017159036475E-01
         2.26788647951526    -1.65978316074713E-02    -1.72980548887440E-01     4.35070554210065E-01     3.40410136118532E-01     8.65263225324682E-01
         0.89248258704704    -3.03833464616676E-02    -9.06188977276969E-02     8.66388192962794E-01     2.86606949088498E-02     4.11788360399833E-01
 1 0 3 5 4 3 2 2
         2.07053369906224     9.31636595250788E-01     1.56447011516801E-02    -1.73133452108630E-01    -1.29347653653854E-01     2.44716010782797E-03    -5.80829103979060E-02    -6.67899894655142E-02     2.01477071793151E-01    -7.87358539479606E-02     9.86202459317013E-01    -9.78643014470463E-02
         0.94644812849214     1.17482063992555E-01     9.05197974637046E-01     1.00816573465824E-01    -6.11961927105442E-02     6.66352755237059E-01    -4.18001215593962E-01    -2.34966304060689E-01     6.40001950580887E-01    -4.49326963007154E-01     5.68554220979256E-02     6.54536117246789E-01
         0.64873957061518     2.10890867962223E-01    -1.44322836442171E-01     9.58055850412055E-01     1.22417469625844E-01     7.22058849083112E-01     5.59842811793513E-01     2.15075293024599E-01     7.23088269006248E-01     3.35748295564277E-01     6.89856580173267E-02     7.01094074410622E-01
         0.28528843710459     1.30530341368047E-01     3.31776232265480E-02    -1.51873119794582E-01     9.76233724377563E-01    -1.82965155484623E-01     7.05385064066510E-01    -1.77927420960142E-01     4.22515206863410E-02     8.06929847669449E-01     8.60307787795731E-02     2.47941091504357E-01
         0.11782508361084    -2.38197587775464E-01     3.98047778837149E-01     1.37565872405383E-01     1.07265507085428E-01    -3.35080189603461E-02    -1.04447578989164E-01     9.28662686051352E-01     1.58627415724889E-01     1.67461185304819E-01    -1.09598605400066E-01     9.48544342227669E-02

RN QZVPP-MOLOPT-PBE-Q26
 2
 1 0 2 10 1 1 1
     12715.58506985307031     2.98202420748293E-05     2.76037233770906E-05     1.28365476325778E-05
      1913.27271512140396     3.49765354434992E-04     9.69068296200061E-05     4.03376059761658E-05
       429.94800198353948     8.00871327974552E-04    -2.87358549353847E-04    -3.22566864833451E-04
       100.98794991994201     2.57751768015057E-03     2.22956896886550E-03     2.05012977531203E-03
        24.49134736648749    -8.31702907457690E-02    -3.58369940591637E-02    -1.78762233145066E-02
        15.28692757397945     4.04743197376478E-01     1.54370767678965E-01     5.68582989211885E-02
         9.51699279425629    -4.12740617543194E-01    -3.60049222636626E-01    -1.57210962135138E-01
         5.94311872842180    -4.62290599086291E-01     7.59980267827547E-02     6.33476188999539E-02
         2.25701248505384     6.36514162782987E-01     7.02122826314453E-01     8.52618077873889E-01
         1.01994509408283    -2.00101334079957E-01     5.88636310644767E-01     4.90670430591967E-01
 1 0 4 8 6 5 3 4 1
        17.20160640483118     2.10645688025895E-01     4.28222402000616E-02    -6.03156818676144E-02     1.07301157986394E-01     7.41980666849051E-02     6.06811329126145E-02     3.03826800354220E-02    -2.08016672638194E-02     3.05844474668577E-02    -2.97352395936009E-02    -7.17965067342893E-04     5.55353042199843E-02     1.17719106578342E-03    -1.68712322007447E-02     1.72506305283532E-03     1.55681657645405E-02     1.60882720274624E-02     8.20072899920318E-03    -1.34467059078187E-02
        14.22825105614074    -4.90409321047671E-01    -1.26675706901680E-03    -1.55816424896887E-01     2.01622791803386E-02    -1.34695452931504E-01     3.40725759078491E-02     4.11572764454162E-02     6.59655637934737E-02    -2.55552433735717E-02     4.25711127579627E-02    -1.01984328599038E-02    -3.73664597603082E-02     6.04489231521109E-03     2.16183688570008E-02     1.29711767840606E-02    -2.58476088397090E-03    -3.12169575509892E-02    -2.42501286870724E-02     3.87852238892394E-02
         3.18160760170875     8.35542621014071E-01     1.70928686042507E-02    -9.01145413391093E-03    -8.93434844367820E-02     1.42023542582977E-02     1.71534100356074E-02     9.64999434318581E-02    -1.29902105140991E-01     3.46532137897991E-01    -9.20265337038611E-02     4.11301144638174E-03     3.80741479607778E-02    -1.33353062943349E-02    -3.79828735336954E-02     9.97537426128230E-01    -1.49036826241534E-03     1.10395515059154E-02     6.22864512312995E-02    -3.00811893773460E-04
         1.19316326080282    -2.85963952051171E-02     9.95067038408618E-01     4.45779931191060E-02    -3.79204083624309E-02     3.28508780540023E-03    -6.97792389022549E-02     2.03503308170659E-01    -2.06019368737287E-01     8.73736889434517E-01     5.47581969213693E-02    -8.36830603401044E-02     1.95482311903508E-01    -8.76870316010727E-02     3.48834985532495E-02     1.73201292150770E-03     9.98775688083330E-01     1.16546548921823E-02    -6.83285880515003E-03    -3.55036580412260E-02
         0.63758815324077    -5.51534204480913E-02    -4.76018717233601E-02     9.80067878260939E-01    -6.32115070531169E-02    -6.25481616668868E-02    -3.17958579895788E-02     9.70288174846783E-01     2.15066281196838E-02    -2.29538691839704E-01     3.37001882270296E-02    -3.63700747525104E-02     9.76293415570999E-01    -2.52915215287831E-02     2.52529282869348E-02    -1.14309797876792E-02    -1.26104719034448E-02     9.98709635720169E-01    -2.73533355337767E-03     7.00638938420574E-01
         0.33489305453910     5.32619950908407E-02     3.01389995401968E-02     7.46969004661476E-02     9.85711254285236E-01     4.29819333743589E-02    -3.17263792439619E-02     3.43936227366348E-02     9.66767894783185E-01     2.41509576889472E-01    -2.60709236388911E-02     3.94474162597420E-03     4.03155068383762E-02     9.92716957926700E-01     6.94537182638882E-02    -6.16983740679305E-02     9.45372264024530E-03     2.24656927602150E-03     9.95784262630105E-01     7.11385654070031E-01
         0.13137345522126    -9.92691480697895E-02    -1.68921426052982E-02     3.81316305191890E-02    -5.25351959117845E-02     9.81531372160889E-01    -8.48335300659374E-02    -3.55164912719011E-02     2.06617976754423E-02    -3.04524340641350E-04     9.91959806165909E-01     6.90163847737777E-04    -3.07147127814896E-02    -6.42703788960046E-02     9.94514058190141E-01    -2.10333301426141E-02    -3.45609834601792E-02    -2.94839963131292E-02     5.11938161488896E-02    -7.68266187128025E-03
         0.05561992318509    -2.10894032439934E-02     6.52260072341320E-02     4.94789075552594E-02     1.66556342828605E-02     8.35208329154434E-02     9.90342976182062E-01     5.24752431722564E-02    -1.91752574353481E-02     6.24168810380453E-02     6.04318248960413E-03     9.95759451570602E-01     1.17913400393535E-02     4.28710435282753E-02    -4.54830649058836E-02    -1.91075560076596E-02     2.74407811640397E-02    -1.46176877071875E-02    -3.46958610324751E-02    -5.54960762618255E-03
