# Helium def2-QZVPP (8s,3p,2d,1f) -> [4s,3p,2d,1f]
He QZVPP-MOLOPT-PBE-AE
     2
1 0 0 5 1
   1144.6470809              0.35861578618E-03
    171.64596667             0.27725434466E-02
     39.066056254            0.14241892216E-01
     11.051401989            0.55457352277E-01
      3.5725574473           0.16170511810
1 0 3 4 3 3 2 1
      5.99400000             0.0000000  0.00  0.00  1.00  0.00  0.00  0.90  0.00  0.70  
      1.2429415962           0.3317788  0.00  0.00  0.00  1.00  0.00  0.20  1.00  0.70
      0.44807668730          0.0000000  0.42  0.00  0.00  0.00  1.00  0.00  0.00  0.00
      0.16411579128          0.0000000  0.00  0.18  0.00  0.00  0.00  0.00  0.00  0.00

# Neon def2-QZVPP (15s,9p,3d,2f,1g) -> [7s,4p,3d,2f,1g]
Ne QZVPP-MOLOPT-PBE-AE
     3
1 0 0 8 1
 160676.2795500              0.47387482743E-04
  23953.1950390              0.37070120897E-03
   5437.5063711              0.19450784713E-02
   1544.2741024              0.80573291994E-02
    507.88814269             0.27992880781E-01
    184.94847750             0.82735120175E-01
     72.522952039            0.19854169012
     30.088713575            0.34860632233
1 0 1 6 1 1
    498.43397466             0.0000    0.43118261050E-03
    118.14109217             0.1040    0.36206397703E-02
     38.032529735            0.9200    0.18245344081E-01
     14.183731950            0.0000    0.65133035572E-01
      5.7864190721           0.0000    0.16708915089
      2.4599622160           0.0000    0.29268019613
1 0 4 6 5 3 3 2 1
     13.052091210            1.0000000 0.00 0.00 0.00 0.00 0.00 0.00 0.00 0.00 0.00 0.00 0.00 0.00 0.00
      5.7974783353           0.0000000 1.00 0.00 0.00 0.00 0.00 0.00 0.00 1.00 0.00 0.00 1.00 0.00 0.70
      2.0478626895           0.0000000 0.00 1.00 0.00 0.00 0.00 0.00 0.00 0.00 1.00 0.00 0.00 1.00 0.70
      0.80214571994          0.0000000 0.00 0.00 1.00 0.00 1.00 0.00 0.00 0.00 0.00 1.00 0.00 0.00 0.00
      0.30548672205          0.0000000 0.00 0.00 0.00 1.00 0.00 1.00 0.00 0.00 0.00 0.00 0.00 0.00 0.00
      0.16889708453          0.0000000 0.00 0.00 0.00 0.00 0.00 0.00 1.00 0.00 0.00 0.00 0.00 0.00 0.00

# Argon def2-QZVPP (20s,14p,4d,2f,1g) -> [9s,6p,4d,2f,1g]
Ar QZVPP-MOLOPT-PBE-AE
     3
1 0 0 10 1
1673421.9494000              0.11245990413E-04
 250601.7537300              0.87428115798E-04
  57030.9121200              0.45961641275E-03
  16153.3039150              0.19363890742E-02
   5269.4109288              0.69994046497E-02
   1902.0315541              0.22312068196E-01
    741.57677159             0.62808077697E-01
    307.20901906             0.15101140997
    133.52786203             0.28713661177
     60.253381291            0.36385490107
1 0 1 8 2 2
   2868.4504581              0.0000  0.0000  0.24010435121E-03  0.0000
    679.71869590             0.0180  0.0000  0.20904788665E-02  0.0000
    220.36758824             0.1600  0.0000  0.11369316839E-01 -0.0300
     83.620439734            0.6300  0.0000  0.44901977398E-01 -0.0200
     34.964322657            0.2000  0.7000  0.13237156770      0.0000
     15.525131784            0.0000  0.7000  0.27709277600      0.0000
      7.0992979806           0.0000  0.0000  0.38613979646      0.6400
      3.3021336602           0.0000  0.0000  0.28492925372      0.0000
1 0 4 6 6 4 4 2 1
     11.175528881            1.00 0.00 0.00 0.00 0.00 0.00 0.00 0.00 0.00 0.00 0.00 0.00 0.00 0.00 0.00 0.00 0.00
      5.2959065137           0.00 1.00 0.00 0.00 0.00 0.00 0.00 0.00 0.00 0.00 1.00 0.00 0.00 0.00 0.00 0.00 0.00
      2.4782798895           0.00 0.00 1.00 0.00 0.00 0.00 0.70 0.00 0.00 0.00 0.00 0.70 0.00 0.00 0.70 0.00 0.00
      0.91262095059          0.00 0.00 0.00 1.00 0.00 0.00 0.70 0.70 0.00 0.00 0.00 0.70 0.70 0.00 0.70 0.70 1.00
      0.40426067549          0.00 0.00 0.00 0.00 1.00 0.00 0.00 0.70 0.70 0.00 0.00 0.00 0.70 0.70 0.00 0.70 0.00
      0.10905182449          0.00 0.00 0.00 0.00 0.00 1.00 0.00 0.00 0.70 1.00 0.00 0.00 0.00 0.70 0.00 0.00 0.00
