# Krypton def2-SVP (14s,10p,6d) -> [5s,4p,3d]
Kr SVP-MOLOPT-PBE-AE
     3
1 0 1 8 2 1
 120165.6487500              0.14294234496E-02  0.0000  0.0000 
  18042.5001690              0.10959597020E-01  0.0000  0.0000 
   4105.1800388              0.54479647470E-01  0.0000  0.0080 
   1159.4447248              0.19081239122      0.0000  0.0080 
    378.13810346             0.39140445949     -0.1000  0.0656 
    130.67610045             0.31007346689     -0.1000  0.2636 
     30.265930380            0.00000000000      0.6481  0.5380 
     12.668110757            0.00000000000      0.4424  0.3690 
1 0 2 5 1 1 1
    115.55868603             0.00000000000  0.0000  0.0210
     33.477985864           -0.20000000000  0.0000  0.1300
     11.834450207           -0.20000000000  0.3400  0.3600
      3.8673017398           0.74060953026  0.5700  0.4900
      1.8013706671           0.40803658445  0.2300  0.0000
1 0 2 3 2 2 2
      1.5079273157           0.0000000  0.000  0.700  0.000  1.000  0.000
      0.40308639136          1.0000000  0.000  0.700  0.000  0.000  1.000
      0.15170527749          0.0000000  1.000  0.000  1.000  0.000  0.000

# Xenon def2-SVP (11s,10p,8d,2f) -> [6s,5p,3d,2f]
Xe SVP-MOLOPT-PBE-q26
     2
1 0 2 9 2 1 1
   6420.2481656              0.25092173886E-03    0.00000000000  0.0000  0.0000
    983.54530664             0.16251948178E-02    0.00000000000  0.0000  0.0000
    219.43881364             0.46037106451E-02    0.00000000000  0.0009  0.0008
     23.012587807           -0.14698707182        0.00000000000  0.5700  0.0060
     18.048324490            0.57524870348        0.00000000000  0.0000 -0.0090
     11.752550163            0.00000000000        0.66038420156 -0.2700  0.0000
      6.2390917199           0.00000000000        0.38470524721  0.0000  0.2200
      2.6590627424           0.00000000000        0.00000000000  0.0000  0.4400
      1.2938205124           0.00000000000        0.00000000000  0.0000  0.3600
1 0 3 6 4 4 2 2
      5.0000000000           0.00  0.00  0.00  0.00  0.36  0.00  0.00  0.00  0.00  0.00  0.00  0.00
      2.6257211320           1.00  0.00  0.00  0.00  0.72  0.00  0.00  0.00  0.00  0.00  1.00  0.00
      1.2905042943           0.00  1.00  0.00  0.00  0.35  0.00  0.00  0.00  0.70  0.00  0.00  0.70
      0.36204185060          0.00  0.00  1.00  0.00  0.00  1.00  0.00  0.00  0.70  0.00  0.00  0.70
      0.14069888091          0.00  0.00  0.00  1.00  0.00  0.00  1.00  0.00  0.00  1.00  0.00  0.00
      0.86158996836E-01      0.00  0.00  0.00  0.00  0.00  0.00  0.00  1.00  0.00  0.00  0.00  0.00

# Radon def2-SVP (11s,10p,8d,2f) -> [6s,5p,3d,2f]
Rn SVP-MOLOPT-PBE-q26
     2
1 0 2 9 2 1 1
   5187.7442468              0.16097034848E-03  0.0000  0.0000  0.0000
    768.14491207             0.10508214789E-02  0.0000  0.0000  0.0000
    159.35182065             0.27375438093E-02  0.0000  0.0003  0.0000
     21.863432724           -0.55045904905     -0.0800  0.0000  0.0007
     18.388689978            0.78321373922      0.0000  0.1900  0.0089
      7.3741298033           0.00000000000      1.0900 -0.4600 -0.0766
      3.2296258578           0.00000000000      0.0000  0.0000  0.2300
      1.7937840508           0.00000000000      0.0000  0.0000  0.4400
      0.94633319732          0.00000000000      0.0000  0.0000  0.3500
1 0 3 6 4 4 2 2
      6.2631489717           0.00  0.00  0.00  0.00  0.40  0.00  0.00  0.00  0.00  0.00  0.00  0.00
      2.0850437166           1.00  0.00  0.00  0.00  0.83  0.00  0.00  0.00  0.00  0.00  1.00  0.00
      1.0915245945           0.00  1.00  0.00  0.00  0.51  0.00  0.00  0.00  0.00  0.00  0.00  0.00
      0.34915708428          0.00  0.00  1.00  0.00  0.00  1.00  0.00  0.00  1.00  0.00  0.00  1.00
      0.13648422952          0.00  0.00  0.00  1.00  0.00  0.00  1.00  0.00  0.00  1.00  0.00  0.00
      0.79503144392E-01      0.00  0.00  0.00  0.00  0.00  0.00  0.00  1.00  0.00  0.00  0.00  0.00
