# Krypton def2-QZVPP (24s,20p,10d,4f,1g) -> [11s,7p,4d,4f,1g]
Kr QZVPP-MOLOPT-PBE-AE
     4
1 0 0 11 1
11713823.0080000             0.56915790360E-05
1755253.3979000              0.44214471278E-04
 399717.4192400              0.23227813842E-03
 113285.7926000              0.97973661050E-03
  36977.2052930              0.35537627541E-02
  13355.0365800              0.11468673282E-01
   5210.9012988              0.33241627469E-01
   2162.1137020              0.85620725674E-01
    943.29291023             0.18708766876
    429.20724331             0.31497583326
    202.40720840             0.33406191042
1 0 1 10 1 1
  28609.3357670              0.0000   0.60526369543E-04
   6773.1236364              0.0000   0.53786288403E-03
   2199.8011079              0.0073   0.30935356550E-02
    841.50201590             0.0740   0.13514318412E-01
    356.92110288             0.3500   0.47090086910E-01
    162.71174351             0.8000   0.12960370449
     78.004264994            0.0000   0.26607435646
     38.682579997            0.0000   0.36775851233
     19.589158685            0.0000   0.27406903542
      9.7990863417           0.0000   0.78773352304E-01
1 0 2 7 3 1 1
    665.35057386             0.0000  0.0000  0.0000  0.0000  0.59588702935E-03
    200.17995366             0.7000  0.0000  0.0000 -0.0016  0.54594260457E-02
     77.545085570            0.7000  0.0000  0.0000 -0.0120  0.27980992479E-01
     33.677854345            0.0000  1.0000  0.0000 -0.0340  0.94119165910E-01
     15.624928334            0.0000  0.0000  1.0000  0.2500  0.21825215619
      7.4427867423           0.0000  0.0000  0.0000  0.5700  0.33739971242
      3.5336073535           0.0000  0.0000  0.0000  0.1000  0.35141418853
1 0 4 7 6 5 3 4 1
     14.180116992            0.00 0.00 0.00 0.00 0.00 0.00 0.00 0.00 0.00 0.00 0.00 0.00 0.00 0.00 1.00 0.00 0.00 0.00 0.00
      9.2505996199           1.00 0.00 0.00 0.00 0.00 0.00 0.00 0.00 0.00 0.00 0.00 0.00 0.00 0.00 0.00 0.00 0.00 0.00 0.00
      4.3486517621           0.00 1.00 0.00 0.00 0.00 0.00 0.70 0.00 0.00 0.00 0.00 0.00 0.00 0.00 0.00 1.00 0.00 0.00 0.00
      2.0380324209           0.00 0.00 1.00 0.00 0.00 0.00 0.70 0.70 0.00 0.00 0.00 1.00 0.00 0.00 0.00 0.00 0.00 0.00 0.00
      0.69110152540          0.00 0.00 0.00 1.00 0.00 0.00 0.00 0.70 0.70 0.00 0.00 0.00 1.00 0.00 0.00 0.00 1.00 0.00 1.00
      0.33506065143          0.00 0.00 0.00 0.00 1.00 0.00 0.00 0.00 0.70 1.00 0.00 0.00 0.00 1.00 0.00 0.00 0.00 1.00 0.00
      0.14074441124          0.00 0.00 0.00 0.00 0.00 1.00 0.00 0.00 0.00 0.00 1.00 0.00 0.00 0.00 0.00 0.00 0.00 0.00 0.00

# Xenon def2-QZVPP (17s,14p,11d,4f,1g) -> [7s,6p,4d,4f,1g]
Xe QZVPP-MOLOPT-PBE-Q26
     2
1 0 2 10 1 1 1
  18774.3000000              0.68000000000E-04  0.0000  0.0000
   2824.8100000              0.50100000000E-03  0.0000  0.0000
    640.08800000             0.20970000000E-02  0.0001  0.0000
    172.61600000             0.44930000000E-02  0.0008  0.0020
     29.516900000           -0.47151000000E-01  0.0000  0.0050
     18.444800000            0.37403300000      0.0550  0.0000
     11.523800000           -0.51282600000     -0.2500 -0.0160
      6.6189000000          -0.47862400000      0.0097  0.1100
      2.9955200000           0.59647100000      0.5200  0.6000
      1.1951246616           0.00000000000      0.5000  0.2400
1 0 4 8 6 5 3 4 1
     27.052171835            0.11189611954 0.00 0.00 0.00 0.00 0.00 0.00 0.00 0.00 0.00 0.00 0.00 0.00 0.00 0.00 0.00 0.00 0.00 0.00
     20.940622415           -0.24055422724 0.00 0.00 0.00 0.00 0.00 -.02 0.00 0.00 0.00 0.00 0.00 0.00 0.00 0.00 0.00 0.00 0.00 0.00
      6.0024591071           0.51452076187 0.00 0.00 0.00 0.00 0.00 0.25 0.00 0.00 0.00 0.00 0.00 0.00 0.00 1.00 0.00 0.00 0.00 0.00
      1.6532586536           0.0000000     1.00 0.00 0.00 0.00 0.00 0.72 0.00 0.00 0.00 0.00 0.00 0.00 0.00 0.00 1.00 0.00 0.00 0.00
      0.87553889270          0.0000000     0.00 1.00 0.00 0.00 0.00 0.00 1.00 0.00 0.00 0.00 0.70 0.00 0.00 0.00 0.00 1.00 0.00 0.00
      0.41033616654          0.0000000     0.00 0.00 1.00 0.00 0.00 0.00 0.00 1.00 0.00 0.00 0.70 1.00 0.00 0.00 0.00 0.00 1.00 1.00
      0.19493585779          0.0000000     0.00 0.00 0.00 1.00 0.00 0.00 0.00 0.00 1.00 0.00 0.00 0.00 1.00 0.00 0.00 0.00 0.00 0.00
      0.90171093041E-01      0.0000000     0.00 0.00 0.00 0.00 1.00 0.00 0.00 0.00 0.00 1.00 0.00 0.00 0.00 0.00 0.00 0.00 0.00 0.00

# Radon def2-QZVPP (17s,14p,11d,4f,1g) -> [7s,6p,4d,4f,1g]
Rn QZVPP-MOLOPT-PBE-Q26
    2
1 0 2 10 1 1 1
  12715.6000000              0.47000000000E-04  0.0000  0.0000
   1913.3000000              0.33800000000E-03  0.0000  0.0000
    429.95600000             0.12800000000E-02  0.0000  0.0000
    100.97800000             0.27820000000E-02  0.0005  0.0001
     24.470800000           -0.10042100000     -0.0140  0.0009
     15.292200000            0.53982400000      0.1700  0.0100
      9.5548300000          -0.57385600000     -0.4200 -0.0870
      5.9666100000          -0.61000000000     -0.0017  0.0710
      2.3893900000           0.79325300000      0.6000  0.6000
      0.96097900000          0.00000000000      0.4900  0.2560
1 0 4 8 6 5 3 4 1
     17.195195341            0.16333005101 0.00 0.00 0.00 0.00 0.00 0.00 0.00 0.00 0.00 0.00 0.00 0.00 0.00 0.00 0.00 0.00 0.00 0.00
     14.230303720           -0.27167744770 0.00 0.00 0.00 0.00 0.00 0.00 0.00 0.00 0.00 0.00 0.00 0.00 0.00 0.00 0.00 0.00 0.00 0.00
      3.0760339153           0.52372666490 0.00 0.00 0.00 0.00 0.00 0.01 0.00 0.00 0.00 0.00 0.00 0.00 0.00 1.00 0.00 0.00 0.00 0.00
      1.3276477516           0.0000000     1.00 0.00 0.00 0.00 0.00 0.10 0.00 0.00 0.00 0.00 0.00 0.00 0.00 0.00 1.00 0.00 0.00 0.00
      0.69973866760          0.0000000     0.00 1.00 0.00 0.00 0.00 0.46 0.70 0.00 0.00 0.00 1.00 0.00 0.00 0.00 0.00 1.00 0.00 0.70
      0.33174234887          0.0000000     0.00 0.00 1.00 0.00 0.00 0.00 0.70 1.00 0.00 0.00 0.00 1.00 0.00 0.00 0.00 0.00 1.00 0.70
      0.16093431878          0.0000000     0.00 0.00 0.00 1.00 0.00 0.00 0.00 0.00 1.00 0.00 0.00 0.00 1.00 0.00 0.00 0.00 0.00 0.00
      0.75883596172E-01      0.0000000     0.00 0.00 0.00 0.00 1.00 0.00 0.00 0.00 0.00 1.00 0.00 0.00 0.00 0.00 0.00 0.00 0.00 0.00
