KR QZVPP-MOLOPT-PBE-AE
 4
 1 0 0 11 1
  11713823.00799999944866     1.12845107655297E-05
   1755253.39789999998175     8.76626106697176E-05
    399717.41924000001745     4.60530397103966E-04
    113285.79260000000068     1.94249227826603E-03
     36977.20529299999907     7.04593115603357E-03
     13355.03657999999996     2.27385697885390E-02
      5210.90129880000040     6.59071060359528E-02
      2162.11370200000010     1.69757460014075E-01
       943.29291022999996     3.70932705821442E-01
       429.20724331000002     6.24492457861417E-01
       202.40720840000000     6.62333809412799E-01
 1 0 1 10 1 1
     28609.33576700000049     0.00000000000000E+00     1.09315355708252E-04
      6773.12363639999967     0.00000000000000E+00     9.71422421895541E-04
      2199.80110789999981     8.32978838941727E-03     5.58716726405069E-03
       841.50201589999995     8.44389507968326E-02     2.44079156823179E-02
       356.92110287999998     3.99373415930965E-01     8.50483787441118E-02
       162.71174350999999     9.12853522127920E-01     2.34074423501748E-01
        78.00426499400000     0.00000000000000E+00     4.80551091051403E-01
        38.68257999700000     0.00000000000000E+00     6.64200626828127E-01
        19.58915868500000     0.00000000000000E+00     4.94990106324982E-01
         9.79908634170000     0.00000000000000E+00     1.42270833232870E-01
 1 0 2 7 3 1 1
       665.35057386000005     0.00000000000000E+00     0.00000000000000E+00     0.00000000000000E+00     0.00000000000000E+00     1.09779441266763E-03
       200.17995366000000     7.07106781186548E-01     0.00000000000000E+00     0.00000000000000E+00    -2.53393500175863E-03     1.00578249133551E-02
        77.54508557000000     7.07106781186548E-01     0.00000000000000E+00     0.00000000000000E+00    -1.90045125131897E-02     5.15489945096606E-02
        33.67785434500000     0.00000000000000E+00     1.00000000000000E+00     0.00000000000000E+00    -5.38461187873709E-02     1.73394434467959E-01
        15.62492833400000     0.00000000000000E+00     0.00000000000000E+00     1.00000000000000E+00     3.95927344024786E-01     4.02082921454756E-01
         7.44278674230000     0.00000000000000E+00     0.00000000000000E+00     0.00000000000000E+00     9.02714344376511E-01     6.21586812410352E-01
         3.53360735350000     0.00000000000000E+00     0.00000000000000E+00     0.00000000000000E+00     1.58370937609914E-01     6.47405487448142E-01
 1 0 4 7 6 5 3 4 1
        14.18011699200000     0.00000000000000E+00     0.00000000000000E+00     0.00000000000000E+00     0.00000000000000E+00     0.00000000000000E+00     0.00000000000000E+00     0.00000000000000E+00     0.00000000000000E+00     0.00000000000000E+00     0.00000000000000E+00     0.00000000000000E+00     0.00000000000000E+00     0.00000000000000E+00     0.00000000000000E+00     1.00000000000000E+00     0.00000000000000E+00     0.00000000000000E+00     0.00000000000000E+00     0.00000000000000E+00
         9.25059961990000     1.00000000000000E+00     0.00000000000000E+00     0.00000000000000E+00     0.00000000000000E+00     0.00000000000000E+00     0.00000000000000E+00     0.00000000000000E+00     0.00000000000000E+00     0.00000000000000E+00     0.00000000000000E+00     0.00000000000000E+00     0.00000000000000E+00     0.00000000000000E+00     0.00000000000000E+00     0.00000000000000E+00     0.00000000000000E+00     0.00000000000000E+00     0.00000000000000E+00     0.00000000000000E+00
         4.34865176210000     0.00000000000000E+00     1.00000000000000E+00     0.00000000000000E+00     0.00000000000000E+00     0.00000000000000E+00     0.00000000000000E+00     7.07106781186548E-01    -4.08248290463863E-01     2.88675134594813E-01    -5.00000000000000E-01     0.00000000000000E+00     0.00000000000000E+00     0.00000000000000E+00     0.00000000000000E+00     0.00000000000000E+00     1.00000000000000E+00     0.00000000000000E+00     0.00000000000000E+00     0.00000000000000E+00
         2.03803242090000     0.00000000000000E+00     0.00000000000000E+00     1.00000000000000E+00     0.00000000000000E+00     0.00000000000000E+00     0.00000000000000E+00     7.07106781186548E-01     4.08248290463863E-01    -2.88675134594813E-01     5.00000000000000E-01     0.00000000000000E+00     1.00000000000000E+00     0.00000000000000E+00     0.00000000000000E+00     0.00000000000000E+00     0.00000000000000E+00     0.00000000000000E+00     0.00000000000000E+00     0.00000000000000E+00
         0.69110152540000     0.00000000000000E+00     0.00000000000000E+00     0.00000000000000E+00     1.00000000000000E+00     0.00000000000000E+00     0.00000000000000E+00     0.00000000000000E+00     8.16496580927726E-01     2.88675134594813E-01    -5.00000000000000E-01     0.00000000000000E+00     0.00000000000000E+00     1.00000000000000E+00     0.00000000000000E+00     0.00000000000000E+00     0.00000000000000E+00     1.00000000000000E+00     0.00000000000000E+00     1.00000000000000E+00
         0.33506065143000     0.00000000000000E+00     0.00000000000000E+00     0.00000000000000E+00     0.00000000000000E+00     1.00000000000000E+00     0.00000000000000E+00     0.00000000000000E+00     0.00000000000000E+00     8.66025403784439E-01     5.00000000000000E-01     0.00000000000000E+00     0.00000000000000E+00     0.00000000000000E+00     1.00000000000000E+00     0.00000000000000E+00     0.00000000000000E+00     0.00000000000000E+00     1.00000000000000E+00     0.00000000000000E+00
         0.14074441124000     0.00000000000000E+00     0.00000000000000E+00     0.00000000000000E+00     0.00000000000000E+00     0.00000000000000E+00     1.00000000000000E+00     0.00000000000000E+00     0.00000000000000E+00     0.00000000000000E+00     0.00000000000000E+00     1.00000000000000E+00     0.00000000000000E+00     0.00000000000000E+00     0.00000000000000E+00     0.00000000000000E+00     0.00000000000000E+00     0.00000000000000E+00     0.00000000000000E+00     0.00000000000000E+00
XE QZVPP-MOLOPT-PBE-Q26
 2
 1 0 2 10 1 1 1
     18774.29999999999927     6.83426461497790E-05     0.00000000000000E+00     0.00000000000000E+00
      2824.80999999999995     5.03524495897636E-04     0.00000000000000E+00     0.00000000000000E+00
       640.08799999999997     2.10756660258951E-03     1.30630285880469E-04     0.00000000000000E+00
       172.61600000000001     4.51563984045525E-03     1.04504228704375E-03     3.05002460521962E-03
        29.51690000000000    -4.73885898324740E-02     0.00000000000000E+00     7.62506151304904E-03
        18.44480000000000     3.75917720107945E-01     7.18466572342579E-02     0.00000000000000E+00
        11.52380000000000    -5.15410086094214E-01    -3.26575714701172E-01    -2.44001968417569E-02
         6.61890000000000    -4.81035745158703E-01     1.26711377304055E-02     1.67751353287079E-01
         2.99552000000000     5.99476566053012E-01     6.79277486578438E-01     9.15007381565885E-01
         1.19512466160000     0.00000000000000E+00     6.53151429402344E-01     3.66002952626354E-01
 1 0 4 8 6 5 3 4 1
        27.05217183500000     1.93292809950304E-01     0.00000000000000E+00     0.00000000000000E+00     0.00000000000000E+00     0.00000000000000E+00     0.00000000000000E+00     0.00000000000000E+00     0.00000000000000E+00     0.00000000000000E+00     0.00000000000000E+00     0.00000000000000E+00     0.00000000000000E+00     0.00000000000000E+00     0.00000000000000E+00     0.00000000000000E+00     0.00000000000000E+00     0.00000000000000E+00     0.00000000000000E+00     0.00000000000000E+00
        20.94062241500000    -4.15540795514558E-01     0.00000000000000E+00     0.00000000000000E+00     0.00000000000000E+00     0.00000000000000E+00     0.00000000000000E+00    -2.62319052016334E-02     0.00000000000000E+00     0.00000000000000E+00     0.00000000000000E+00     0.00000000000000E+00     0.00000000000000E+00     0.00000000000000E+00     0.00000000000000E+00     0.00000000000000E+00     0.00000000000000E+00     0.00000000000000E+00     0.00000000000000E+00     0.00000000000000E+00
         6.00245910710000     8.88799041901286E-01     0.00000000000000E+00     0.00000000000000E+00     0.00000000000000E+00     0.00000000000000E+00     0.00000000000000E+00     3.27898815020418E-01     0.00000000000000E+00     0.00000000000000E+00     0.00000000000000E+00     0.00000000000000E+00     0.00000000000000E+00     0.00000000000000E+00     0.00000000000000E+00     1.00000000000000E+00     0.00000000000000E+00     0.00000000000000E+00     0.00000000000000E+00     0.00000000000000E+00
         1.65325865360000     0.00000000000000E+00     1.00000000000000E+00     0.00000000000000E+00     0.00000000000000E+00     0.00000000000000E+00     0.00000000000000E+00     9.44348587258804E-01     0.00000000000000E+00     0.00000000000000E+00     0.00000000000000E+00     0.00000000000000E+00     0.00000000000000E+00     0.00000000000000E+00     0.00000000000000E+00     0.00000000000000E+00     1.00000000000000E+00     0.00000000000000E+00     0.00000000000000E+00     0.00000000000000E+00
         0.87553889270000     0.00000000000000E+00     0.00000000000000E+00     1.00000000000000E+00     0.00000000000000E+00     0.00000000000000E+00     0.00000000000000E+00     0.00000000000000E+00     1.00000000000000E+00     0.00000000000000E+00     0.00000000000000E+00     0.00000000000000E+00     7.07106781186548E-01    -7.07106781186547E-01     0.00000000000000E+00     0.00000000000000E+00     0.00000000000000E+00     1.00000000000000E+00     0.00000000000000E+00     0.00000000000000E+00
         0.41033616654000     0.00000000000000E+00     0.00000000000000E+00     0.00000000000000E+00     1.00000000000000E+00     0.00000000000000E+00     0.00000000000000E+00     0.00000000000000E+00     0.00000000000000E+00     1.00000000000000E+00     0.00000000000000E+00     0.00000000000000E+00     7.07106781186548E-01     7.07106781186547E-01     0.00000000000000E+00     0.00000000000000E+00     0.00000000000000E+00     0.00000000000000E+00     1.00000000000000E+00     1.00000000000000E+00
         0.19493585779000     0.00000000000000E+00     0.00000000000000E+00     0.00000000000000E+00     0.00000000000000E+00     1.00000000000000E+00     0.00000000000000E+00     0.00000000000000E+00     0.00000000000000E+00     0.00000000000000E+00     1.00000000000000E+00     0.00000000000000E+00     0.00000000000000E+00     0.00000000000000E+00     1.00000000000000E+00     0.00000000000000E+00     0.00000000000000E+00     0.00000000000000E+00     0.00000000000000E+00     0.00000000000000E+00
         0.09017109304100     0.00000000000000E+00     0.00000000000000E+00     0.00000000000000E+00     0.00000000000000E+00     0.00000000000000E+00     1.00000000000000E+00     0.00000000000000E+00     0.00000000000000E+00     0.00000000000000E+00     0.00000000000000E+00     1.00000000000000E+00     0.00000000000000E+00     0.00000000000000E+00     0.00000000000000E+00     0.00000000000000E+00     0.00000000000000E+00     0.00000000000000E+00     0.00000000000000E+00     0.00000000000000E+00
RN QZVPP-MOLOPT-PBE-Q26
 2
 1 0 2 10 1 1 1
     12715.60000000000036     3.67888190722958E-05     0.00000000000000E+00     0.00000000000000E+00
      1913.29999999999995     2.64566400988000E-04     0.00000000000000E+00     0.00000000000000E+00
       429.95600000000002     1.00190826409657E-03     0.00000000000000E+00     0.00000000000000E+00
       100.97799999999999     2.17758499274738E-03     5.57070944621286E-04     1.51056915805103E-04
        24.47080000000000    -7.86036170225323E-02    -1.55979864493960E-02     1.35951224224592E-03
        15.29220000000000     4.22542286529426E-01     1.89404121171237E-01     1.51056915805103E-02
         9.55483000000000    -4.49180522501094E-01    -4.67939593481880E-01    -1.31419516750439E-01
         5.96661000000000    -4.77471907108520E-01    -1.89404121171237E-03     1.07250410221623E-01
         2.38939000000000     6.20911512671402E-01     6.68485133545543E-01     9.06341494830615E-01
         0.96097900000000     0.00000000000000E+00     5.45929525728860E-01     3.86705704461062E-01
 1 0 4 8 6 5 3 4 1
        17.19519534100000     2.66796921502578E-01     0.00000000000000E+00     0.00000000000000E+00     0.00000000000000E+00     0.00000000000000E+00     0.00000000000000E+00     0.00000000000000E+00     0.00000000000000E+00     0.00000000000000E+00     0.00000000000000E+00     0.00000000000000E+00     0.00000000000000E+00     0.00000000000000E+00     0.00000000000000E+00     0.00000000000000E+00     0.00000000000000E+00     0.00000000000000E+00     0.00000000000000E+00     0.00000000000000E+00
        14.23030372000000    -4.43780591751605E-01     0.00000000000000E+00     0.00000000000000E+00     0.00000000000000E+00     0.00000000000000E+00     0.00000000000000E+00     0.00000000000000E+00     0.00000000000000E+00     0.00000000000000E+00     0.00000000000000E+00     0.00000000000000E+00     0.00000000000000E+00     0.00000000000000E+00     0.00000000000000E+00     0.00000000000000E+00     0.00000000000000E+00     0.00000000000000E+00     0.00000000000000E+00     0.00000000000000E+00
         3.07603391530000     8.55498795476267E-01     0.00000000000000E+00     0.00000000000000E+00     0.00000000000000E+00     0.00000000000000E+00     0.00000000000000E+00     2.12381729670610E-02    -2.02916923554984E-02     9.50693290676910E-02     0.00000000000000E+00     0.00000000000000E+00     0.00000000000000E+00     0.00000000000000E+00     0.00000000000000E+00     1.00000000000000E+00     0.00000000000000E+00     0.00000000000000E+00     0.00000000000000E+00     0.00000000000000E+00
         1.32764775160000     0.00000000000000E+00     1.00000000000000E+00     0.00000000000000E+00     0.00000000000000E+00     0.00000000000000E+00     0.00000000000000E+00     2.12381729670610E-01    -2.02916923554984E-01     9.50693290676910E-01     0.00000000000000E+00     0.00000000000000E+00     0.00000000000000E+00     0.00000000000000E+00     0.00000000000000E+00     0.00000000000000E+00     1.00000000000000E+00     0.00000000000000E+00     0.00000000000000E+00     0.00000000000000E+00
         0.69973866760000     0.00000000000000E+00     0.00000000000000E+00     1.00000000000000E+00     0.00000000000000E+00     0.00000000000000E+00     0.00000000000000E+00     9.76955956484805E-01     4.45534984327246E-02    -2.08739179039930E-01     0.00000000000000E+00     0.00000000000000E+00     1.00000000000000E+00     0.00000000000000E+00     0.00000000000000E+00     0.00000000000000E+00     0.00000000000000E+00     1.00000000000000E+00     0.00000000000000E+00     7.07106781186548E-01
         0.33174234887000     0.00000000000000E+00     0.00000000000000E+00     0.00000000000000E+00     1.00000000000000E+00     0.00000000000000E+00     0.00000000000000E+00     0.00000000000000E+00     9.77971346785649E-01     2.08739179039930E-01     0.00000000000000E+00     0.00000000000000E+00     0.00000000000000E+00     1.00000000000000E+00     0.00000000000000E+00     0.00000000000000E+00     0.00000000000000E+00     0.00000000000000E+00     1.00000000000000E+00     7.07106781186548E-01
         0.16093431878000     0.00000000000000E+00     0.00000000000000E+00     0.00000000000000E+00     0.00000000000000E+00     1.00000000000000E+00     0.00000000000000E+00     0.00000000000000E+00     0.00000000000000E+00     0.00000000000000E+00     1.00000000000000E+00     0.00000000000000E+00     0.00000000000000E+00     0.00000000000000E+00     1.00000000000000E+00     0.00000000000000E+00     0.00000000000000E+00     0.00000000000000E+00     0.00000000000000E+00     0.00000000000000E+00
         0.07588359617200     0.00000000000000E+00     0.00000000000000E+00     0.00000000000000E+00     0.00000000000000E+00     0.00000000000000E+00     1.00000000000000E+00     0.00000000000000E+00     0.00000000000000E+00     0.00000000000000E+00     0.00000000000000E+00     1.00000000000000E+00     0.00000000000000E+00     0.00000000000000E+00     0.00000000000000E+00     0.00000000000000E+00     0.00000000000000E+00     0.00000000000000E+00     0.00000000000000E+00     0.00000000000000E+00
