RB DZVP-MOLOPT-SCAN-GTH-Q9
 1
 2 0 2 7 3 2 1
         6.90121659211506    -5.03981485233026E-02     4.15077271678666E-02     1.69960621870063E-03     4.95109554121172E-02     2.70293393788478E-02     2.64659542895803E-02
         2.42378406773514     3.89813817689178E-01    -2.93122220665311E-01    -3.62155052667403E-02    -2.29166334855272E-01    -1.24979477964187E-01    -6.26915715558388E-02
         1.26879862246914    -5.69801044569959E-02     6.60861479257152E-02     1.95883793193103E-02     2.60823123905032E-01     1.37703260573933E-01     1.28520970159504E-01
         0.48795027266443    -7.52178613824074E-01     2.78062109367216E-01     2.06375206819070E-01     7.57793314897694E-01     2.55821206052412E-01     2.97275297089956E-01
         0.18574326132113    -2.93815790896136E-01     1.03535510714486E-01    -7.68306959925422E-02     3.53127302203951E-01     3.23159096526584E-01     6.21437818498091E-01
         0.04696100976940     1.71749376216309E-01     6.68270650638343E-01    -7.06100736695495E-01    -2.68456611398609E-01     6.39939882014650E-01     7.09981114018360E-01
         0.02982420926241     4.00824459776549E-01     6.11036244621124E-01     6.71736489789252E-01    -3.25552150093500E-01     6.20715726561634E-01     1.48638341729702E-02
H DZVP-MOLOPT-SCAN-GTH-Q1
 1
 2 0 1 5 2 1
         9.16876514496744     4.30245721944096E-02    -3.89199332255518E-02    -1.03225299298647E-01
         2.16119406948452     1.67758655334156E-01    -2.29436993766244E-01     3.18679005482070E-01
         0.61986766123499     5.51924571472773E-01    -2.73974309763091E-01     4.58038932787715E-01
         0.41225503616229     4.20326460221825E-01     8.94936516623427E-01     2.25604019455304E-02
         0.16131600752250     6.99078574975625E-01    -2.64330500496994E-01     8.23091485416057E-01
F DZVP-MOLOPT-SCAN-GTH-Q7
 1
 2 0 2 5 2 2 1
        13.16645520019096     1.25688709752362E-01    -6.90191648196731E-02    -9.31572868763813E-02     5.00225599861602E-02    -1.02513605924922E-02
         4.67863609541364     1.25206371205048E-01    -7.54523660806367E-02    -2.93923292691458E-01     1.19602022797720E-01     4.04484470063397E-02
         1.68188350144516    -4.93940854057955E-01     2.15904735709196E-01    -5.53343548452151E-01     3.11861936412921E-01     4.51403790784568E-01
         0.58393450944632    -7.58234802751956E-01     3.05654861844976E-01    -6.44505933144035E-01     2.69615230808562E-01     8.90352206116421E-01
         0.18571155118612    -3.86817953873203E-01    -9.21685166349822E-01    -4.28198362261887E-01    -9.01799789070697E-01     4.20285554084608E-02
O DZVP-MOLOPT-SCAN-GTH-Q6
 1
 2 0 2 5 2 2 1
        10.25781699497238    -1.37093335568261E-01     6.42341766590814E-02    -1.01541960662273E-01     5.12250917317880E-02    -1.55308630843787E-02
         3.64428735012608    -1.53382903419191E-01     6.95730187369108E-02    -2.97888826596963E-01     1.18416114723772E-01     1.12242705044625E-01
         1.40222472037927     4.52964005356058E-01    -1.60546208430784E-01    -5.48743422499672E-01     2.65706574607295E-01     4.02080210361362E-01
         0.52205700268808     8.05450964095097E-01    -2.63981031214717E-01    -6.95022929228448E-01     1.92118246587555E-01     9.01700430010169E-01
         0.16818943371335     3.22104729197730E-01     9.46346921445871E-01    -3.41723954857718E-01    -9.35865486749767E-01    -1.11481865840859E-01
