#----------------------------------------------------------------------
# Basis Set Exchange
# Version v0.9.1
# https://www.basissetexchange.org
#----------------------------------------------------------------------
#   Basis set: Sapporo-QZP-2012-diffuse
# Description:
#        Role: orbital
#     Version: 1  (Data from T. Noro)
#----------------------------------------------------------------------


# Hydrogen Sapporo-QZP-2012-diffuse (9s,4p,3d,2f) -> [5s,4p,3d,2f]
H Sapporo-QZP-2012-diffuse
    14
1 0 0 5 1
    418.5580082              0.0014550
     62.7453487              0.0112781
     14.2795840              0.0585875
      4.0418170              0.2374075
      1.3163895              0.7655212
1 0 0 1 1
      0.4734619              1.0000000
1 0 0 1 1
      0.1827999              1.0000000
1 0 0 1 1
      0.0728844              1.0000000
1 0 0 1 1
      0.0242948              1.0000000
1 1 1 1 1
      2.8606730              1.0000000
1 1 1 1 1
      0.8881900              1.0000000
1 1 1 1 1
      0.3037760              1.0000000
1 1 1 1 1
      0.1012587              1.0000000
1 2 2 1 1
      1.7706130              1.0000000
1 2 2 1 1
      0.5930810              1.0000000
1 2 2 1 1
      0.1976937              1.0000000
1 3 3 1 1
      1.4514450              1.0000000
1 3 3 1 1
      0.4838150              1.0000000

# Helium Sapporo-QZP-2012-diffuse (9s,5p,4d,3f) -> [5s,4p,3d,2f]
He Sapporo-QZP-2012-diffuse
    14
1 0 0 5 1
   1144.6468668              0.0016520
    171.6461943              0.0127728
     39.0659544              0.0656121
     11.0513343              0.2554914
      3.5725326              0.7449704
1 0 0 1 1
      1.2429351              1.0000000
1 0 0 1 1
      0.4480750              1.0000000
1 0 0 1 1
      0.1641154              1.0000000
1 0 0 1 1
      0.0547051              1.0000000
1 1 1 2 1
     19.3454490              0.0818050
      4.8179070              0.9510479
1 1 1 1 1
      1.6506250              1.0000000
1 1 1 1 1
      0.5448140              1.0000000
1 1 1 1 1
      0.1816047              1.0000000
1 2 2 2 1
      8.0451280              0.1720410
      2.8322500              0.8821268
1 2 2 1 1
      1.0482740              1.0000000
1 2 2 1 1
      0.3494247              1.0000000
1 3 3 2 1
      3.7903690              0.4074172
      1.2924980              0.7203303
1 3 3 1 1
      0.4446387              1.0000000

# Lithium Sapporo-QZP-2012-diffuse (10s,6p,5d,2f) -> [8s,6p,4d,2f]
Li Sapporo-QZP-2012-diffuse
    20
1 0 0 3 1
   1426.8109690              0.0223340
    214.0864870              0.1719225
     48.7217550              0.8677405
1 0 0 1 1
     13.7547000              1.0000000
1 0 0 1 1
      4.4004910              1.0000000
1 0 0 1 1
      1.5070760              1.0000000
1 0 0 1 1
      0.5364620              1.0000000
1 0 0 1 1
      0.0711470              1.0000000
1 0 0 1 1
      0.0286220              1.0000000
1 0 0 1 1
      0.0095407              1.0000000
1 1 1 1 1
     18.6109130              1.0000000
1 1 1 1 1
      5.7188010              1.0000000
1 1 1 1 1
      1.8099790              1.0000000
1 1 1 1 1
      0.1239510              1.0000000
1 1 1 1 1
      0.0475940              1.0000000
1 1 1 1 1
      0.0158647              1.0000000
1 2 2 2 1
      8.3037950              0.3668498
      2.4912180              0.7503556
1 2 2 1 1
      0.1422160              1.0000000
1 2 2 1 1
      0.0607430              1.0000000
1 2 2 1 1
      0.0202477              1.0000000
1 3 3 1 1
      0.1777260              1.0000000
1 3 3 1 1
      0.0592420              1.0000000

# Beryllium Sapporo-QZP-2012-diffuse (10s,7p,5d,2f) -> [8s,6p,4d,2f]
Be Sapporo-QZP-2012-diffuse
    20
1 0 0 3 1
   2716.7092860              0.0222245
    407.6103300              0.1712627
     92.7685370              0.8682903
1 0 0 1 1
     26.2080250              1.0000000
1 0 0 1 1
      8.4188220              1.0000000
1 0 0 1 1
      2.9162870              1.0000000
1 0 0 1 1
      1.0587610              1.0000000
1 0 0 1 1
      0.1826750              1.0000000
1 0 0 1 1
      0.0577280              1.0000000
1 0 0 1 1
      0.0192427              1.0000000
1 1 1 2 1
     35.0918390              0.1477060
     10.6127400              0.8969590
1 1 1 1 1
      3.4962890              1.0000000
1 1 1 1 1
      0.8968010              1.0000000
1 1 1 1 1
      0.2834260              1.0000000
1 1 1 1 1
      0.0967380              1.0000000
1 1 1 1 1
      0.0322460              1.0000000
1 2 2 2 1
     15.5000520              0.3609849
      4.6830120              0.7540998
1 2 2 1 1
      0.2354220              1.0000000
1 2 2 1 1
      0.0722310              1.0000000
1 2 2 1 1
      0.0240770              1.0000000
1 3 3 1 1
      0.2826950              1.0000000
1 3 3 1 1
      0.0942317              1.0000000

# Boron Sapporo-QZP-2012-diffuse (13s,9p,5d,4f,3g) -> [8s,6p,4d,3f,2g]
B Sapporo-QZP-2012-diffuse
    23
1 0 0 5 1
   4350.3541310              0.0018410
    652.7065350              0.0141910
    148.5456180              0.0720920
     41.9752620              0.2712310
     13.5238110              0.7263940
1 0 0 1 1
      4.7427390              1.0000000
1 0 0 1 1
      1.7198220              1.0000000
1 0 0 1 1
      0.5988710              1.0000000
1 0 0 2 1
      3.1843610             -0.2074750
      0.3331320              1.0756290
1 0 0 1 1
      0.1418880              1.0000000
1 0 0 1 1
      0.0661930              1.0000000
1 0 0 1 1
      0.0220643              1.0000000
1 1 1 1 1
      9.3253730              1.0000000
1 1 1 4 1
     39.9980310              0.0084310
      9.3395470              0.0600840
      2.8360930              0.2528550
      0.9925860              0.7766050
1 1 1 1 1
      0.3760400              1.0000000
1 1 1 1 1
      0.1456010              1.0000000
1 1 1 1 1
      0.0559790              1.0000000
1 1 1 1 1
      0.0186597              1.0000000
1 2 2 2 1
      4.2061400              0.0531950
      1.0497880              0.9745622
1 2 2 1 1
      0.4259580              1.0000000
1 2 2 1 1
      0.1577210              1.0000000
1 2 2 1 1
      0.0525737              1.0000000
1 3 3 2 1
      1.1679110              0.2322499
      0.6835910              0.7945936
1 3 3 1 1
      0.2992770              1.0000000
1 3 3 1 1
      0.0997590              1.0000000
1 4 4 2 1
      0.8386980              0.5399361
      0.3565400              0.5732601
1 4 4 1 1
      0.1249907              1.0000000

# Carbon Sapporo-QZP-2012-diffuse (13s,9p,5d,4f,3g) -> [8s,6p,4d,3f,2g]
C Sapporo-QZP-2012-diffuse
    23
1 0 0 5 1
   6328.5636600              0.0018240
    949.4439690              0.0140650
    216.0721750              0.0715360
     61.0654920              0.2701140
     19.7008680              0.7277000
1 0 0 1 1
      6.9353910              1.0000000
1 0 0 1 1
      2.5266950              1.0000000
1 0 0 1 1
      0.9742940              1.0000000
1 0 0 2 1
      5.0024820             -0.2058730
      0.5285790              1.0757940
1 0 0 1 1
      0.2222920              1.0000000
1 0 0 1 1
      0.1026000              1.0000000
1 0 0 1 1
      0.0342000              1.0000000
1 1 1 1 1
     13.9394660              1.0000000
1 1 1 4 1
     61.6345450              0.0082490
     14.4423380              0.0603590
      4.4412960              0.2583920
      1.5730260              0.7701760
1 1 1 1 1
      0.5979420              1.0000000
1 1 1 1 1
      0.2298670              1.0000000
1 1 1 1 1
      0.0864370              1.0000000
1 1 1 1 1
      0.0288123              1.0000000
1 2 2 2 1
      5.7945660              0.0669920
      1.5521940              0.9653563
1 2 2 1 1
      0.6188830              1.0000000
1 2 2 1 1
      0.2296760              1.0000000
1 2 2 1 1
      0.0765587              1.0000000
1 3 3 2 1
      2.2894950              0.1622509
      1.0747640              0.8753466
1 3 3 1 1
      0.4405970              1.0000000
1 3 3 1 1
      0.1468657              1.0000000
1 4 4 2 1
      1.3396820              0.4982008
      0.5429150              0.6246047
1 4 4 1 1
      0.1879282              1.0000000

# Nitrogen Sapporo-QZP-2012-diffuse (13s,9p,5d,4f,3g) -> [8s,6p,4d,3f,2g]
N Sapporo-QZP-2012-diffuse
    23
1 0 0 5 1
   8661.3924610              0.0018120
   1299.4180880              0.0139830
    295.7157740              0.0711680
     83.5812080              0.2693880
     26.9886620              0.7285500
1 0 0 1 1
      9.5219290              1.0000000
1 0 0 1 1
      3.4779960              1.0000000
1 0 0 1 1
      1.4277620              1.0000000
1 0 0 2 1
      7.2187710             -0.2063570
      0.7660090              1.0761940
1 0 0 1 1
      0.3207860              1.0000000
1 0 0 1 1
      0.1459820              1.0000000
1 0 0 1 1
      0.0486607              1.0000000
1 1 1 1 1
     19.4422210              1.0000000
1 1 1 4 1
     87.1778130              0.0081610
     20.4696530              0.0607040
      6.3440450              0.2623500
      2.2631190              0.7656370
1 1 1 1 1
      0.8614500              1.0000000
1 1 1 1 1
      0.3292830              1.0000000
1 1 1 1 1
      0.1218300              1.0000000
1 1 1 1 1
      0.0406100              1.0000000
1 2 2 2 1
      8.0482680              0.0768100
      2.2109690              0.9590616
1 2 2 1 1
      0.8701410              1.0000000
1 2 2 1 1
      0.3200200              1.0000000
1 2 2 1 1
      0.1066733              1.0000000
1 3 3 2 1
      3.5323260              0.1588080
      1.5315390              0.8848461
1 3 3 1 1
      0.6130410              1.0000000
1 3 3 1 1
      0.2043470              1.0000000
1 4 4 2 1
      1.9426720              0.4776043
      0.7640570              0.6506084
1 4 4 1 1
      0.2629618              1.0000000

# Oxygen Sapporo-QZP-2012-diffuse (13s,9p,5d,4f,3g) -> [8s,6p,4d,3f,2g]
O Sapporo-QZP-2012-diffuse
    23
1 0 0 5 1
  11371.8294630              0.0018030
   1706.0929020              0.0139180
    388.2679950              0.0708700
    109.7507550              0.2687970
     35.4659020              0.7292380
1 0 0 1 1
     12.5340490              1.0000000
1 0 0 1 1
      4.5888600              1.0000000
1 0 0 1 1
      1.9723430              1.0000000
1 0 0 2 1
      9.8428230             -0.2058020
      1.0495500              1.0763360
1 0 0 1 1
      0.4326590              1.0000000
1 0 0 1 1
      0.1916280              1.0000000
1 0 0 1 1
      0.0638760              1.0000000
1 1 1 1 1
     25.6085570              1.0000000
1 1 1 4 1
    111.6435970              0.0083240
     26.2290360              0.0623210
      8.1625280              0.2696390
      2.9239230              0.7578720
1 1 1 1 1
      1.1057210              1.0000000
1 1 1 1 1
      0.4136360              1.0000000
1 1 1 1 1
      0.1479770              1.0000000
1 1 1 1 1
      0.0493257              1.0000000
1 2 2 2 1
     10.5203680              0.0832270
      2.9714730              0.9543244
1 2 2 1 1
      1.1683940              1.0000000
1 2 2 1 1
      0.4268190              1.0000000
1 2 2 1 1
      0.1422730              1.0000000
1 3 3 2 1
      4.8912290              0.1694800
      1.9686530              0.8834389
1 3 3 1 1
      0.7476440              1.0000000
1 3 3 1 1
      0.2492147              1.0000000
1 4 4 2 1
      2.6377970              0.4547998
      0.9721190              0.6857437
1 4 4 1 1
      0.3318957              1.0000000

# Fluorine Sapporo-QZP-2012-diffuse (13s,9p,5d,4f,3g) -> [8s,6p,4d,3f,2g]
F Sapporo-QZP-2012-diffuse
    23
1 0 0 5 1
  14440.8553980              0.0017970
   2166.4519630              0.0138670
    493.0256330              0.0706540
    139.3698120              0.2683720
     45.0622290              0.7297330
1 0 0 1 1
     15.9427940              1.0000000
1 0 0 1 1
      5.8448860              1.0000000
1 0 0 1 1
      2.6782290              1.0000000
1 0 0 2 1
     12.8653230             -0.2054040
      1.3748980              1.0763590
1 0 0 1 1
      0.5616710              1.0000000
1 0 0 1 1
      0.2457230              1.0000000
1 0 0 1 1
      0.0819077              1.0000000
1 1 1 1 1
     32.7089490              1.0000000
1 1 1 4 1
    141.0387630              0.0084030
     33.1629110              0.0633260
     10.3595760              0.2740950
      3.7215830              0.7530240
1 1 1 1 1
      1.4030490              1.0000000
1 1 1 1 1
      0.5192000              1.0000000
1 1 1 1 1
      0.1821000              1.0000000
1 1 1 1 1
      0.0607000              1.0000000
1 2 2 2 1
     13.6364610              0.0874430
      3.9103280              0.9512329
1 2 2 1 1
      1.5324310              1.0000000
1 2 2 1 1
      0.5562150              1.0000000
1 2 2 1 1
      0.1854050              1.0000000
1 3 3 2 1
      6.2674000              0.1930410
      2.5308640              0.8655239
1 3 3 1 1
      0.9971180              1.0000000
1 3 3 1 1
      0.3323727              1.0000000
1 4 4 2 1
      3.4617300              0.4460170
      1.2425780              0.6992191
1 4 4 1 1
      0.4231020              1.0000000

# Neon Sapporo-QZP-2012-diffuse (13s,9p,5d,4f,3g) -> [8s,6p,4d,3f,2g]
Ne Sapporo-QZP-2012-diffuse
    23
1 0 0 5 1
  17864.2834390              0.0017940
   2680.0266600              0.0138310
    609.8938220              0.0704970
    172.4120750              0.2680720
     55.7698550              0.7300830
1 0 0 1 1
     19.7461200              1.0000000
1 0 0 1 1
      7.2456130              1.0000000
1 0 0 1 1
      4.1821260              1.0000000
1 0 0 2 1
     16.2868880             -0.2051170
      1.7422770              1.0763380
1 0 0 1 1
      0.6585100              1.0000000
1 0 0 1 1
      0.2595240              1.0000000
1 0 0 1 1
      0.0865080              1.0000000
1 1 1 1 1
     40.7239260              1.0000000
1 1 1 4 1
    175.0546480              0.0084350
     41.1945680              0.0639380
     12.9093330              0.2769080
      4.6475770              0.7499080
1 1 1 1 1
      1.7495270              1.0000000
1 1 1 1 1
      0.6434620              1.0000000
1 1 1 1 1
      0.2227990              1.0000000
1 1 1 1 1
      0.0742663              1.0000000
1 2 2 2 1
     17.0753020              0.0919310
      4.9533330              0.9480636
1 2 2 1 1
      1.9328770              1.0000000
1 2 2 1 1
      0.6977030              1.0000000
1 2 2 1 1
      0.2325677              1.0000000
1 3 3 2 1
      7.4732170              0.2409221
      3.0514120              0.8273112
1 3 3 1 1
      1.3447050              1.0000000
1 3 3 1 1
      0.4482350              1.0000000
1 4 4 2 1
      4.3918070              0.4414499
      1.5503550              0.7067838
1 4 4 1 1
      0.5271199              1.0000000

# Sodium Sapporo-QZP-2012-diffuse (17s,11p,6d,4f,2g) -> [9s,8p,6d,4f,2g]
Na Sapporo-QZP-2012-diffuse
    29
1 0 0 7 1
  21941.3488620              0.0007260
   3291.6506870              0.0056020
    749.0787610              0.0285710
    211.7720400              0.1088790
     68.6097710              0.2944789
     24.3277010              0.4658499
      8.8707000              0.2458999
1 0 0 1 1
      4.0236080              1.0000000
1 0 0 3 1
     60.4552500             -0.0314080
     17.6513330             -0.1778829
      2.0382040              1.0746826
1 0 0 1 1
      0.7444570              1.0000000
1 0 0 1 1
      0.2849100              1.0000000
1 0 0 1 1
      0.0974380              1.0000000
1 0 0 1 1
      0.0435620              1.0000000
1 0 0 1 1
      0.0197860              1.0000000
1 0 0 1 1
      0.0065953              1.0000000
1 1 1 4 1
    243.2661313              0.0077813
     57.3857346              0.0602505
     18.1044417              0.2682591
      6.5771207              0.7583915
1 1 1 1 1
      2.5207162              1.0000000
1 1 1 1 1
      0.9595432              1.0000000
1 1 1 1 1
      0.5557750              1.0000000
1 1 1 1 1
      0.3510812              1.0000000
1 1 1 1 1
      0.0944730              1.0000000
1 1 1 1 1
      0.0403600              1.0000000
1 1 1 1 1
      0.0134533              1.0000000
1 2 2 1 1
     10.7870650              1.0000000
1 2 2 1 1
      3.7963370              1.0000000
1 2 2 1 1
      1.3995180              1.0000000
1 2 2 1 1
      0.1286910              1.0000000
1 2 2 1 1
      0.0583340              1.0000000
1 2 2 1 1
      0.0194447              1.0000000
1 3 3 1 1
      5.3687890              1.0000000
1 3 3 1 1
      1.8685870              1.0000000
1 3 3 1 1
      0.1508840              1.0000000
1 3 3 1 1
      0.0502947              1.0000000
1 4 4 1 1
      3.0144870              1.0000000
1 4 4 1 1
      1.0048290              1.0000000

# Magnesium Sapporo-QZP-2012-diffuse (17s,11p,6d,4f,2g) -> [9s,8p,6d,4f,2g]
Mg Sapporo-QZP-2012-diffuse
    29
1 0 0 7 1
  26504.8909260              0.0007140
   3976.2225270              0.0055120
    904.8677000              0.0281310
    255.8340960              0.1074490
     82.9537930              0.2917350
     29.4433540              0.4657899
     10.7438520              0.2501650
1 0 0 1 1
      5.0265770              1.0000000
1 0 0 3 1
     70.7899610             -0.0340130
     20.9751830             -0.1840781
      2.5487400              1.0800435
1 0 0 1 1
      0.9569440              1.0000000
1 0 0 1 1
      0.3614820              1.0000000
1 0 0 1 1
      0.1618550              1.0000000
1 0 0 1 1
      0.0676770              1.0000000
1 0 0 1 1
      0.0293030              1.0000000
1 0 0 1 1
      0.0097677              1.0000000
1 1 1 4 1
    317.0690040              0.0073868
     74.8947620              0.0579938
     23.7279150              0.2630402
      8.6717620              0.7634599
1 1 1 1 1
      3.3619860              1.0000000
1 1 1 1 1
      1.3088040              1.0000000
1 1 1 1 1
      0.4909880              1.0000000
1 1 1 1 1
      0.2186960              1.0000000
1 1 1 1 1
      0.1245510              1.0000000
1 1 1 1 1
      0.0557680              1.0000000
1 1 1 1 1
      0.0185893              1.0000000
1 2 2 1 1
     13.6920230              1.0000000
1 2 2 1 1
      5.0083770              1.0000000
1 2 2 1 1
      1.8965600              1.0000000
1 2 2 1 1
      0.3465270              1.0000000
1 2 2 1 1
      0.1661710              1.0000000
1 2 2 1 1
      0.0553903              1.0000000
1 3 3 1 1
      6.9389260              1.0000000
1 3 3 1 1
      2.4712060              1.0000000
1 3 3 1 1
      0.2106930              1.0000000
1 3 3 1 1
      0.0702310              1.0000000
1 4 4 1 1
      4.0327920              1.0000000
1 4 4 1 1
      1.3442640              1.0000000

# Aluminium Sapporo-QZP-2012-diffuse (18s,12p,8d,5f,3g) -> [9s,8p,6d,4f,2g]
Al Sapporo-QZP-2012-diffuse
    29
1 0 0 7 1
  31536.8692970              0.0007040
   4730.9665620              0.0054300
   1076.6152100              0.0277300
    304.4141000              0.1061270
     98.7785820              0.2891700
     35.0886920              0.4656880
     12.8138360              0.2541740
1 0 0 1 1
      6.0438310              1.0000000
1 0 0 3 1
     82.1408950             -0.0364240
     24.6040930             -0.1902420
      3.1228080              1.0851500
1 0 0 1 1
      1.1009340              1.0000000
1 0 0 1 1
      0.2911130              1.0000000
1 0 0 2 1
      1.3032780             -0.2469230
      0.1640860              1.1004420
1 0 0 1 1
      0.0788900              1.0000000
1 0 0 1 1
      0.0402890              1.0000000
1 0 0 1 1
      0.0134297              1.0000000
1 1 1 4 1
    424.9762230              0.0068690
    100.5163330              0.0548580
     31.9921300              0.2550790
     11.7728140              0.7712860
1 1 1 1 1
      4.6308470              1.0000000
1 1 1 2 1
      1.8478080              0.7455490
      0.7200540              0.3068330
1 1 1 1 1
      0.3275380              1.0000000
1 1 1 1 1
      0.1350330              1.0000000
1 1 1 1 1
      0.0590340              1.0000000
1 1 1 1 1
      0.0262580              1.0000000
1 1 1 1 1
      0.0087527              1.0000000
1 2 2 1 1
      7.7257630              1.0000000
1 2 2 1 1
      2.4177280              1.0000000
1 2 2 1 1
      0.3961330              1.0000000
1 2 2 3 1
      7.5964520              0.0079900
      1.6386620              0.0438930
      0.1770260              0.9917180
1 2 2 1 1
      0.0743430              1.0000000
1 2 2 1 1
      0.0247810              1.0000000
1 3 3 2 1
      7.2719750              0.5649640
      2.6976900              0.5574500
1 3 3 1 1
      0.3879450              1.0000000
1 3 3 1 1
      0.1630120              1.0000000
1 3 3 1 1
      0.0543373              1.0000000
1 4 4 2 1
      0.4054120              0.6674040
      0.1794880              0.4309400
1 4 4 1 1
      0.0655029              1.0000000

# Silicon Sapporo-QZP-2012-diffuse (18s,12p,8d,5f,3g) -> [9s,8p,6d,4f,2g]
Si Sapporo-QZP-2012-diffuse
    29
1 0 0 7 1
  37009.5448480              0.0006940
   5551.8956560              0.0053610
   1263.4363110              0.0273900
    357.2583140              0.1050050
    115.9936170              0.2869960
     41.2326800              0.4655560
     15.0702950              0.2575970
1 0 0 1 1
      7.3910010              1.0000000
1 0 0 3 1
     94.7807180             -0.0382190
     28.5946220             -0.1949880
      3.7500880              1.0891760
1 0 0 1 1
      1.3604740              1.0000000
1 0 0 1 1
      0.5238650              1.0000000
1 0 0 2 1
      1.7476340             -0.2692520
      0.2300720              1.1112040
1 0 0 1 1
      0.1412080              1.0000000
1 0 0 1 1
      0.0567350              1.0000000
1 0 0 1 1
      0.0189117              1.0000000
1 1 1 4 1
    532.3702810              0.0065890
    125.9943800              0.0531480
     40.2081000              0.2508530
     14.8565480              0.7754090
1 1 1 1 1
      5.8909420              1.0000000
1 1 1 2 1
      2.3843290              0.7447450
      0.9458700              0.3057890
1 1 1 1 1
      0.4790380              1.0000000
1 1 1 1 1
      0.2004920              1.0000000
1 1 1 1 1
      0.0882030              1.0000000
1 1 1 1 1
      0.0391010              1.0000000
1 1 1 1 1
      0.0130337              1.0000000
1 2 2 1 1
      9.6750540              1.0000000
1 2 2 1 1
      3.0736250              1.0000000
1 2 2 1 1
      0.5316640              1.0000000
1 2 2 3 1
      9.6736520              0.0093310
      2.0847140              0.0564660
      0.2277830              0.9888340
1 2 2 1 1
      0.0935200              1.0000000
1 2 2 1 1
      0.0311733              1.0000000
1 3 3 2 1
      9.0041290              0.5582230
      3.3849810              0.5613520
1 3 3 1 1
      0.5185350              1.0000000
1 3 3 1 1
      0.2103000              1.0000000
1 3 3 1 1
      0.0701000              1.0000000
1 4 4 2 1
      0.5439400              0.6470410
      0.2388830              0.4549860
1 4 4 1 1
      0.0864232              1.0000000

# Phosphorus Sapporo-QZP-2012-diffuse (18s,12p,8d,5f,3g) -> [9s,8p,6d,4f,2g]
P Sapporo-QZP-2012-diffuse
    29
1 0 0 7 1
  42913.6498960              0.0006870
   6437.5633010              0.0053030
   1464.9914420              0.0271060
    414.2735000              0.1040650
    134.5726490              0.2851650
     47.8680200              0.4653980
     17.5111890              0.2604960
1 0 0 1 1
      8.7920370              1.0000000
1 0 0 3 1
    108.6352940             -0.0395510
     32.9396260             -0.1986050
      4.4303650              1.0923540
1 0 0 1 1
      1.6428280              1.0000000
1 0 0 1 1
      0.5896710              1.0000000
1 0 0 2 1
      2.2308020             -0.2870100
      0.3031460              1.1196960
1 0 0 1 1
      0.1415300              1.0000000
1 0 0 1 1
      0.0442690              1.0000000
1 0 0 1 1
      0.0147563              1.0000000
1 1 1 4 1
    650.0173040              0.0063750
    153.8955650              0.0518270
     49.2114740              0.2475740
     18.2419870              0.7785960
1 1 1 1 1
      7.2788260              1.0000000
1 1 1 2 1
      2.9792130              0.7443390
      1.1967720              0.3048970
1 1 1 1 1
      0.6505810              1.0000000
1 1 1 1 1
      0.2749450              1.0000000
1 1 1 1 1
      0.1213470              1.0000000
1 1 1 1 1
      0.0536030              1.0000000
1 1 1 1 1
      0.0178677              1.0000000
1 2 2 1 1
     11.8303490              1.0000000
1 2 2 1 1
      3.8136540              1.0000000
1 2 2 1 1
      0.7019230              1.0000000
1 2 2 3 1
     12.4431460              0.0097420
      2.7050180              0.0622280
      0.2928830              0.9876440
1 2 2 1 1
      0.1158140              1.0000000
1 2 2 1 1
      0.0386047              1.0000000
1 3 3 2 1
     10.9549730              0.5504750
      4.1839220              0.5657210
1 3 3 1 1
      0.6821950              1.0000000
1 3 3 1 1
      0.2734300              1.0000000
1 3 3 1 1
      0.0911433              1.0000000
1 4 4 2 1
      0.7095490              0.6378170
      0.3115130              0.4649910
1 4 4 1 1
      0.1123721              1.0000000

# Sulfur Sapporo-QZP-2012-diffuse (18s,12p,8d,5f,3g) -> [9s,8p,6d,4f,2g]
S Sapporo-QZP-2012-diffuse
    29
1 0 0 7 1
  49255.9631430              0.0006800
   7388.9204160              0.0052530
   1681.4976890              0.0268610
    475.5224800              0.1032520
    154.5384660              0.2835640
     55.0038640              0.4652200
     20.1402720              0.2630450
1 0 0 1 1
     10.5277750              1.0000000
1 0 0 3 1
    123.6208100             -0.0406070
     37.6255430             -0.2015760
      5.1666710              1.0950220
1 0 0 1 1
      1.9496400              1.0000000
1 0 0 1 1
      0.9502380              1.0000000
1 0 0 2 1
      2.4606370             -0.3939990
      0.4722360              1.2003800
1 0 0 1 1
      0.2170800              1.0000000
1 0 0 1 1
      0.0976410              1.0000000
1 0 0 1 1
      0.0325470              1.0000000
1 1 1 4 1
    776.1571850              0.0062130
    183.8172060              0.0508130
     58.8732130              0.2450540
     21.8800280              0.7810320
1 1 1 1 1
      8.7733780              1.0000000
1 1 1 2 1
      3.6234440              0.7450630
      1.4683500              0.3031660
1 1 1 1 1
      0.8585350              1.0000000
1 1 1 1 1
      0.3604890              1.0000000
1 1 1 1 1
      0.1552030              1.0000000
1 1 1 1 1
      0.0661850              1.0000000
1 1 1 1 1
      0.0220617              1.0000000
1 2 2 1 1
     14.0349420              1.0000000
1 2 2 1 1
      4.6004710              1.0000000
1 2 2 1 1
      0.9151520              1.0000000
1 2 2 3 1
     16.3140290              0.0095780
      3.6104810              0.0623900
      0.3807370              0.9879770
1 2 2 1 1
      0.1482330              1.0000000
1 2 2 1 1
      0.0494110              1.0000000
1 3 3 2 1
     12.8859250              0.5560390
      4.9388610              0.5594310
1 3 3 1 1
      0.8398700              1.0000000
1 3 3 1 1
      0.3181540              1.0000000
1 3 3 1 1
      0.1060513              1.0000000
1 4 4 2 1
      0.8764110              0.5890959
      0.3676200              0.5269469
1 4 4 1 1
      0.1298425              1.0000000

# Chlorine Sapporo-QZP-2012-diffuse (18s,12p,8d,5f,3g) -> [9s,8p,6d,4f,2g]
Cl Sapporo-QZP-2012-diffuse
    29
1 0 0 7 1
  56049.5255730              0.0006740
   8407.8721360              0.0052080
   1913.3692170              0.0266400
    541.1093490              0.1025220
    175.9146570              0.2821400
     62.6433430              0.4650640
     22.9565670              0.2653150
1 0 0 1 1
     12.2177280              1.0000000
1 0 0 3 1
    139.7579490             -0.0413960
     42.6586760             -0.2038530
      5.9561700              1.0971610
1 0 0 1 1
      2.2788090              1.0000000
1 0 0 1 1
      1.1284230              1.0000000
1 0 0 2 1
      2.9963100             -0.4039680
      0.5811840              1.2058880
1 0 0 1 1
      0.2657650              1.0000000
1 0 0 1 1
      0.1189050              1.0000000
1 0 0 1 1
      0.0396350              1.0000000
1 1 1 4 1
    914.2337590              0.0060750
    216.5568400              0.0499390
     69.4487970              0.2428550
     25.8676410              0.7831570
1 1 1 1 1
     10.4161080              1.0000000
1 1 1 2 1
      4.3355230              0.7446650
      1.7693940              0.3028630
1 1 1 1 1
      1.0823280              1.0000000
1 1 1 1 1
      0.4541900              1.0000000
1 1 1 1 1
      0.1936200              1.0000000
1 1 1 1 1
      0.0811690              1.0000000
1 1 1 1 1
      0.0270563              1.0000000
1 2 2 1 1
     16.4451550              1.0000000
1 2 2 1 1
      5.4636000              1.0000000
1 2 2 1 1
      1.1510650              1.0000000
1 2 2 3 1
     20.3381010              0.0097030
      4.5589640              0.0642030
      0.4741410              0.9877580
1 2 2 1 1
      0.1810590              1.0000000
1 2 2 1 1
      0.0603530              1.0000000
1 3 3 2 1
     15.0713530              0.5551430
      5.8261720              0.5585200
1 3 3 1 1
      1.0433610              1.0000000
1 3 3 1 1
      0.4024750              1.0000000
1 3 3 1 1
      0.1341583              1.0000000
1 4 4 2 1
      1.0848870              0.5787453
      0.4495850              0.5404343
1 4 4 1 1
      0.1581423              1.0000000

# Argon Sapporo-QZP-2012-diffuse (18s,12p,8d,5f,3g) -> [9s,8p,6d,4f,2g]
Ar Sapporo-QZP-2012-diffuse
    29
1 0 0 7 1
  63248.0853340              0.0006700
   9487.7703990              0.0051720
   2159.1569290              0.0264620
    610.6600020              0.1019260
    198.5993410              0.2809520
     70.7601590              0.4648830
     25.9537920              0.2672200
1 0 0 1 1
     13.7489120              1.0000000
1 0 0 3 1
    157.0363920             -0.0419850
     48.0373610             -0.2056140
      6.7990780              1.0988960
1 0 0 1 1
      2.6302470              1.0000000
1 0 0 1 1
      1.0619510              1.0000000
1 0 0 2 1
      3.9334110             -0.3205500
      0.5719730              1.1372710
1 0 0 1 1
      0.2349240              1.0000000
1 0 0 1 1
      0.1085090              1.0000000
1 0 0 1 1
      0.0361697              1.0000000
1 1 1 4 1
   1063.0722030              0.0059600
    251.8596680              0.0492000
     80.8603730              0.2409810
     30.1766510              0.7849580
1 1 1 1 1
     12.1960430              1.0000000
1 1 1 2 1
      5.1114580              0.7438210
      2.0984270              0.3031790
1 1 1 1 1
      1.3239470              1.0000000
1 1 1 1 1
      0.5563970              1.0000000
1 1 1 1 1
      0.2364070              1.0000000
1 1 1 1 1
      0.0982810              1.0000000
1 1 1 1 1
      0.0327603              1.0000000
1 2 2 1 1
     19.1309330              1.0000000
1 2 2 1 1
      6.4277680              1.0000000
1 2 2 1 1
      1.4184780              1.0000000
1 2 2 3 1
     24.6628440              0.0098560
      5.5914650              0.0658640
      0.5785450              0.9874530
1 2 2 1 1
      0.2172090              1.0000000
1 2 2 1 1
      0.0724030              1.0000000
1 3 3 2 1
     17.5569810              0.5494120
      6.8809540              0.5613540
1 3 3 1 1
      1.2756480              1.0000000
1 3 3 1 1
      0.5166220              1.0000000
1 3 3 1 1
      0.1722073              1.0000000
1 4 4 2 1
      1.3202440              0.5734072
      0.5435340              0.5474282
1 4 4 1 1
      0.1907963              1.0000000

