################################################################################################
# Hafnium 
################################################################################################
Hf ccGRB-D-q12
    2
  2  0  2  6  3  2  2
   8.26895194539        0.1061239750   -0.0315925608   -0.0591912054   -0.0071365426   -0.0166310636   -0.0018602796    0.0024521877
   3.17921036636       -0.7876164511    0.2708668438    0.5123112179   -0.1967005803    0.2272530164    0.0166401631   -0.0188503496
   1.22232885380        0.8440968147   -0.3356755040   -0.7428818041    0.5692833914   -0.7246184945   -0.1902727709    0.1771675224
  0.469955635101        0.6514866169   -0.5132982020   -1.3017300960    0.5696885212   -0.1927150825   -0.4178233522    0.3031165910
  0.180686480791       -0.0123313452    0.1561070954    3.3624832687    0.0545545497    0.9799752077   -0.3706071914    0.4255902806
  0.694695454255E-01    0.0101223965    1.0751130088   -2.0155117248    0.0068372014    0.1787243715   -0.2973474137   -1.1218264186
  3 3 3 1 1
      0.2700000              1.0000000

Hf ccGRB-T-q12
    4
  2  0  2  7  4  3  3
   8.29295213028       -0.1054398564   -0.0313048625    0.0202607482   -0.2334229496    0.0071723663    0.0167568637   -0.0149656363    0.0018297794   -0.0024386469   -0.0034790766
   3.17853102867        0.7858395491    0.2698522065   -0.2484300068    1.5994913025    0.1963250948   -0.2284544286    0.2099326614   -0.0164818743    0.0187528348    0.0028982541
   1.21827056776       -0.8473799868   -0.3363292045    0.0953387963   -3.9280382304   -0.5727611178    0.7345881989   -0.8689363987    0.1915677217   -0.1780434029    0.1702430987
  0.466939967833       -0.6504550725   -0.5180610072    1.9590181433    3.8335094365   -0.5683946941    0.1750901888    0.4058570179    0.4204803492   -0.3021230543    1.0577097894
  0.178969220245        0.0184714637    0.1806989359   -3.6414755064   -1.1921248263   -0.0514667962   -0.9776064574    1.1098916488    0.3681820500   -0.4249255381   -1.8037139271
  0.685955026374E-01   -0.0154644162    1.0533362387    1.9322009147   -1.1386588792   -0.0080015003   -0.1714062963   -1.4882848438    0.3001896415    1.1340100362    0.9180629989
  0.262913532039E-01    0.0030561629    0.0055993931    0.1431179524    1.1803006260    0.0008419410   -0.0005228658    0.0611955028   -0.0056547837   -0.0163399316    0.0074291633
  3 3 3 1 1
      0.5521000              1.0000000
  3 3 3 1 1
      0.1605000              1.0000000
  4 4 4 1 1
      0.3579000              1.0000000

Hf ccGRB-Q-q12
    6
  2  0  2  8  5  4  4
   7.50174414024        0.1481648604   -0.0386732137    0.0553263888    0.0258133262    0.5777475183    0.0016314721    0.0201604174   -0.0034345530    0.0625233175   -0.0022302655    0.0016101399   -0.0090776612   -0.0209779571
   3.36227070233       -0.8222762823    0.2492445657   -0.3473896168   -0.0060122647   -3.2461630773    0.2055542345   -0.2148876048    0.1431258871   -0.4182947402    0.0174211795   -0.0135299441    0.0510948311    0.0736946548
   1.50696478904        0.5061726154   -0.1100399920    0.3401792411    1.3280497112    7.1242675230   -0.3400518906    0.3676178853   -0.3723005905    0.9685347470   -0.0984746218    0.0752860809   -0.2049077855   -0.1657658388
  0.675419404462        0.8069312478   -0.5839892572    0.1650413085   -5.7048345917   -7.0144797606   -0.6200492587    0.7525895923   -0.7119241298    0.3460055036   -0.3208643397    0.2806786951   -0.1855820044    1.9370480785
  0.302721984775        0.1760303328   -0.0686676283    1.6132004375    8.6998027131    2.9087809033   -0.2180274148   -0.6803512753    1.5326867026   -2.8830001043   -0.3324636276    0.2002133126   -0.9200163551   -3.1222773666
  0.135679548826       -0.0062405601    0.2361711270   -4.3030850659   -6.2425234660    1.4201994515   -0.0268088106   -0.5985053051   -0.1252752079    3.8779217865   -0.3051485337    0.3137430358    2.2500944616    2.2915608474
  0.608113744478E-01    0.0029395500    0.9642812297    2.7423566246    1.6895977318   -3.2442653272    0.0022689470   -0.0894082086   -1.1260750649   -2.1862370492   -0.2288067014   -1.1758097460   -1.3924337961   -0.8534576877
  0.272555686853E-01   -0.0004607393   -0.0155246119    0.0125046920    0.2781243748    1.8820806846   -0.0002750689    0.0060336266    0.0655237369    0.1048723844    0.0106366088    0.0528298300    0.0527543911    0.0073537379
  3 3 3 2 2
      0.8141000              1.0000000              0.00000000
      0.2964000              0.00000000             1.0000000
  3 3 3 1 1
      0.1079000              1.0000000
  4 4 4 1 1
      0.7047000              1.0000000
  4 4 4 1 1
      0.2226000              1.0000000
  5 5 5 1 1
      0.4282000              1.0000000

Hf aug-cc-D
    4
1 0 0 1 1
      0.0135000              1.0000000
1 1 1 1 1
      0.0126000              1.0000000
1 2 2 1 1
      0.0179000              1.0000000
1 3 3 1 1
      0.0824000              1.0000000

Hf aug-cc-T
     5
1 0 0 1 1
      0.0126000              1.0000000
1 1 1 1 1
      0.0099000              1.0000000
1 2 2 1 1
      0.0142000              1.0000000
1 3 3 1 1
      0.0505000              1.0000000
1 4 4 1 1
      0.1074000              1.0000000

Hf aug-cc-Q
     6
1 0 0 1 1
      0.0116000              1.0000000
1 1 1 1 1
      0.0088000              1.0000000
1 2 2 1 1
      0.0120000              1.0000000
1 3 3 1 1
      0.0369000              1.0000000
1 4 4 1 1
      0.0729000              1.0000000
1 5 5 1 1
      0.1348000              1.0000000
