RU TZV2P-MOLOPT-SCAN-GTH-Q16
 1
 1 0 3 7 4 3 3 2
         5.14754445845480    -3.15190192284814E-02     2.03857208980018E-01     3.50847272552724E-01    -1.89778543647297E-01     3.35674275463351E-01     1.74688619089343E-01     1.92759206996231E-02     5.54327100269539E-02     6.32110219791097E-02     1.09112418441660E-02    -1.11721070576795E-01     2.12033681572904E-01
         4.23949716538764     3.38070760788549E-02    -3.71588099006287E-01    -6.05212914878980E-01     5.44217767863364E-01    -2.23468000659803E-01     4.79849334170430E-01    -6.06567666242672E-02    -4.62480850779190E-02    -1.55380813549664E-01    -3.02727449501837E-02     1.00369299493062E-01    -2.25675630729024E-01
         1.89899570503970     4.66200321021669E-02     7.12651651930719E-02    -3.10184669265042E-03     1.46084576217162E-01     4.26533577389737E-01    -1.23804482729248E-01    -6.98951408671738E-02    -1.18732054641433E-01     4.48805482787586E-01     1.80325561253912E-02     7.51256347800806E-02    -4.12709148625217E-03
         0.91363027535225     3.16428607306364E-01     4.84764535076772E-01     3.17874727763051E-01     6.94280972264173E-01     4.71025955740184E-01    -6.02301465148852E-01    -1.27667712167850E-01    -2.63097131082931E-01     4.99030603405495E-01    -6.29449309103297E-02     3.81958936926256E-01     3.02168199259808E-01
         0.43798404374529    -8.96392891281538E-02     1.54428725718013E-01     4.34999942274128E-02     2.21592349350714E-01     6.53899558652440E-01     5.64516590152081E-01     2.07581782516166E-01    -2.75903469565527E-01     6.12984741581714E-01     1.28311782043676E-01     8.66417884976147E-01    -2.60260552840026E-01
         0.17442054473107    -7.25337707190276E-01    -3.67313991588079E-01     4.58197320001669E-01     3.38739787134953E-01    -7.66151062866106E-02    -2.04344510683646E-01     9.08358548238630E-01     8.55592057428050E-01     3.75697498237750E-01    -3.28306724555001E-01     2.73151956674469E-01     6.27618496418553E-01
         0.06528425049003     6.01176472004164E-01    -6.49246752046031E-01     4.44671250980056E-01     2.44241883650977E-02     1.15750824731392E-02     2.64242008218271E-02     3.26434329545892E-01     3.21419406461384E-01     6.71145391956609E-02     9.32967335713111E-01    -2.48187986790455E-02     5.92578300002932E-01
RU TZVP-MOLOPT-SCAN-GTH-q16
 1
 1 0 3 7 4 3 3 1
         5.14754445845480    -3.15190192284814E-02     2.03857208980018E-01     3.50847272552724E-01    -1.89778543647297E-01     3.35674275463351E-01     1.74688619089343E-01     1.92759206996231E-02     5.54327100269539E-02     6.32110219791097E-02     1.09112418441660E-02    -1.11721070576795E-01
         4.23949716538764     3.38070760788549E-02    -3.71588099006287E-01    -6.05212914878980E-01     5.44217767863364E-01    -2.23468000659803E-01     4.79849334170430E-01    -6.06567666242672E-02    -4.62480850779190E-02    -1.55380813549664E-01    -3.02727449501837E-02     1.00369299493062E-01
         1.89899570503970     4.66200321021669E-02     7.12651651930719E-02    -3.10184669265042E-03     1.46084576217162E-01     4.26533577389737E-01    -1.23804482729248E-01    -6.98951408671738E-02    -1.18732054641433E-01     4.48805482787586E-01     1.80325561253912E-02     7.51256347800806E-02
         0.91363027535225     3.16428607306364E-01     4.84764535076772E-01     3.17874727763051E-01     6.94280972264173E-01     4.71025955740184E-01    -6.02301465148852E-01    -1.27667712167850E-01    -2.63097131082931E-01     4.99030603405495E-01    -6.29449309103297E-02     3.81958936926256E-01
         0.43798404374529    -8.96392891281538E-02     1.54428725718013E-01     4.34999942274128E-02     2.21592349350714E-01     6.53899558652440E-01     5.64516590152081E-01     2.07581782516166E-01    -2.75903469565527E-01     6.12984741581714E-01     1.28311782043676E-01     8.66417884976147E-01
         0.17442054473107    -7.25337707190276E-01    -3.67313991588079E-01     4.58197320001669E-01     3.38739787134953E-01    -7.66151062866106E-02    -2.04344510683646E-01     9.08358548238630E-01     8.55592057428050E-01     3.75697498237750E-01    -3.28306724555001E-01     2.73151956674469E-01
         0.06528425049003     6.01176472004164E-01    -6.49246752046031E-01     4.44671250980056E-01     2.44241883650977E-02     1.15750824731392E-02     2.64242008218271E-02     3.26434329545892E-01     3.21419406461384E-01     6.71145391956609E-02     9.32967335713111E-01    -2.48187986790455E-02
RU DZVP-MOLOPT-SCAN-GTH-q16
 1
 1 0 3 7 3 2 2 1
         5.14754445845480    -3.15190192284814E-02     2.03857208980018E-01     3.50847272552724E-01     3.35674275463351E-01     1.74688619089343E-01     5.54327100269539E-02     6.32110219791097E-02    -1.11721070576795E-01
         4.23949716538764     3.38070760788549E-02    -3.71588099006287E-01    -6.05212914878980E-01    -2.23468000659803E-01     4.79849334170430E-01    -4.62480850779190E-02    -1.55380813549664E-01     1.00369299493062E-01
         1.89899570503970     4.66200321021669E-02     7.12651651930719E-02    -3.10184669265042E-03     4.26533577389737E-01    -1.23804482729248E-01    -1.18732054641433E-01     4.48805482787586E-01     7.51256347800806E-02
         0.91363027535225     3.16428607306364E-01     4.84764535076772E-01     3.17874727763051E-01     4.71025955740184E-01    -6.02301465148852E-01    -2.63097131082931E-01     4.99030603405495E-01     3.81958936926256E-01
         0.43798404374529    -8.96392891281538E-02     1.54428725718013E-01     4.34999942274128E-02     6.53899558652440E-01     5.64516590152081E-01    -2.75903469565527E-01     6.12984741581714E-01     8.66417884976147E-01
         0.17442054473107    -7.25337707190276E-01    -3.67313991588079E-01     4.58197320001669E-01    -7.66151062866106E-02    -2.04344510683646E-01     8.55592057428050E-01     3.75697498237750E-01     2.73151956674469E-01
         0.06528425049003     6.01176472004164E-01    -6.49246752046031E-01     4.44671250980056E-01     1.15750824731392E-02     2.64242008218271E-02     3.21419406461384E-01     6.71145391956609E-02    -2.48187986790455E-02
F TZV2P-MOLOPT-SCAN-GTH-Q7
 1
 2 0 3 5 3 3 2 1
        13.16645520019096     1.25688709752362E-01    -6.90191648196731E-02    -4.19619998203344E-01    -9.31572868763813E-02     5.00225599861602E-02    -6.88622277281857E-02    -1.02513605924922E-02    -1.03135180619022E-01    -3.14119421202531E-02
         4.67863609541364     1.25206371205048E-01    -7.54523660806367E-02    -2.93986334505468E-01    -2.93923292691458E-01     1.19602022797720E-01    -4.99826189781570E-01     4.04484470063397E-02    -1.25856773171103E-01     1.01835664406271E-01
         1.68188350144516    -4.93940854057955E-01     2.15904735709196E-01    -7.69158858630548E-01    -5.53343548452151E-01     3.11861936412921E-01     7.42571819653283E-01     4.51403790784568E-01    -8.76791264789868E-01     2.29748587047615E-01
         0.58393450944632    -7.58234802751956E-01     3.05654861844976E-01     3.81944805550917E-01    -6.44505933144035E-01     2.69615230808562E-01    -4.36892722870730E-01     8.90352206116421E-01     4.45248862484438E-01     9.66043910568162E-01
         0.18571155118612    -3.86817953873203E-01    -9.21685166349822E-01     1.97684968795901E-03    -4.28198362261887E-01    -9.01799789070697E-01     5.60679494913208E-02     4.20285554084608E-02     8.07077171659289E-02    -5.11618700886137E-02
F TZVP-MOLOPT-SCAN-GTH-q7
 1
 2 0 2 5 3 3 1
        13.16645520019096     1.25688709752362E-01    -6.90191648196731E-02    -4.19619998203344E-01    -9.31572868763813E-02     5.00225599861602E-02    -6.88622277281857E-02    -1.02513605924922E-02
         4.67863609541364     1.25206371205048E-01    -7.54523660806367E-02    -2.93986334505468E-01    -2.93923292691458E-01     1.19602022797720E-01    -4.99826189781570E-01     4.04484470063397E-02
         1.68188350144516    -4.93940854057955E-01     2.15904735709196E-01    -7.69158858630548E-01    -5.53343548452151E-01     3.11861936412921E-01     7.42571819653283E-01     4.51403790784568E-01
         0.58393450944632    -7.58234802751956E-01     3.05654861844976E-01     3.81944805550917E-01    -6.44505933144035E-01     2.69615230808562E-01    -4.36892722870730E-01     8.90352206116421E-01
         0.18571155118612    -3.86817953873203E-01    -9.21685166349822E-01     1.97684968795901E-03    -4.28198362261887E-01    -9.01799789070697E-01     5.60679494913208E-02     4.20285554084608E-02
F DZVP-MOLOPT-SCAN-GTH-q7
 1
 2 0 2 5 2 2 1
        13.16645520019096     1.25688709752362E-01    -6.90191648196731E-02    -9.31572868763813E-02     5.00225599861602E-02    -1.02513605924922E-02
         4.67863609541364     1.25206371205048E-01    -7.54523660806367E-02    -2.93923292691458E-01     1.19602022797720E-01     4.04484470063397E-02
         1.68188350144516    -4.93940854057955E-01     2.15904735709196E-01    -5.53343548452151E-01     3.11861936412921E-01     4.51403790784568E-01
         0.58393450944632    -7.58234802751956E-01     3.05654861844976E-01    -6.44505933144035E-01     2.69615230808562E-01     8.90352206116421E-01
         0.18571155118612    -3.86817953873203E-01    -9.21685166349822E-01    -4.28198362261887E-01    -9.01799789070697E-01     4.20285554084608E-02
O TZV2P-MOLOPT-SCAN-GTH-Q6
 1
 2 0 3 5 3 3 2 1
        10.25781699497238    -1.37093335568261E-01     6.42341766590814E-02    -7.17088581420037E-01    -1.01541960662273E-01     5.12250917317880E-02     1.18360216509634E-01    -1.55308630843787E-02     3.18602602792577E-02     1.18645628163343E-03
         3.64428735012608    -1.53382903419191E-01     6.95730187369108E-02    -5.49416247278626E-01    -2.97888826596963E-01     1.18416114723772E-01     5.91292938991212E-02     1.12242705044625E-01    -2.22035206994148E-01    -3.65643497936781E-03
         1.40222472037927     4.52964005356058E-01    -1.60546208430784E-01     2.25545730548663E-01    -5.48743422499672E-01     2.65706574607295E-01     7.32042358682655E-01     4.02080210361362E-01    -8.37756480907312E-01     4.91390044295019E-04
         0.52205700268808     8.05450964095097E-01    -2.63981031214717E-01    -3.63850982918199E-01    -6.95022929228448E-01     1.92118246587555E-01    -6.62764404039625E-01     9.01700430010169E-01     4.32284673630976E-01     9.99992334274143E-01
         0.16818943371335     3.22104729197730E-01     9.46346921445871E-01     2.58329108697021E-02    -3.41723954857718E-01    -9.35865486749767E-01     8.57433121772174E-02    -1.11481865840859E-01     2.46939932598114E-01     5.59225812546083E-04
O TZVP-MOLOPT-SCAN-GTH-q6
 1
 2 0 2 5 3 3 1
        10.25781699497238    -1.37093335568261E-01     6.42341766590814E-02    -7.17088581420037E-01    -1.01541960662273E-01     5.12250917317880E-02     1.18360216509634E-01    -1.55308630843787E-02
         3.64428735012608    -1.53382903419191E-01     6.95730187369108E-02    -5.49416247278626E-01    -2.97888826596963E-01     1.18416114723772E-01     5.91292938991212E-02     1.12242705044625E-01
         1.40222472037927     4.52964005356058E-01    -1.60546208430784E-01     2.25545730548663E-01    -5.48743422499672E-01     2.65706574607295E-01     7.32042358682655E-01     4.02080210361362E-01
         0.52205700268808     8.05450964095097E-01    -2.63981031214717E-01    -3.63850982918199E-01    -6.95022929228448E-01     1.92118246587555E-01    -6.62764404039625E-01     9.01700430010169E-01
         0.16818943371335     3.22104729197730E-01     9.46346921445871E-01     2.58329108697021E-02    -3.41723954857718E-01    -9.35865486749767E-01     8.57433121772174E-02    -1.11481865840859E-01
O DZVP-MOLOPT-SCAN-GTH-q6
 1
 2 0 2 5 2 2 1
        10.25781699497238    -1.37093335568261E-01     6.42341766590814E-02    -1.01541960662273E-01     5.12250917317880E-02    -1.55308630843787E-02
         3.64428735012608    -1.53382903419191E-01     6.95730187369108E-02    -2.97888826596963E-01     1.18416114723772E-01     1.12242705044625E-01
         1.40222472037927     4.52964005356058E-01    -1.60546208430784E-01    -5.48743422499672E-01     2.65706574607295E-01     4.02080210361362E-01
         0.52205700268808     8.05450964095097E-01    -2.63981031214717E-01    -6.95022929228448E-01     1.92118246587555E-01     9.01700430010169E-01
         0.16818943371335     3.22104729197730E-01     9.46346921445871E-01    -3.41723954857718E-01    -9.35865486749767E-01    -1.11481865840859E-01
C TZV2P-MOLOPT-SCAN-GTH-Q4
 1
 2 0 3 5 3 3 2 1
         5.62346013427220    -1.55253500731420E-01     5.81156225081139E-02    -2.32186542838356E-01    -9.29774868419450E-02     6.15864535855770E-02     9.86399689537923E-02    -8.37519672759395E-02     9.90783094230166E-02    -7.20623334339043E-04
         2.09855872766266    -2.36394508865927E-01     1.09598535828912E-01    -5.10089788597870E-01    -2.48489734215218E-01     2.22870166784096E-01     5.03804845853325E-01     2.49479844044917E-01    -3.05939752143157E-01     1.08954507083180E-01
         0.82051076634244     4.67426079878225E-01    -1.58417931802923E-01     5.98044616665820E-01    -5.81990872631545E-01     3.41552398929665E-01     4.45786488432128E-01     5.62523929081207E-01    -6.83434126671942E-01    -3.22931051133369E-03
         0.31733139976061     8.30527918853097E-01     3.37009387490941E-03    -5.47290507350280E-01    -6.83456388910509E-01     8.65714462205001E-02    -6.95627947381305E-01     7.72454993535448E-01     6.35064830723212E-01     9.94039941743435E-01
         0.11111607198944     1.08398443456976E-01     9.79542309813727E-01     1.69450741911206E-01    -3.51826701035020E-01    -9.06853538878833E-01     2.32006464075739E-01     1.32761167386880E-01    -1.61848113795370E-01     1.60058133198670E-03
C TZVP-MOLOPT-SCAN-GTH-q4
 1
 2 0 2 5 3 3 1
         5.62346013427220    -1.55253500731420E-01     5.81156225081139E-02    -2.32186542838356E-01    -9.29774868419450E-02     6.15864535855770E-02     9.86399689537923E-02    -8.37519672759395E-02
         2.09855872766266    -2.36394508865927E-01     1.09598535828912E-01    -5.10089788597870E-01    -2.48489734215218E-01     2.22870166784096E-01     5.03804845853325E-01     2.49479844044917E-01
         0.82051076634244     4.67426079878225E-01    -1.58417931802923E-01     5.98044616665820E-01    -5.81990872631545E-01     3.41552398929665E-01     4.45786488432128E-01     5.62523929081207E-01
         0.31733139976061     8.30527918853097E-01     3.37009387490941E-03    -5.47290507350280E-01    -6.83456388910509E-01     8.65714462205001E-02    -6.95627947381305E-01     7.72454993535448E-01
         0.11111607198944     1.08398443456976E-01     9.79542309813727E-01     1.69450741911206E-01    -3.51826701035020E-01    -9.06853538878833E-01     2.32006464075739E-01     1.32761167386880E-01
C DZVP-MOLOPT-SCAN-GTH-q4
 1
 2 0 2 5 2 2 1
         5.62346013427220    -1.55253500731420E-01     5.81156225081139E-02    -9.29774868419450E-02     6.15864535855770E-02    -8.37519672759395E-02
         2.09855872766266    -2.36394508865927E-01     1.09598535828912E-01    -2.48489734215218E-01     2.22870166784096E-01     2.49479844044917E-01
         0.82051076634244     4.67426079878225E-01    -1.58417931802923E-01    -5.81990872631545E-01     3.41552398929665E-01     5.62523929081207E-01
         0.31733139976061     8.30527918853097E-01     3.37009387490941E-03    -6.83456388910509E-01     8.65714462205001E-02     7.72454993535448E-01
         0.11111607198944     1.08398443456976E-01     9.79542309813727E-01    -3.51826701035020E-01    -9.06853538878833E-01     1.32761167386880E-01
