RU DZVP-MOLOPT-SCAN-GTH-Q16
 1
 1 0 3 7 3 2 2 1
         5.14754445845480    -4.58455530439216E-02     1.26606986958961E-01     3.84996570358823E-01     4.51117354861126E-01     3.06947470770559E-01    -4.31832967840254E-02     6.27131656141329E-02    -1.44357765907147E-01
         4.23949716538764     5.94603553097406E-02    -2.43752452987034E-01    -6.65661385410914E-01    -2.09146310890906E-01     4.62098296162307E-01     7.32830679740953E-02    -1.54137865221069E-01     1.36383344756614E-01
         1.89899570503970     5.02812684835373E-02     5.67227278750414E-02     2.00996880184725E-02     3.55237671789078E-01    -2.45366391079630E-01    -1.56742956318221E-01     4.45026143557584E-01     7.10372818737784E-02
         0.91363027535225     2.53754464273140E-01     4.61757235486143E-01     3.96789997194012E-01     4.39138192084758E-01    -6.22175037966315E-01    -1.66204324445507E-01     4.95279392624138E-01     3.31282625172223E-01
         0.43798404374529    -4.74129097711310E-02     1.11473793929271E-01     7.81674800946866E-02     6.56757480985891E-01     4.75090154613418E-01    -3.21375714159292E-01     6.06468526290715E-01     9.05662801379515E-01
         0.17442054473107    -7.45837711232816E-01    -4.46898884532633E-01     3.44089470251525E-01    -4.41750994015949E-02    -1.36460405038128E-01     8.53240278926880E-01     3.94709959211203E-01    -1.01671772991396E-01
         0.06528425049003     6.07388871978821E-01    -7.04253633576064E-01     3.55413200332758E-01    -2.08079153246396E-02    -2.46956266948232E-02     3.30562005942590E-01     7.32025059279727E-02    -1.23303229124288E-01
F DZVP-MOLOPT-SCAN-GTH-Q7
 1
 2 0 2 5 2 2 1
        13.16645520019096     1.25688709752362E-01    -6.90191648196731E-02    -9.31572868763813E-02     5.00225599861602E-02    -1.02513605924922E-02
         4.67863609541364     1.25206371205048E-01    -7.54523660806367E-02    -2.93923292691458E-01     1.19602022797720E-01     4.04484470063397E-02
         1.68188350144516    -4.93940854057955E-01     2.15904735709196E-01    -5.53343548452151E-01     3.11861936412921E-01     4.51403790784568E-01
         0.58393450944632    -7.58234802751956E-01     3.05654861844976E-01    -6.44505933144035E-01     2.69615230808562E-01     8.90352206116421E-01
         0.18571155118612    -3.86817953873203E-01    -9.21685166349822E-01    -4.28198362261887E-01    -9.01799789070697E-01     4.20285554084608E-02
C DZVP-MOLOPT-SCAN-GTH-Q4
 1
 2 0 2 5 2 2 1
         5.62346013427220    -1.55253500731420E-01     5.81156225081139E-02    -9.29774868419450E-02     6.15864535855770E-02    -8.37519672759395E-02
         2.09855872766266    -2.36394508865927E-01     1.09598535828912E-01    -2.48489734215218E-01     2.22870166784096E-01     2.49479844044917E-01
         0.82051076634244     4.67426079878225E-01    -1.58417931802923E-01    -5.81990872631545E-01     3.41552398929665E-01     5.62523929081207E-01
         0.31733139976061     8.30527918853097E-01     3.37009387490941E-03    -6.83456388910509E-01     8.65714462205001E-02     7.72454993535448E-01
         0.11111607198944     1.08398443456976E-01     9.79542309813727E-01    -3.51826701035020E-01    -9.06853538878833E-01     1.32761167386880E-01
O DZVP-MOLOPT-SCAN-GTH-Q6
 1
 2 0 2 5 2 2 1
        10.25781699497238    -1.37093335568261E-01     6.42341766590814E-02    -1.01541960662273E-01     5.12250917317880E-02    -1.55308630843787E-02
         3.64428735012608    -1.53382903419191E-01     6.95730187369108E-02    -2.97888826596963E-01     1.18416114723772E-01     1.12242705044625E-01
         1.40222472037927     4.52964005356058E-01    -1.60546208430784E-01    -5.48743422499672E-01     2.65706574607295E-01     4.02080210361362E-01
         0.52205700268808     8.05450964095097E-01    -2.63981031214717E-01    -6.95022929228448E-01     1.92118246587555E-01     9.01700430010169E-01
         0.16818943371335     3.22104729197730E-01     9.46346921445871E-01    -3.41723954857718E-01    -9.35865486749767E-01    -1.11481865840859E-01
