RU DZVP-MOLOPT-SCAN-GTH-Q16
 1
 2 0 3 6 3 2 2 1
         2.37089819673090    -7.96639463673234E-03     2.27827578272093E-01     6.93372413038026E-01    -8.92579837764264E-02     6.43041714402500E-01     6.90386593576911E-01    -4.13274763984054E-01     3.99509577836979E-01
         2.22565806821113    -5.58938686053537E-01     2.07409859910421E-01    -3.81639485296366E-01     5.31876132439519E-02    -7.13222175365105E-01     2.15328367469182E-01     8.80204746719177E-01    -4.66295457229338E-01
         0.66240066000692     3.29080175045646E-01     8.55256806034301E-02    -5.79708813825736E-01     3.15658520380827E-01    -1.88935908559743E-01    -2.17301966387060E-01     3.01462667974548E-02    -5.36139021046898E-01
         0.62716566450139     4.83460653204635E-01    -4.23769380204325E-01     1.07663867766392E-01    -2.11249136161219E-01     8.24236210223168E-02    -6.45399309371458E-01    -1.23705157127009E-01     4.55989839802941E-02
         0.22438838141895    -4.70560259702724E-01     8.52718441890856E-03     1.60055495820094E-01     6.80035855511085E-01     1.30444971359434E-01     1.10812968008463E-01     1.87984949957397E-01    -5.15944828117623E-01
         0.07982283170719    -3.52234522687110E-01    -8.47412474580745E-01    -1.77319234341074E-02     6.18456810400703E-01     1.35296565762300E-01     3.09857799747575E-02     5.37909713133002E-02    -2.59301486484972E-01
F DZVP-MOLOPT-SCAN-GTH-Q7
 1
 2 0 2 5 2 2 1
        13.16645520019096     1.25688709752362E-01    -6.90191648196731E-02    -9.31572868763813E-02     5.00225599861602E-02    -1.02513605924922E-02
         4.67863609541364     1.25206371205048E-01    -7.54523660806367E-02    -2.93923292691458E-01     1.19602022797720E-01     4.04484470063397E-02
         1.68188350144516    -4.93940854057955E-01     2.15904735709196E-01    -5.53343548452151E-01     3.11861936412921E-01     4.51403790784568E-01
         0.58393450944632    -7.58234802751956E-01     3.05654861844976E-01    -6.44505933144035E-01     2.69615230808562E-01     8.90352206116421E-01
         0.18571155118612    -3.86817953873203E-01    -9.21685166349822E-01    -4.28198362261887E-01    -9.01799789070697E-01     4.20285554084608E-02
C DZVP-MOLOPT-SCAN-GTH-Q4
 1
 2 0 2 5 2 2 1
         5.62346013427220    -1.55253500731420E-01     5.81156225081139E-02    -9.29774868419450E-02     6.15864535855770E-02    -8.37519672759395E-02
         2.09855872766266    -2.36394508865927E-01     1.09598535828912E-01    -2.48489734215218E-01     2.22870166784096E-01     2.49479844044917E-01
         0.82051076634244     4.67426079878225E-01    -1.58417931802923E-01    -5.81990872631545E-01     3.41552398929665E-01     5.62523929081207E-01
         0.31733139976061     8.30527918853097E-01     3.37009387490941E-03    -6.83456388910509E-01     8.65714462205002E-02     7.72454993535448E-01
         0.11111607198944     1.08398443456976E-01     9.79542309813727E-01    -3.51826701035020E-01    -9.06853538878833E-01     1.32761167386880E-01
O DZVP-MOLOPT-SCAN-GTH-Q6
 1
 2 0 2 5 2 2 1
        10.25781699497238    -1.37093335568261E-01     6.42341766590814E-02    -1.01541960662273E-01     5.12250917317880E-02    -1.55308630843787E-02
         3.64428735012608    -1.53382903419191E-01     6.95730187369108E-02    -2.97888826596963E-01     1.18416114723772E-01     1.12242705044625E-01
         1.40222472037927     4.52964005356058E-01    -1.60546208430784E-01    -5.48743422499672E-01     2.65706574607295E-01     4.02080210361362E-01
         0.52205700268808     8.05450964095097E-01    -2.63981031214717E-01    -6.95022929228448E-01     1.92118246587555E-01     9.01700430010169E-01
         0.16818943371335     3.22104729197730E-01     9.46346921445871E-01    -3.41723954857718E-01    -9.35865486749767E-01    -1.11481865840859E-01
