# Hydrogen def2-QZVPP (7s,3p,2d,1f) -> [4s,3p,2d,1f]
H QZVPP-MOLOPT-PBE-AE
     2
1 0 0 4 1
    190.6916900              0.70815167E-03
     28.6055320              0.54678827E-02
      6.5095943              0.27966605E-01
      1.8412455              0.10764538
1 0 3 4 3 3 2 1
      2.29200000             0.0000000  0.00  0.00  1.00  0.00  0.00  1.00  0.00  0.70
      0.59853725             1.0000000  0.00  0.00  0.00  1.00  0.00  0.00  1.00  0.70
      0.21397624             0.0000000  1.00  0.00  0.00  0.00  1.00  0.00  0.00  0.00
      0.80316286E-01         0.0000000  0.00  1.00  0.00  0.00  0.00  0.00  0.00  0.00

# Boron def2-QZVPP (15s,8p,3d,2f,1g) -> [7s,4p,3d,2f,1g]
B QZVPP-MOLOPT-PBE-AE
     3
1 0 0 8 1
  46447.6670560              0.38388681014E-04
   6957.6889042              0.29836770197E-03
   1583.4428403              0.15645478806E-02
    448.46601009             0.65476770742E-02
    146.28639262             0.23139008388E-01
     52.784386084            0.69615799357E-01
     20.519396170            0.17119636876
      8.4185659258           0.31913191837
1 0 1 5 2 1
     72.240462760            0.070   0.000   0.86539170411E-03
     16.807707208            0.770   0.000   0.68762067365E-02
      5.2259410747           0.700   0.700   0.30976687148E-01
      1.8508350671           0.000   0.700   0.10432357913
      0.72206782663          0.000   0.000   0.26164137577
1 0 4 4 4 3 3 2 1
      1.5617023749            1.00 0.00 0.00 0.00 0.00 0.00 0.00 0.70 0.00 0.00 0.70 0.00 0.70
      0.44997370775           0.00 1.00 0.00 0.00 0.70 0.00 0.00 0.70 1.00 0.00 0.70 0.70 0.70
      0.18075230237           0.00 0.00 1.00 0.00 0.70 0.70 0.00 0.00 0.00 1.00 0.00 0.70 0.00
      0.71596696319E-01       0.00 0.00 0.00 1.00 0.00 0.70 1.00 0.00 0.00 0.00 0.00 0.00 0.00

# Carbon def2-QZVPP (15s,8p,3d,2f,1g) -> [7s,4p,3d,2f,1g]
C QZVPP-MOLOPT-PBE-AE
     3
1 0 0 8 1
  67025.0710290              0.38736308501E-04
  10039.9865380              0.30107917575E-03
   2284.9316911              0.15787918095E-02
    647.14122130             0.66087087195E-02
    211.09472335             0.23367123250E-01
     76.177643862            0.70420716898E-01
     29.633839163            0.17360344953
     12.187785081            0.32292305648
1 0 1 5 2 1
    105.12555082             0.070   0.000   0.84647553844E-03
     24.884461066            0.770   0.000   0.66274038534E-02
      7.8637230826           0.700   0.700   0.30120390419E-01
      2.8407001835           0.000   0.700   0.99951435476E-01
      1.1227137335           0.000   0.000   0.23826299282
1 0 4 4 4 3 3 2 1
      2.2905022379           1.00 0.00 0.00 0.00 0.00 0.00 0.00 0.70 0.00 0.00 0.70 0.00 0.70
      0.69673283006          0.00 1.00 0.00 0.00 0.70 0.00 0.00 0.70 1.00 0.00 0.70 0.70 0.70
      0.27599337363          0.00 0.00 1.00 0.00 0.70 0.70 0.00 0.00 0.00 1.00 0.00 0.70 0.00
      0.10739884389          0.00 0.00 0.00 1.00 0.00 0.70 1.00 0.00 0.00 0.00 0.00 0.00 0.00

# Nitrogen def2-QZVPP (15s,8p,3d,2f,1g) -> [7s,4p,3d,2f,1g]
N QZVPP-MOLOPT-PBE-AE
     3
1 0 0 8 1
  90726.8892100              0.39257887368E-04
  13590.5288010              0.30513316455E-03
   3092.9883781              0.16000560446E-02
    875.99876362             0.66982937306E-02
    285.74469982             0.23690078765E-01
    103.11913417             0.71455405268E-01
     40.128556777            0.17632774876
     16.528095704            0.32677592815
1 0 1 5 2 1
    150.05742670            0.080   0.000   -0.86216165986E-03
     35.491599483           0.780   0.000   -0.68571273236E-02
     11.247864223           0.700   0.700   -0.31795688855E-01
      4.0900305195          0.000   0.700   -0.10537396822
      1.6220573146          0.000   0.000   -0.24519708041
1 0 4 4 4 3 3 2 1
      3.1324304893           1.00 0.00 0.00 0.00 0.00 0.00 0.00 0.70 0.00 0.00 0.70 0.00 0.70
      0.98755778723          0.00 1.00 0.00 0.00 0.70 0.00 0.00 0.70 1.00 0.00 0.70 0.70 0.70
      0.38765721307          0.00 0.00 1.00 0.00 0.70 0.70 0.00 0.00 0.00 1.00 0.00 0.70 0.00
      0.14909883075          0.00 0.00 0.00 1.00 0.00 0.70 1.00 0.00 0.00 0.00 0.00 0.00 0.00

# Oxygen def2-QZVPP (15s,8p,3d,2f,1g) -> [7s,4p,3d,2f,1g]
O QZVPP-MOLOPT-PBE-AE
     3
1 0 0 8 1
 116506.4690800              0.40383857939E-04
  17504.3497240              0.31255139004E-03
   3993.4513230              0.16341473495E-02
   1133.0063186              0.68283224757E-02
    369.99569594             0.24124410221E-01
    133.62074349             0.72730206154E-01
     52.035643649            0.17934429892
     21.461939313            0.33059588895
1 0 1 5 2 1
    191.15255810             0.080   0.000   0.25115697705E-02
     45.233356739            0.780   0.000   0.20039240864E-01
     14.353465922            0.700   0.700   0.93609064762E-01
      5.2422371832           0.000   0.700   0.30618127124
      2.0792418599           0.000   0.000   0.67810501439
1 0 4 4 4 3 3 2 1
      4.0947728533           1.00 0.00 0.00 0.00 0.00 0.00 0.00 0.70 0.00 0.00 0.70 0.00 0.70
      1.3255349078           0.00 1.00 0.00 0.00 0.70 0.00 0.00 0.70 1.00 0.00 0.70 0.70 0.70
      0.51877230787          0.00 0.00 1.00 0.00 0.70 0.70 0.00 0.00 0.00 1.00 0.00 0.70 0.00
      0.19772676454          0.00 0.00 0.00 1.00 0.00 0.70 1.00 0.00 0.00 0.00 0.00 0.00 0.00

# Fluorine def2-QZVPP (15s,8p,3d,2f,1g) -> [7s,4p,3d,2f,1g]
F QZVPP-MOLOPT-PBE-AE
     3
1 0 0 8 1
 132535.9734500              0.47387482743E-04
  19758.1125880              0.37070120897E-03
   4485.1996947              0.19450784713E-02
   1273.8151020              0.80573291994E-02
    418.93831236             0.27992880781E-01
    152.55721985             0.82735120175E-01
     59.821524823            0.19854169012
     24.819076932            0.34860632233
1 0 1 5 2 1
    240.96654114             0.100   0.000   0.30389933451E-02
     57.020699781            0.800   0.000   0.24357738582E-01
     18.126952120            0.800   0.700   0.11442925768
      6.6457404621           0.000   0.700   0.37064659853
      2.6375722892           0.000   0.000   0.79791551766
1 0 4 4 4 3 3 2 1
      4.8172886770           1.00 0.00 0.00 0.00 0.00 0.00 0.00 0.70 0.00 0.00 0.70 0.00 0.70
      1.6559334213           0.00 1.00 0.00 0.00 0.70 0.00 0.00 0.70 1.00 0.00 0.70 0.70 0.70
      0.64893519582          0.00 0.00 1.00 0.00 0.70 0.70 0.00 0.00 0.00 1.00 0.00 0.70 0.00
      0.24778104545          0.00 0.00 0.00 1.00 0.00 0.70 1.00 0.00 0.00 0.00 0.00 0.00 0.00


