H QZVPP-MOLOPT-PBE-AE
 2
 1 0 0 4 1
       190.69168999999999     6.35937484287187E-03
        28.60553200000000     4.91029212515368E-02
         6.50959430000000     2.51146939013128E-01
         1.84124550000000     9.66681786577418E-01
 1 0 3 4 3 3 2 1
         2.29200000000000     0.00000000000000E+00     0.00000000000000E+00     0.00000000000000E+00     1.00000000000000E+00     0.00000000000000E+00     0.00000000000000E+00     1.00000000000000E+00     0.00000000000000E+00     7.07106781186548E-01
         0.59853725000000     1.00000000000000E+00     0.00000000000000E+00     0.00000000000000E+00     0.00000000000000E+00     1.00000000000000E+00     0.00000000000000E+00     0.00000000000000E+00     1.00000000000000E+00     7.07106781186548E-01
         0.21397624000000     0.00000000000000E+00     1.00000000000000E+00     0.00000000000000E+00     0.00000000000000E+00     0.00000000000000E+00     1.00000000000000E+00     0.00000000000000E+00     0.00000000000000E+00     0.00000000000000E+00
         0.08031628600000     0.00000000000000E+00     0.00000000000000E+00     1.00000000000000E+00     0.00000000000000E+00     0.00000000000000E+00     0.00000000000000E+00     0.00000000000000E+00     0.00000000000000E+00     0.00000000000000E+00
B QZVPP-MOLOPT-PBE-AE
 3
 1 0 0 8 1
     46447.66705599999841     1.03874451485166E-04
      6957.68890420000025     8.07341658123669E-04
      1583.44284029999994     4.23344977287280E-03
       448.46601009000000     1.77171068820126E-02
       146.28639261999999     6.26109504345203E-02
        52.78438608400000     1.88370706726615E-01
        20.51939617000000     4.63233651990075E-01
         8.41856592580000     8.63526750502401E-01
 1 0 1 5 2 1
        72.24046276000000     6.71156055214024E-02    -3.61863093430041E-02     3.05300377202795E-03
        16.80770720800000     7.38271660735427E-01    -3.98049402773046E-01     2.42584774086418E-02
         5.22594107470000     6.71156055214024E-01     4.41472973984650E-01     1.09282238619372E-01
         1.85083506710000     0.00000000000000E+00     8.03336067414692E-01     3.68041753904844E-01
         0.72206782663000     0.00000000000000E+00     0.00000000000000E+00     9.23041096131027E-01
 1 0 4 4 4 3 3 2 1
         1.56170237490000     1.00000000000000E+00     0.00000000000000E+00     0.00000000000000E+00     0.00000000000000E+00     0.00000000000000E+00     0.00000000000000E+00     0.00000000000000E+00     7.07106781186548E-01    -7.07106781186547E-01     0.00000000000000E+00     7.07106781186548E-01    -4.08248290463863E-01     7.07106781186548E-01
         0.44997370775000     0.00000000000000E+00     1.00000000000000E+00     0.00000000000000E+00     0.00000000000000E+00     7.07106781186548E-01    -4.08248290463863E-01     5.77350269189626E-01     7.07106781186548E-01     7.07106781186547E-01     0.00000000000000E+00     7.07106781186548E-01     4.08248290463863E-01     7.07106781186548E-01
         0.18075230237000     0.00000000000000E+00     0.00000000000000E+00     1.00000000000000E+00     0.00000000000000E+00     7.07106781186548E-01     4.08248290463863E-01    -5.77350269189626E-01     0.00000000000000E+00     0.00000000000000E+00     1.00000000000000E+00     0.00000000000000E+00     8.16496580927726E-01     0.00000000000000E+00
         0.07159669631900     0.00000000000000E+00     0.00000000000000E+00     0.00000000000000E+00     1.00000000000000E+00     0.00000000000000E+00     8.16496580927726E-01     5.77350269189626E-01     0.00000000000000E+00     0.00000000000000E+00     0.00000000000000E+00     0.00000000000000E+00     0.00000000000000E+00     0.00000000000000E+00
C QZVPP-MOLOPT-PBE-AE
 3
 1 0 0 8 1
     67025.07102899999882     1.03538670442742E-04
     10039.98653799999920     8.04757571422868E-04
      2284.93169110000008     4.21996858211983E-03
       647.14122129999998     1.76644843207691E-02
       211.09472335000001     6.24582198717835E-02
        76.17764386200000     1.88228245834408E-01
        29.63383916300000     4.64026414601327E-01
        12.18778508100000     8.63144300969791E-01
 1 0 1 5 2 1
       105.12555082000000     6.71156055214024E-02    -3.61863093430041E-02     3.25299541469277E-03
        24.88446106600000     7.38271660735427E-01    -3.98049402773046E-01     2.54690340918287E-02
         7.86372308260000     6.71156055214024E-01     4.41472973984650E-01     1.15752301717232E-01
         2.84070018350000     0.00000000000000E+00     8.03336067414692E-01     3.84112176347828E-01
         1.12271373350000     0.00000000000000E+00     0.00000000000000E+00     9.15641844255579E-01
 1 0 4 4 4 3 3 2 1
         2.29050223790000     1.00000000000000E+00     0.00000000000000E+00     0.00000000000000E+00     0.00000000000000E+00     0.00000000000000E+00     0.00000000000000E+00     0.00000000000000E+00     7.07106781186548E-01    -7.07106781186547E-01     0.00000000000000E+00     7.07106781186548E-01    -4.08248290463863E-01     7.07106781186548E-01
         0.69673283006000     0.00000000000000E+00     1.00000000000000E+00     0.00000000000000E+00     0.00000000000000E+00     7.07106781186548E-01    -4.08248290463863E-01     5.77350269189626E-01     7.07106781186548E-01     7.07106781186547E-01     0.00000000000000E+00     7.07106781186548E-01     4.08248290463863E-01     7.07106781186548E-01
         0.27599337363000     0.00000000000000E+00     0.00000000000000E+00     1.00000000000000E+00     0.00000000000000E+00     7.07106781186548E-01     4.08248290463863E-01    -5.77350269189626E-01     0.00000000000000E+00     0.00000000000000E+00     1.00000000000000E+00     0.00000000000000E+00     8.16496580927726E-01     0.00000000000000E+00
         0.10739884389000     0.00000000000000E+00     0.00000000000000E+00     0.00000000000000E+00     1.00000000000000E+00     0.00000000000000E+00     8.16496580927726E-01     5.77350269189626E-01     0.00000000000000E+00     0.00000000000000E+00     0.00000000000000E+00     0.00000000000000E+00     0.00000000000000E+00     0.00000000000000E+00
N QZVPP-MOLOPT-PBE-AE
 3
 1 0 0 8 1
     90726.88920999999391     1.03601715247673E-04
     13590.52880100000039     8.05247590885353E-04
      3092.98837809999986     4.22255403504187E-03
       875.99876361999998     1.76768228309849E-02
       285.74469981999999     6.25182086697580E-02
       103.11913417000000     1.88571088405453E-01
        40.12855677700000     4.65329604878008E-01
        16.52809570400000     8.62362926986898E-01
 1 0 1 5 2 1
       150.05742670000001     7.61111272612363E-02    -4.06286578653360E-02    -3.20676832368697E-03
        35.49159948300000     7.42083490797054E-01    -3.96129414187026E-01    -2.55047512741167E-02
        11.24786422300000     6.65972363535817E-01     4.46044622421581E-01    -1.18262516877145E-01
         4.09003051950000     0.00000000000000E+00     8.01545378743271E-01    -3.91933345173298E-01
         1.62205731460000     0.00000000000000E+00     0.00000000000000E+00    -9.11998604353381E-01
 1 0 4 4 4 3 3 2 1
         3.13243048930000     1.00000000000000E+00     0.00000000000000E+00     0.00000000000000E+00     0.00000000000000E+00     0.00000000000000E+00     0.00000000000000E+00     0.00000000000000E+00     7.07106781186548E-01    -7.07106781186547E-01     0.00000000000000E+00     7.07106781186548E-01    -4.08248290463863E-01     7.07106781186548E-01
         0.98755778723000     0.00000000000000E+00     1.00000000000000E+00     0.00000000000000E+00     0.00000000000000E+00     7.07106781186548E-01    -4.08248290463863E-01     5.77350269189626E-01     7.07106781186548E-01     7.07106781186547E-01     0.00000000000000E+00     7.07106781186548E-01     4.08248290463863E-01     7.07106781186548E-01
         0.38765721307000     0.00000000000000E+00     0.00000000000000E+00     1.00000000000000E+00     0.00000000000000E+00     7.07106781186548E-01     4.08248290463863E-01    -5.77350269189626E-01     0.00000000000000E+00     0.00000000000000E+00     1.00000000000000E+00     0.00000000000000E+00     8.16496580927726E-01     0.00000000000000E+00
         0.14909883075000     0.00000000000000E+00     0.00000000000000E+00     0.00000000000000E+00     1.00000000000000E+00     0.00000000000000E+00     8.16496580927726E-01     5.77350269189626E-01     0.00000000000000E+00     0.00000000000000E+00     0.00000000000000E+00     0.00000000000000E+00     0.00000000000000E+00     0.00000000000000E+00
O QZVPP-MOLOPT-PBE-AE
 3
 1 0 0 8 1
    116506.46907999999530     1.05193735464511E-04
     17504.34972399999970     8.14148274109816E-04
      3993.45132299999977     4.25670237481998E-03
      1133.00631859999999     1.77867292733683E-02
       369.99569594000002     6.28403762428660E-02
       133.62074349000000     1.89450994949510E-01
        52.03564364900000     4.67164300304236E-01
        21.46193931300000     8.61151416994168E-01
 1 0 1 5 2 1
       191.15255809999999     7.61111272612363E-02    -4.06286578653360E-02     3.34803386667026E-03
        45.23335673900000     7.42083490797054E-01    -3.96129414187026E-01     2.67131966083817E-02
        14.35346592200000     6.65972363535817E-01     4.46044622421581E-01     1.24785033938402E-01
         5.24223718320000     0.00000000000000E+00     8.01545378743271E-01     4.08153210590521E-01
         2.07924185990000     0.00000000000000E+00     0.00000000000000E+00     9.03944051247549E-01
 1 0 4 4 4 3 3 2 1
         4.09477285330000     1.00000000000000E+00     0.00000000000000E+00     0.00000000000000E+00     0.00000000000000E+00     0.00000000000000E+00     0.00000000000000E+00     0.00000000000000E+00     7.07106781186548E-01    -7.07106781186547E-01     0.00000000000000E+00     7.07106781186548E-01    -4.08248290463863E-01     7.07106781186548E-01
         1.32553490780000     0.00000000000000E+00     1.00000000000000E+00     0.00000000000000E+00     0.00000000000000E+00     7.07106781186548E-01    -4.08248290463863E-01     5.77350269189626E-01     7.07106781186548E-01     7.07106781186547E-01     0.00000000000000E+00     7.07106781186548E-01     4.08248290463863E-01     7.07106781186548E-01
         0.51877230787000     0.00000000000000E+00     0.00000000000000E+00     1.00000000000000E+00     0.00000000000000E+00     7.07106781186548E-01     4.08248290463863E-01    -5.77350269189626E-01     0.00000000000000E+00     0.00000000000000E+00     1.00000000000000E+00     0.00000000000000E+00     8.16496580927726E-01     0.00000000000000E+00
         0.19772676454000     0.00000000000000E+00     0.00000000000000E+00     0.00000000000000E+00     1.00000000000000E+00     0.00000000000000E+00     8.16496580927726E-01     5.77350269189626E-01     0.00000000000000E+00     0.00000000000000E+00     0.00000000000000E+00     0.00000000000000E+00     0.00000000000000E+00     0.00000000000000E+00
F QZVPP-MOLOPT-PBE-AE
 3
 1 0 0 8 1
    132535.97344999999041     1.15393101324130E-04
     19758.11258799999996     9.02693278721824E-04
      4485.19969469999978     4.73645410412223E-03
      1273.81510200000002     1.96203754850341E-02
       418.93831236000000     6.81653707126566E-02
       152.55721985000000     2.01468015450305E-01
        59.82152482300000     4.83468208035705E-01
        24.81907693200000     8.48890093888772E-01
 1 0 1 5 2 1
       240.96654114000000     8.80450906325624E-02    -5.05701529167091E-02     3.42402568594771E-03
        57.02069978100000     7.04360725060499E-01    -4.04561223333673E-01     2.74437990102355E-02
        18.12695212000000     7.04360725060499E-01     4.10882492448261E-01     1.28927139031743E-01
         6.64574046210000     0.00000000000000E+00     8.15443715781934E-01     4.17606532709965E-01
         2.63757228920000     0.00000000000000E+00     0.00000000000000E+00     8.99009282823619E-01
 1 0 4 4 4 3 3 2 1
         4.81728867700000     1.00000000000000E+00     0.00000000000000E+00     0.00000000000000E+00     0.00000000000000E+00     0.00000000000000E+00     0.00000000000000E+00     0.00000000000000E+00     7.07106781186548E-01    -7.07106781186547E-01     0.00000000000000E+00     7.07106781186548E-01    -4.08248290463863E-01     7.07106781186548E-01
         1.65593342130000     0.00000000000000E+00     1.00000000000000E+00     0.00000000000000E+00     0.00000000000000E+00     7.07106781186548E-01    -4.08248290463863E-01     5.77350269189626E-01     7.07106781186548E-01     7.07106781186547E-01     0.00000000000000E+00     7.07106781186548E-01     4.08248290463863E-01     7.07106781186548E-01
         0.64893519582000     0.00000000000000E+00     0.00000000000000E+00     1.00000000000000E+00     0.00000000000000E+00     7.07106781186548E-01     4.08248290463863E-01    -5.77350269189626E-01     0.00000000000000E+00     0.00000000000000E+00     1.00000000000000E+00     0.00000000000000E+00     8.16496580927726E-01     0.00000000000000E+00
         0.24778104545000     0.00000000000000E+00     0.00000000000000E+00     0.00000000000000E+00     1.00000000000000E+00     0.00000000000000E+00     8.16496580927726E-01     5.77350269189626E-01     0.00000000000000E+00     0.00000000000000E+00     0.00000000000000E+00     0.00000000000000E+00     0.00000000000000E+00     0.00000000000000E+00
