SC TZV2P-MOLOPT-PBE0-GTH-Q11
 1
 2 0 3 6 4 3 3 2
         7.62614017754678     1.42678049409348E-02     8.89463098807490E-04    -8.10870552353129E-03     4.44921458967586E-02    -1.31921464172428E-01     3.52804384562607E-02     1.29562500016988E-02     9.12998904531772E-02    -1.95883631044223E-02     3.69380533100152E-02     1.20163182507690E-03    -7.87662734012407E-03
         3.36653668814655     4.29376264168385E-01     3.58840466460281E-02    -2.34214871726042E-01     4.70438781041892E-01     1.03361841521694E-01    -3.43671967505839E-02    -2.23229737832427E-02     2.92970666834169E-01    -4.70255918988711E-02     1.74386230055175E-01    -1.24920740271481E-02     9.03327442647431E-03
         1.37859305643537    -4.77883513038795E-01     7.81423213848626E-02     3.49765659610800E-01    -4.38838252903035E-01     6.58971479595480E-01    -2.49198595703870E-01     2.70343192755575E-01     4.79360873594335E-01    -7.53371474773336E-02     2.64849723925527E-01    -7.68557777778244E-02    -2.91835730653729E-01
         0.53682600966759    -2.73557202136723E-01     3.87084141527220E-01     5.70120254393206E-01     6.62784055571219E-01     6.23087073181999E-01    -2.79642185965898E-01    -1.48697955039791E-01     7.04375176370164E-01    -2.36843853108973E-01     1.89593962881936E-01    -5.99420546367653E-01    -7.27693737142719E-01
         0.18475849172927    -4.84632439210200E-01    -7.83550945766588E-01    -1.18751699248294E-01     3.66931937851250E-01     2.92182408072564E-01     5.26999349829401E-01    -7.66406149624033E-01     4.21593891212409E-01     6.01767371966522E-01    -6.77039850502819E-01    -7.88702863675982E-01     5.37130080208481E-01
         0.05263783635317    -5.26647564791644E-01     4.78350399212447E-01    -6.95415383472624E-01     1.01029890129738E-01     2.53103903039836E-01     7.61279304497805E-01     5.62813388738697E-01    -4.64744343777962E-02     7.57304577583174E-01     6.35413894081036E-01    -1.12153889862246E-01     3.10871946092244E-01
SC TZVP-MOLOPT-PBE0-GTH-q11
 1
 2 0 3 6 4 3 3 1
         7.62614017754678     1.42678049409348E-02     8.89463098807490E-04    -8.10870552353129E-03     4.44921458967586E-02    -1.31921464172428E-01     3.52804384562607E-02     1.29562500016988E-02     9.12998904531772E-02    -1.95883631044223E-02     3.69380533100152E-02     1.20163182507690E-03
         3.36653668814655     4.29376264168385E-01     3.58840466460281E-02    -2.34214871726042E-01     4.70438781041892E-01     1.03361841521694E-01    -3.43671967505839E-02    -2.23229737832427E-02     2.92970666834169E-01    -4.70255918988711E-02     1.74386230055175E-01    -1.24920740271481E-02
         1.37859305643537    -4.77883513038795E-01     7.81423213848626E-02     3.49765659610800E-01    -4.38838252903035E-01     6.58971479595480E-01    -2.49198595703870E-01     2.70343192755575E-01     4.79360873594335E-01    -7.53371474773336E-02     2.64849723925527E-01    -7.68557777778244E-02
         0.53682600966759    -2.73557202136723E-01     3.87084141527220E-01     5.70120254393206E-01     6.62784055571219E-01     6.23087073181999E-01    -2.79642185965898E-01    -1.48697955039791E-01     7.04375176370164E-01    -2.36843853108973E-01     1.89593962881936E-01    -5.99420546367653E-01
         0.18475849172927    -4.84632439210200E-01    -7.83550945766588E-01    -1.18751699248294E-01     3.66931937851250E-01     2.92182408072564E-01     5.26999349829401E-01    -7.66406149624033E-01     4.21593891212409E-01     6.01767371966522E-01    -6.77039850502819E-01    -7.88702863675982E-01
         0.05263783635317    -5.26647564791644E-01     4.78350399212447E-01    -6.95415383472624E-01     1.01029890129738E-01     2.53103903039836E-01     7.61279304497805E-01     5.62813388738697E-01    -4.64744343777962E-02     7.57304577583174E-01     6.35413894081036E-01    -1.12153889862246E-01
SC DZVP-MOLOPT-PBE0-GTH-q11
 1
 2 0 3 6 3 2 2 1
         7.62614017754678     1.42678049409348E-02     8.89463098807490E-04    -8.10870552353129E-03    -1.31921464172428E-01     3.52804384562607E-02     9.12998904531772E-02    -1.95883631044223E-02     1.20163182507690E-03
         3.36653668814655     4.29376264168385E-01     3.58840466460281E-02    -2.34214871726042E-01     1.03361841521694E-01    -3.43671967505839E-02     2.92970666834169E-01    -4.70255918988711E-02    -1.24920740271481E-02
         1.37859305643537    -4.77883513038795E-01     7.81423213848626E-02     3.49765659610800E-01     6.58971479595480E-01    -2.49198595703870E-01     4.79360873594335E-01    -7.53371474773336E-02    -7.68557777778244E-02
         0.53682600966759    -2.73557202136723E-01     3.87084141527220E-01     5.70120254393206E-01     6.23087073181999E-01    -2.79642185965898E-01     7.04375176370164E-01    -2.36843853108973E-01    -5.99420546367653E-01
         0.18475849172927    -4.84632439210200E-01    -7.83550945766588E-01    -1.18751699248294E-01     2.92182408072564E-01     5.26999349829401E-01     4.21593891212409E-01     6.01767371966522E-01    -7.88702863675982E-01
         0.05263783635317    -5.26647564791644E-01     4.78350399212447E-01    -6.95415383472624E-01     2.53103903039836E-01     7.61279304497805E-01    -4.64744343777962E-02     7.57304577583174E-01    -1.12153889862246E-01
CL TZV2P-MOLOPT-PBE0-GTH-Q7
 1
 2 0 3 4 3 3 2 1
         1.95736377876919     5.14900988266686E-01     2.40693792976429E-01    -1.28104442415964E-01     3.91491934421244E-01     1.94579618291814E-01    -4.24624922261607E-01     1.03302579489917E-01    -1.51719991846673E-01    -8.80894837945973E-02
         1.54347371438383    -4.22981434715776E-01     4.84506053505592E-02    -8.97870765280675E-01    -5.31183852831214E-01    -2.06763688400425E-01    -8.12512692066251E-01     2.53080986425568E-01     7.90079486051753E-01     3.40736837991551E-01
         0.40766941393095    -4.94589672987331E-01    -6.25944067103656E-01     2.66738548390740E-01    -6.13505638411310E-01    -3.32691397032460E-01     3.96050456242181E-01     9.52098239408987E-01    -2.69731069825107E-01     9.35543949131780E-01
         0.13062819821750    -5.57982735881729E-01     7.40211497966303E-01     3.25987557262529E-01    -4.33807113141348E-01     8.99279702676011E-01     5.15832990020733E-02     1.37067625261757E-01     5.29150828937503E-01     2.99360873066907E-02
CL TZVP-MOLOPT-PBE0-GTH-q7
 1
 2 0 2 4 3 3 1
         1.95736377876919     5.14900988266686E-01     2.40693792976429E-01    -1.28104442415964E-01     3.91491934421244E-01     1.94579618291814E-01    -4.24624922261607E-01     1.03302579489917E-01
         1.54347371438383    -4.22981434715776E-01     4.84506053505592E-02    -8.97870765280675E-01    -5.31183852831214E-01    -2.06763688400425E-01    -8.12512692066251E-01     2.53080986425568E-01
         0.40766941393095    -4.94589672987331E-01    -6.25944067103656E-01     2.66738548390740E-01    -6.13505638411310E-01    -3.32691397032460E-01     3.96050456242181E-01     9.52098239408987E-01
         0.13062819821750    -5.57982735881729E-01     7.40211497966303E-01     3.25987557262529E-01    -4.33807113141348E-01     8.99279702676011E-01     5.15832990020733E-02     1.37067625261757E-01
CL DZVP-MOLOPT-PBE0-GTH-q7
 1
 2 0 2 4 2 2 1
         1.95736377876919     5.14900988266686E-01     2.40693792976429E-01     3.91491934421244E-01     1.94579618291814E-01     1.03302579489917E-01
         1.54347371438383    -4.22981434715776E-01     4.84506053505592E-02    -5.31183852831214E-01    -2.06763688400425E-01     2.53080986425568E-01
         0.40766941393095    -4.94589672987331E-01    -6.25944067103656E-01    -6.13505638411310E-01    -3.32691397032460E-01     9.52098239408987E-01
         0.13062819821750    -5.57982735881729E-01     7.40211497966303E-01    -4.33807113141348E-01     8.99279702676011E-01     1.37067625261757E-01
O TZV2P-MOLOPT-PBE0-GTH-Q6
 1
 2 0 3 5 3 3 2 1
        10.34082423621691    -1.29825249634708E-01     8.18793043945143E-02    -1.54163825083534E-01    -9.31315963557027E-02     6.07168741616306E-02     5.24249215362802E-02    -1.46443819746845E-04    -1.35615599706110E-01    -4.53627038333396E-02
         3.64864310376424    -1.27684551447027E-01     1.02649506262870E-01    -2.90598920673850E-01    -3.10412801135525E-01     1.66218217874094E-01     1.57277538743803E-01     4.82789843051162E-02    -2.03664714425298E-01    -7.75510089052828E-02
         1.25503633997207     5.26487514579900E-01    -3.65113179366377E-01     6.61471073309150E-01    -5.97863015525008E-01     4.26686208369503E-01     5.52189434348781E-01     7.18155124032992E-01    -6.65039106707507E-01     7.74070424398802E-02
         0.43936673910305     7.72667288737258E-01    -8.21060762059060E-02    -6.24492813862270E-01    -6.48920500304752E-01    -1.50379113770830E-02    -7.55332729990091E-01     6.93882202281484E-01     7.03924405563841E-01     9.92909576133937E-01
         0.14295518532255     3.04365270334762E-01     9.17992274956007E-01     2.53476876555698E-01    -3.41221918409427E-01    -8.86790677695403E-01     3.11568128998934E-01    -2.12090879301656E-02     4.83994939610748E-02     8.17248560335443E-03
O TZVP-MOLOPT-PBE0-GTH-q6
 1
 2 0 2 5 3 3 1
        10.34082423621691    -1.29825249634708E-01     8.18793043945143E-02    -1.54163825083534E-01    -9.31315963557027E-02     6.07168741616306E-02     5.24249215362802E-02    -1.46443819746845E-04
         3.64864310376424    -1.27684551447027E-01     1.02649506262870E-01    -2.90598920673850E-01    -3.10412801135525E-01     1.66218217874094E-01     1.57277538743803E-01     4.82789843051162E-02
         1.25503633997207     5.26487514579900E-01    -3.65113179366377E-01     6.61471073309150E-01    -5.97863015525008E-01     4.26686208369503E-01     5.52189434348781E-01     7.18155124032992E-01
         0.43936673910305     7.72667288737258E-01    -8.21060762059060E-02    -6.24492813862270E-01    -6.48920500304752E-01    -1.50379113770830E-02    -7.55332729990091E-01     6.93882202281484E-01
         0.14295518532255     3.04365270334762E-01     9.17992274956007E-01     2.53476876555698E-01    -3.41221918409427E-01    -8.86790677695403E-01     3.11568128998934E-01    -2.12090879301656E-02
O DZVP-MOLOPT-PBE0-GTH-q6
 1
 2 0 2 5 2 2 1
        10.34082423621691    -1.29825249634708E-01     8.18793043945143E-02    -9.31315963557027E-02     6.07168741616306E-02    -1.46443819746845E-04
         3.64864310376424    -1.27684551447027E-01     1.02649506262870E-01    -3.10412801135525E-01     1.66218217874094E-01     4.82789843051162E-02
         1.25503633997207     5.26487514579900E-01    -3.65113179366377E-01    -5.97863015525008E-01     4.26686208369503E-01     7.18155124032992E-01
         0.43936673910305     7.72667288737258E-01    -8.21060762059060E-02    -6.48920500304752E-01    -1.50379113770830E-02     6.93882202281484E-01
         0.14295518532255     3.04365270334762E-01     9.17992274956007E-01    -3.41221918409427E-01    -8.86790677695403E-01    -2.12090879301656E-02
H TZV2P-MOLOPT-PBE0-GTH-Q1
 1
 2 0 2 5 3 2 1
         9.40376558777484     5.57995409025206E-02    -4.70579310756749E-02    -9.03982952048893E-02    -9.22922683878503E-02     5.62771387719766E-01     7.80341103329014E-02
         2.19236236036235     2.26741263852150E-01    -2.37595450605385E-01    -3.31859181820579E-01     3.56629407794935E-01    -1.55610962004131E-01     3.11602862374432E-01
         0.70785664525623     4.70071809062586E-01    -3.84865803668886E-01    -6.33091997698946E-01     4.70685683046521E-01    -1.55533260185636E-01     6.35783567219683E-05
         0.37495748172786     5.50419957177599E-01     8.25544608526065E-01    -1.19262368808400E-01     4.93402007633953E-01     7.41061881197701E-01     9.44971331284660E-01
         0.15142571456720     6.49265104227107E-01    -3.34198093163844E-01     6.83131496493313E-01     6.31907468961614E-01    -2.92763192495008E-01     6.19960707827798E-02
H TZVP-MOLOPT-PBE0-GTH-q1
 1
 2 0 1 5 3 1
         9.40376558777484     5.57995409025206E-02    -4.70579310756749E-02    -9.03982952048893E-02    -9.22922683878503E-02
         2.19236236036235     2.26741263852150E-01    -2.37595450605385E-01    -3.31859181820579E-01     3.56629407794935E-01
         0.70785664525623     4.70071809062586E-01    -3.84865803668886E-01    -6.33091997698946E-01     4.70685683046521E-01
         0.37495748172786     5.50419957177599E-01     8.25544608526065E-01    -1.19262368808400E-01     4.93402007633953E-01
         0.15142571456720     6.49265104227107E-01    -3.34198093163844E-01     6.83131496493313E-01     6.31907468961614E-01
H DZVP-MOLOPT-PBE0-GTH-q1
 1
 2 0 1 5 2 1
         9.40376558777484     5.57995409025206E-02    -4.70579310756749E-02    -9.22922683878503E-02
         2.19236236036235     2.26741263852150E-01    -2.37595450605385E-01     3.56629407794935E-01
         0.70785664525623     4.70071809062586E-01    -3.84865803668886E-01     4.70685683046521E-01
         0.37495748172786     5.50419957177599E-01     8.25544608526065E-01     4.93402007633953E-01
         0.15142571456720     6.49265104227107E-01    -3.34198093163844E-01     6.31907468961614E-01
F TZV2P-MOLOPT-PBE0-GTH-Q7
 1
 2 0 3 5 3 3 2 1
        13.31501907729122     1.31813146289282E-01    -5.24225688764356E-02    -5.17923286744451E-01    -9.80506809064632E-02     4.64420401614479E-02     6.35659142568778E-02     4.89385522399914E-03     1.52535072278595E-01     5.41962851226601E-02
         4.62512020147175     1.34547810393351E-01    -5.37398783766778E-02    -2.73506612070950E-02    -3.12727206728056E-01     1.25929415842544E-01     1.88833971660508E-01     2.30296758923593E-02    -1.84322551941015E-01     3.68925101794283E-02
         1.62272294024072    -5.51865766775749E-01     1.65440705311574E-01    -7.34790083225985E-01    -5.86706702362430E-01     2.77907352966805E-01     6.51110127867809E-01     5.26472480151814E-01    -8.13967424463323E-01     8.50449987353287E-02
         0.55216173678272    -7.87309125215089E-01     1.14519053917377E-01     4.34902286738320E-01    -6.52997838515906E-01     1.82287680337408E-01    -7.27945836193775E-01     8.49582617686734E-01     5.11993820603493E-01     9.94034575948952E-01
         0.17330337957192    -2.00276553789357E-01    -9.76667117835106E-01    -4.41695026221844E-02    -3.49223175694863E-01    -9.33554296168888E-01     8.03216449515110E-02    -2.19496600587510E-02     1.34452996051777E-01    -1.90870474316679E-02
F TZVP-MOLOPT-PBE0-GTH-q7
 1
 2 0 2 5 3 3 1
        13.31501907729122     1.31813146289282E-01    -5.24225688764356E-02    -5.17923286744451E-01    -9.80506809064632E-02     4.64420401614479E-02     6.35659142568778E-02     4.89385522399914E-03
         4.62512020147175     1.34547810393351E-01    -5.37398783766778E-02    -2.73506612070950E-02    -3.12727206728056E-01     1.25929415842544E-01     1.88833971660508E-01     2.30296758923593E-02
         1.62272294024072    -5.51865766775749E-01     1.65440705311574E-01    -7.34790083225985E-01    -5.86706702362430E-01     2.77907352966805E-01     6.51110127867809E-01     5.26472480151814E-01
         0.55216173678272    -7.87309125215089E-01     1.14519053917377E-01     4.34902286738320E-01    -6.52997838515906E-01     1.82287680337408E-01    -7.27945836193775E-01     8.49582617686734E-01
         0.17330337957192    -2.00276553789357E-01    -9.76667117835106E-01    -4.41695026221844E-02    -3.49223175694863E-01    -9.33554296168888E-01     8.03216449515110E-02    -2.19496600587510E-02
F DZVP-MOLOPT-PBE0-GTH-q7
 1
 2 0 2 5 2 2 1
        13.31501907729122     1.31813146289282E-01    -5.24225688764356E-02    -9.80506809064632E-02     4.64420401614479E-02     4.89385522399914E-03
         4.62512020147175     1.34547810393351E-01    -5.37398783766778E-02    -3.12727206728056E-01     1.25929415842544E-01     2.30296758923593E-02
         1.62272294024072    -5.51865766775749E-01     1.65440705311574E-01    -5.86706702362430E-01     2.77907352966805E-01     5.26472480151814E-01
         0.55216173678272    -7.87309125215089E-01     1.14519053917377E-01    -6.52997838515906E-01     1.82287680337408E-01     8.49582617686734E-01
         0.17330337957192    -2.00276553789357E-01    -9.76667117835106E-01    -3.49223175694863E-01    -9.33554296168888E-01    -2.19496600587510E-02
