PT DZVP-MOLOPT-PBE-GTH-Q18
 1
 2 0 3 6 3 2 2 1
         5.86505335913478    -6.32958686037099E-01    -1.52190411512175E-01    -1.11696318624559E-01    -4.77655005531508E-01    -2.33784806561481E-02    -2.36505828278782E-02     3.35771364157150E-02     2.28738659974708E-02
         5.60933950365219     7.03539391911067E-01     2.06034611215896E-01     9.47527698394627E-02     6.00481616320164E-01     2.00707745858577E-02    -3.25020248074628E-02     6.95259497860904E-03    -1.95407266368310E-02
         1.43535083975625    -9.58837524593224E-02    -1.89596649935893E-01     1.18763074529874E-01    -5.19501864878421E-01    -2.54570986748696E-01     5.52134122771486E-01    -2.63839338936367E-01    -9.84260810504063E-02
         0.58463699005263    -5.71367726234078E-03    -2.98972574834639E-01     3.44384407902343E-01    -2.94212223816679E-01    -2.20504766067939E-01     5.04635151880397E-01    -5.20491627191539E-01    -5.96536059799105E-01
         0.23544009070827    -2.21427177549539E-02     3.63839710114516E-01    -7.96214026395479E-01    -1.93105428277624E-01     7.72542140124601E-01     5.38076616789661E-01     1.95144107206673E-01    -7.27536164547030E-01
         0.07839547230665    -3.07699505616242E-01     8.22603788465922E-01     4.60308354156791E-01    -1.32419022298995E-01     5.37401631211288E-01     3.86457108535371E-01     7.87540655464097E-01    -3.22867018231112E-01
C DZVP-MOLOPT-PBE-GTH-Q4
 1
 2 0 2 5 2 2 1
         5.26168129831067    -1.61180329987319E-01     9.95867208365846E-02    -9.87196463656005E-02     8.04180361628404E-02    -7.94810431764520E-02
         1.93765185829818    -1.80818549742989E-01     2.07627108755464E-01    -2.33418997562279E-01     3.08840032955768E-01     2.69065919998737E-01
         0.75874037796781     4.91719768047513E-01    -4.16765369564797E-01    -5.45204647452669E-01     4.47360294645044E-01     5.09115674523642E-01
         0.29195902016920     8.01363369134776E-01     6.04318650540438E-02    -6.71299816524380E-01     5.57121483533110E-02     7.95876444290429E-01
         0.09607356854063     2.39486896539835E-01     8.77284494996048E-01    -4.33449480019086E-01    -8.33616036796648E-01     1.69316891799892E-01
O DZVP-MOLOPT-PBE-GTH-Q6
 1
 2 0 2 5 2 2 1
        10.34256722623639    -1.36612866576817E-01     5.36780510727693E-02    -9.23817206645146E-02     5.83443637080248E-02    -9.48473896502772E-02
         3.67715896642206    -1.53385468202307E-01     9.10278370989298E-02    -2.98264530995839E-01     1.75046650342809E-01     1.72754284852763E-01
         1.30046451996361     5.48080652961239E-01    -2.61157543615482E-01    -5.68590641449654E-01     3.64872626600995E-01     4.96868401181124E-01
         0.46645021946921     7.84467551986126E-01    -4.09115659592467E-02    -6.49258120291653E-01     1.42983044083434E-01     8.41501659783491E-01
         0.14793951916337     2.05007513424509E-01     9.58621708960114E-01    -3.97079920076698E-01    -9.01320376386329E-01    -7.84645029990108E-02
