PT TZV2P-MOLOPT-PBE-GTH-Q18
 1
 2 0 3 6 4 3 3 2
         5.86505335913478    -6.26426401446764E-01    -1.61454432320274E-01    -1.34685204889659E-01    -5.71804134321850E-02    -4.78008092373401E-01    -2.30598943253617E-02    -8.99035837892795E-02    -3.53850228184634E-02     1.98363510705042E-02    -3.69178455951888E-02     1.54080796347981E-02     7.31691728311921E-03
         5.60933950365219     6.96154907506981E-01     2.17233221303348E-01     1.20832162596810E-01     1.04380856340403E-01     6.01199104511020E-01     1.92595140979120E-02     1.29314727230711E-01    -1.95477635767342E-02     2.49313697652521E-02     3.99994480644708E-02    -1.37455740020995E-02     2.10105859615273E-03
         1.43535083975625    -1.11202624727065E-01    -1.74075882704571E-01     1.77821924201531E-01     5.84093391382782E-01    -5.17076942797382E-01    -2.64163778200598E-01     2.41082801606259E-01     5.57700007513400E-01    -2.50119615888103E-01     1.75223339441093E-01    -9.78802544148614E-02    -5.48915613043076E-03
         0.58463699005263     1.83752720335137E-02    -3.47582652934313E-01     2.40732673316858E-01     6.51145533511290E-01    -2.93538274543221E-01    -2.18232266280377E-01    -4.87086016812971E-02     5.07708968519914E-01    -5.29929666073857E-01     2.98675249607609E-01    -6.87853640580679E-01    -1.29253299405644E-01
         0.23544009070827    -1.48692548782657E-02     4.05636146193951E-01    -7.93996825649258E-01     4.46071422986088E-01    -1.99610832559096E-01     7.83943998209917E-01    -4.82540588994567E-01     5.42980306771048E-01     2.29712878121489E-01    -7.94951881719260E-01    -6.82442537572319E-01    -1.91169054369616E-01
         0.07839547230665    -3.31713037451462E-01     7.81719513116436E-01     4.97248095215953E-01     1.47308272258527E-01    -1.29190295654337E-01     5.16837785288558E-01     8.25745833660575E-01     3.67070124720198E-01     7.76422350506357E-01     4.95155025390129E-01    -2.26103202376175E-01     9.72964487884016E-01
PT TZVP-MOLOPT-PBE-GTH-q18
 1
 2 0 3 6 4 3 3 1
         5.86505335913478    -6.26426401446764E-01    -1.61454432320274E-01    -1.34685204889659E-01    -5.71804134321850E-02    -4.78008092373401E-01    -2.30598943253617E-02    -8.99035837892795E-02    -3.53850228184634E-02     1.98363510705042E-02    -3.69178455951888E-02     1.54080796347981E-02
         5.60933950365219     6.96154907506981E-01     2.17233221303348E-01     1.20832162596810E-01     1.04380856340403E-01     6.01199104511020E-01     1.92595140979120E-02     1.29314727230711E-01    -1.95477635767342E-02     2.49313697652521E-02     3.99994480644708E-02    -1.37455740020995E-02
         1.43535083975625    -1.11202624727065E-01    -1.74075882704571E-01     1.77821924201531E-01     5.84093391382782E-01    -5.17076942797382E-01    -2.64163778200598E-01     2.41082801606259E-01     5.57700007513400E-01    -2.50119615888103E-01     1.75223339441093E-01    -9.78802544148614E-02
         0.58463699005263     1.83752720335137E-02    -3.47582652934313E-01     2.40732673316858E-01     6.51145533511290E-01    -2.93538274543221E-01    -2.18232266280377E-01    -4.87086016812971E-02     5.07708968519914E-01    -5.29929666073857E-01     2.98675249607609E-01    -6.87853640580679E-01
         0.23544009070827    -1.48692548782657E-02     4.05636146193951E-01    -7.93996825649258E-01     4.46071422986088E-01    -1.99610832559096E-01     7.83943998209917E-01    -4.82540588994567E-01     5.42980306771048E-01     2.29712878121489E-01    -7.94951881719260E-01    -6.82442537572319E-01
         0.07839547230665    -3.31713037451462E-01     7.81719513116436E-01     4.97248095215953E-01     1.47308272258527E-01    -1.29190295654337E-01     5.16837785288558E-01     8.25745833660575E-01     3.67070124720198E-01     7.76422350506357E-01     4.95155025390129E-01    -2.26103202376175E-01
PT DZVP-MOLOPT-PBE-GTH-q18
 1
 2 0 3 6 3 2 2 1
         5.86505335913478    -6.26426401446764E-01    -1.61454432320274E-01    -1.34685204889659E-01    -4.78008092373401E-01    -2.30598943253617E-02    -3.53850228184634E-02     1.98363510705042E-02     1.54080796347981E-02
         5.60933950365219     6.96154907506981E-01     2.17233221303348E-01     1.20832162596810E-01     6.01199104511020E-01     1.92595140979120E-02    -1.95477635767342E-02     2.49313697652521E-02    -1.37455740020995E-02
         1.43535083975625    -1.11202624727065E-01    -1.74075882704571E-01     1.77821924201531E-01    -5.17076942797382E-01    -2.64163778200598E-01     5.57700007513400E-01    -2.50119615888103E-01    -9.78802544148614E-02
         0.58463699005263     1.83752720335137E-02    -3.47582652934313E-01     2.40732673316858E-01    -2.93538274543221E-01    -2.18232266280377E-01     5.07708968519914E-01    -5.29929666073857E-01    -6.87853640580679E-01
         0.23544009070827    -1.48692548782657E-02     4.05636146193951E-01    -7.93996825649258E-01    -1.99610832559096E-01     7.83943998209917E-01     5.42980306771048E-01     2.29712878121489E-01    -6.82442537572319E-01
         0.07839547230665    -3.31713037451462E-01     7.81719513116436E-01     4.97248095215953E-01    -1.29190295654337E-01     5.16837785288558E-01     3.67070124720198E-01     7.76422350506357E-01    -2.26103202376175E-01
O TZV2P-MOLOPT-PBE-GTH-Q6
 1
 2 0 3 5 3 3 2 1
        10.34256722623639    -1.36598767253985E-01     5.35898017733314E-02    -1.18707008771107E-01    -9.23673397522993E-02     5.82948619873808E-02     9.18414097966572E-02    -9.48396929864874E-02     1.47739306049945E-01    -6.27421636348332E-05
         3.67715896642206    -1.53365311059511E-01     9.09944842814309E-02    -2.82507973527509E-01    -2.98268574244154E-01     1.75273022378177E-01     2.27281538167357E-01     1.72695668110757E-01    -2.69128753144972E-01     1.08668748395417E-04
         1.30046451996361     5.48021970885945E-01    -2.61169567089594E-01     6.98682645593308E-01    -5.68604037326135E-01     3.64979965319240E-01     5.95584075165259E-01     4.96837623369842E-01    -7.73936715688092E-01     3.17226823696088E-04
         0.46645021946921     7.84538402757388E-01    -4.08365744734644E-02    -6.15550727563364E-01    -6.49207117094457E-01     1.42847181972710E-01    -7.45101990481658E-01     8.41535542399250E-01     5.40201745515093E-01     9.99999938769363E-01
         0.14793951916337     2.04917720496501E-01     9.58629734771334E-01     1.97579739611495E-01    -3.97144432185278E-01    -9.01257668045223E-01     1.73236517641798E-01    -7.84343402663362E-02     1.22257293978271E-01     7.79931889816245E-05
O TZVP-MOLOPT-PBE-GTH-q6
 1
 2 0 2 5 3 3 1
        10.34256722623639    -1.36598767253985E-01     5.35898017733314E-02    -1.18707008771107E-01    -9.23673397522993E-02     5.82948619873808E-02     9.18414097966572E-02    -9.48396929864874E-02
         3.67715896642206    -1.53365311059511E-01     9.09944842814309E-02    -2.82507973527509E-01    -2.98268574244154E-01     1.75273022378177E-01     2.27281538167357E-01     1.72695668110757E-01
         1.30046451996361     5.48021970885945E-01    -2.61169567089594E-01     6.98682645593308E-01    -5.68604037326135E-01     3.64979965319240E-01     5.95584075165259E-01     4.96837623369842E-01
         0.46645021946921     7.84538402757388E-01    -4.08365744734644E-02    -6.15550727563364E-01    -6.49207117094457E-01     1.42847181972710E-01    -7.45101990481658E-01     8.41535542399250E-01
         0.14793951916337     2.04917720496501E-01     9.58629734771334E-01     1.97579739611495E-01    -3.97144432185278E-01    -9.01257668045223E-01     1.73236517641798E-01    -7.84343402663362E-02
O DZVP-MOLOPT-PBE-GTH-q6
 1
 2 0 2 5 2 2 1
        10.34256722623639    -1.36598767253985E-01     5.35898017733314E-02    -9.23673397522993E-02     5.82948619873808E-02    -9.48396929864874E-02
         3.67715896642206    -1.53365311059511E-01     9.09944842814309E-02    -2.98268574244154E-01     1.75273022378177E-01     1.72695668110757E-01
         1.30046451996361     5.48021970885945E-01    -2.61169567089594E-01    -5.68604037326135E-01     3.64979965319240E-01     4.96837623369842E-01
         0.46645021946921     7.84538402757388E-01    -4.08365744734644E-02    -6.49207117094457E-01     1.42847181972710E-01     8.41535542399250E-01
         0.14793951916337     2.04917720496501E-01     9.58629734771334E-01    -3.97144432185278E-01    -9.01257668045223E-01    -7.84343402663362E-02
C TZV2P-MOLOPT-PBE-GTH-Q4
 1
 2 0 3 5 3 3 2 1
         5.26168129831067    -1.61141917378974E-01     9.96686652890171E-02    -1.17238307580140E-01    -9.87481588337120E-02     8.04369823930186E-02     7.08590015603763E-02    -7.94823942452603E-02     1.04464800757986E-01    -1.15487166610279E-05
         1.93765185829818    -1.80855958455182E-01     2.07650729566158E-01    -3.33811408541760E-01    -2.33439340416087E-01     3.08796108490828E-01     4.56576584711807E-01     2.69082041591327E-01    -3.53701545984790E-01     9.95236583846123E-02
         0.75874037796781     4.91788265416699E-01    -4.16657014983378E-01     5.95870904155683E-01    -5.45250710497427E-01     4.47197164192854E-01     3.99065341940114E-01     5.09051672136440E-01    -6.69295761141920E-01    -1.83046665174320E-05
         0.29195902016920     8.01306792979118E-01     6.03691230508770E-02    -5.88930355080236E-01    -6.71258492279101E-01     5.58623031841721E-02    -7.14283704651730E-01     7.95918282332624E-01     6.05404067152161E-01     9.95035195799905E-01
         0.09607356854063     2.39533150688254E-01     8.77325385770500E-01     4.15841346199326E-01    -4.33438086372545E-01    -8.33707955260866E-01     3.42143926326319E-01     1.69286404775650E-01    -2.22511620738430E-01    -8.52958759292650E-06
C TZVP-MOLOPT-PBE-GTH-q4
 1
 2 0 2 5 3 3 1
         5.26168129831067    -1.61141917378974E-01     9.96686652890171E-02    -1.17238307580140E-01    -9.87481588337120E-02     8.04369823930186E-02     7.08590015603763E-02    -7.94823942452603E-02
         1.93765185829818    -1.80855958455182E-01     2.07650729566158E-01    -3.33811408541760E-01    -2.33439340416087E-01     3.08796108490828E-01     4.56576584711807E-01     2.69082041591327E-01
         0.75874037796781     4.91788265416699E-01    -4.16657014983378E-01     5.95870904155683E-01    -5.45250710497427E-01     4.47197164192854E-01     3.99065341940114E-01     5.09051672136440E-01
         0.29195902016920     8.01306792979118E-01     6.03691230508770E-02    -5.88930355080236E-01    -6.71258492279101E-01     5.58623031841721E-02    -7.14283704651730E-01     7.95918282332624E-01
         0.09607356854063     2.39533150688254E-01     8.77325385770500E-01     4.15841346199326E-01    -4.33438086372545E-01    -8.33707955260866E-01     3.42143926326319E-01     1.69286404775650E-01
C DZVP-MOLOPT-PBE-GTH-q4
 1
 2 0 2 5 2 2 1
         5.26168129831067    -1.61141917378974E-01     9.96686652890171E-02    -9.87481588337120E-02     8.04369823930186E-02    -7.94823942452603E-02
         1.93765185829818    -1.80855958455182E-01     2.07650729566158E-01    -2.33439340416087E-01     3.08796108490828E-01     2.69082041591327E-01
         0.75874037796781     4.91788265416699E-01    -4.16657014983378E-01    -5.45250710497427E-01     4.47197164192854E-01     5.09051672136440E-01
         0.29195902016920     8.01306792979118E-01     6.03691230508770E-02    -6.71258492279101E-01     5.58623031841721E-02     7.95918282332624E-01
         0.09607356854063     2.39533150688254E-01     8.77325385770500E-01    -4.33438086372545E-01    -8.33707955260866E-01     1.69286404775650E-01
