I DZVP-MOLOPT-SCAN-GTH-Q7
 1
 2 0 2 4 2 2 1
         1.00341315175671    -1.86581168745871E-01    -7.20665250357856E-01    -2.20335711059513E-02    -7.07364688408314E-01     6.87404181186006E-01
         1.00195586620763     2.77578566773812E-01     5.49720925023146E-01    -2.18795317584571E-02     7.06848766601336E-01    -6.70948035068071E-01
         0.30519555199604    -2.71262466397526E-01     3.67982320416489E-01     7.74760731611346E-01    -1.34555002546677E-04    -2.54195347801036E-01
         0.11100333145992     9.02526609613895E-01    -2.07454846603405E-01     6.31491580773174E-01    -2.53403067841963E-05    -1.12645244385204E-01
K DZVP-MOLOPT-SCAN-GTH-Q9
 1
 2 0 2 6 3 2 1
         2.89324588152070    -6.93921368999238E-02     2.30109481907585E-01     4.08895909382141E-01     5.76939868233771E-01    -1.75734051883959E-01    -2.25017820674762E-01
         2.73103500504523    -3.92130375475446E-01    -1.51507022984576E-01    -3.78553129245784E-01    -6.06780432571586E-01     1.65366302513760E-01     3.65739154982012E-01
         0.88970841408102     6.45211200718688E-01    -2.03543305097142E-01    -6.60305928124942E-02    -3.20862669848569E-01     1.70426698405196E-01     3.09926887423353E-01
         0.35532104218819     5.13259266180588E-01    -3.25233316368684E-01    -3.45684356407537E-01    -3.40962392162648E-01     4.62018856134420E-03     3.62859271481329E-01
         0.13964418667393     2.88949980508131E-01     2.93493186926020E-02     6.72267516403145E-01    -7.97687602419562E-03     2.53586101062026E-01     6.04574651656049E-01
         0.05715694194384     2.79631616376282E-01     8.80924104953891E-01    -3.37194805069505E-01     2.82287192001169E-01     9.21085779218144E-01     4.71561040607578E-01
H DZVP-MOLOPT-SCAN-GTH-Q1
 1
 2 0 1 5 2 1
         9.16876514496744     4.30245721944096E-02    -3.89199332255518E-02    -1.03225299298647E-01
         2.16119406948452     1.67758655334156E-01    -2.29436993766244E-01     3.18679005482070E-01
         0.61986766123499     5.51924571472773E-01    -2.73974309763091E-01     4.58038932787715E-01
         0.41225503616229     4.20326460221825E-01     8.94936516623427E-01     2.25604019455304E-02
         0.16131600752250     6.99078574975625E-01    -2.64330500496994E-01     8.23091485416057E-01
O DZVP-MOLOPT-SCAN-GTH-Q6
 1
 2 0 2 5 2 2 1
        10.25781699497238    -1.37093335568261E-01     6.42341766590814E-02    -1.01541960662273E-01     5.12250917317880E-02    -1.55308630843787E-02
         3.64428735012608    -1.53382903419191E-01     6.95730187369108E-02    -2.97888826596963E-01     1.18416114723772E-01     1.12242705044625E-01
         1.40222472037927     4.52964005356058E-01    -1.60546208430784E-01    -5.48743422499672E-01     2.65706574607295E-01     4.02080210361362E-01
         0.52205700268808     8.05450964095097E-01    -2.63981031214717E-01    -6.95022929228448E-01     1.92118246587555E-01     9.01700430010169E-01
         0.16818943371335     3.22104729197730E-01     9.46346921445871E-01    -3.41723954857718E-01    -9.35865486749767E-01    -1.11481865840859E-01
CL DZVP-MOLOPT-SCAN-GTH-Q7
 1
 2 0 2 4 2 2 1
         1.99031135450461     4.85018816633289E-01     1.94158525239581E-01     3.26464872695311E-01     1.51626624474172E-01     1.14349988907458E-01
         1.46501921747017    -3.69443122264159E-01     8.84925501203065E-02    -4.91090003440862E-01    -1.60659090706497E-01     2.49763916797096E-01
         0.40655378963524    -5.57894471564660E-01    -6.37209072162332E-01    -6.93734950650820E-01    -3.56105172703454E-01     9.48735957067630E-01
         0.13370286337397    -5.63047320854067E-01     7.40564739914085E-01    -4.13501044329990E-01     9.07957669331436E-01     1.56339853108561E-01
