I TZV2P-MOLOPT-SCAN-GTH-Q7
 1
 2 0 3 4 3 3 2 1
         1.00341315175671    -2.33371057605448E-01    -7.02257602012109E-01     5.20051268119696E-01    -1.61332567147454E-02    -7.07423354789830E-01     1.29791200961139E-02     7.07177940539371E-01     2.23677435803763E-02    -3.51326232327679E-01
         1.00195586620763     1.84457732303120E-01     5.20884992027907E-01     1.08404031841287E-01    -1.60395144005578E-02     7.06790060906219E-01     1.30366530941991E-02    -7.06712172776440E-01     1.31938061464582E-02     4.72419059472167E-01
         0.30519555199604    -2.17056072171355E-02     4.07794357635084E-01     8.37917536304449E-01     7.66289672682178E-01    -3.78104940898697E-05    -6.41828978667206E-01    -1.98943910253746E-02    -6.67001108328941E-02     8.00874071428399E-01
         0.11100333145992     9.54485285942660E-01    -2.63090948869926E-01     1.25257521774668E-01     6.42092352817109E-01    -7.39760213710998E-05     7.66627125961927E-01    -7.84082073678377E-03     9.97435061917001E-01     1.09502659509122E-01
I TZVP-MOLOPT-SCAN-GTH-q7
 1
 2 0 2 4 3 3 1
         1.00341315175671    -2.33371057605448E-01    -7.02257602012109E-01     5.20051268119696E-01    -1.61332567147454E-02    -7.07423354789830E-01     1.29791200961139E-02     7.07177940539371E-01
         1.00195586620763     1.84457732303120E-01     5.20884992027907E-01     1.08404031841287E-01    -1.60395144005578E-02     7.06790060906219E-01     1.30366530941991E-02    -7.06712172776440E-01
         0.30519555199604    -2.17056072171355E-02     4.07794357635084E-01     8.37917536304449E-01     7.66289672682178E-01    -3.78104940898697E-05    -6.41828978667206E-01    -1.98943910253746E-02
         0.11100333145992     9.54485285942660E-01    -2.63090948869926E-01     1.25257521774668E-01     6.42092352817109E-01    -7.39760213710998E-05     7.66627125961927E-01    -7.84082073678377E-03
I DZVP-MOLOPT-SCAN-GTH-q7
 1
 2 0 2 4 2 2 1
         1.00341315175671    -2.33371057605448E-01    -7.02257602012109E-01    -1.61332567147454E-02    -7.07423354789830E-01     7.07177940539371E-01
         1.00195586620763     1.84457732303120E-01     5.20884992027907E-01    -1.60395144005578E-02     7.06790060906219E-01    -7.06712172776440E-01
         0.30519555199604    -2.17056072171355E-02     4.07794357635084E-01     7.66289672682178E-01    -3.78104940898697E-05    -1.98943910253746E-02
         0.11100333145992     9.54485285942660E-01    -2.63090948869926E-01     6.42092352817109E-01    -7.39760213710998E-05    -7.84082073678377E-03
K TZV2P-MOLOPT-SCAN-GTH-Q9
 1
 2 0 2 6 4 3 2
         2.89323842622084    -6.74529457445985E-02     2.34020109950133E-01     4.03097692934648E-01    -1.74393305506665E-01     5.80413469786502E-01    -1.68717032335087E-01     1.05483419260803E-01    -2.28538086037732E-01    -1.97693552063800E-01
         2.73325630981316    -3.84692229708750E-01    -1.34150406936207E-01    -3.84217098503436E-01    -5.42212004895815E-01    -6.10957294556207E-01     1.54844125248861E-01     7.27948380207630E-04     3.60921413158146E-01     3.10840833750063E-01
         0.88571300706887     6.50878052440854E-01    -1.99248763028580E-01    -6.81221871310688E-02    -6.76614445114838E-01    -3.23708268750550E-01     1.55183569554020E-01     2.96689670746637E-01     3.08554863905753E-01     1.95811027523642E-01
         0.34850224860432     5.13684796387750E-01    -3.19302676628855E-01    -3.44250247051729E-01     4.64064945196602E-01    -3.35578668804748E-01     1.88509255647007E-02     7.49489568613810E-02     3.60569952628435E-01     5.71403786412231E-01
         0.12864140143795     2.82293676045817E-01     2.43896953496130E-02     6.80126179044559E-01    -4.51807558054413E-02     8.12916103047726E-03     2.86186640185663E-01    -9.11962662064133E-01     5.91035443358690E-01    -1.39236897605497E-01
         0.03206198236607     2.83298358250632E-01     8.85996123212602E-01    -3.22752206455535E-01    -1.97087632230935E-02     2.69045012675664E-01     9.17179245949790E-01     2.52100603907941E-01     4.92916206539777E-01    -6.92866564545483E-01
K TZVP-MOLOPT-SCAN-GTH-q9
 1
 2 0 2 6 4 3 1
         2.89323842622084    -6.74529457445985E-02     2.34020109950133E-01     4.03097692934648E-01    -1.74393305506665E-01     5.80413469786502E-01    -1.68717032335087E-01     1.05483419260803E-01    -2.28538086037732E-01
         2.73325630981316    -3.84692229708750E-01    -1.34150406936207E-01    -3.84217098503436E-01    -5.42212004895815E-01    -6.10957294556207E-01     1.54844125248861E-01     7.27948380207630E-04     3.60921413158146E-01
         0.88571300706887     6.50878052440854E-01    -1.99248763028580E-01    -6.81221871310688E-02    -6.76614445114838E-01    -3.23708268750550E-01     1.55183569554020E-01     2.96689670746637E-01     3.08554863905753E-01
         0.34850224860432     5.13684796387750E-01    -3.19302676628855E-01    -3.44250247051729E-01     4.64064945196602E-01    -3.35578668804748E-01     1.88509255647007E-02     7.49489568613810E-02     3.60569952628435E-01
         0.12864140143795     2.82293676045817E-01     2.43896953496130E-02     6.80126179044559E-01    -4.51807558054413E-02     8.12916103047726E-03     2.86186640185663E-01    -9.11962662064133E-01     5.91035443358690E-01
         0.03206198236607     2.83298358250632E-01     8.85996123212602E-01    -3.22752206455535E-01    -1.97087632230935E-02     2.69045012675664E-01     9.17179245949790E-01     2.52100603907941E-01     4.92916206539777E-01
K DZVP-MOLOPT-SCAN-GTH-q9
 1
 2 0 2 6 3 2 1
         2.89323842622084    -6.74529457445985E-02     2.34020109950133E-01     4.03097692934648E-01     5.80413469786502E-01    -1.68717032335087E-01    -2.28538086037732E-01
         2.73325630981316    -3.84692229708750E-01    -1.34150406936207E-01    -3.84217098503436E-01    -6.10957294556207E-01     1.54844125248861E-01     3.60921413158146E-01
         0.88571300706887     6.50878052440854E-01    -1.99248763028580E-01    -6.81221871310688E-02    -3.23708268750550E-01     1.55183569554020E-01     3.08554863905753E-01
         0.34850224860432     5.13684796387750E-01    -3.19302676628855E-01    -3.44250247051729E-01    -3.35578668804748E-01     1.88509255647007E-02     3.60569952628435E-01
         0.12864140143795     2.82293676045817E-01     2.43896953496130E-02     6.80126179044559E-01     8.12916103047726E-03     2.86186640185663E-01     5.91035443358690E-01
         0.03206198236607     2.83298358250632E-01     8.85996123212602E-01    -3.22752206455535E-01     2.69045012675664E-01     9.17179245949790E-01     4.92916206539777E-01
H TZV2P-MOLOPT-SCAN-GTH-Q1
 1
 2 0 2 5 3 2 1
         9.16876514496744     4.30245721944096E-02    -3.89199332255518E-02     1.05597841287996E-01    -1.03225299298647E-01     1.47849610372066E-01     5.89397100894678E-04
         2.16119406948452     1.67758655334156E-01    -2.29436993766244E-01     9.00816001060512E-01     3.18679005482070E-01    -4.59921573561831E-01     9.06454549928757E-04
         0.61986766123499     5.51924571472773E-01    -2.73974309763091E-01     8.95041468250583E-02     4.58038932787715E-01    -6.65599039198367E-01    -4.14822793772387E-04
         0.41225503616229     4.20326460221825E-01     8.94936516623427E-01     1.49710941947358E-01     2.25604019455304E-02    -3.27622058282529E-02    -2.24233449917807E-03
         0.16131600752250     6.99078574975625E-01    -2.64330500496994E-01    -3.83347452986213E-01     8.23091485416057E-01     5.67905974411888E-01     9.99996815399554E-01
H TZVP-MOLOPT-SCAN-GTH-q1
 1
 2 0 1 5 3 1
         9.16876514496744     4.30245721944096E-02    -3.89199332255518E-02     1.05597841287996E-01    -1.03225299298647E-01
         2.16119406948452     1.67758655334156E-01    -2.29436993766244E-01     9.00816001060512E-01     3.18679005482070E-01
         0.61986766123499     5.51924571472773E-01    -2.73974309763091E-01     8.95041468250583E-02     4.58038932787715E-01
         0.41225503616229     4.20326460221825E-01     8.94936516623427E-01     1.49710941947358E-01     2.25604019455304E-02
         0.16131600752250     6.99078574975625E-01    -2.64330500496994E-01    -3.83347452986213E-01     8.23091485416057E-01
H DZVP-MOLOPT-SCAN-GTH-q1
 1
 2 0 1 5 2 1
         9.16876514496744     4.30245721944096E-02    -3.89199332255518E-02    -1.03225299298647E-01
         2.16119406948452     1.67758655334156E-01    -2.29436993766244E-01     3.18679005482070E-01
         0.61986766123499     5.51924571472773E-01    -2.73974309763091E-01     4.58038932787715E-01
         0.41225503616229     4.20326460221825E-01     8.94936516623427E-01     2.25604019455304E-02
         0.16131600752250     6.99078574975625E-01    -2.64330500496994E-01     8.23091485416057E-01
O TZV2P-MOLOPT-SCAN-GTH-Q6
 1
 2 0 3 5 3 3 2 1
        10.25781699497238    -1.37093335568261E-01     6.42341766590814E-02    -7.17088581420037E-01    -1.01541960662273E-01     5.12250917317880E-02     1.18360216509634E-01    -1.55308630843787E-02     3.18602602792577E-02     1.18645628163343E-03
         3.64428735012608    -1.53382903419191E-01     6.95730187369108E-02    -5.49416247278626E-01    -2.97888826596963E-01     1.18416114723772E-01     5.91292938991212E-02     1.12242705044625E-01    -2.22035206994148E-01    -3.65643497936781E-03
         1.40222472037927     4.52964005356058E-01    -1.60546208430784E-01     2.25545730548663E-01    -5.48743422499672E-01     2.65706574607295E-01     7.32042358682655E-01     4.02080210361362E-01    -8.37756480907312E-01     4.91390044295019E-04
         0.52205700268808     8.05450964095097E-01    -2.63981031214717E-01    -3.63850982918199E-01    -6.95022929228448E-01     1.92118246587555E-01    -6.62764404039625E-01     9.01700430010169E-01     4.32284673630976E-01     9.99992334274143E-01
         0.16818943371335     3.22104729197730E-01     9.46346921445871E-01     2.58329108697021E-02    -3.41723954857718E-01    -9.35865486749767E-01     8.57433121772174E-02    -1.11481865840859E-01     2.46939932598114E-01     5.59225812546083E-04
O TZVP-MOLOPT-SCAN-GTH-q6
 1
 2 0 2 5 3 3 1
        10.25781699497238    -1.37093335568261E-01     6.42341766590814E-02    -7.17088581420037E-01    -1.01541960662273E-01     5.12250917317880E-02     1.18360216509634E-01    -1.55308630843787E-02
         3.64428735012608    -1.53382903419191E-01     6.95730187369108E-02    -5.49416247278626E-01    -2.97888826596963E-01     1.18416114723772E-01     5.91292938991212E-02     1.12242705044625E-01
         1.40222472037927     4.52964005356058E-01    -1.60546208430784E-01     2.25545730548663E-01    -5.48743422499672E-01     2.65706574607295E-01     7.32042358682655E-01     4.02080210361362E-01
         0.52205700268808     8.05450964095097E-01    -2.63981031214717E-01    -3.63850982918199E-01    -6.95022929228448E-01     1.92118246587555E-01    -6.62764404039625E-01     9.01700430010169E-01
         0.16818943371335     3.22104729197730E-01     9.46346921445871E-01     2.58329108697021E-02    -3.41723954857718E-01    -9.35865486749767E-01     8.57433121772174E-02    -1.11481865840859E-01
O DZVP-MOLOPT-SCAN-GTH-q6
 1
 2 0 2 5 2 2 1
        10.25781699497238    -1.37093335568261E-01     6.42341766590814E-02    -1.01541960662273E-01     5.12250917317880E-02    -1.55308630843787E-02
         3.64428735012608    -1.53382903419191E-01     6.95730187369108E-02    -2.97888826596963E-01     1.18416114723772E-01     1.12242705044625E-01
         1.40222472037927     4.52964005356058E-01    -1.60546208430784E-01    -5.48743422499672E-01     2.65706574607295E-01     4.02080210361362E-01
         0.52205700268808     8.05450964095097E-01    -2.63981031214717E-01    -6.95022929228448E-01     1.92118246587555E-01     9.01700430010169E-01
         0.16818943371335     3.22104729197730E-01     9.46346921445871E-01    -3.41723954857718E-01    -9.35865486749767E-01    -1.11481865840859E-01
CL TZV2P-MOLOPT-SCAN-GTH-Q7
 1
 2 0 3 4 3 3 2 1
         1.99031135450461     4.85018816633289E-01     1.94158525239581E-01    -1.02487019822790E-01     3.26464872695311E-01     1.51626624474172E-01    -3.04303079631876E-01     1.14349988907458E-01    -6.94120784194127E-02    -3.74274318976047E-02
         1.46501921747017    -3.69443122264159E-01     8.84925501203066E-02    -9.21581198729358E-01    -4.91090003440862E-01    -1.60659090706497E-01    -8.51979523656754E-01     2.49763916797096E-01     9.08906621638742E-01     2.75533996785233E-01
         0.40655378963524    -5.57894471564660E-01    -6.37209072162332E-01     2.04948617227288E-01    -6.93734950650820E-01    -3.56105172703454E-01     4.21045721459141E-01     9.48735957067630E-01    -2.80461592308605E-01     9.57496717801440E-01
         0.13370286337397    -5.63047320854067E-01     7.40564739914085E-01     3.13337787719621E-01    -4.13501044329990E-01     9.07957669331436E-01     6.51999036588082E-02     1.56339853108561E-01     3.00685902147853E-01    -7.66827187609711E-02
CL TZVP-MOLOPT-SCAN-GTH-q7
 1
 2 0 2 4 3 3 1
         1.99031135450461     4.85018816633289E-01     1.94158525239581E-01    -1.02487019822790E-01     3.26464872695311E-01     1.51626624474172E-01    -3.04303079631876E-01     1.14349988907458E-01
         1.46501921747017    -3.69443122264159E-01     8.84925501203066E-02    -9.21581198729358E-01    -4.91090003440862E-01    -1.60659090706497E-01    -8.51979523656754E-01     2.49763916797096E-01
         0.40655378963524    -5.57894471564660E-01    -6.37209072162332E-01     2.04948617227288E-01    -6.93734950650820E-01    -3.56105172703454E-01     4.21045721459141E-01     9.48735957067630E-01
         0.13370286337397    -5.63047320854067E-01     7.40564739914085E-01     3.13337787719621E-01    -4.13501044329990E-01     9.07957669331436E-01     6.51999036588082E-02     1.56339853108561E-01
CL DZVP-MOLOPT-SCAN-GTH-q7
 1
 2 0 2 4 2 2 1
         1.99031135450461     4.85018816633289E-01     1.94158525239581E-01     3.26464872695311E-01     1.51626624474172E-01     1.14349988907458E-01
         1.46501921747017    -3.69443122264159E-01     8.84925501203066E-02    -4.91090003440862E-01    -1.60659090706497E-01     2.49763916797096E-01
         0.40655378963524    -5.57894471564660E-01    -6.37209072162332E-01    -6.93734950650820E-01    -3.56105172703454E-01     9.48735957067630E-01
         0.13370286337397    -5.63047320854067E-01     7.40564739914085E-01    -4.13501044329990E-01     9.07957669331436E-01     1.56339853108561E-01
