I DZVP-MOLOPT-SCAN-GTH-Q7
 1
 2 0 2 4 2 2 1
         0.98234559589968    -1.84603501335404E-01    -7.19742976071102E-01    -2.25500619776911E-02    -7.08150156429545E-01     6.81705521428639E-01
         0.97335877839198     2.80784437051252E-01     5.51653827972903E-01    -2.07249386784472E-02     7.06059361328209E-01    -6.70468181427703E-01
         0.29941271814370    -2.72395231467531E-01     3.66299567646298E-01     7.88947122116916E-01    -1.86667062114689E-03    -2.67881628641568E-01
         0.10992267672175     9.01599958450682E-01    -2.08501149208562E-01     6.13697327780570E-01     2.23092814925582E-04    -1.18276932590749E-01
K DZVP-MOLOPT-SCAN-GTH-Q9
 1
 2 0 2 6 3 2 1
         2.89323842622084    -6.74529457445985E-02     2.34020109950133E-01     4.03097692934648E-01     5.80413469786502E-01    -1.68717032335087E-01    -2.28538086037732E-01
         2.73325630981316    -3.84692229708750E-01    -1.34150406936207E-01    -3.84217098503436E-01    -6.10957294556207E-01     1.54844125248861E-01     3.60921413158146E-01
         0.88571300706887     6.50878052440854E-01    -1.99248763028580E-01    -6.81221871310688E-02    -3.23708268750550E-01     1.55183569554020E-01     3.08554863905753E-01
         0.34850224860432     5.13684796387750E-01    -3.19302676628855E-01    -3.44250247051729E-01    -3.35578668804748E-01     1.88509255647007E-02     3.60569952628435E-01
         0.12864140143795     2.82293676045817E-01     2.43896953496130E-02     6.80126179044559E-01     8.12916103047726E-03     2.86186640185663E-01     5.91035443358690E-01
         0.03206198236607     2.83298358250632E-01     8.85996123212602E-01    -3.22752206455535E-01     2.69045012675664E-01     9.17179245949790E-01     4.92916206539777E-01
H DZVP-MOLOPT-SCAN-GTH-Q1
 1
 2 0 1 5 2 1
         9.16876514496744     4.30245721944096E-02    -3.89199332255518E-02    -1.03225299298647E-01
         2.16119406948452     1.67758655334156E-01    -2.29436993766244E-01     3.18679005482070E-01
         0.61986766123499     5.51924571472773E-01    -2.73974309763091E-01     4.58038932787715E-01
         0.41225503616229     4.20326460221825E-01     8.94936516623427E-01     2.25604019455304E-02
         0.16131600752250     6.99078574975625E-01    -2.64330500496994E-01     8.23091485416057E-01
O DZVP-MOLOPT-SCAN-GTH-Q6
 1
 2 0 2 5 2 2 1
        10.25781699497238    -1.37093335568261E-01     6.42341766590814E-02    -1.01541960662273E-01     5.12250917317880E-02    -1.55308630843787E-02
         3.64428735012608    -1.53382903419191E-01     6.95730187369108E-02    -2.97888826596963E-01     1.18416114723772E-01     1.12242705044625E-01
         1.40222472037927     4.52964005356058E-01    -1.60546208430784E-01    -5.48743422499672E-01     2.65706574607295E-01     4.02080210361362E-01
         0.52205700268808     8.05450964095097E-01    -2.63981031214717E-01    -6.95022929228448E-01     1.92118246587555E-01     9.01700430010169E-01
         0.16818943371335     3.22104729197730E-01     9.46346921445871E-01    -3.41723954857718E-01    -9.35865486749767E-01    -1.11481865840859E-01
CL DZVP-MOLOPT-SCAN-GTH-Q7
 1
 2 0 2 4 2 2 1
         1.99031135450461     4.85018816633289E-01     1.94158525239581E-01     3.26464872695311E-01     1.51626624474172E-01     1.14349988907458E-01
         1.46501921747017    -3.69443122264159E-01     8.84925501203066E-02    -4.91090003440862E-01    -1.60659090706497E-01     2.49763916797096E-01
         0.40655378963524    -5.57894471564660E-01    -6.37209072162332E-01    -6.93734950650820E-01    -3.56105172703454E-01     9.48735957067630E-01
         0.13370286337397    -5.63047320854067E-01     7.40564739914085E-01    -4.13501044329990E-01     9.07957669331436E-01     1.56339853108561E-01
