CR TZV2P-MOLOPT-SCAN-GTH-Q14
 1
 2 0 3 6 4 3 3 2
         7.26091619694821     1.46523893943168E-01     2.98926173525624E-02     2.64844375771290E-02     5.19680660417723E-01    -1.55053392984444E-01    -1.70481945198125E-03     2.04717467548824E-03     2.70629420000826E-01    -4.85706519221721E-02     5.93292650192137E-02     1.32099985388150E-03    -5.87868532587180E-02
         3.45180605461032     3.48478696312358E-01     1.09180897086987E-01     1.14222148579415E-01     5.56552665168313E-01     1.88126742229102E-01    -3.03077394704748E-02     5.47913983630875E-03     3.31946784080244E-01    -6.72482032251489E-02     9.43884493845055E-02    -3.71451720127652E-02    -1.42163264243737E-01
         1.60747166283345    -6.76648521885136E-01    -4.26715855214902E-01    -1.55661387933353E-01     1.44287402885720E-02     7.64453367999000E-01    -2.61992989867761E-01    -6.24191574807189E-02     6.53907770421838E-01    -1.18294123165998E-01     1.45811355937960E-01    -6.55671080794637E-02    -5.86893153225434E-01
         0.61228707445782    -2.63259198763073E-01    -4.41857437634361E-01     2.89702847508553E-01     5.48726396860439E-01     5.31413105720689E-01    -1.03020893401422E-01     1.00391271418954E-01     6.19581785194857E-01     8.05349887987248E-02    -1.84890141623599E-01    -6.47372874645693E-01    -2.28061623400605E-02
         0.21355916598437    -2.76129283857334E-01     4.22056024978376E-01    -7.53264369093802E-01     3.42152228987068E-01     2.58858636473382E-01     9.08819729345934E-01    -3.22978637177185E-01     6.86441382661808E-02     9.68964265151364E-01    -1.38456739679594E-01    -7.58173426619825E-01     9.79137747269331E-02
         0.08846094915736    -5.03673840311259E-01     6.57061837754985E-01     5.57392552915753E-01     4.24752530689680E-02     8.22808588232762E-02     3.06384730124288E-01     9.38976053705287E-01    -1.95466387696013E-02     1.83704762589590E-01     9.55486930408943E-01     2.00215342606073E-02     7.88532123986495E-01
CR TZVP-MOLOPT-SCAN-GTH-q14
 1
 2 0 3 6 4 3 3 1
         7.26091619694821     1.46523893943168E-01     2.98926173525624E-02     2.64844375771290E-02     5.19680660417723E-01    -1.55053392984444E-01    -1.70481945198125E-03     2.04717467548824E-03     2.70629420000826E-01    -4.85706519221721E-02     5.93292650192137E-02     1.32099985388150E-03
         3.45180605461032     3.48478696312358E-01     1.09180897086987E-01     1.14222148579415E-01     5.56552665168313E-01     1.88126742229102E-01    -3.03077394704748E-02     5.47913983630875E-03     3.31946784080244E-01    -6.72482032251489E-02     9.43884493845055E-02    -3.71451720127652E-02
         1.60747166283345    -6.76648521885136E-01    -4.26715855214902E-01    -1.55661387933353E-01     1.44287402885720E-02     7.64453367999000E-01    -2.61992989867761E-01    -6.24191574807189E-02     6.53907770421838E-01    -1.18294123165998E-01     1.45811355937960E-01    -6.55671080794637E-02
         0.61228707445782    -2.63259198763073E-01    -4.41857437634361E-01     2.89702847508553E-01     5.48726396860439E-01     5.31413105720689E-01    -1.03020893401422E-01     1.00391271418954E-01     6.19581785194857E-01     8.05349887987248E-02    -1.84890141623599E-01    -6.47372874645693E-01
         0.21355916598437    -2.76129283857334E-01     4.22056024978376E-01    -7.53264369093802E-01     3.42152228987068E-01     2.58858636473382E-01     9.08819729345934E-01    -3.22978637177185E-01     6.86441382661808E-02     9.68964265151364E-01    -1.38456739679594E-01    -7.58173426619825E-01
         0.08846094915736    -5.03673840311259E-01     6.57061837754985E-01     5.57392552915753E-01     4.24752530689680E-02     8.22808588232762E-02     3.06384730124288E-01     9.38976053705287E-01    -1.95466387696013E-02     1.83704762589590E-01     9.55486930408943E-01     2.00215342606073E-02
CR DZVP-MOLOPT-SCAN-GTH-q14
 1
 2 0 3 6 3 2 2 1
         7.26091619694821     1.46523893943168E-01     2.98926173525624E-02     2.64844375771290E-02    -1.55053392984444E-01    -1.70481945198125E-03     2.70629420000826E-01    -4.85706519221721E-02     1.32099985388150E-03
         3.45180605461032     3.48478696312358E-01     1.09180897086987E-01     1.14222148579415E-01     1.88126742229102E-01    -3.03077394704748E-02     3.31946784080244E-01    -6.72482032251489E-02    -3.71451720127652E-02
         1.60747166283345    -6.76648521885136E-01    -4.26715855214902E-01    -1.55661387933353E-01     7.64453367999000E-01    -2.61992989867761E-01     6.53907770421838E-01    -1.18294123165998E-01    -6.55671080794637E-02
         0.61228707445782    -2.63259198763073E-01    -4.41857437634361E-01     2.89702847508553E-01     5.31413105720689E-01    -1.03020893401422E-01     6.19581785194857E-01     8.05349887987248E-02    -6.47372874645693E-01
         0.21355916598437    -2.76129283857334E-01     4.22056024978376E-01    -7.53264369093802E-01     2.58858636473382E-01     9.08819729345934E-01     6.86441382661808E-02     9.68964265151364E-01    -7.58173426619825E-01
         0.08846094915736    -5.03673840311259E-01     6.57061837754985E-01     5.57392552915753E-01     8.22808588232762E-02     3.06384730124288E-01    -1.95466387696013E-02     1.83704762589590E-01     2.00215342606073E-02
CL TZV2P-MOLOPT-SCAN-GTH-Q7
 1
 2 0 3 4 3 3 2 1
         1.99031135450461     4.85018816633289E-01     1.94158525239581E-01    -1.02487019822790E-01     3.26464872695311E-01     1.51626624474172E-01    -3.04303079631876E-01     1.14349988907458E-01    -6.94120784194127E-02    -3.74274318976047E-02
         1.46501921747017    -3.69443122264159E-01     8.84925501203065E-02    -9.21581198729358E-01    -4.91090003440862E-01    -1.60659090706497E-01    -8.51979523656754E-01     2.49763916797096E-01     9.08906621638742E-01     2.75533996785233E-01
         0.40655378963524    -5.57894471564660E-01    -6.37209072162332E-01     2.04948617227288E-01    -6.93734950650820E-01    -3.56105172703454E-01     4.21045721459141E-01     9.48735957067630E-01    -2.80461592308605E-01     9.57496717801440E-01
         0.13370286337397    -5.63047320854067E-01     7.40564739914085E-01     3.13337787719621E-01    -4.13501044329990E-01     9.07957669331436E-01     6.51999036588082E-02     1.56339853108561E-01     3.00685902147853E-01    -7.66827187609711E-02
CL TZVP-MOLOPT-SCAN-GTH-q7
 1
 2 0 2 4 3 3 1
         1.99031135450461     4.85018816633289E-01     1.94158525239581E-01    -1.02487019822790E-01     3.26464872695311E-01     1.51626624474172E-01    -3.04303079631876E-01     1.14349988907458E-01
         1.46501921747017    -3.69443122264159E-01     8.84925501203065E-02    -9.21581198729358E-01    -4.91090003440862E-01    -1.60659090706497E-01    -8.51979523656754E-01     2.49763916797096E-01
         0.40655378963524    -5.57894471564660E-01    -6.37209072162332E-01     2.04948617227288E-01    -6.93734950650820E-01    -3.56105172703454E-01     4.21045721459141E-01     9.48735957067630E-01
         0.13370286337397    -5.63047320854067E-01     7.40564739914085E-01     3.13337787719621E-01    -4.13501044329990E-01     9.07957669331436E-01     6.51999036588082E-02     1.56339853108561E-01
CL DZVP-MOLOPT-SCAN-GTH-q7
 1
 2 0 2 4 2 2 1
         1.99031135450461     4.85018816633289E-01     1.94158525239581E-01     3.26464872695311E-01     1.51626624474172E-01     1.14349988907458E-01
         1.46501921747017    -3.69443122264159E-01     8.84925501203065E-02    -4.91090003440862E-01    -1.60659090706497E-01     2.49763916797096E-01
         0.40655378963524    -5.57894471564660E-01    -6.37209072162332E-01    -6.93734950650820E-01    -3.56105172703454E-01     9.48735957067630E-01
         0.13370286337397    -5.63047320854067E-01     7.40564739914085E-01    -4.13501044329990E-01     9.07957669331436E-01     1.56339853108561E-01
O TZV2P-MOLOPT-SCAN-GTH-Q6
 1
 2 0 3 5 3 3 2 1
        10.25781699497238    -1.37093335568261E-01     6.42341766590814E-02    -7.17088581420037E-01    -1.01541960662273E-01     5.12250917317880E-02     1.18360216509634E-01    -1.55308630843787E-02     3.18602602792577E-02     1.18645628163343E-03
         3.64428735012608    -1.53382903419191E-01     6.95730187369108E-02    -5.49416247278626E-01    -2.97888826596963E-01     1.18416114723772E-01     5.91292938991212E-02     1.12242705044625E-01    -2.22035206994148E-01    -3.65643497936781E-03
         1.40222472037927     4.52964005356058E-01    -1.60546208430784E-01     2.25545730548663E-01    -5.48743422499672E-01     2.65706574607295E-01     7.32042358682655E-01     4.02080210361362E-01    -8.37756480907312E-01     4.91390044295019E-04
         0.52205700268808     8.05450964095097E-01    -2.63981031214717E-01    -3.63850982918199E-01    -6.95022929228448E-01     1.92118246587555E-01    -6.62764404039625E-01     9.01700430010169E-01     4.32284673630976E-01     9.99992334274143E-01
         0.16818943371335     3.22104729197730E-01     9.46346921445871E-01     2.58329108697022E-02    -3.41723954857718E-01    -9.35865486749767E-01     8.57433121772174E-02    -1.11481865840859E-01     2.46939932598114E-01     5.59225812546083E-04
O TZVP-MOLOPT-SCAN-GTH-q6
 1
 2 0 2 5 3 3 1
        10.25781699497238    -1.37093335568261E-01     6.42341766590814E-02    -7.17088581420037E-01    -1.01541960662273E-01     5.12250917317880E-02     1.18360216509634E-01    -1.55308630843787E-02
         3.64428735012608    -1.53382903419191E-01     6.95730187369108E-02    -5.49416247278626E-01    -2.97888826596963E-01     1.18416114723772E-01     5.91292938991212E-02     1.12242705044625E-01
         1.40222472037927     4.52964005356058E-01    -1.60546208430784E-01     2.25545730548663E-01    -5.48743422499672E-01     2.65706574607295E-01     7.32042358682655E-01     4.02080210361362E-01
         0.52205700268808     8.05450964095097E-01    -2.63981031214717E-01    -3.63850982918199E-01    -6.95022929228448E-01     1.92118246587555E-01    -6.62764404039625E-01     9.01700430010169E-01
         0.16818943371335     3.22104729197730E-01     9.46346921445871E-01     2.58329108697022E-02    -3.41723954857718E-01    -9.35865486749767E-01     8.57433121772174E-02    -1.11481865840859E-01
O DZVP-MOLOPT-SCAN-GTH-q6
 1
 2 0 2 5 2 2 1
        10.25781699497238    -1.37093335568261E-01     6.42341766590814E-02    -1.01541960662273E-01     5.12250917317880E-02    -1.55308630843787E-02
         3.64428735012608    -1.53382903419191E-01     6.95730187369108E-02    -2.97888826596963E-01     1.18416114723772E-01     1.12242705044625E-01
         1.40222472037927     4.52964005356058E-01    -1.60546208430784E-01    -5.48743422499672E-01     2.65706574607295E-01     4.02080210361362E-01
         0.52205700268808     8.05450964095097E-01    -2.63981031214717E-01    -6.95022929228448E-01     1.92118246587555E-01     9.01700430010169E-01
         0.16818943371335     3.22104729197730E-01     9.46346921445871E-01    -3.41723954857718E-01    -9.35865486749767E-01    -1.11481865840859E-01
C TZV2P-MOLOPT-SCAN-GTH-Q4
 1
 2 0 3 5 3 3 2 1
         5.62346013427220    -1.55253500731420E-01     5.81156225081139E-02    -2.32186542838356E-01    -9.29774868419450E-02     6.15864535855770E-02     9.86399689537923E-02    -8.37519672759395E-02     9.90783094230166E-02    -7.20623334339043E-04
         2.09855872766266    -2.36394508865927E-01     1.09598535828912E-01    -5.10089788597870E-01    -2.48489734215218E-01     2.22870166784096E-01     5.03804845853325E-01     2.49479844044917E-01    -3.05939752143157E-01     1.08954507083180E-01
         0.82051076634244     4.67426079878225E-01    -1.58417931802923E-01     5.98044616665820E-01    -5.81990872631545E-01     3.41552398929665E-01     4.45786488432128E-01     5.62523929081207E-01    -6.83434126671942E-01    -3.22931051133369E-03
         0.31733139976061     8.30527918853097E-01     3.37009387490941E-03    -5.47290507350280E-01    -6.83456388910509E-01     8.65714462205001E-02    -6.95627947381305E-01     7.72454993535448E-01     6.35064830723212E-01     9.94039941743435E-01
         0.11111607198944     1.08398443456976E-01     9.79542309813727E-01     1.69450741911206E-01    -3.51826701035020E-01    -9.06853538878833E-01     2.32006464075739E-01     1.32761167386880E-01    -1.61848113795370E-01     1.60058133198670E-03
C TZVP-MOLOPT-SCAN-GTH-q4
 1
 2 0 2 5 3 3 1
         5.62346013427220    -1.55253500731420E-01     5.81156225081139E-02    -2.32186542838356E-01    -9.29774868419450E-02     6.15864535855770E-02     9.86399689537923E-02    -8.37519672759395E-02
         2.09855872766266    -2.36394508865927E-01     1.09598535828912E-01    -5.10089788597870E-01    -2.48489734215218E-01     2.22870166784096E-01     5.03804845853325E-01     2.49479844044917E-01
         0.82051076634244     4.67426079878225E-01    -1.58417931802923E-01     5.98044616665820E-01    -5.81990872631545E-01     3.41552398929665E-01     4.45786488432128E-01     5.62523929081207E-01
         0.31733139976061     8.30527918853097E-01     3.37009387490941E-03    -5.47290507350280E-01    -6.83456388910509E-01     8.65714462205001E-02    -6.95627947381305E-01     7.72454993535448E-01
         0.11111607198944     1.08398443456976E-01     9.79542309813727E-01     1.69450741911206E-01    -3.51826701035020E-01    -9.06853538878833E-01     2.32006464075739E-01     1.32761167386880E-01
C DZVP-MOLOPT-SCAN-GTH-q4
 1
 2 0 2 5 2 2 1
         5.62346013427220    -1.55253500731420E-01     5.81156225081139E-02    -9.29774868419450E-02     6.15864535855770E-02    -8.37519672759395E-02
         2.09855872766266    -2.36394508865927E-01     1.09598535828912E-01    -2.48489734215218E-01     2.22870166784096E-01     2.49479844044917E-01
         0.82051076634244     4.67426079878225E-01    -1.58417931802923E-01    -5.81990872631545E-01     3.41552398929665E-01     5.62523929081207E-01
         0.31733139976061     8.30527918853097E-01     3.37009387490941E-03    -6.83456388910509E-01     8.65714462205001E-02     7.72454993535448E-01
         0.11111607198944     1.08398443456976E-01     9.79542309813727E-01    -3.51826701035020E-01    -9.06853538878833E-01     1.32761167386880E-01
F TZV2P-MOLOPT-SCAN-GTH-Q7
 1
 2 0 3 5 3 3 2 1
        13.16645520019096     1.25688709752362E-01    -6.90191648196731E-02    -4.19619998203344E-01    -9.31572868763813E-02     5.00225599861602E-02    -6.88622277281857E-02    -1.02513605924922E-02    -1.03135180619022E-01    -3.14119421202531E-02
         4.67863609541364     1.25206371205048E-01    -7.54523660806367E-02    -2.93986334505468E-01    -2.93923292691458E-01     1.19602022797720E-01    -4.99826189781570E-01     4.04484470063397E-02    -1.25856773171103E-01     1.01835664406271E-01
         1.68188350144516    -4.93940854057955E-01     2.15904735709196E-01    -7.69158858630548E-01    -5.53343548452151E-01     3.11861936412921E-01     7.42571819653283E-01     4.51403790784568E-01    -8.76791264789868E-01     2.29748587047615E-01
         0.58393450944632    -7.58234802751956E-01     3.05654861844976E-01     3.81944805550917E-01    -6.44505933144035E-01     2.69615230808562E-01    -4.36892722870730E-01     8.90352206116421E-01     4.45248862484439E-01     9.66043910568162E-01
         0.18571155118612    -3.86817953873203E-01    -9.21685166349822E-01     1.97684968795902E-03    -4.28198362261887E-01    -9.01799789070697E-01     5.60679494913207E-02     4.20285554084608E-02     8.07077171659289E-02    -5.11618700886137E-02
F TZVP-MOLOPT-SCAN-GTH-q7
 1
 2 0 2 5 3 3 1
        13.16645520019096     1.25688709752362E-01    -6.90191648196731E-02    -4.19619998203344E-01    -9.31572868763813E-02     5.00225599861602E-02    -6.88622277281857E-02    -1.02513605924922E-02
         4.67863609541364     1.25206371205048E-01    -7.54523660806367E-02    -2.93986334505468E-01    -2.93923292691458E-01     1.19602022797720E-01    -4.99826189781570E-01     4.04484470063397E-02
         1.68188350144516    -4.93940854057955E-01     2.15904735709196E-01    -7.69158858630548E-01    -5.53343548452151E-01     3.11861936412921E-01     7.42571819653283E-01     4.51403790784568E-01
         0.58393450944632    -7.58234802751956E-01     3.05654861844976E-01     3.81944805550917E-01    -6.44505933144035E-01     2.69615230808562E-01    -4.36892722870730E-01     8.90352206116421E-01
         0.18571155118612    -3.86817953873203E-01    -9.21685166349822E-01     1.97684968795902E-03    -4.28198362261887E-01    -9.01799789070697E-01     5.60679494913207E-02     4.20285554084608E-02
F DZVP-MOLOPT-SCAN-GTH-q7
 1
 2 0 2 5 2 2 1
        13.16645520019096     1.25688709752362E-01    -6.90191648196731E-02    -9.31572868763813E-02     5.00225599861602E-02    -1.02513605924922E-02
         4.67863609541364     1.25206371205048E-01    -7.54523660806367E-02    -2.93923292691458E-01     1.19602022797720E-01     4.04484470063397E-02
         1.68188350144516    -4.93940854057955E-01     2.15904735709196E-01    -5.53343548452151E-01     3.11861936412921E-01     4.51403790784568E-01
         0.58393450944632    -7.58234802751956E-01     3.05654861844976E-01    -6.44505933144035E-01     2.69615230808562E-01     8.90352206116421E-01
         0.18571155118612    -3.86817953873203E-01    -9.21685166349822E-01    -4.28198362261887E-01    -9.01799789070697E-01     4.20285554084608E-02
