CR DZVP-MOLOPT-SCAN-GTH-Q14
 1
 2 0 3 6 3 2 2 1
         7.37510391225826     1.27176694625627E-01     5.13119782042861E-02     5.98208076428287E-02    -1.55672601967280E-01    -1.14035896996911E-02     2.65318262197898E-01    -1.91278320815625E-02    -2.77289706936067E-03
         3.45205261103288     3.24083052551079E-01     1.18741526671947E-01     1.09287647576847E-01     2.04080324263844E-01    -1.42179528270245E-02     3.65428936713284E-01    -6.11806779700371E-02    -1.94826203853404E-02
         1.55292227491782    -6.57768034335244E-01    -4.84949935054435E-01    -1.81800894902330E-01     7.85462991047983E-01    -2.66060468518964E-01     6.54447654196910E-01    -3.15865249568904E-02    -1.04775947354359E-01
         0.57874907706734    -2.58120911169423E-01    -3.98997215306003E-01     2.70392411081176E-01     5.12662060656786E-01    -2.80152473035184E-02     6.05515199770445E-01     1.31574699252613E-01    -6.71225930659680E-01
         0.20150210515076    -3.04620979785585E-01     4.78694779048724E-01    -7.29496223146252E-01     2.21111466641056E-01     9.03842315561069E-01    -3.27071454407864E-02     9.84477782911816E-01    -7.32696298157965E-01
         0.06993264444500    -5.35459737320708E-01     5.99786313545604E-01     5.88344559011004E-01     7.38409291791185E-02     3.33412431637705E-01     6.91124859346694E-03     9.15692939459129E-02    -3.53075640114272E-02
C DZVP-MOLOPT-SCAN-GTH-Q4
 1
 2 0 2 5 2 2 1
         5.62346013427220    -1.55253500731420E-01     5.81156225081139E-02    -9.29774868419450E-02     6.15864535855770E-02    -8.37519672759395E-02
         2.09855872766266    -2.36394508865927E-01     1.09598535828912E-01    -2.48489734215218E-01     2.22870166784096E-01     2.49479844044917E-01
         0.82051076634244     4.67426079878225E-01    -1.58417931802923E-01    -5.81990872631545E-01     3.41552398929665E-01     5.62523929081207E-01
         0.31733139976061     8.30527918853097E-01     3.37009387490941E-03    -6.83456388910509E-01     8.65714462205002E-02     7.72454993535448E-01
         0.11111607198944     1.08398443456976E-01     9.79542309813727E-01    -3.51826701035020E-01    -9.06853538878833E-01     1.32761167386880E-01
O DZVP-MOLOPT-SCAN-GTH-Q6
 1
 2 0 2 5 2 2 1
        10.25781699497238    -1.37093335568261E-01     6.42341766590814E-02    -1.01541960662273E-01     5.12250917317880E-02    -1.55308630843787E-02
         3.64428735012608    -1.53382903419191E-01     6.95730187369108E-02    -2.97888826596963E-01     1.18416114723772E-01     1.12242705044625E-01
         1.40222472037927     4.52964005356058E-01    -1.60546208430784E-01    -5.48743422499672E-01     2.65706574607295E-01     4.02080210361362E-01
         0.52205700268808     8.05450964095097E-01    -2.63981031214717E-01    -6.95022929228448E-01     1.92118246587555E-01     9.01700430010169E-01
         0.16818943371335     3.22104729197730E-01     9.46346921445871E-01    -3.41723954857718E-01    -9.35865486749767E-01    -1.11481865840859E-01
F DZVP-MOLOPT-SCAN-GTH-Q7
 1
 2 0 2 5 2 2 1
        13.16645520019096     1.25688709752362E-01    -6.90191648196731E-02    -9.31572868763813E-02     5.00225599861602E-02    -1.02513605924922E-02
         4.67863609541364     1.25206371205048E-01    -7.54523660806367E-02    -2.93923292691458E-01     1.19602022797720E-01     4.04484470063397E-02
         1.68188350144516    -4.93940854057955E-01     2.15904735709196E-01    -5.53343548452151E-01     3.11861936412921E-01     4.51403790784568E-01
         0.58393450944632    -7.58234802751956E-01     3.05654861844976E-01    -6.44505933144035E-01     2.69615230808562E-01     8.90352206116421E-01
         0.18571155118612    -3.86817953873203E-01    -9.21685166349822E-01    -4.28198362261887E-01    -9.01799789070697E-01     4.20285554084608E-02
CL DZVP-MOLOPT-SCAN-GTH-Q7
 1
 2 0 2 4 2 2 1
         1.99031135450461     4.85018816633289E-01     1.94158525239581E-01     3.26464872695311E-01     1.51626624474172E-01     1.14349988907458E-01
         1.46501921747017    -3.69443122264159E-01     8.84925501203066E-02    -4.91090003440862E-01    -1.60659090706497E-01     2.49763916797096E-01
         0.40655378963524    -5.57894471564660E-01    -6.37209072162332E-01    -6.93734950650820E-01    -3.56105172703454E-01     9.48735957067630E-01
         0.13370286337397    -5.63047320854067E-01     7.40564739914085E-01    -4.13501044329990E-01     9.07957669331436E-01     1.56339853108561E-01
