
HF SVP-MOLOPT-PBE-Q12
 1
 1 0 3 7 6 3 2 1
        13.95421964772037     1.00368339983139E-01    -3.06810024687265E-01    -7.63243301636379E-01     1.77080034367385E-02    -1.38679970488331E-01     3.38135095295185E-02     1.24863549129557E-01     2.09947737562980E-03     6.72492044826411E-02     7.22084912691943E-02    -2.76114374845089E-02    -5.20553485005910E-02
         9.57287863929891     9.41674903563607E-01     2.03275633379428E-02    -3.51573560220789E-02    -1.66564634475392E-01    -1.04870992792869E-01    -1.49220202251591E-01    -2.61583851924877E-01     4.57789122135033E-02    -1.93807981613908E-01    -1.36497160376800E-01     4.67887262492592E-02     9.75260446994709E-02
         5.60138850618403     7.13650160174425E-02     8.21517475443100E-01     1.78483624069103E-02     2.38554044560428E-01    -2.40379135048505E-01    -1.71136227364894E-01     1.76486812212116E-01    -1.20072460621882E-01     2.39729610615956E-01     6.49614841464884E-02    -4.74312329890262E-03    -6.56330619288362E-02
         0.72794989988266     1.83007143635405E-01    -7.89908088129429E-02     4.54116254547406E-01    -3.28279630810418E-01    -3.51081766594270E-03     6.00632468430057E-01     6.16718250195221E-01     2.91608736325588E-01    -7.21235225675954E-01     4.72734874710589E-01    -5.92362652186945E-01     4.26098743866380E-01
         0.28871698075476     1.93515003105110E-01    -3.66903000734892E-01     3.58787970905869E-01     6.41545634032352E-01     2.73342462221550E-01    -3.21061914990547E-01    -6.97837412515581E-01     3.74057148052608E-01    -4.07346759989190E-01     5.22186440326145E-01    -3.77482358857481E-01     8.50676866125136E-01
         0.10924508150347    -6.68456931007021E-02     7.65774604935902E-02     2.04419229557157E-02    -5.84821485890165E-01     5.26028859198313E-01    -5.44196740863749E-01     1.21264852996185E-01     7.40153086561754E-01     3.60778430102760E-01     6.65239764550297E-01     6.56361729552449E-01    -2.11189291076454E-01
         0.03910869421965     1.50577518514077E-01     2.89554777513510E-01    -2.83790073573909E-01     2.31668146430291E-01     7.48700890800742E-01     4.32795750140982E-01     5.30261126581772E-02     4.59022320736101E-01     2.90125861129564E-01     1.82300795412747E-01     2.69868048167508E-01     1.83463963026093E-01


HF TZVPP-MOLOPT-PBE-Q12
 2
 1 0 1 6 2 1
        23.96391130211867     3.82696750089945E-02     2.05778636833889E-01     1.06041261094076E-04
        15.97513180144814    -6.61379845702112E-01    -2.26824427584074E-01    -9.18565238145400E-02
        14.61662173812918     4.62890460866590E-01     1.67311291573273E-01     1.45772327659894E-01
        10.29000753526114     5.53840959123378E-01    -8.80698935745080E-02    -1.08019116230673E-01
         1.33034129440574    -1.96521134187777E-01     9.04397676269914E-01    -5.66572721533133E-01
         1.13524385661309     3.85251700491852E-02    -2.29175261294455E-01     7.98523649004749E-01
 1 0 4 5 4 3 3 2 1
         5.28826540133339    -3.74535284367061E-01     3.87358767524136E-01     1.06672855044016E-01     4.04494859526485E-01    -1.92687046158608E-01     9.91713283203129E-02     3.77356198935253E-02    -2.07388522813218E-02     1.58384641563692E-02    -1.13961528121462E-02    -9.86561358986038E-03    -7.39399522516951E-02    -7.56290299761471E-03
         0.75345358071487     5.85948685853436E-01    -5.24832438401570E-02    -5.72157831036268E-01    -2.14082951136084E-01     2.41475962593042E-01    -9.57679777071662E-01     6.47290927128950E-02     7.64290102835515E-01    -5.99057730447736E-01     2.30232100582167E-01     3.32483501044064E-01    -5.94828914389660E-01     6.33382581017492E-01
         0.27524613231611     5.81588033011815E-01     6.92107406545522E-01     1.88932511887314E-01     2.86552477369447E-01     6.55389220648578E-01     1.77043178249533E-01    -1.40834179035696E-01     5.65234739309967E-01     4.79447732919072E-01    -6.59386496762686E-01     9.28194679939699E-01     6.90632175237830E-02     6.47056747292433E-01
         0.11235766187056     4.22052149083212E-01    -5.34493917978835E-01     6.32982180810475E-01     2.53988670631386E-01     6.07349200269689E-01     2.00437218391990E-01     5.70429528249321E-01     3.06141903579672E-01     5.64751378225254E-01     5.76724243652581E-01     1.43307967648055E-01     6.96676999363293E-01     4.17921859790711E-01
         0.04163947094265     3.84728766877816E-03    -2.87232107861679E-01    -4.74230305979064E-01     8.02452385848437E-01    -3.25811264571765E-01    -3.86668688380970E-02     8.05705935726190E-01     4.70888847132649E-02     3.03421704621495E-01     4.23629439761917E-01     8.52927531634488E-02     3.88050095490850E-01    -7.36762747041392E-02


HF QZVPP-MOLOPT-PBE-Q12
 2
 1 0 2 6 2 1 1
        23.94101168121664     2.74937140981790E-02     1.82788940468866E-02    -4.10707858739553E-02    -4.61641078928655E-03
        16.09646110933836    -6.18558495425044E-01    -1.81438539052059E-01    -1.16362619204291E-01     1.46698851667028E-02
        14.53895677687350     7.35039024592413E-01     1.99776259525057E-01     3.11534473265478E-01    -3.08628625536476E-03
         9.96098914352895    -5.90974771477076E-02     5.88370723532644E-02    -1.09705811769487E-01     5.72060837830502E-03
         4.07434600042672    -2.51666057639482E-01     9.39633861460583E-01    -5.86739552138176E-01    -2.91749776879388E-01
         1.41928298066630     9.75643345480556E-02    -2.01151162121486E-01     7.28985964328193E-01     9.56348942796707E-01
 1 0 4 6 5 4 3 3 2
         0.69561207101848     7.94748474252278E-01     4.73832572077410E-01     1.87574777506881E-02     5.99646021761046E-03    -2.93169654663365E-01     2.43001809380363E-01    -7.15212458072266E-02    -4.72423556689717E-01     9.79730676996124E-02     9.14727501785846E-02     5.58599627250968E-01    -1.34157460886719E-01     7.25421211457425E-01     1.31977823852404E-02     1.91681704582282E-01     1.92343951218065E-01    -2.39671768981538E-01
         0.41788136155569    -5.61415001883500E-01     5.38411224474030E-01     2.59752491849932E-01     1.23942991098758E-01    -2.08610555339936E-01     6.60302984713350E-01    -1.25631056127909E-01    -4.54044445590618E-01     1.29903394521501E-01     4.98435726013240E-01     5.90902545373567E-01    -2.39363518776651E-02     9.31897681724681E-02    -1.08165779143197E-01    -3.62988248331766E-01     2.95720195704358E-01     3.06954987135155E-01
         0.29421066277459    -2.06177898796090E-01     4.92166779898916E-01    -7.07688022908748E-01    -2.74958893660888E-01    -1.06479883455023E-01     4.54294594574449E-01     7.24791152847697E-01     4.22822971872701E-01    -6.31476634056938E-02    -2.69900722192351E-02     2.11027176192915E-01     5.97634370676891E-01     1.39935597150882E-01     9.57957492849634E-01    -1.84008983982745E-01    -4.22028953452142E-01     8.34186704760550E-01
         0.20348112987281    -1.01383769615177E-02     3.80813277670052E-01     6.28693292206752E-01    -9.49744002902458E-02     8.11607952416054E-02     4.42151005740743E-01    -6.37731893327347E-01     6.04739897982486E-01     2.51105431304992E-02     4.43349037118378E-01    -8.88034279978031E-02    -6.21521125906205E-01     1.02022071317893E-02     1.24185203482196E-01     8.83056392049462E-01     7.80686734942582E-01     3.90330000145010E-01
         0.09687503298671     4.46532797422313E-02     2.08036252570065E-01    -1.89992695034246E-01     8.82520099316148E-01     3.44684015582893E-01     1.41157555381072E-01     1.98967525483174E-01     1.17409174145707E-02     7.19791371931123E-01     6.71915459726631E-01    -2.25309534925492E-01     4.86508109873628E-01    -6.66280625243442E-01     1.94836926023170E-01     1.33309491642495E-01    -2.87101504355001E-01    -7.25368922471279E-03
         0.04211975750946     9.26392481764788E-02     2.34670136424749E-01    -1.40797924362472E-03    -3.48048734822664E-01     8.56621899627913E-01    -2.88346220780223E-01    -8.65406836366271E-02     1.61344865477892E-01     6.71422817769044E-01     3.07306598166356E-01    -4.85404711412715E-01    -3.58236627430464E-02    -3.82597062257131E-02     1.30614058009191E-01    -8.85084254246585E-03     7.44706708192796E-02     7.64824203852913E-03
