RU QZVPP-MOLOPT-PBE-Q16
 2
 1 0 2 6 2 1 1
        18.45642233427053     4.59934656329325E-01    -4.81814441635984E-02    -5.37479186643166E-03     3.40422010086236E-02
        13.67469197827493    -8.46117441320714E-01     1.75619687859792E-01     2.99263819366511E-02    -8.00953137476159E-02
        11.40393964730616    -1.85640265491854E-01    -2.45549396005921E-01     5.83433299577829E-02     5.17959590502263E-02
         6.08830518637462     1.69640210517976E-01     8.78013481126341E-01    -4.25722061374382E-01    -8.87284481950288E-02
         1.57971147176792    -5.97626513840689E-02     3.67507216081047E-01     5.80865592207911E-01     3.93477080012823E-01
         0.97683703193792     7.57212235980803E-02    -2.39278265671953E-02     6.90671752263050E-01     9.09420748541461E-01
 1 0 4 6 5 4 3 4 2
         2.45029782662597    -1.03234365628371E-01    -2.85319716931250E-01    -8.48626172131129E-02    -2.56069068388930E-01    -3.26680444020467E-01     9.82726973728962E-02     2.02906255453043E-02     3.21985611375101E-02    -6.69768334881394E-03     2.79144072576821E-01     9.49688769242945E-02    -4.47420781279206E-02     9.94196003112362E-01    -3.59915854322830E-02    -8.48103979942744E-02    -5.34868128696191E-02     6.87201838253967E-01     1.67446449450186E-01
         1.31926021513042     9.08572744802300E-01    -3.75271534499038E-01     1.07382680819436E-01    -1.41794730026820E-01     2.35718774190195E-02     6.62517932461048E-02    -6.28301532918279E-03    -9.18421812719545E-02     7.55639467998563E-02    -7.02427854821383E-03     8.42950192642621E-03    -1.12925467714678E-01     5.52415748257454E-02     7.74121210267423E-01     1.77297399371394E-01     1.23000264396210E-01     6.26494733584915E-01     1.88113891405937E-01
         0.49960259489962     3.83343084044487E-01     7.38569265690632E-01    -4.61529321063642E-01     8.17510845118617E-02     5.20406010117206E-02     8.74276922849382E-01    -4.02314166496162E-01    -2.35888084679185E-01    -8.49126610631077E-02     8.98028543704370E-01    -2.15312711302028E-02    -2.39582622821975E-01     6.08490592367999E-02     1.76306050607912E-01     6.70457929157302E-01    -1.07496621082291E-01    -8.16463172755669E-02     7.96317069407597E-01
         0.35808518276358     1.04638697352615E-01     2.80871974227128E-01     7.92777876795368E-01     4.37946512920054E-01    -6.05300953952425E-02     4.56496587207589E-01     8.08331151276118E-01     3.57063626975961E-01    -7.15905780188559E-02     1.12707935963279E-01     8.06674601390794E-01    -9.40989371447240E-02     3.87781415202098E-02     6.94264928740610E-02    -1.64318234304221E-01     9.38495988008627E-01     3.51141118088394E-01    -5.16729970033756E-01
         0.18390716387506     4.10349766530658E-02    -3.38277423650550E-01    -3.71235069321876E-01     8.34691660937673E-01    -2.21199379145054E-01     4.70593015741537E-02    -4.29100546341315E-01     8.97776748741686E-01    -2.69661973790404E-02     2.41950230567011E-01     9.52170463689063E-02     9.58271430972330E-01    -9.28454667301757E-03     5.38620092792351E-01    -1.13110744584036E-01    -1.30548920464549E-01     4.20560705779883E-02     1.30703968297141E-01
         0.07355249167708    -6.52164609467066E-02    -1.97379565923910E-01    -4.41105795440995E-02     1.38319665682269E-01     9.15108175110002E-01     1.04829991027963E-01     1.28684372035333E-02     3.72498807494364E-02     9.90546659330498E-01     2.10549253258660E-01    -5.75027009651124E-01     2.65971171076051E-02    -5.68341510844195E-02     2.70971385645752E-01    -6.87069480571713E-01    -2.69512211449972E-01    -5.93553980800672E-02    -1.35501240352373E-01
F QZVPP-MOLOPT-PBE-AE
 3
 1 0 0 8 1
    132536.04395257573924     2.19133884152562E-04
     19758.15592578060023     2.13098802939830E-03
      4485.33885808192372     9.36952235670608E-03
      1273.60032301696378     4.57116768597223E-02
       418.75079369228018     1.29815698472524E-01
       152.24712142839283     3.88984269444136E-01
        59.93506405237581     3.48051089779771E-01
        24.88806979770636     8.41734891149259E-01
 1 0 1 5 2 1
       240.82710880865446    -5.22362746235088E-02     7.61618022060436E-02     2.22155163398913E-02
        56.74054074501728     8.36915891686098E-01    -3.52431037520191E-01     9.17502257704855E-02
        18.02568816680041     5.06654331012575E-01     3.90319004241376E-01     6.94833984744179E-01
         7.22835931546723     1.13647744824332E-01     8.46604124895882E-01     5.19336475096237E-01
         2.54051853711273     1.65011335426585E-01     3.00711541924844E-02     4.88450331337750E-01
 1 0 4 4 4 3 3 2 1
         4.64152109972176     7.99092172965100E-01     3.57185510151160E-01    -4.75225254357118E-01     8.96167845059311E-02     2.14101203990999E-03     4.09061558167189E-01    -4.32260580718334E-01     5.23415929943841E-01    -8.45844703511436E-01    -9.90960844591549E-02     6.49830793177351E-01    -6.47812475723957E-01     7.18812892465629E-01
         1.55189089466188    -5.65383503262805E-01     6.20688611440661E-01    -5.16124369070663E-01    -1.69418940846506E-01     9.01357430415779E-01    -3.23634717094166E-01     1.52228377872265E-01     8.31684066132871E-01     4.84322390964955E-01     2.69070652276370E-01     7.59749389285090E-01     5.45754817250953E-01     6.81802537410497E-01
         0.54311529853246     1.47999793272877E-01     6.59726542294831E-01     7.03321697890184E-01    -2.19534826074957E-01     3.64587678140232E-01     2.81361980784028E-01    -7.13536840615867E-01    -1.67858516623561E-01    -2.20433972029506E-01     9.41600143248362E-01     1.96681952393344E-02     4.63299478087506E-01    -2.42238812327185E-02
         0.17933709925335    -1.41029268364327E-01     2.27870683409749E-01     1.14521537491829E-01     9.56593181325010E-01     2.33722107747691E-01     8.05459277239079E-01     5.29945741006902E-01     7.84913805373263E-02     3.72481291736264E-02    -1.76550617000047E-01     1.06755709662101E-02    -2.60469325156765E-01    -1.33665736760872E-01
C QZVPP-MOLOPT-PBE-AE
 3
 1 0 0 8 1
     67025.10701901487482     1.55242819581319E-04
     10039.96335431500120     1.79971855855663E-03
      2284.84440343404003     9.18465603393004E-03
       647.15582521948454     3.30943254643816E-02
       211.19400038923030     1.40054573872043E-01
        76.38630250999670     4.88904212464159E-01
        29.42939055659313     2.78742815383946E-01
        12.03316158077197     8.13926885458716E-01
 1 0 1 5 2 1
       105.22664287722547     1.24505987707591E-01    -1.23979079829649E-01     8.48724734240174E-03
        24.91583300068185     8.86899830964621E-01    -2.61079451396708E-01     7.12935689849336E-02
         7.80229155370005     4.00003776712541E-01     4.47986862457745E-01     2.93646788512991E-01
         3.21099181776232     6.52461897044525E-02     8.43161823281634E-01     4.71754813357094E-01
         1.56967041290132     1.83430810401738E-01     6.96607396504120E-02     8.28289896910713E-01
 1 0 4 4 4 3 3 2 1
         2.47850638544973     9.25363103371105E-01     3.63921965952564E-01    -4.09754907799388E-02     9.79027005345653E-02     8.73685730878957E-02     3.72622955903123E-01    -9.83513676753768E-02     4.18652943059247E-01    -8.11425670640435E-01    -2.99873003208179E-01     8.66784219363824E-01    -3.74034672761027E-01     4.58087622796984E-01
         0.78087017731256    -2.54208430662628E-01     7.69342245085598E-01    -2.12774533576705E-01    -5.46093015490870E-01     7.33644745126078E-01    -6.00104778885827E-01     2.48102701482297E-01     8.43800014184531E-01     5.13566081489940E-01    -1.18528266702603E-01     4.72493367712121E-01     8.15402228229376E-01     8.80208065556334E-01
         0.29223334789975    -1.80276620568274E-01     4.39776512878143E-01     7.84816560471271E-01     3.97693255169442E-01     5.19905537704389E-01     2.32993327506253E-01    -7.89436028296271E-01     2.94729082110152E-01    -2.41293925323745E-01     9.09144108822956E-01    -8.52078289092147E-02     3.90944163971848E-01    -9.54945193189171E-02
         0.09841607149407    -2.15827571862177E-01     2.86827354596128E-01    -5.80612584626446E-01     7.30778731527445E-01     4.28754419510502E-01     6.68386487318509E-01     5.52777364968373E-01     1.60829156214052E-01    -1.40055355380103E-01    -2.63598598880757E-01     1.34813799080373E-01    -2.05863863821392E-01    -7.91851498062194E-02
O QZVPP-MOLOPT-PBE-AE
 3
 1 0 0 8 1
    116506.38604434675653    -9.98096455193836E-05
     17504.60971368530591     2.33919295977431E-03
      3993.52399023383759     6.88020418607601E-03
      1133.09478918324885     4.13200618900893E-02
       369.82539210352701     1.15856592130636E-01
       133.78894948022503     3.83521465148008E-01
        52.21462909576736     4.11693815406844E-01
        21.67293595845605     8.17457382177472E-01
 1 0 1 5 2 1
       191.04192564330430    -5.10687570632457E-03     2.62695839052370E-02     1.26002594453494E-02
        45.06231751131436     7.10386627064769E-01    -6.24048153127724E-01     1.12036824182174E-01
        14.05235016622558     5.61186314944367E-01     2.63654168302179E-01     6.01861899721717E-01
         5.51919750076573     3.93930461642211E-01     7.34005739981864E-01     3.82904045403275E-01
         2.22318311118849     1.58787503341973E-01     3.99482759313346E-02     6.91690486537335E-01
 1 0 4 4 4 3 3 2 1
         4.07110969272635     8.35823185743741E-01     1.43707378138683E-01    -5.04975809725526E-01    -1.60459413041861E-01     1.72086536028372E-01     1.83573320585855E-01    -5.65096491463834E-01     5.87117703432284E-01    -6.86150954111257E-01     3.38448518372782E-01     7.96331496602706E-01    -4.06031379618403E-01     7.19190810290016E-01
         1.29660548931134    -3.21106263793023E-01     8.70808213615098E-01    -3.35156402976138E-01     1.62030885936799E-01     7.37714269017482E-01    -1.23907267761277E-01     5.94500398393531E-01     7.22514408166509E-01     6.34126435292987E-01    -1.48853997263073E-01     5.96617421514652E-01     6.47582903144410E-01     6.77717136798244E-01
         0.45442777800760     1.72702329034076E-01     4.19606306388715E-01     6.11297846324634E-01    -6.48397560346960E-01     6.52371782439809E-01     1.27228381173723E-01    -5.13977719496993E-01    -3.94104996625507E-02     3.37150724159123E-01     9.16679165386756E-01    -9.80648777410346E-02     6.03388801969736E-01     3.99419887891043E-02
         0.14870720086566     4.10443997485985E-01     2.12065537529809E-01     5.08905256619550E-01     7.26346592547186E-01    -2.39778831856476E-02     9.66830266380264E-01     2.51121754346111E-01     3.62922229719464E-01    -1.15801215165473E-01    -1.51639030780056E-01     1.69434240146108E-02    -2.27369426215928E-01    -1.47880689800770E-01
