RU SVP-MOLOPT-PBE-Q16
 1
 1 0 3 7 5 3 2 1
         6.89419602798062    -6.99015950167619E-03     4.19628361057900E-01     1.27790177203901E-01     2.01369663234083E-01    -2.37234442493695E-03     5.33295156066425E-02    -6.00024971497388E-02     1.64216881985810E-02    -7.06625688609902E-02     2.02398238482623E-02     1.24883323118023E-01
         5.60427884918484    -4.38970999588876E-02    -7.91321259185381E-01     9.16701337225985E-02    -3.73976416936528E-01    -6.67913888222008E-02    -2.09728295062064E-01     2.78212098555012E-02     5.63460488836584E-02     5.65882035698521E-02    -1.81896226230567E-02    -1.55690129281474E-01
         1.66293983873858     6.09789860428122E-01    -2.11295875677280E-01     3.36478937973787E-01     5.29053852357119E-01    -3.36189449842650E-01     3.97990523804049E-01     6.39742873595817E-02    -1.69173432179584E-01     5.33315456583728E-01    -1.17607610968202E-01     2.17644812065498E-01
         0.67947580675170     1.88805414715799E-01     3.47405781247440E-01     5.51630289478474E-01    -6.61905208506451E-01    -2.97712940325129E-01     6.09426487868617E-01    -4.98947788669899E-01    -4.76971867284562E-01     6.43960603217828E-01    -3.10227202501131E-01     4.26368529952315E-01
         0.39758714988861    -6.62645527661587E-01     2.35640150297031E-02     3.31043111320581E-01     1.95450377131356E-01    -4.90855677238775E-02     4.27330489586984E-01     7.68009875980644E-01    -3.57236868326380E-02     4.34596533583070E-01    -5.08000189386768E-02     8.32657060520214E-01
         0.16703996724936    -1.88167157961994E-01    -1.73289278857864E-01     6.59557235095581E-01     2.19869208441208E-01     3.09914558078859E-01     1.88543046021329E-01    -3.84417136727479E-01     6.28611948124508E-01     3.18061634450430E-01     8.30559913980268E-01     1.89066830588929E-01
         0.06005001241647     3.40627434469084E-01     4.24445810834830E-02     1.14660007429206E-01    -1.22605447762649E-01     8.33918770067327E-01     4.53004499236122E-01     7.04866706737225E-02     5.86518947238503E-01     5.15421336308820E-02     4.43595093745430E-01     4.40602409830806E-02
F SVP-MOLOPT-PBE-AE
 2
 1 0 0 7 3
      2894.85760373222138    -1.89225166552882E-02    -1.69242373474079E-02     1.56429205622782E-01
       435.72006333230098    -5.47718508603712E-02     4.35884037952142E-03    -7.98432634961778E-02
        98.52635730461387    -2.73685193620500E-01     1.03734081139359E-01    -3.50907504362976E-02
        25.52164954648142    -7.37742492792940E-01     9.09854482000018E-02     1.19033433504314E-02
         7.74033527583515    -5.97666004055640E-01     7.53553007481536E-02    -4.08316440936959E-03
         1.29027540045465     1.18958584280118E-01     8.03005387331711E-01    -5.67628929674378E-01
         0.39691722964189     7.82215741311875E-02     5.74594975519432E-01     8.03469123562649E-01
 2 1 2 4 2 1
        20.86106496273842    -1.10459850494974E-01    -4.27931460741902E-02     1.87770753897563E-02
         3.47280160970880    -5.28022336274227E-01    -8.76852813264224E-03     1.42075306386988E-01
         0.85628499813330    -8.26328796839365E-01    -1.81029642926015E-01     9.03974169721402E-01
         0.22140677163303    -1.61776862802262E-01     9.82507062542321E-01     4.02855717635176E-01
C SVP-MOLOPT-PBE-AE
 2
 1 0 0 7 3
      1238.39426419178358    -4.78406537374023E-03     1.27146911459613E-03    -5.36949721028131E-02
       186.27092160057330     7.27577956373038E-02    -3.87014813631117E-03     3.12678868824760E-02
        40.80523427140306     2.82729712730794E-01     3.91219182986007E-02    -1.20909941390461E-01
        10.50190712188572     7.36614416920618E-01    -1.03553210085742E-02    -1.50059003947046E-01
         3.17652800649052     5.70205094939138E-01    -6.02785487184621E-02    -1.16302283183318E-01
         0.52377208128119    -9.67834489581362E-02     8.18843449080152E-01    -5.58118156557381E-01
         0.16127813865472     1.94024843588592E-01     5.69392264276621E-01     7.96228706387491E-01
 2 1 2 4 2 1
         4.14554558811762     2.38798494806177E-01    -1.02514582239433E-01     4.69156263784244E-02
         0.93752931792561     7.23206993243051E-01    -3.26894283377303E-01     7.30958288976847E-01
         0.30089930346209     6.40598750295380E-01     2.69762855262236E-01     6.78270396676493E-01
         0.09693513829087     9.78783169177316E-02     8.99921602054468E-01     5.87211441464886E-02
O SVP-MOLOPT-PBE-AE
 2
 1 0 0 7 3
      2266.11882679815517    -6.53195164418799E-03     4.31511781018852E-03    -1.50255386286268E-02
       340.90332514956907    -6.49692043203330E-02    -8.38643395903431E-03     2.78970138112306E-02
        76.92814265988143    -2.68398557546813E-01     9.66356731438743E-02    -1.03149893654597E-01
        19.69260394517260    -7.46654382968193E-01     7.27513962145946E-02    -4.77845342576543E-02
         5.94653840051691    -5.84020787076508E-01     6.76448442348491E-02    -6.55152912382769E-02
         0.94188304160944     1.58317373375200E-01     7.83140450398519E-01    -5.91846167956205E-01
         0.29333843489112    -7.81743877443225E-03     6.06131205686227E-01     7.94668854066698E-01
 2 1 2 4 2 1
        16.36868614237306     1.01723539743118E-01    -2.55855611750852E-02     8.33706707858758E-03
         2.90797745788635     5.10732722414240E-01    -9.49942456369113E-02     1.82905409616553E-01
         0.75006795444374     8.35859133120747E-01    -1.43391921218567E-01     8.94419927848460E-01
         0.19193642427748     1.73620037138872E-01     9.84764047518226E-01     4.08030755106872E-01
