GE SVP-MOLOPT-PBE-AE
 4
 1 0 0 6 1
     93889.83742111289757     2.85944235220179E-03
     14097.56615789418174     2.02470568188429E-02
      3207.49211473999276     1.04194321724521E-01
       905.68270614595792     3.49859399695728E-01
       295.08155184093124     7.41819009518124E-01
       100.10818938316204     5.62164016246211E-01
 1 0 0 8 4
       196.43231448905141    -1.29364746100249E-01    -2.61503062164477E-02     3.88220634209765E-02     2.37124421075804E-02
        23.22873033606087     7.76726029979294E-01     8.53619888990098E-02    -2.07017289282796E-01    -1.36927076719692E-01
        17.28702934161499     2.40977472493058E-02    -1.46931895445442E-01     1.38194593745579E-02     2.85098886258048E-02
         9.63928268688130     5.34504909857855E-01     2.25837209114572E-02    -1.24275086507823E-01    -8.77666441286547E-02
         3.18307839299146    -1.29983438533496E-01     7.38352700683521E-01    -2.13395888069579E-01    -1.12587489163923E-01
         1.32180783358142    -1.48032242076312E-01     5.12506156039463E-01    -2.54861390933546E-01    -1.29500036050841E-01
         0.25506430919067     2.00051548607210E-01     3.66631315192723E-01     9.03239164229069E-01     1.76002196231038E-02
         0.07742769137538     1.21882630621034E-01     1.66387181362184E-01    -1.16911476404138E-01     9.70781606951350E-01
 1 1 1 5 1
      1259.25587069394805     1.34782794246379E-02
       297.17194211160114     9.44009077562226E-02
        94.25265883212587     3.91105640074590E-01
        32.91348927934096     7.85049589400293E-01
        12.11554189635773     4.70786921104261E-01
 1 1 2 7 3 3
        74.87960320560465     3.09831691980859E-02     7.56155200772742E-02    -1.99957628348787E-01     3.39478363209925E-02     1.67417403577742E-02    -1.08622347268223E-02
        20.88377198497288    -2.04204768295341E-03     4.32783353935677E-02    -1.49798401556203E-01     2.47814608619670E-01     2.40042198950073E-02    -1.31661466419314E-02
         7.13708755846798     4.72209372490523E-01    -3.73128632034113E-02    -6.77497221958852E-02     5.18727660116584E-01     1.64983204488778E-01    -1.28795062849195E-01
         2.70918721072476     7.63550035104961E-01    -2.50165020755038E-01     2.66991901068741E-01     7.53496290944982E-01    -1.69202306471510E-02     1.59437969292316E-01
         1.00585357394026     3.69712645399406E-01     6.27907247512403E-02    -1.51162890272603E-01     2.16982152121760E-01     4.47660310673587E-01    -4.38685431352642E-01
         0.35254049830964     1.95267951237082E-01     9.60933401806953E-01     6.77274409134024E-02    -2.05844410970986E-01     8.77337634883684E-01     2.14049902645995E-01
         0.09857894131749    -1.35013009530445E-01     3.31483576686990E-02     9.13381333296324E-01     1.05580502265090E-01     3.89445792481807E-02     8.48196770607589E-01

GE TZVPP-MOLOPT-PBE-AE
 4
 1 0 0 8 1
    466115.01409833965590     4.12050163482801E-04
     69875.68835705911624     3.05871053795585E-03
     15903.43915494038265     1.61132260832913E-02
      4501.58738680744955     6.49453334778217E-02
      1465.92428502510029     2.12270592526898E-01
       526.99638020796317     5.06928028876999E-01
       204.96115688075304     7.31900387644102E-01
        81.06348511221680     3.97240397949055E-01
 1 0 1 6 1 1
      2634.04292188095405    -1.04129347836653E-04     3.81192843494762E-03
       624.02097025726403    -2.18188962606051E-02     3.18528237473988E-02
       200.39190154912291    -1.07905261111640E-01     1.49336979188745E-01
        75.05419806487700    -1.08366577117602E-01     4.48102700746046E-01
        29.78193123772341     6.23721729870901E-01     7.57978112557497E-01
        11.86467809934261     7.66229905575437E-01     4.48712027848126E-01
 1 0 2 5 1 1 1
       119.50004907711671    -1.67135997401506E-01    -1.65257432878826E-04     2.08203081174572E-02
        35.32823665924588     3.83489123647461E-01    -7.18789806249275E-03     1.64578271710159E-01
        12.01368018510377     1.85285346176175E-01     2.06506646381550E-02     5.36528185761880E-01
         4.82853887142383     8.85729203179015E-01     1.25564035285293E-01     8.22273654467262E-01
         0.72301902992167    -7.84523393210675E-02     9.91844508934894E-01    -9.21089045799103E-02
 1 0 3 4 3 3 3 1
         1.98034973182827     8.03297258866207E-01    -1.88501697902822E-01    -5.15259264243198E-01    -1.33413811498608E-01    -1.50974086266607E-03    -9.51032718511082E-03     3.73644460387051E-01     3.33892765565841E-01    -7.93412511996629E-01     4.69227103923531E-02
         0.72079225391304     1.75214633176745E-01    -3.22579180891778E-02    -1.52208034826934E-01     9.50412387876837E-01    -8.56255943977812E-02     2.69036375823110E-01     8.29965219825724E-01     6.78955774220644E-02     1.93504636794449E-01     5.85761799794644E-01
         0.25911598178366     4.36601657793309E-01     8.16041308893031E-01     3.78677500569131E-01     9.37199595050719E-02     9.95278181656765E-01    -2.10674658831497E-02    -1.28824486389795E-01     9.27010428930210E-01     3.49264193685752E-01     7.90535209179055E-01
         0.08003116079889     3.65229159064430E-01    -5.45438464712981E-01     7.53620564547171E-01    -2.64827523233578E-01     4.56871905960351E-02     9.62852607641513E-01     3.93639178446597E-01    -1.56708252252227E-01     4.59420356923035E-01     1.72439717579806E-01

GE QZVPP-MOLOPT-PBE-AE
 4
 1 0 0 11 1
   7233056.02372212149203     2.78958395260620E-05
   1082886.18986550415866     1.48826928963718E-04
    246481.49273592952522     7.01321721368985E-04
     69862.41485136434494     3.08388292348701E-03
     22815.80949868239622     1.11342444194493E-02
      8246.57858349133858     3.57112569514925E-02
      3219.93088672774320     1.00643172791692E-01
      1336.56851708052432     2.52089856394645E-01
       582.84095319331391     4.94421294209680E-01
       264.59331099420092     6.88113866295710E-01
       123.77726352741948     4.54927748693592E-01
 1 0 1 9 1 1
     16555.71225105198391    -4.28358407310228E-04     1.86081083989639E-04
      3914.99983245272642     1.89125881312405E-03     1.43597411367109E-03
      1269.46732973456574     2.13563520913455E-02     8.48012434060266E-03
       484.32613352442780     1.68633365013894E-01     4.11351273787837E-02
       204.63692039893562     5.38305868473624E-01     1.33856963584711E-01
        92.78246298579676     8.24734785001723E-01     3.53703570807505E-01
        44.08421190560611    -2.30171339713420E-02     6.59698363097238E-01
        21.55164707750058     3.04580138605504E-03     5.77266983781375E-01
        10.74076268250435    -2.45600303603155E-02     2.94568987844198E-01
 1 0 2 8 5 2 1
       420.96595563817209     3.72185566680759E-02     1.01015826456196E-02    -8.16305584919413E-02     2.64143762288890E-01    -2.46166175128352E-01     9.66762797494530E-03    -5.59852025162318E-02     1.48046714084109E-03
       126.32914491783563    -2.77422063037984E-02     1.36654057168433E-02     1.52898705795822E-02    -1.31994242771437E-01     2.00917803693565E-02     2.47069399381560E-02    -2.95429851629628E-01     1.32835621653125E-02
        48.68504449991077     9.96606329605136E-01     1.38099606771979E-02    -8.80635448445606E-03     3.86457116571077E-02    -2.01633522109679E-02     1.77388658255106E-02    -9.33806926006181E-01     6.53758335061704E-02
        20.86752033223222    -1.29496845872443E-02     9.98281651524559E-01     1.05682736599082E-02    -2.55779954271469E-02    -2.54431764278134E-02     9.11024303228062E-02     8.82430925767011E-02     2.04116844851798E-01
         9.56846726670756     9.03967373536312E-03    -1.17604086069932E-02     9.94001861758111E-01     4.84824166204978E-02    -7.66298262461457E-02     2.80380316995299E-01    -2.56900396749730E-02     4.65610124222403E-01
         4.46978491776096    -6.00569821363759E-02     2.38267398420888E-02    -3.21223116113902E-02     9.42435123880336E-01    -6.12671664693303E-02     6.76076291091922E-01     1.16565894895619E-01     6.23937060170675E-01
         2.16809994590384     2.73385014413175E-02     1.91758192497439E-02     4.73531387623540E-02     1.41456724240427E-01     9.32125517225505E-01     6.21641948647697E-01    -1.11988220586224E-01     5.60741572271379E-01
         0.99699705906160    -4.16269424591978E-03    -4.33648607069925E-02    -3.99945953598649E-02     1.06468569056648E-02    -2.43845940635757E-01     2.61822073292597E-01     5.49153337357816E-02     1.82653539599326E-01
 1 0 4 6 4 4 3 4 1
         8.91059473525389    -8.53432819678609E-02    -1.48121746905099E-01    -4.51361735748821E-02    -8.17738234694686E-02     4.78251739995720E-02     1.63653270437702E-02    -7.53950021944478E-03     7.35280455976531E-03    -6.72934541099072E-02    -3.72408574725206E-02     4.59644733944043E-02     9.99709318700043E-01     5.65036906473891E-03    -1.44883522914197E-02     1.41146776403838E-02    -1.26725457001663E-02
         2.64796923612075    -1.25304603643917E-01    -8.96062217384669E-02    -1.19513368181355E-01    -1.32102267262673E-01     7.34503541589220E-01    -3.11360936702487E-02     1.82426455753258E-02    -3.22397483343818E-02     4.53725972923956E-02     2.07227191455329E-02    -5.79262096962206E-02    -6.09551083918712E-03     9.99256150690572E-01    -1.30051347862772E-02     3.17530337749741E-02    -2.80732766421839E-02
         1.11560813214457     9.86094136151802E-01    -6.29280288842044E-02    -5.73872372124167E-02     1.79116430308908E-02     6.75086971654855E-01    -1.21354057055447E-03    -8.68921016610913E-03    -2.98672440650458E-02     6.99621466697790E-01    -7.07223157794976E-01    -1.23375000924509E-02     1.10217416675162E-02     2.91354164602798E-02     6.64927790856661E-01    -4.74237320747959E-01     1.43654804537593E-02
         0.43351113290288     3.49939027255090E-02     9.79567977118531E-01    -3.31969162646081E-02     5.73028246081211E-02     2.23417262404479E-02     9.99040299766236E-01    -1.95657538675740E-02    -1.75974140083948E-02     7.09729131613716E-01     6.89950616018998E-01     3.74008419188894E-02     1.00669946160379E-02    -9.34269450482999E-03     7.44692678371988E-01     4.19873295068192E-01     9.91792130485394E-01
         0.17235040100385     3.42921562160205E-02     2.68093572045640E-03     9.83454258619302E-01     9.29772292366610E-02    -5.57610497952586E-03     2.06633608237226E-02     9.99227469625690E-01     2.64120028837789E-02    -1.09498023627451E-02    -1.21196474351501E-02     9.87574528601649E-01    -1.58655819716700E-02    -1.96366681205785E-02    -1.90576898404037E-03     7.68057582387065E-01     1.09728825894226E-01
         0.06012017946295    -4.72557929752563E-02    -8.06853585717959E-02    -1.10007598011098E-01     9.81637828813959E-01     4.40980175125242E-02     1.58981767334697E-02    -2.63913748519670E-02     9.98502488603952E-01    -1.03625938639937E-02    -1.47784823731949E-01     1.32956139340247E-01     8.34164196190961E-03    -1.15525524751606E-02    -5.40478481281689E-02    -8.76667015308948E-02     5.61505598413697E-02
