GE QZVPP-MOLOPT-PBE-AE
 4
 1 0 0 11 1
   7233056.02372212149203     2.78958395260620E-05
   1082886.18986550415866     1.48826928963718E-04
    246481.49273592952522     7.01321721368985E-04
     69862.41485136434494     3.08388292348701E-03
     22815.80949868239622     1.11342444194493E-02
      8246.57858349133858     3.57112569514925E-02
      3219.93088672774320     1.00643172791692E-01
      1336.56851708052432     2.52089856394645E-01
       582.84095319331391     4.94421294209680E-01
       264.59331099420092     6.88113866295710E-01
       123.77726352741948     4.54927748693592E-01
 1 0 1 9 1 1
     16555.71225105198391    -4.28358407310228E-04     1.86081083989639E-04
      3914.99983245272642     1.89125881312405E-03     1.43597411367109E-03
      1269.46732973456574     2.13563520913455E-02     8.48012434060266E-03
       484.32613352442780     1.68633365013894E-01     4.11351273787837E-02
       204.63692039893562     5.38305868473624E-01     1.33856963584711E-01
        92.78246298579676     8.24734785001723E-01     3.53703570807505E-01
        44.08421190560611    -2.30171339713420E-02     6.59698363097238E-01
        21.55164707750058     3.04580138605504E-03     5.77266983781375E-01
        10.74076268250435    -2.45600303603155E-02     2.94568987844198E-01
 1 0 2 8 5 2 1
       420.96595563817209     3.72185566680759E-02     1.01015826456196E-02    -8.16305584919413E-02     2.64143762288890E-01    -2.46166175128352E-01     9.66762797494530E-03    -5.59852025162318E-02     1.48046714084109E-03
       126.32914491783563    -2.77422063037984E-02     1.36654057168433E-02     1.52898705795822E-02    -1.31994242771437E-01     2.00917803693565E-02     2.47069399381560E-02    -2.95429851629628E-01     1.32835621653125E-02
        48.68504449991077     9.96606329605136E-01     1.38099606771979E-02    -8.80635448445606E-03     3.86457116571077E-02    -2.01633522109679E-02     1.77388658255106E-02    -9.33806926006181E-01     6.53758335061704E-02
        20.86752033223222    -1.29496845872443E-02     9.98281651524559E-01     1.05682736599082E-02    -2.55779954271469E-02    -2.54431764278134E-02     9.11024303228062E-02     8.82430925767011E-02     2.04116844851798E-01
         9.56846726670756     9.03967373536312E-03    -1.17604086069932E-02     9.94001861758111E-01     4.84824166204978E-02    -7.66298262461457E-02     2.80380316995299E-01    -2.56900396749730E-02     4.65610124222403E-01
         4.46978491776096    -6.00569821363759E-02     2.38267398420888E-02    -3.21223116113902E-02     9.42435123880336E-01    -6.12671664693303E-02     6.76076291091922E-01     1.16565894895619E-01     6.23937060170675E-01
         2.16809994590384     2.73385014413175E-02     1.91758192497439E-02     4.73531387623540E-02     1.41456724240427E-01     9.32125517225505E-01     6.21641948647697E-01    -1.11988220586224E-01     5.60741572271379E-01
         0.99699705906160    -4.16269424591978E-03    -4.33648607069925E-02    -3.99945953598649E-02     1.06468569056648E-02    -2.43845940635757E-01     2.61822073292597E-01     5.49153337357816E-02     1.82653539599326E-01
 1 0 4 6 4 4 3 4 1
         8.91059473525389    -8.53432819678609E-02    -1.48121746905099E-01    -4.51361735748821E-02    -8.17738234694686E-02     4.78251739995720E-02     1.63653270437702E-02    -7.53950021944478E-03     7.35280455976531E-03    -6.72934541099072E-02    -3.72408574725206E-02     4.59644733944043E-02     9.99709318700043E-01     5.65036906473891E-03    -1.44883522914197E-02     1.41146776403838E-02    -1.26725457001663E-02
         2.64796923612075    -1.25304603643917E-01    -8.96062217384669E-02    -1.19513368181355E-01    -1.32102267262673E-01     7.34503541589220E-01    -3.11360936702487E-02     1.82426455753258E-02    -3.22397483343818E-02     4.53725972923956E-02     2.07227191455329E-02    -5.79262096962206E-02    -6.09551083918712E-03     9.99256150690572E-01    -1.30051347862772E-02     3.17530337749741E-02    -2.80732766421839E-02
         1.11560813214457     9.86094136151802E-01    -6.29280288842044E-02    -5.73872372124167E-02     1.79116430308908E-02     6.75086971654855E-01    -1.21354057055447E-03    -8.68921016610913E-03    -2.98672440650458E-02     6.99621466697790E-01    -7.07223157794976E-01    -1.23375000924509E-02     1.10217416675162E-02     2.91354164602798E-02     6.64927790856661E-01    -4.74237320747959E-01     1.43654804537593E-02
         0.43351113290288     3.49939027255090E-02     9.79567977118531E-01    -3.31969162646081E-02     5.73028246081211E-02     2.23417262404479E-02     9.99040299766236E-01    -1.95657538675740E-02    -1.75974140083948E-02     7.09729131613716E-01     6.89950616018998E-01     3.74008419188894E-02     1.00669946160379E-02    -9.34269450482999E-03     7.44692678371988E-01     4.19873295068192E-01     9.91792130485394E-01
         0.17235040100385     3.42921562160205E-02     2.68093572045640E-03     9.83454258619302E-01     9.29772292366610E-02    -5.57610497952586E-03     2.06633608237226E-02     9.99227469625690E-01     2.64120028837789E-02    -1.09498023627451E-02    -1.21196474351501E-02     9.87574528601649E-01    -1.58655819716700E-02    -1.96366681205785E-02    -1.90576898404037E-03     7.68057582387065E-01     1.09728825894226E-01
         0.06012017946295    -4.72557929752563E-02    -8.06853585717959E-02    -1.10007598011098E-01     9.81637828813959E-01     4.40980175125242E-02     1.58981767334697E-02    -2.63913748519670E-02     9.98502488603952E-01    -1.03625938639937E-02    -1.47784823731949E-01     1.32956139340247E-01     8.34164196190961E-03    -1.15525524751606E-02    -5.40478481281689E-02    -8.76667015308948E-02     5.61505598413697E-02
H QZVPP-MOLOPT-PBE-AE
 2
 1 0 0 4 1
       190.54117440353127     1.96600972886938E-02
        28.48589623081718     5.38615245148400E-01
         6.82683105625948     8.41690491707832E-01
         1.91976916792120    -3.26222996883324E-02
 1 0 3 4 3 3 2 1
         3.13044722440195    -3.66327628299461E-01     2.56023465069061E-01     1.80301571342015E-01     9.57864765395543E-01    -2.86990854469403E-01     7.09708425215968E-03     9.99207337838246E-01    -1.14391682399844E-02     5.85140484472903E-01
         0.96627664577475     8.95826280526715E-01     1.78507674168198E-01     3.15139388181339E-01     2.45050348375012E-01     8.29767518144689E-01     5.01170647875718E-01     1.62635846128724E-02     9.81329325317073E-01     6.84086073735301E-01
         0.31928820204257    -2.30012077387642E-01     6.10224429055026E-01     6.40105374762635E-01    -1.47922353363481E-01    -4.66731275488582E-01     8.51205422301253E-01    -4.48915950780499E-03     1.60295348734119E-01    -4.27324109791794E-01
         0.10666805621490    -1.01949929465328E-01    -7.28157360590113E-01     6.77084646545968E-01     2.37570063441528E-02     1.06226323308904E-01    -1.55650063115620E-01     3.60560573643188E-02    -1.05675455413839E-01    -8.38508338830758E-02
O QZVPP-MOLOPT-PBE-AE
 3
 1 0 0 8 1
    116506.38604434675653    -9.98096455193836E-05
     17504.60971368530591     2.33919295977431E-03
      3993.52399023383759     6.88020418607601E-03
      1133.09478918324885     4.13200618900893E-02
       369.82539210352701     1.15856592130636E-01
       133.78894948022503     3.83521465148008E-01
        52.21462909576736     4.11693815406844E-01
        21.67293595845605     8.17457382177472E-01
 1 0 1 5 2 1
       191.04192564330430    -5.10687570632457E-03     2.62695839052370E-02     1.26002594453494E-02
        45.06231751131436     7.10386627064769E-01    -6.24048153127724E-01     1.12036824182174E-01
        14.05235016622558     5.61186314944367E-01     2.63654168302179E-01     6.01861899721717E-01
         5.51919750076573     3.93930461642211E-01     7.34005739981864E-01     3.82904045403275E-01
         2.22318311118849     1.58787503341973E-01     3.99482759313346E-02     6.91690486537335E-01
 1 0 4 4 4 3 3 2 1
         4.07110969272635     8.35823185743741E-01     1.43707378138683E-01    -5.04975809725526E-01    -1.60459413041861E-01     1.72086536028372E-01     1.83573320585855E-01    -5.65096491463834E-01     5.87117703432284E-01    -6.86150954111257E-01     3.38448518372782E-01     7.96331496602706E-01    -4.06031379618403E-01     7.19190810290016E-01
         1.29660548931134    -3.21106263793023E-01     8.70808213615098E-01    -3.35156402976138E-01     1.62030885936799E-01     7.37714269017482E-01    -1.23907267761277E-01     5.94500398393531E-01     7.22514408166509E-01     6.34126435292987E-01    -1.48853997263073E-01     5.96617421514652E-01     6.47582903144410E-01     6.77717136798244E-01
         0.45442777800760     1.72702329034076E-01     4.19606306388715E-01     6.11297846324634E-01    -6.48397560346960E-01     6.52371782439809E-01     1.27228381173723E-01    -5.13977719496993E-01    -3.94104996625507E-02     3.37150724159123E-01     9.16679165386756E-01    -9.80648777410346E-02     6.03388801969736E-01     3.99419887891043E-02
         0.14870720086566     4.10443997485985E-01     2.12065537529809E-01     5.08905256619550E-01     7.26346592547186E-01    -2.39778831856476E-02     9.66830266380264E-01     2.51121754346111E-01     3.62922229719464E-01    -1.15801215165473E-01    -1.51639030780056E-01     1.69434240146108E-02    -2.27369426215928E-01    -1.47880689800770E-01
F QZVPP-MOLOPT-PBE-AE
 3
 1 0 0 8 1
    132536.04395257573924     2.19133884152562E-04
     19758.15592578060023     2.13098802939830E-03
      4485.33885808192372     9.36952235670608E-03
      1273.60032301696378     4.57116768597223E-02
       418.75079369228018     1.29815698472524E-01
       152.24712142839283     3.88984269444136E-01
        59.93506405237581     3.48051089779771E-01
        24.88806979770636     8.41734891149259E-01
 1 0 1 5 2 1
       240.82710880865446    -5.22362746235088E-02     7.61618022060436E-02     2.22155163398913E-02
        56.74054074501728     8.36915891686098E-01    -3.52431037520191E-01     9.17502257704855E-02
        18.02568816680041     5.06654331012575E-01     3.90319004241376E-01     6.94833984744179E-01
         7.22835931546723     1.13647744824332E-01     8.46604124895882E-01     5.19336475096237E-01
         2.54051853711273     1.65011335426585E-01     3.00711541924844E-02     4.88450331337750E-01
 1 0 4 4 4 3 3 2 1
         4.64152109972176     7.99092172965100E-01     3.57185510151160E-01    -4.75225254357118E-01     8.96167845059311E-02     2.14101203990999E-03     4.09061558167189E-01    -4.32260580718334E-01     5.23415929943841E-01    -8.45844703511436E-01    -9.90960844591549E-02     6.49830793177351E-01    -6.47812475723957E-01     7.18812892465629E-01
         1.55189089466188    -5.65383503262805E-01     6.20688611440661E-01    -5.16124369070663E-01    -1.69418940846506E-01     9.01357430415779E-01    -3.23634717094166E-01     1.52228377872265E-01     8.31684066132871E-01     4.84322390964955E-01     2.69070652276370E-01     7.59749389285090E-01     5.45754817250953E-01     6.81802537410497E-01
         0.54311529853246     1.47999793272877E-01     6.59726542294831E-01     7.03321697890184E-01    -2.19534826074957E-01     3.64587678140232E-01     2.81361980784028E-01    -7.13536840615867E-01    -1.67858516623561E-01    -2.20433972029506E-01     9.41600143248362E-01     1.96681952393344E-02     4.63299478087506E-01    -2.42238812327185E-02
         0.17933709925335    -1.41029268364327E-01     2.27870683409749E-01     1.14521537491829E-01     9.56593181325010E-01     2.33722107747691E-01     8.05459277239079E-01     5.29945741006902E-01     7.84913805373263E-02     3.72481291736264E-02    -1.76550617000047E-01     1.06755709662101E-02    -2.60469325156765E-01    -1.33665736760872E-01
CL QZVPP-MOLOPT-PBE-AE
 3
 1 0 0 10 1
   1467458.93775052158162     5.00027973996311E-05
    219756.22561595341540     2.92119625382510E-04
     50010.78269045410707     1.28590722749441E-03
     14164.71914344428478     6.48940441751174E-03
      4620.77877126598923     1.97871266811614E-02
      1667.78852683964556     6.65018359892871E-02
       650.34523295930057     1.78047411514083E-01
       269.43766657761569     4.24217234215202E-01
       117.09536851846944     6.88319212568402E-01
        52.76000788002602     5.56504843396412E-01
 1 0 1 8 2 2
      2501.95646798690223    -3.82883357554072E-02     8.37909091563773E-02     4.17887012633053E-04     1.59916949870661E-03
       592.94635448432632    -4.07348538060098E-02     1.30718267465741E-01     3.99041739687339E-03    -2.59213449401013E-02
       192.18114183797039     2.20528820527411E-01    -1.98966788392605E-01     2.18359541428443E-02     3.32964376441369E-02
        72.87930898689872     7.33114974004280E-01    -3.92594344886566E-01     8.68350005331845E-02    -2.17375228769997E-01
        30.43574290352728     6.34280900802578E-01     5.37964084760841E-01     2.47733889523512E-01    -2.17956740087419E-01
        13.46035723428640     7.71650835004062E-03     6.98209154610030E-01     5.32066586940945E-01    -4.48983934995352E-01
         5.97563269106637     1.31312121901711E-02     1.06376827476728E-02     7.10008437176348E-01     6.90916424895068E-01
         3.08191027511841    -9.07739768895670E-02     7.18273987087124E-02     3.78665897473595E-01    -4.73822396122835E-01
 1 0 4 6 6 4 4 2 1
         9.78337990819075     8.91563859098250E-01     4.20492586467600E-01    -1.05500184052396E-01    -6.37580026009099E-03    -1.27727899356303E-01    -2.85396905660188E-02    -1.53857744271598E-02     1.06253051057092E-01    -1.15431250361608E-01    -2.24073346383234E-02     3.39725575429827E-02     1.01895475255016E-01     3.78215008137413E-02    -4.46426713878059E-02    -6.35534933198293E-02     3.84866238399188E-02    -6.11006722560778E-02
         4.33269446539561    -4.29731410091877E-01     7.82174610574314E-01    -3.34369761244485E-01    -2.72432075009675E-01    -1.25354633131214E-01    -4.23985492338584E-02     7.30865995598478E-02    -1.69780800664228E-01     9.20852072943818E-03     3.68926930660954E-02     9.84874476080405E-01    -1.38014851189017E-01    -4.74208272594507E-02     1.83642605819759E-02     4.69010615356294E-02    -6.41463169582076E-02    -1.95982450216892E-02
         1.89618722201134    -1.08607609504601E-01     3.85249243565499E-01     8.24406939689850E-01     3.51646048346057E-01    -1.90711290748148E-01     1.07175344599850E-02     9.91627029311956E-01     8.56131566559374E-02    -7.28575131920513E-02     2.31284362812144E-02     7.90619312155555E-02     7.33791834593761E-01    -6.62746105231222E-01     4.37386186866967E-02     6.43881756150717E-01    -4.40208755319482E-01     7.22168984314687E-01
         0.75937665037877    -8.64870311670285E-02     5.72642042507304E-02    -4.40832017733930E-01     8.81987013108728E-01    -1.10544464050763E-01     6.91864630354049E-02    -7.17104623334244E-02     9.75883878241501E-01     2.82742999161818E-02    -5.63192675837824E-03     1.32325112586378E-01     6.30921978952516E-01     7.45720946790107E-01     7.09504044527997E-02     7.55448939940310E-01     4.62184592162924E-01     6.65787803325587E-01
         0.29257745973674     3.21350778484430E-02     2.43787785919905E-01     5.55589531759151E-02     1.28047138769592E-01     9.55294229503361E-01     8.63997700254051E-02     6.90556986584205E-02    -6.16188331121305E-03     9.83715665542611E-01     1.12973648641345E-01    -3.38233190166359E-02    -5.85726486891373E-02    -1.98834428606854E-02     9.93139085193975E-01    -8.21528343028837E-02     7.63814987833132E-01     1.70005500533451E-01
         0.10605356801669     1.16840788925550E-02     1.61310253462363E-02    -3.26472144512038E-04    -8.82496986965603E-02    -8.24248737035741E-02     9.92482391084379E-01    -3.44438923863824E-02     1.29554489179424E-02    -1.13078139742878E-01     9.92374501940459E-01    -6.29554636350571E-02     1.75001307873770E-01     2.43581082505283E-02    -6.63137740448836E-02    -4.15371998214924E-02    -5.99362050420123E-02     4.66830318968192E-02
