GE SVP-MOLOPT-PBE-AE
 4
 1 0 0 6 1
     93889.83742111289757     2.85944235220179E-03
     14097.56615789418174     2.02470568188429E-02
      3207.49211473999276     1.04194321724521E-01
       905.68270614595792     3.49859399695728E-01
       295.08155184093124     7.41819009518124E-01
       100.10818938316204     5.62164016246211E-01
 1 0 0 8 4
       196.43231448905141    -1.29364746100249E-01    -2.61503062164477E-02     3.88220634209765E-02     2.37124421075804E-02
        23.22873033606087     7.76726029979294E-01     8.53619888990098E-02    -2.07017289282796E-01    -1.36927076719692E-01
        17.28702934161499     2.40977472493058E-02    -1.46931895445442E-01     1.38194593745579E-02     2.85098886258048E-02
         9.63928268688130     5.34504909857855E-01     2.25837209114572E-02    -1.24275086507823E-01    -8.77666441286547E-02
         3.18307839299146    -1.29983438533496E-01     7.38352700683521E-01    -2.13395888069579E-01    -1.12587489163923E-01
         1.32180783358142    -1.48032242076312E-01     5.12506156039463E-01    -2.54861390933546E-01    -1.29500036050841E-01
         0.25506430919067     2.00051548607210E-01     3.66631315192723E-01     9.03239164229069E-01     1.76002196231038E-02
         0.07742769137538     1.21882630621034E-01     1.66387181362184E-01    -1.16911476404138E-01     9.70781606951350E-01
 1 1 1 5 1
      1259.25587069394805     1.34782794246379E-02
       297.17194211160114     9.44009077562226E-02
        94.25265883212587     3.91105640074590E-01
        32.91348927934096     7.85049589400293E-01
        12.11554189635773     4.70786921104261E-01
 1 1 2 7 3 3
        74.87960320560465     3.09831691980859E-02     7.56155200772742E-02    -1.99957628348787E-01     3.39478363209925E-02     1.67417403577742E-02    -1.08622347268223E-02
        20.88377198497288    -2.04204768295341E-03     4.32783353935677E-02    -1.49798401556203E-01     2.47814608619670E-01     2.40042198950073E-02    -1.31661466419314E-02
         7.13708755846798     4.72209372490523E-01    -3.73128632034113E-02    -6.77497221958852E-02     5.18727660116584E-01     1.64983204488778E-01    -1.28795062849195E-01
         2.70918721072476     7.63550035104961E-01    -2.50165020755038E-01     2.66991901068741E-01     7.53496290944982E-01    -1.69202306471510E-02     1.59437969292316E-01
         1.00585357394026     3.69712645399406E-01     6.27907247512403E-02    -1.51162890272603E-01     2.16982152121760E-01     4.47660310673587E-01    -4.38685431352642E-01
         0.35254049830964     1.95267951237082E-01     9.60933401806953E-01     6.77274409134024E-02    -2.05844410970986E-01     8.77337634883684E-01     2.14049902645995E-01
         0.09857894131749    -1.35013009530445E-01     3.31483576686990E-02     9.13381333296324E-01     1.05580502265090E-01     3.89445792481807E-02     8.48196770607589E-01
H SVP-MOLOPT-PBE-AE
 1
 2 0 1 4 2 1
        12.24885489931877     9.13601065893484E-02    -2.92233653979741E-02    -2.98536765580705E-02
         1.44668572118719     5.46801357436806E-01    -1.89238960127749E-01     5.05674686289909E-01
         0.37494771895490     8.27248429081306E-01     2.01024168753657E-02     8.56401740098416E-01
         0.11192006491493     9.12230399173390E-02     9.81290224001215E-01     9.98895850325395E-02
O SVP-MOLOPT-PBE-AE
 2
 1 0 0 7 3
      2266.11882679815517    -6.53195164418799E-03     4.31511781018852E-03    -1.50255386286268E-02
       340.90332514956907    -6.49692043203330E-02    -8.38643395903431E-03     2.78970138112306E-02
        76.92814265988143    -2.68398557546813E-01     9.66356731438743E-02    -1.03149893654597E-01
        19.69260394517260    -7.46654382968193E-01     7.27513962145946E-02    -4.77845342576543E-02
         5.94653840051691    -5.84020787076508E-01     6.76448442348491E-02    -6.55152912382769E-02
         0.94188304160944     1.58317373375200E-01     7.83140450398519E-01    -5.91846167956205E-01
         0.29333843489112    -7.81743877443225E-03     6.06131205686227E-01     7.94668854066698E-01
 2 1 2 4 2 1
        16.36868614237306     1.01723539743118E-01    -2.55855611750852E-02     8.33706707858758E-03
         2.90797745788635     5.10732722414240E-01    -9.49942456369113E-02     1.82905409616553E-01
         0.75006795444374     8.35859133120747E-01    -1.43391921218567E-01     8.94419927848460E-01
         0.19193642427748     1.73620037138872E-01     9.84764047518226E-01     4.08030755106872E-01
F SVP-MOLOPT-PBE-AE
 2
 1 0 0 7 3
      2894.85760373222138    -1.89225166552882E-02    -1.69242373474079E-02     1.56429205622782E-01
       435.72006333230098    -5.47718508603712E-02     4.35884037952142E-03    -7.98432634961778E-02
        98.52635730461387    -2.73685193620500E-01     1.03734081139359E-01    -3.50907504362976E-02
        25.52164954648142    -7.37742492792940E-01     9.09854482000018E-02     1.19033433504314E-02
         7.74033527583515    -5.97666004055640E-01     7.53553007481536E-02    -4.08316440936959E-03
         1.29027540045465     1.18958584280118E-01     8.03005387331711E-01    -5.67628929674378E-01
         0.39691722964189     7.82215741311875E-02     5.74594975519432E-01     8.03469123562649E-01
 2 1 2 4 2 1
        20.86106496273842    -1.10459850494974E-01    -4.27931460741902E-02     1.87770753897563E-02
         3.47280160970880    -5.28022336274227E-01    -8.76852813264224E-03     1.42075306386988E-01
         0.85628499813330    -8.26328796839365E-01    -1.81029642926015E-01     9.03974169721402E-01
         0.22140677163303    -1.61776862802262E-01     9.82507062542321E-01     4.02855717635176E-01
CL SVP-MOLOPT-PBE-AE
 3
 1 0 0 5 1
     10449.73865986333476     7.92960573941961E-03
      1571.78177464848341     6.21680867531297E-02
       357.17329535888280     2.69577117620510E-01
       100.08667457398440     7.19173472798793E-01
        30.61002596530858     6.37330325671244E-01
 1 0 0 5 3
        51.91245118574216    -1.18096328736624E-01    -6.40377047377502E-02     3.89634888740843E-02
         5.60412729707609     7.74483936348342E-01    -1.94653261999477E-01     5.74322043222265E-01
         2.19075124977087     6.12385827448821E-01     3.85229430631324E-01    -6.60064309823226E-01
         0.56484358945251    -5.02206802462349E-02     5.97599003556938E-01     4.62892544090272E-01
         0.20200153999791    -9.32167961943450E-02     6.72668563772758E-01     1.36680784044379E-01
 1 1 2 7 3 1
       307.66262352364191    -1.41860191757227E-02     4.53707609941391E-03    -4.23704216636409E-03     5.12444630001981E-03
        72.14728379673939    -8.85277776059412E-02    -4.94482703050064E-03    -1.47096881368273E-02    -3.60621072277412E-03
        22.55518606717056    -3.78386770918235E-01    -9.49655880135036E-04     2.33703317780398E-03     7.21261594348665E-03
         7.24782137179115    -7.68325377362051E-01    -8.89706781187266E-02    -6.32538811770098E-02    -8.30729065003500E-03
         2.47105439082271    -5.07191220590418E-01     1.39408082259565E-01     2.81680450029172E-02     2.51018124766366E-01
         0.54359214040661     1.77332693550757E-03     9.86199274331532E-01    -1.36123356582732E-02     8.60344615069135E-01
         0.15406764967487    -3.48579490965011E-02     3.82859289817821E-03     9.97386797034735E-01     4.43437421456475E-01
