Si admm-dz
    4
1 0 0 2 1
        1.28712677     -0.26741444
        0.25601605      0.63662620
1 0 0 1 1
        0.09707423      1.00000000  
1 1 1 2 1
        1.96516345     -0.12027715
        0.32672585      0.80331555
1 1 1 1 1
        0.09733152      1.00000000  

Si admm-dzp
    5
1 0 0 2 1
        1.28712677     -0.26741444
        0.25601605      0.63662620
1 0 0 1 1
        0.09707423      1.00000000  
1 1 1 2 1
        1.96516345     -0.12027715
        0.32672585      0.80331555
1 1 1 1 1
        0.09733152      1.00000000  
1 2 2 1 1
        0.27500000      1.00000000

Si admm-tzp
    7
1 0 0 2 1
        4.14730220      0.00311431
        1.31355538     -0.26631385
1 0 0 1 1
        0.25291216      1.00000000
1 0 0 1 1
        0.09650128      1.00000000
1 1 1 1 1
        1.96588006      1.00000000
1 1 1 1 1
        0.32671301      1.00000000
1 1 1 1 1
        0.09733315      1.00000000
1 2 2 1 1
        0.27500000      1.0000000

Si admm-tz2p
    9
1 0 0 2 1
        4.14730220      0.00311431
        1.31355538     -0.26631385
1 0 0 1 1
        0.25291216      1.00000000
1 0 0 1 1
        0.09650128      1.00000000
1 1 1 1 1
        1.96588006      1.00000000
1 1 1 1 1
        0.32671301      1.00000000
1 1 1 1 1
        0.09733315      1.00000000
1 2 2 1 1
        0.48100000      1.00000000
1 2 2 1 1
        0.15900000      1.00000000
1 3 3 1 1
        0.33600000      1.00000000

