  BASIS_TYPE GAUSSIAN
  S_EXPONENTS           1.28712677 \
                        0.25601605 \
                        0.09707423
  P_EXPONENTS           1.96516345 \
                        0.32672585 \
                        0.09733152

  ORBITAL COEFFICENTS (Quickstep normalization)
  L Quantum Number:  0
        1.28712677    0.00000000 -0.26741444 -0.04396983  0.00000000  0.00000000  0.00000000
        0.25601605    0.00000000  0.63662620  0.33622725  0.00000000  0.00000000  0.00000000
        0.09707423    0.00000000  0.52733312  0.24410689  0.00000000  0.00000000  0.00000000
  L Quantum Number:  1
        1.96516345   -0.12027715 -0.01977667  0.00000000  0.00000000  0.00000000  0.00000000
        0.32672585    0.80331555  0.42426243  0.00000000  0.00000000  0.00000000  0.00000000
        0.09733152    1.46092110  0.67627255  0.00000000  0.00000000  0.00000000  0.00000000
