  BASIS_TYPE GAUSSIAN
  S_EXPONENTS           4.14730220 \
                        1.31355538 \
                        0.25291216 \
                        0.09650128
  P_EXPONENTS           1.96588006 \
                        0.32671301 \
                        0.09733315

  ORBITAL COEFFICENTS (Quickstep normalization)
  L Quantum Number:  0
        4.14730220    0.00000000  0.00311431 -0.01830527  0.00000000  0.00000000  0.00000000
        1.31355538    0.00000000 -0.26631385  0.09861980  0.00000000  0.00000000  0.00000000
        0.25291216    0.00000000  0.64074470  0.11903995  0.00000000  0.00000000  0.00000000
        0.09650128    0.00000000  0.51947398  0.00000000  0.00000000  0.00000000  0.00000000
  L Quantum Number:  1
        1.96588006    0.00336721 -0.01979178  0.00000000  0.00000000  0.00000000  0.00000000
        0.32671301   -1.14565181  0.42425111  0.00000000  0.00000000  0.00000000  0.00000000
        0.09733315    3.64013042  0.67627706  0.00000000  0.00000000  0.00000000  0.00000000
