PT QZVPP-MOLOPT-PBE-Q18
 2
 1 0 2 6 2 1 1
        23.60314296647343     3.33800278432353E-01     1.72925507952730E-01     1.18209740586320E-01     5.88050686674915E-02
        20.88846894535915    -4.24934737696963E-01     8.74862390318926E-02    -2.70542712826431E-01    -1.20980830021974E-01
        15.65950558259051     6.34196948339295E-01     2.71555132536592E-01     2.82298534170427E-01     1.12486532701778E-01
         7.69500442337193    -1.42841632781059E-01     4.84585703936442E-02    -2.21088373815897E-01    -1.45366243670398E-01
         4.65109219411150     1.14250862166750E-02     8.67194733441233E-01    -3.90052636011577E-01    -1.85366388447767E-01
         1.37662588209076     5.34104679705584E-01    -3.66504840240305E-01     7.95059436442409E-01     9.55908123127912E-01
 1 0 4 6 5 4 3 4 2
         2.08339933659362     2.76958384592556E-01    -2.85134481935107E-01    -3.47808114405048E-01    -1.36197637245265E-01     2.47302914797483E-01     2.08593399380025E-01     3.18168535882437E-02    -1.98870382670771E-02    -1.73696780821456E-01     2.05569365495304E-01     3.33665545080122E-01    -7.83715795404480E-02     1.22658200402189E-01    -3.08151459190937E-01     4.67377005299845E-01     6.31150035824066E-01     1.28144625116311E-01    -1.60266671771824E-01
         0.72727130407157     7.49530057001858E-01     1.63622280169990E-01    -4.05410861343998E-01     2.47926044991811E-01    -3.70062239949553E-01     5.94107129717428E-01    -6.15304941813094E-01     1.94101603374782E-01    -4.16935895021745E-01     7.63541167088315E-01     3.73364813464681E-02     3.01731949901613E-01     9.06867452395191E-01     3.97942826708434E-01     7.08501263126253E-02    -8.90855740325076E-02     5.44812229460530E-01     4.35983694006693E-01
         0.32710120263741     2.21032019280305E-01     6.00339883323094E-01     5.79157385285068E-01     2.56522457519520E-01    -8.94089003041173E-03     2.87030405458974E-01     2.64537804145844E-01    -7.63456762990568E-01    -1.05960623878635E-01     5.95475743537500E-01    -1.99874231644055E-01    -5.37835905818911E-01    -3.87762199630548E-01     8.55250112084309E-01     2.04241223010555E-01     2.02142375698175E-01     3.34364475902154E-01     4.26026879701209E-01
         0.25658882685722     4.09249416156303E-01    -1.41161645619031E-01     4.10467069933565E-01    -7.82453365319121E-01    -1.47088964711076E-01     1.87379934279282E-01     6.11627689906917E-01     6.01894397323444E-01    -1.54774378267198E-01    -1.53785246307062E-02     8.85391871379860E-01    -3.08531626365255E-01     1.10649523198658E-02    -1.28580417706435E-02     7.10514402787344E-01     1.06229802304367E-02     2.41684431612003E-01    -7.33664391785920E-01
         0.11586514458675     2.87270257387973E-01    -6.57709724452698E-01     4.48428051661270E-01     4.82965897218550E-01     1.92542843248167E-01     6.96327704986156E-01     2.57989358898539E-01    -1.32088963925158E-02     4.56815391194587E-01     1.41094006607574E-01     2.51697862493407E-01     7.18624956723251E-01     1.09781748669540E-01     8.21007014806253E-02    -4.61819698069512E-01     7.42327070893353E-01     7.18316104359104E-01    -2.53796679902083E-01
         0.03241401499313     2.50268471652977E-01     2.81086124349227E-01    -9.83734675180130E-02    -9.32189993313322E-02     8.62036749423009E-01     3.39933227894326E-02    -3.31300960185861E-01     1.28885623119903E-01     7.43055061325653E-01     3.27769268512364E-03     7.28030373466981E-03    -4.39849002246493E-02     3.52146095384319E-03    -9.12445956086646E-02     1.29291791109549E-01     4.11038299382764E-02     2.38662245331842E-02     7.59708809925337E-03
C QZVPP-MOLOPT-PBE-AE
 3
 1 0 0 8 1
     67025.10701901487482     1.55242819581319E-04
     10039.96335431500120     1.79971855855663E-03
      2284.84440343404003     9.18465603393004E-03
       647.15582521948454     3.30943254643816E-02
       211.19400038923030     1.40054573872043E-01
        76.38630250999670     4.88904212464159E-01
        29.42939055659313     2.78742815383946E-01
        12.03316158077197     8.13926885458716E-01
 1 0 1 5 2 1
       105.22664287722547     1.24505987707591E-01    -1.23979079829649E-01     8.48724734240174E-03
        24.91583300068185     8.86899830964621E-01    -2.61079451396708E-01     7.12935689849336E-02
         7.80229155370005     4.00003776712541E-01     4.47986862457745E-01     2.93646788512991E-01
         3.21099181776232     6.52461897044525E-02     8.43161823281634E-01     4.71754813357094E-01
         1.56967041290132     1.83430810401738E-01     6.96607396504120E-02     8.28289896910713E-01
 1 0 4 4 4 3 3 2 1
         2.47850638544973     9.25363103371105E-01     3.63921965952564E-01    -4.09754907799388E-02     9.79027005345653E-02     8.73685730878957E-02     3.72622955903123E-01    -9.83513676753768E-02     4.18652943059247E-01    -8.11425670640435E-01    -2.99873003208179E-01     8.66784219363824E-01    -3.74034672761027E-01     4.58087622796984E-01
         0.78087017731256    -2.54208430662628E-01     7.69342245085598E-01    -2.12774533576705E-01    -5.46093015490870E-01     7.33644745126078E-01    -6.00104778885827E-01     2.48102701482297E-01     8.43800014184531E-01     5.13566081489940E-01    -1.18528266702603E-01     4.72493367712121E-01     8.15402228229376E-01     8.80208065556334E-01
         0.29223334789975    -1.80276620568274E-01     4.39776512878143E-01     7.84816560471271E-01     3.97693255169442E-01     5.19905537704389E-01     2.32993327506253E-01    -7.89436028296271E-01     2.94729082110152E-01    -2.41293925323745E-01     9.09144108822956E-01    -8.52078289092147E-02     3.90944163971848E-01    -9.54945193189171E-02
         0.09841607149407    -2.15827571862177E-01     2.86827354596128E-01    -5.80612584626446E-01     7.30778731527445E-01     4.28754419510502E-01     6.68386487318509E-01     5.52777364968373E-01     1.60829156214052E-01    -1.40055355380103E-01    -2.63598598880757E-01     1.34813799080373E-01    -2.05863863821392E-01    -7.91851498062194E-02
O QZVPP-MOLOPT-PBE-AE
 3
 1 0 0 8 1
    116506.38604434675653    -9.98096455193836E-05
     17504.60971368530591     2.33919295977431E-03
      3993.52399023383759     6.88020418607601E-03
      1133.09478918324885     4.13200618900893E-02
       369.82539210352701     1.15856592130636E-01
       133.78894948022503     3.83521465148008E-01
        52.21462909576736     4.11693815406844E-01
        21.67293595845605     8.17457382177472E-01
 1 0 1 5 2 1
       191.04192564330430    -5.10687570632457E-03     2.62695839052370E-02     1.26002594453494E-02
        45.06231751131436     7.10386627064769E-01    -6.24048153127724E-01     1.12036824182174E-01
        14.05235016622558     5.61186314944367E-01     2.63654168302179E-01     6.01861899721717E-01
         5.51919750076573     3.93930461642211E-01     7.34005739981864E-01     3.82904045403275E-01
         2.22318311118849     1.58787503341973E-01     3.99482759313346E-02     6.91690486537335E-01
 1 0 4 4 4 3 3 2 1
         4.07110969272635     8.35823185743741E-01     1.43707378138683E-01    -5.04975809725526E-01    -1.60459413041861E-01     1.72086536028372E-01     1.83573320585855E-01    -5.65096491463834E-01     5.87117703432284E-01    -6.86150954111257E-01     3.38448518372782E-01     7.96331496602706E-01    -4.06031379618403E-01     7.19190810290016E-01
         1.29660548931134    -3.21106263793023E-01     8.70808213615098E-01    -3.35156402976138E-01     1.62030885936799E-01     7.37714269017482E-01    -1.23907267761277E-01     5.94500398393531E-01     7.22514408166509E-01     6.34126435292987E-01    -1.48853997263073E-01     5.96617421514652E-01     6.47582903144410E-01     6.77717136798244E-01
         0.45442777800760     1.72702329034076E-01     4.19606306388715E-01     6.11297846324634E-01    -6.48397560346960E-01     6.52371782439809E-01     1.27228381173723E-01    -5.13977719496993E-01    -3.94104996625507E-02     3.37150724159123E-01     9.16679165386756E-01    -9.80648777410346E-02     6.03388801969736E-01     3.99419887891043E-02
         0.14870720086566     4.10443997485985E-01     2.12065537529809E-01     5.08905256619550E-01     7.26346592547186E-01    -2.39778831856476E-02     9.66830266380264E-01     2.51121754346111E-01     3.62922229719464E-01    -1.15801215165473E-01    -1.51639030780056E-01     1.69434240146108E-02    -2.27369426215928E-01    -1.47880689800770E-01
