Bi admm-dz
    4
1 0 0 2 1
        1.60965962    1.09680072
        1.44600024   -1.41883166
1 0 0 1 1
        0.17134367    1.00000000
2 1 1 2 1
        0.83982997   -0.15317558
        0.29311175    0.40188526
2 1 1 1 1
        0.09741199    1.00000000

Bi admm-dzp
    5
1 0 0 2 1
        1.60965962    1.09680072
        1.44600024   -1.41883166
1 0 0 1 1
        0.17134367    1.00000000
2 1 1 2 1
        0.83982997   -0.15317558
        0.29311175    0.40188526
2 1 1 1 1
        0.09741199    1.00000000
2 2 2 1 1
  0.848634697918E-01  1.00000000

Bi admm-tzp
    7
1 0 0 1 1
        1.60976089    1.00000000
1 0 0 1 1
        1.44609547    1.00000000
1 0 0 1 1
        0.17133606    1.00000000
2 1 1 2 1
        4.49751607    0.00125317
        0.86189809   -0.14859116
2 1 1 1 1
        0.28970899    1.00000000
2 1 1 1 1
        0.09731685    1.00000000
2 2 2 1 1
  0.848634697918E-01  1.00000000

Bi admm-tz2p
    9
1 0 0 1 1
        1.60976089    1.00000000
1 0 0 1 1
        1.44609547    1.00000000
1 0 0 1 1
        0.17133606    1.00000000
2 1 1 2 1
        4.49751607    0.00125317
        0.86189809   -0.14859116
2 1 1 1 1
        0.28970899    1.00000000
2 1 1 1 1
        0.09731685    1.00000000
2 2 2 1 1
  0.841850199084E-01  1.00000000
2 2 2 1 1
  0.413199758361E-01  1.00000000
3 3 3 1 1
      0.3164000       1.0000000
