HF SVP-MOLOPT-PBE-Q12
 1
 1 0 3 7 6 3 2 1
        13.95421964772037     1.00368339983139E-01    -3.06810024687265E-01    -7.63243301636379E-01     1.77080034367385E-02    -1.38679970488331E-01     3.38135095295185E-02     1.24863549129557E-01     2.09947737562980E-03     6.72492044826411E-02     7.22084912691943E-02    -2.76114374845089E-02    -5.20553485005910E-02
         9.57287863929891     9.41674903563607E-01     2.03275633379428E-02    -3.51573560220789E-02    -1.66564634475392E-01    -1.04870992792869E-01    -1.49220202251591E-01    -2.61583851924877E-01     4.57789122135033E-02    -1.93807981613908E-01    -1.36497160376800E-01     4.67887262492592E-02     9.75260446994709E-02
         5.60138850618403     7.13650160174425E-02     8.21517475443100E-01     1.78483624069103E-02     2.38554044560428E-01    -2.40379135048505E-01    -1.71136227364894E-01     1.76486812212116E-01    -1.20072460621882E-01     2.39729610615956E-01     6.49614841464884E-02    -4.74312329890262E-03    -6.56330619288362E-02
         0.72794989988266     1.83007143635405E-01    -7.89908088129429E-02     4.54116254547406E-01    -3.28279630810418E-01    -3.51081766594270E-03     6.00632468430057E-01     6.16718250195221E-01     2.91608736325588E-01    -7.21235225675954E-01     4.72734874710589E-01    -5.92362652186945E-01     4.26098743866380E-01
         0.28871698075476     1.93515003105110E-01    -3.66903000734892E-01     3.58787970905869E-01     6.41545634032352E-01     2.73342462221550E-01    -3.21061914990547E-01    -6.97837412515581E-01     3.74057148052608E-01    -4.07346759989190E-01     5.22186440326145E-01    -3.77482358857481E-01     8.50676866125136E-01
         0.10924508150347    -6.68456931007021E-02     7.65774604935902E-02     2.04419229557157E-02    -5.84821485890165E-01     5.26028859198313E-01    -5.44196740863749E-01     1.21264852996185E-01     7.40153086561754E-01     3.60778430102760E-01     6.65239764550297E-01     6.56361729552449E-01    -2.11189291076454E-01
         0.03910869421965     1.50577518514077E-01     2.89554777513510E-01    -2.83790073573909E-01     2.31668146430291E-01     7.48700890800742E-01     4.32795750140982E-01     5.30261126581772E-02     4.59022320736101E-01     2.90125861129564E-01     1.82300795412747E-01     2.69868048167508E-01     1.83463963026093E-01
O SVP-MOLOPT-PBE-AE
 2
 1 0 0 7 3
      2266.11882679815517    -6.53195164418799E-03     4.31511781018852E-03    -1.50255386286268E-02
       340.90332514956907    -6.49692043203330E-02    -8.38643395903432E-03     2.78970138112306E-02
        76.92814265988143    -2.68398557546813E-01     9.66356731438743E-02    -1.03149893654597E-01
        19.69260394517260    -7.46654382968193E-01     7.27513962145946E-02    -4.77845342576543E-02
         5.94653840051691    -5.84020787076508E-01     6.76448442348491E-02    -6.55152912382769E-02
         0.94188304160944     1.58317373375200E-01     7.83140450398519E-01    -5.91846167956205E-01
         0.29333843489112    -7.81743877443225E-03     6.06131205686227E-01     7.94668854066698E-01
 2 1 2 4 2 1
        16.36868614237306     1.01723539743118E-01    -2.55855611750852E-02     8.33706707858758E-03
         2.90797745788635     5.10732722414240E-01    -9.49942456369113E-02     1.82905409616553E-01
         0.75006795444374     8.35859133120747E-01    -1.43391921218567E-01     8.94419927848460E-01
         0.19193642427748     1.73620037138872E-01     9.84764047518226E-01     4.08030755106872E-01
F SVP-MOLOPT-PBE-AE
 2
 1 0 0 7 3
      2894.85760373222138    -1.89225166552882E-02    -1.69242373474079E-02     1.56429205622782E-01
       435.72006333230098    -5.47718508603712E-02     4.35884037952142E-03    -7.98432634961778E-02
        98.52635730461387    -2.73685193620500E-01     1.03734081139359E-01    -3.50907504362976E-02
        25.52164954648142    -7.37742492792940E-01     9.09854482000018E-02     1.19033433504314E-02
         7.74033527583515    -5.97666004055640E-01     7.53553007481536E-02    -4.08316440936958E-03
         1.29027540045465     1.18958584280118E-01     8.03005387331711E-01    -5.67628929674378E-01
         0.39691722964189     7.82215741311875E-02     5.74594975519432E-01     8.03469123562649E-01
 2 1 2 4 2 1
        20.86106496273842    -1.10459850494974E-01    -4.27931460741902E-02     1.87770753897563E-02
         3.47280160970880    -5.28022336274227E-01    -8.76852813264224E-03     1.42075306386988E-01
         0.85628499813330    -8.26328796839365E-01    -1.81029642926015E-01     9.03974169721402E-01
         0.22140677163303    -1.61776862802262E-01     9.82507062542321E-01     4.02855717635176E-01
