CO DZVP-MOLOPT-PBE-GTH-Q17
 1
 2 0 3 6 3 2 2 1
        13.07922726928563     3.10832475108825E-02     1.07312932016534E-02     1.07507816610909E-01     2.17418139749431E-02    -2.96276554685844E-03     2.87316110127350E-02    -1.28710597906663E-02    -2.28624523279969E-02
         6.32231714173753     4.21561917595413E-01     3.21825648650188E-02     4.08267372115142E-03    -8.89008085870519E-02    -6.25185143001882E-03     4.17106158368920E-01    -1.85418687074379E-01     2.47630834457423E-02
         2.29967297256108    -7.27212958713785E-01    -1.75332095159259E-01    -9.25958532654761E-02    -8.48960629144394E-01     1.20042402380643E-01     5.88710664264768E-01    -3.02126073256348E-01    -4.12448929464190E-02
         0.81375955104062    -3.86182955191903E-01    -4.76913603495917E-01     1.58960660934696E-01    -5.03389418671222E-01     5.61108971490584E-02     5.53008283817260E-01    -6.17920549243845E-02    -3.35758747981599E-01
         0.27911976577565    -2.49602382415341E-01     5.41306816629263E-01    -7.15137386572095E-01     9.27737448407189E-02     7.91189345229902E-01     4.01025749973422E-01     5.09180443396942E-01    -7.22420152953484E-01
         0.08178448914252    -2.84678889010115E-01     6.69065111437763E-01     6.65703714653087E-01     9.42439141721157E-02     5.97003304195631E-01     1.09438964030249E-01     7.81723160826449E-01    -6.02111403760252E-01

########################################################################################################
CL DZVP-MOLOPT-PBE-GTH-Q7
 1
 2 0 2 4 2 2 1
 1.99824811943664  4.80178625121655E-01  2.13595239647007E-01  3.37297835177395E-01  1.93550474567217E-01  9.49286028054555E-02
 1.50363082119869 -3.59931830134513E-01  5.82028670667737E-02 -4.88390621275333E-01 -2.19767298436887E-01  2.80669438798039E-01
 0.40650884550636 -5.66727788276184E-01 -6.12160145305852E-01 -6.58014497305072E-01 -3.61134655335744E-01  9.44637929647980E-01
 0.12853799110242 -5.64532709085914E-01  7.59110964460706E-01 -4.63380721190784E-01  8.85337398423952E-01  1.40969529915426E-01

F DZVP-MOLOPT-PBE-GTH-Q7
 1
 2 0 2 5 2 2 1
        13.30428004732790     1.38300641201995E-01    -4.13429187269840E-02    -9.35306094799813E-02     5.06566246623838E-02    -3.27607844899301E-02
         4.80605774544240     1.37253664661734E-01    -3.39425431978004E-02    -2.95918398172795E-01     1.05639317967558E-01     1.33212173705781E-01
         1.70698523266130    -5.18315587577063E-01     1.04830293747595E-01    -5.65287543674134E-01     3.02725510725546E-01     2.66499630071583E-01
         0.58735472443375    -8.26234910698634E-01     4.59821538585407E-02    -6.52514099592094E-01     2.40459771924833E-01     9.50816701157307E-01
         0.17874874061685    -1.03533512436824E-01    -9.91985341560913E-01    -3.97944304537121E-01    -9.14773526135829E-01     7.81459899689756E-02


