CO DZVP-MOLOPT-PBE-GTH-Q17
 1
 2 0 3 6 3 2 2 1
        15.00154284460954     3.04401051060314E-02     5.87097534152126E-03     1.47433419598727E-01     1.57785776442687E-02     1.81762863990395E-03     2.42189302990377E-02    -1.73729583344077E-02    -2.57507436842054E-02
         6.41468577143799     4.33416014458449E-01     3.55592990756930E-02    -5.51525133009701E-02    -7.21023456319557E-02    -2.02794130215983E-02     4.37528891621791E-01    -2.32213586371115E-01     2.50112332405220E-02
         2.35197007042779    -7.14942502345450E-01    -1.68232431743092E-01    -7.43877271419926E-02    -8.48576530795347E-01     9.35721360171526E-02     6.17098960282875E-01    -3.03300087004004E-01    -5.15035857780771E-02
         0.84393804193608    -3.91284023539943E-01    -4.77942720521171E-01     1.93642637621925E-01    -5.16425070442220E-01     1.05347331090283E-02     5.46983565796906E-01    -2.81376862185929E-02    -2.73927286411039E-01
         0.30095668687951    -2.85524904595452E-01     5.06606010348284E-01    -7.21740648853539E-01     4.86386658767066E-02     7.81416246888463E-01     3.51482204460644E-01     7.69816834414360E-01    -8.05888577496639E-01
         0.09303673844269    -2.55838852659764E-01     6.96649139084666E-01     6.41311950457776E-01     7.35498907253302E-02     6.16528479059877E-01     6.66335075225671E-02     5.10268948607748E-01    -5.21120101784058E-01
F DZVP-MOLOPT-PBE-GTH-Q7
 1
 2 0 2 5 2 2 1
        13.30428004732790     1.38300641201995E-01    -4.13429187269840E-02    -9.35306094799813E-02     5.06566246623838E-02    -3.27607844899301E-02
         4.80605774544240     1.37253664661734E-01    -3.39425431978004E-02    -2.95918398172795E-01     1.05639317967558E-01     1.33212173705781E-01
         1.70698523266130    -5.18315587577063E-01     1.04830293747595E-01    -5.65287543674134E-01     3.02725510725546E-01     2.66499630071583E-01
         0.58735472443375    -8.26234910698634E-01     4.59821538585404E-02    -6.52514099592094E-01     2.40459771924833E-01     9.50816701157307E-01
         0.17874874061685    -1.03533512436824E-01    -9.91985341560913E-01    -3.97944304537121E-01    -9.14773526135829E-01     7.81459899689756E-02
CL DZVP-MOLOPT-PBE-GTH-Q7
 1
 2 0 2 4 2 2 1
         1.99824811943664     4.80178625121655E-01     2.13595239646808E-01     3.37297835177395E-01     1.93550474567217E-01     9.49286028054555E-02
         1.50363082119869    -3.59931830134513E-01     5.82028670666379E-02    -4.88390621275333E-01    -2.19767298436887E-01     2.80669438798039E-01
         0.40650884550636    -5.66727788276184E-01    -6.12160145305935E-01    -6.58014497305072E-01    -3.61134655335744E-01     9.44637929647980E-01
         0.12853799110242    -5.64532709085914E-01     7.59110964460706E-01    -4.63380721190784E-01     8.85337398423951E-01     1.40969529915426E-01
