CO TZV2P-MOLOPT-PBE-GTH-Q17
 1
 2 0 3 6 4 3 3 2
        15.00154284460954    -2.53503186716526E-01    -1.19032703639895E-01     9.13017977384246E-01     2.12784770458285E-02     1.27816301375461E-02     9.71288412335750E-03    -2.09838203199632E-02     1.86472101094259E-02    -5.95783807490221E-02    -4.65052477077746E-01    -6.47920196934969E-03    -1.49292740458480E-01
         6.41468577143799     3.92226248359236E-01     1.71959343853661E-01     1.22869268595973E-01     8.04848071658007E-01    -5.37474875200477E-02    -5.35804372749676E-02     4.71023586250340E-02     4.16854714585579E-01    -2.51635132332927E-01     4.26846691808978E-01     2.61678503246504E-03     1.63448331623777E-01
         2.35197007042779    -5.39425443349975E-01    -3.59007640517106E-01    -3.77128919891866E-01     2.96834414424556E-01    -8.00535998145371E-01    -2.95729424947171E-01     7.63986129042147E-02     5.83501337241014E-01    -3.88562862028824E-01    -3.22797432427850E-01    -4.02559297174249E-02     3.99943848497942E-02
         0.84393804193608    -2.31302495003818E-01    -6.26435374724902E-01     7.90756201828736E-02     2.10679408390788E-01    -4.61652928929955E-01    -2.35459836302695E-01    -8.23429003381361E-02     5.46673933100044E-01    -5.79262747370876E-02     2.18403733210909E-01    -3.00356815098012E-01    -2.01421506599197E-01
         0.30095668687951    -3.96125717936588E-01     3.97762924261859E-01    -4.07754876546612E-02     4.46158584638665E-01    -3.23674360971427E-01     7.52761259065065E-01    -5.70468911961040E-01     4.12356412119511E-01     7.28408820755284E-01    -4.08897373399565E-01    -9.30449583407586E-01    -1.43724668030757E-01
         0.09303673844269    -5.29621059705446E-01     5.26059018506347E-01     3.40514241741052E-02    -1.42171876999492E-01    -1.95451872464388E-01     5.36179126955658E-01     8.11966234700028E-01     1.28531778847533E-01     4.98211015048909E-01     5.31443938924931E-01    -2.05864005744930E-01     9.42427379799126E-01
CO TZVP-MOLOPT-PBE-GTH-q17
 1
 2 0 3 6 4 3 3 1
        15.00154284460954    -2.53503186716526E-01    -1.19032703639895E-01     9.13017977384246E-01     2.12784770458285E-02     1.27816301375461E-02     9.71288412335750E-03    -2.09838203199632E-02     1.86472101094259E-02    -5.95783807490221E-02    -4.65052477077746E-01    -6.47920196934969E-03
         6.41468577143799     3.92226248359236E-01     1.71959343853661E-01     1.22869268595973E-01     8.04848071658007E-01    -5.37474875200477E-02    -5.35804372749676E-02     4.71023586250340E-02     4.16854714585579E-01    -2.51635132332927E-01     4.26846691808978E-01     2.61678503246504E-03
         2.35197007042779    -5.39425443349975E-01    -3.59007640517106E-01    -3.77128919891866E-01     2.96834414424556E-01    -8.00535998145371E-01    -2.95729424947171E-01     7.63986129042147E-02     5.83501337241014E-01    -3.88562862028824E-01    -3.22797432427850E-01    -4.02559297174249E-02
         0.84393804193608    -2.31302495003818E-01    -6.26435374724902E-01     7.90756201828736E-02     2.10679408390788E-01    -4.61652928929955E-01    -2.35459836302695E-01    -8.23429003381361E-02     5.46673933100044E-01    -5.79262747370876E-02     2.18403733210909E-01    -3.00356815098012E-01
         0.30095668687951    -3.96125717936588E-01     3.97762924261859E-01    -4.07754876546612E-02     4.46158584638665E-01    -3.23674360971427E-01     7.52761259065065E-01    -5.70468911961040E-01     4.12356412119511E-01     7.28408820755284E-01    -4.08897373399565E-01    -9.30449583407586E-01
         0.09303673844269    -5.29621059705446E-01     5.26059018506347E-01     3.40514241741052E-02    -1.42171876999492E-01    -1.95451872464388E-01     5.36179126955658E-01     8.11966234700028E-01     1.28531778847533E-01     4.98211015048909E-01     5.31443938924931E-01    -2.05864005744930E-01
CO DZVP-MOLOPT-PBE-GTH-q17
 1
 2 0 3 6 3 2 2 1
        15.00154284460954    -2.53503186716526E-01    -1.19032703639895E-01     9.13017977384246E-01     1.27816301375461E-02     9.71288412335750E-03     1.86472101094259E-02    -5.95783807490221E-02    -6.47920196934969E-03
         6.41468577143799     3.92226248359236E-01     1.71959343853661E-01     1.22869268595973E-01    -5.37474875200477E-02    -5.35804372749676E-02     4.16854714585579E-01    -2.51635132332927E-01     2.61678503246504E-03
         2.35197007042779    -5.39425443349975E-01    -3.59007640517106E-01    -3.77128919891866E-01    -8.00535998145371E-01    -2.95729424947171E-01     5.83501337241014E-01    -3.88562862028824E-01    -4.02559297174249E-02
         0.84393804193608    -2.31302495003818E-01    -6.26435374724902E-01     7.90756201828736E-02    -4.61652928929955E-01    -2.35459836302695E-01     5.46673933100044E-01    -5.79262747370876E-02    -3.00356815098012E-01
         0.30095668687951    -3.96125717936588E-01     3.97762924261859E-01    -4.07754876546612E-02    -3.23674360971427E-01     7.52761259065065E-01     4.12356412119511E-01     7.28408820755284E-01    -9.30449583407586E-01
         0.09303673844269    -5.29621059705446E-01     5.26059018506347E-01     3.40514241741052E-02    -1.95451872464388E-01     5.36179126955658E-01     1.28531778847533E-01     4.98211015048909E-01    -2.05864005744930E-01
CL TZV2P-MOLOPT-PBE-GTH-Q7
 1
 2 0 3 4 3 3 2 1
         1.99824811943664     4.33846894941631E-01     3.07041170622732E-01     1.75957585523759E-02     3.45339975324402E-01     1.79965250304009E-01    -3.72667358036020E-01     9.05635141754461E-02    -2.17425270215822E-01    -1.43769165568981E-01
         1.50363082119869    -3.38194302379175E-01    -3.89997660747775E-02    -9.17322433894228E-01    -4.97369383451272E-01    -2.01781984518266E-01    -8.34831128966391E-01     2.85556761650639E-01     9.18680132432251E-01     4.08136672326571E-01
         0.40650884550636    -5.13548002397481E-01    -6.29188376955880E-01     3.25113335470044E-01    -6.70835040884209E-01    -3.34082727506389E-01     4.03493031418158E-01     9.41536415237722E-01    -2.84903780503556E-01     9.00979681734397E-01
         0.12853799110242    -6.58536206158268E-01     7.12970352884578E-01     2.29153356193791E-01    -4.28187278851352E-01     9.02931487206409E-01     3.70054044720497E-02     1.54158245180379E-01     1.66081010355251E-01     3.14721596903698E-02
CL TZVP-MOLOPT-PBE-GTH-q7
 1
 2 0 2 4 3 3 1
         1.99824811943664     4.33846894941631E-01     3.07041170622732E-01     1.75957585523759E-02     3.45339975324402E-01     1.79965250304009E-01    -3.72667358036020E-01     9.05635141754461E-02
         1.50363082119869    -3.38194302379175E-01    -3.89997660747775E-02    -9.17322433894228E-01    -4.97369383451272E-01    -2.01781984518266E-01    -8.34831128966391E-01     2.85556761650639E-01
         0.40650884550636    -5.13548002397481E-01    -6.29188376955880E-01     3.25113335470044E-01    -6.70835040884209E-01    -3.34082727506389E-01     4.03493031418158E-01     9.41536415237722E-01
         0.12853799110242    -6.58536206158268E-01     7.12970352884578E-01     2.29153356193791E-01    -4.28187278851352E-01     9.02931487206409E-01     3.70054044720497E-02     1.54158245180379E-01
CL DZVP-MOLOPT-PBE-GTH-q7
 1
 2 0 2 4 2 2 1
         1.99824811943664     4.33846894941631E-01     3.07041170622732E-01     3.45339975324402E-01     1.79965250304009E-01     9.05635141754461E-02
         1.50363082119869    -3.38194302379175E-01    -3.89997660747775E-02    -4.97369383451272E-01    -2.01781984518266E-01     2.85556761650639E-01
         0.40650884550636    -5.13548002397481E-01    -6.29188376955880E-01    -6.70835040884209E-01    -3.34082727506389E-01     9.41536415237722E-01
         0.12853799110242    -6.58536206158268E-01     7.12970352884578E-01    -4.28187278851352E-01     9.02931487206409E-01     1.54158245180379E-01
F TZV2P-MOLOPT-PBE-GTH-Q7
 1
 2 0 3 5 3 3 2 1
        13.30428004732790     1.38292090777636E-01    -4.13851185732434E-02    -3.68601172475513E-01    -9.35531482386367E-02     5.06296345689289E-02     1.31156005847365E-01    -3.26022751966033E-02     1.00541308351024E-01     9.72064409635608E-05
         4.80605774544240     1.37268979809070E-01    -3.39565337061055E-02    -2.68712697428403E-01    -2.95910126104609E-01     1.05677150923709E-01    -3.03933997040743E-01     1.33191225710905E-01    -4.08920622745241E-01     5.04092340544058E-06
         1.70698523266130    -5.18264453672791E-01     1.04861752881122E-01     6.94838249064691E-01    -5.65276724858415E-01     3.02716360438154E-01     7.47866109869779E-01     2.66499643835383E-01    -8.18034852203344E-01     5.83002400834836E-05
         0.58735472443375    -8.26267224974586E-01     4.59440905301858E-02    -5.51244775686392E-01    -6.52493507471700E-01     2.40526134346493E-01    -5.71224059806739E-01     9.50822081343244E-01     3.09737546860849E-01     9.99999990598423E-01
         0.17874874061685    -1.03522721189923E-01    -9.91981541717081E-01     7.24959778581021E-02    -3.97994287350983E-01    -9.14756231842929E-01     6.94376178966045E-02     7.81824693351836E-02    -2.39910404638869E-01    -7.70047573235798E-05
F TZVP-MOLOPT-PBE-GTH-q7
 1
 2 0 2 5 3 3 1
        13.30428004732790     1.38292090777636E-01    -4.13851185732434E-02    -3.68601172475513E-01    -9.35531482386367E-02     5.06296345689289E-02     1.31156005847365E-01    -3.26022751966033E-02
         4.80605774544240     1.37268979809070E-01    -3.39565337061055E-02    -2.68712697428403E-01    -2.95910126104609E-01     1.05677150923709E-01    -3.03933997040743E-01     1.33191225710905E-01
         1.70698523266130    -5.18264453672791E-01     1.04861752881122E-01     6.94838249064691E-01    -5.65276724858415E-01     3.02716360438154E-01     7.47866109869779E-01     2.66499643835383E-01
         0.58735472443375    -8.26267224974586E-01     4.59440905301858E-02    -5.51244775686392E-01    -6.52493507471700E-01     2.40526134346493E-01    -5.71224059806739E-01     9.50822081343244E-01
         0.17874874061685    -1.03522721189923E-01    -9.91981541717081E-01     7.24959778581021E-02    -3.97994287350983E-01    -9.14756231842929E-01     6.94376178966045E-02     7.81824693351836E-02
F DZVP-MOLOPT-PBE-GTH-q7
 1
 2 0 2 5 2 2 1
        13.30428004732790     1.38292090777636E-01    -4.13851185732434E-02    -9.35531482386367E-02     5.06296345689289E-02    -3.26022751966033E-02
         4.80605774544240     1.37268979809070E-01    -3.39565337061055E-02    -2.95910126104609E-01     1.05677150923709E-01     1.33191225710905E-01
         1.70698523266130    -5.18264453672791E-01     1.04861752881122E-01    -5.65276724858415E-01     3.02716360438154E-01     2.66499643835383E-01
         0.58735472443375    -8.26267224974586E-01     4.59440905301858E-02    -6.52493507471700E-01     2.40526134346493E-01     9.50822081343244E-01
         0.17874874061685    -1.03522721189923E-01    -9.91981541717081E-01    -3.97994287350983E-01    -9.14756231842929E-01     7.81824693351836E-02
