CO TZV2P-MOLOPT-PBE-GTH-Q17
 1
 2 0 3 6 4 3 3 2
        15.00154284460954     3.04401051060314E-02     5.87097534152124E-03     1.47433419598727E-01    -4.66401318514987E-01     1.57785776442687E-02     1.81762863990395E-03    -2.91001719730669E-03     2.42189302990377E-02    -1.73729583344077E-02     8.45677432771022E-03    -2.57507436842054E-02    -1.57228961412633E-02
         6.41468577143799     4.33416014458449E-01     3.55592990756928E-02    -5.51525133009702E-02     6.23638740929122E-01    -7.21023456319557E-02    -2.02794130215983E-02     2.27148736703140E-02     4.37528891621791E-01    -2.32213586371115E-01     1.04191987805617E-01     2.50112332405220E-02     1.52713656517363E-02
         2.35197007042779    -7.14942502345450E-01    -1.68232431743092E-01    -7.43877271419925E-02    -9.24318882620506E-02    -8.48576530795348E-01     9.35721360171526E-02     6.02485842539331E-03     6.17098960282875E-01    -3.03300087004004E-01     1.32541661619177E-01    -5.15035857780771E-02    -3.14470735300761E-02
         0.84393804193608    -3.91284023539943E-01    -4.77942720521171E-01     1.93642637621925E-01     5.57852574609499E-01    -5.16425070442220E-01     1.05347331090283E-02     4.01689738600122E-02     5.46983565796906E-01    -2.81376862185928E-02    -2.57626341915753E-02    -2.73927286411039E-01    -1.67254597665875E-01
         0.30095668687951    -2.85524904595452E-01     5.06606010348284E-01    -7.21740648853539E-01     1.89356650929707E-01     4.86386658767066E-02     7.81416246888463E-01    -6.19146729662391E-01     3.51482204460644E-01     7.69816834414360E-01    -4.85444055991872E-01    -8.05888577496639E-01    -4.92059668675974E-01
         0.09303673844269    -2.55838852659764E-01     6.96649139084666E-01     6.41311950457776E-01     1.94795894932034E-01     7.35498907253303E-02     6.16528479059877E-01     7.83889691271934E-01     6.66335075225671E-02     5.10268948607748E-01     8.57429633125648E-01    -5.21120101784058E-01     8.53483356320774E-01
CO TZVP-MOLOPT-PBE-GTH-q17
 1
 2 0 3 6 4 3 3 1
        15.00154284460954     3.04401051060314E-02     5.87097534152124E-03     1.47433419598727E-01    -4.66401318514987E-01     1.57785776442687E-02     1.81762863990395E-03    -2.91001719730669E-03     2.42189302990377E-02    -1.73729583344077E-02     8.45677432771022E-03    -2.57507436842054E-02
         6.41468577143799     4.33416014458449E-01     3.55592990756928E-02    -5.51525133009702E-02     6.23638740929122E-01    -7.21023456319557E-02    -2.02794130215983E-02     2.27148736703140E-02     4.37528891621791E-01    -2.32213586371115E-01     1.04191987805617E-01     2.50112332405220E-02
         2.35197007042779    -7.14942502345450E-01    -1.68232431743092E-01    -7.43877271419925E-02    -9.24318882620506E-02    -8.48576530795348E-01     9.35721360171526E-02     6.02485842539331E-03     6.17098960282875E-01    -3.03300087004004E-01     1.32541661619177E-01    -5.15035857780771E-02
         0.84393804193608    -3.91284023539943E-01    -4.77942720521171E-01     1.93642637621925E-01     5.57852574609499E-01    -5.16425070442220E-01     1.05347331090283E-02     4.01689738600122E-02     5.46983565796906E-01    -2.81376862185928E-02    -2.57626341915753E-02    -2.73927286411039E-01
         0.30095668687951    -2.85524904595452E-01     5.06606010348284E-01    -7.21740648853539E-01     1.89356650929707E-01     4.86386658767066E-02     7.81416246888463E-01    -6.19146729662391E-01     3.51482204460644E-01     7.69816834414360E-01    -4.85444055991872E-01    -8.05888577496639E-01
         0.09303673844269    -2.55838852659764E-01     6.96649139084666E-01     6.41311950457776E-01     1.94795894932034E-01     7.35498907253303E-02     6.16528479059877E-01     7.83889691271934E-01     6.66335075225671E-02     5.10268948607748E-01     8.57429633125648E-01    -5.21120101784058E-01
CO DZVP-MOLOPT-PBE-GTH-q17
 1
 2 0 3 6 3 2 2 1
        15.00154284460954     3.04401051060314E-02     5.87097534152124E-03     1.47433419598727E-01     1.57785776442687E-02     1.81762863990395E-03     2.42189302990377E-02    -1.73729583344077E-02    -2.57507436842054E-02
         6.41468577143799     4.33416014458449E-01     3.55592990756928E-02    -5.51525133009702E-02    -7.21023456319557E-02    -2.02794130215983E-02     4.37528891621791E-01    -2.32213586371115E-01     2.50112332405220E-02
         2.35197007042779    -7.14942502345450E-01    -1.68232431743092E-01    -7.43877271419925E-02    -8.48576530795348E-01     9.35721360171526E-02     6.17098960282875E-01    -3.03300087004004E-01    -5.15035857780771E-02
         0.84393804193608    -3.91284023539943E-01    -4.77942720521171E-01     1.93642637621925E-01    -5.16425070442220E-01     1.05347331090283E-02     5.46983565796906E-01    -2.81376862185928E-02    -2.73927286411039E-01
         0.30095668687951    -2.85524904595452E-01     5.06606010348284E-01    -7.21740648853539E-01     4.86386658767066E-02     7.81416246888463E-01     3.51482204460644E-01     7.69816834414360E-01    -8.05888577496639E-01
         0.09303673844269    -2.55838852659764E-01     6.96649139084666E-01     6.41311950457776E-01     7.35498907253303E-02     6.16528479059877E-01     6.66335075225671E-02     5.10268948607748E-01    -5.21120101784058E-01
CL TZV2P-MOLOPT-PBE-GTH-Q7
 1
 2 0 3 4 3 3 2 1
         1.99824811943664     4.33846894941631E-01     3.07041170622732E-01     1.75957585523759E-02     3.45339975324402E-01     1.79965250304009E-01    -3.72667358036020E-01     9.05635141754461E-02    -2.17425270215822E-01    -1.43769165568981E-01
         1.50363082119869    -3.38194302379175E-01    -3.89997660747777E-02    -9.17322433894228E-01    -4.97369383451272E-01    -2.01781984518266E-01    -8.34831128966391E-01     2.85556761650639E-01     9.18680132432251E-01     4.08136672326571E-01
         0.40650884550636    -5.13548002397481E-01    -6.29188376955880E-01     3.25113335470044E-01    -6.70835040884209E-01    -3.34082727506389E-01     4.03493031418158E-01     9.41536415237722E-01    -2.84903780503556E-01     9.00979681734397E-01
         0.12853799110242    -6.58536206158268E-01     7.12970352884578E-01     2.29153356193791E-01    -4.28187278851352E-01     9.02931487206409E-01     3.70054044720497E-02     1.54158245180379E-01     1.66081010355251E-01     3.14721596903698E-02
CL TZVP-MOLOPT-PBE-GTH-q7
 1
 2 0 2 4 3 3 1
         1.99824811943664     4.33846894941631E-01     3.07041170622732E-01     1.75957585523759E-02     3.45339975324402E-01     1.79965250304009E-01    -3.72667358036020E-01     9.05635141754461E-02
         1.50363082119869    -3.38194302379175E-01    -3.89997660747777E-02    -9.17322433894228E-01    -4.97369383451272E-01    -2.01781984518266E-01    -8.34831128966391E-01     2.85556761650639E-01
         0.40650884550636    -5.13548002397481E-01    -6.29188376955880E-01     3.25113335470044E-01    -6.70835040884209E-01    -3.34082727506389E-01     4.03493031418158E-01     9.41536415237722E-01
         0.12853799110242    -6.58536206158268E-01     7.12970352884578E-01     2.29153356193791E-01    -4.28187278851352E-01     9.02931487206409E-01     3.70054044720497E-02     1.54158245180379E-01
CL DZVP-MOLOPT-PBE-GTH-q7
 1
 2 0 2 4 2 2 1
         1.99824811943664     4.33846894941631E-01     3.07041170622732E-01     3.45339975324402E-01     1.79965250304009E-01     9.05635141754461E-02
         1.50363082119869    -3.38194302379175E-01    -3.89997660747777E-02    -4.97369383451272E-01    -2.01781984518266E-01     2.85556761650639E-01
         0.40650884550636    -5.13548002397481E-01    -6.29188376955880E-01    -6.70835040884209E-01    -3.34082727506389E-01     9.41536415237722E-01
         0.12853799110242    -6.58536206158268E-01     7.12970352884578E-01    -4.28187278851352E-01     9.02931487206409E-01     1.54158245180379E-01
F TZV2P-MOLOPT-PBE-GTH-Q7
 1
 2 0 3 5 3 3 2 1
        13.30428004732790     1.38292090777636E-01    -4.13851185732434E-02    -3.68601172475513E-01    -9.35531482386367E-02     5.06296345689289E-02     1.31156005847365E-01    -3.26022751966033E-02     1.00541308351024E-01     9.72064409635608E-05
         4.80605774544240     1.37268979809070E-01    -3.39565337061055E-02    -2.68712697428403E-01    -2.95910126104609E-01     1.05677150923709E-01    -3.03933997040743E-01     1.33191225710905E-01    -4.08920622745241E-01     5.04092340544058E-06
         1.70698523266130    -5.18264453672791E-01     1.04861752881122E-01     6.94838249064691E-01    -5.65276724858415E-01     3.02716360438154E-01     7.47866109869779E-01     2.66499643835383E-01    -8.18034852203344E-01     5.83002400834836E-05
         0.58735472443375    -8.26267224974586E-01     4.59440905301858E-02    -5.51244775686392E-01    -6.52493507471700E-01     2.40526134346493E-01    -5.71224059806739E-01     9.50822081343244E-01     3.09737546860849E-01     9.99999990598423E-01
         0.17874874061685    -1.03522721189923E-01    -9.91981541717081E-01     7.24959778581021E-02    -3.97994287350983E-01    -9.14756231842929E-01     6.94376178966044E-02     7.81824693351836E-02    -2.39910404638869E-01    -7.70047573235798E-05
F TZVP-MOLOPT-PBE-GTH-q7
 1
 2 0 2 5 3 3 1
        13.30428004732790     1.38292090777636E-01    -4.13851185732434E-02    -3.68601172475513E-01    -9.35531482386367E-02     5.06296345689289E-02     1.31156005847365E-01    -3.26022751966033E-02
         4.80605774544240     1.37268979809070E-01    -3.39565337061055E-02    -2.68712697428403E-01    -2.95910126104609E-01     1.05677150923709E-01    -3.03933997040743E-01     1.33191225710905E-01
         1.70698523266130    -5.18264453672791E-01     1.04861752881122E-01     6.94838249064691E-01    -5.65276724858415E-01     3.02716360438154E-01     7.47866109869779E-01     2.66499643835383E-01
         0.58735472443375    -8.26267224974586E-01     4.59440905301858E-02    -5.51244775686392E-01    -6.52493507471700E-01     2.40526134346493E-01    -5.71224059806739E-01     9.50822081343244E-01
         0.17874874061685    -1.03522721189923E-01    -9.91981541717081E-01     7.24959778581021E-02    -3.97994287350983E-01    -9.14756231842929E-01     6.94376178966044E-02     7.81824693351836E-02
F DZVP-MOLOPT-PBE-GTH-q7
 1
 2 0 2 5 2 2 1
        13.30428004732790     1.38292090777636E-01    -4.13851185732434E-02    -9.35531482386367E-02     5.06296345689289E-02    -3.26022751966033E-02
         4.80605774544240     1.37268979809070E-01    -3.39565337061055E-02    -2.95910126104609E-01     1.05677150923709E-01     1.33191225710905E-01
         1.70698523266130    -5.18264453672791E-01     1.04861752881122E-01    -5.65276724858415E-01     3.02716360438154E-01     2.66499643835383E-01
         0.58735472443375    -8.26267224974586E-01     4.59440905301858E-02    -6.52493507471700E-01     2.40526134346493E-01     9.50822081343244E-01
         0.17874874061685    -1.03522721189923E-01    -9.91981541717081E-01    -3.97994287350983E-01    -9.14756231842929E-01     7.81824693351836E-02
