AG QZVPP-MOLOPT-PBE-Q19
 2
 1 0 2 6 2 1 1
       256.45726949236860     1.62020175998699E-02     1.54729408626723E-02    -1.01892548202660E-04     2.21323913556387E-04
        32.12596390641212    -2.06799730492820E-01    -1.90698675232060E-01     1.72372367442342E-03     2.99718029097797E-03
        13.29429829350030     7.78928587679132E-01     3.00078091928843E-01     1.05548525239207E-01     2.03356546233572E-03
         7.68957017346741    -5.72861621206105E-01     6.35488478084033E-01    -4.31213940034491E-01    -5.65010933743916E-02
         2.10185067423372     1.33156839150371E-01     6.85139577796828E-01     7.40258615797037E-01     5.03758590014659E-01
         1.15913076063033    -6.58820197518225E-02     9.26797005640085E-03     5.04904195736792E-01     8.61987089213916E-01
 1 0 4 6 5 4 3 4 2
         4.07537746053999    -1.11585598276913E-01    -1.35240542608684E-01     1.51369477941285E-02    -5.69175748768691E-02    -5.29716194551251E-02    -5.48180300490858E-02     1.25604043566919E-01     2.83747446069026E-01    -1.23896441175149E-01     1.96073586025550E-01     3.09938200048547E-02    -1.25301167513777E-01     9.97020780956477E-01    -1.07743003115564E-02    -3.23057336580825E-02    -5.40972951487779E-02     7.65426653521161E-01    -3.92972588148468E-01
         1.50534781014776     9.79650711948903E-01     5.38177782036471E-02    -7.64484373128378E-02     1.13464111463080E-01    -5.86545071263233E-02     1.41874068589704E-01    -2.17929892149424E-02     1.00810321968722E-02    -1.00518089767829E-01    -1.78235392603644E-01    -1.84099870034298E-01    -3.64470210181535E-02     1.19075572749952E-02     9.89265751427159E-01     7.90196389493658E-02     5.99122459832667E-02     6.36911299365656E-01     4.14053523103705E-01
         0.59416257100980    -7.12991446437230E-02     9.79397352644830E-01    -1.24418239864557E-01    -5.49430390689283E-02     3.15098491927289E-02     9.83209024936218E-01     6.24826422278119E-02     8.12151374266161E-02    -3.77585567192435E-02     9.62900042762937E-01    -2.97649750755412E-03     5.31094939882737E-02     3.51338503786097E-02    -7.50042055355202E-02     9.94601519917457E-01     2.19924417389643E-02     4.48804446107612E-02     7.81688760849012E-01
         0.20471353657457     5.93998442100609E-02     1.33327457355818E-01     9.83120849677761E-01     2.47027576205623E-02    -1.07364989641692E-01    -5.47853439021605E-02     9.87107963208770E-01    -5.00306197928313E-02    -5.75155623988882E-02    -3.68049419856555E-02     9.78316742749799E-01    -2.54644657146208E-02     6.11247219393464E-02    -2.92907520808898E-02    -4.11597339577101E-02     9.52886343887158E-01    -3.67709601012655E-02    -1.74449758759954E-01
         0.10092863291208    -1.35604509745167E-01     4.11603480561840E-02    -4.77947797187046E-02     9.58791780560435E-01    -2.39199202301590E-01    -7.41537204768234E-02     5.21731591081954E-03     9.52606065515885E-01    -1.68057874364544E-02    -3.12452870783733E-02     4.27398093156665E-02     9.60480753839833E-01    -1.25777578480130E-03     2.71576060933633E-02    -1.16343969388089E-02    -2.02978028826036E-01     5.26463997440457E-02    -1.60360199462595E-01
         0.03721211293453     2.88555757672344E-02    -1.11392494970432E-02     9.81614221240996E-02     2.46932466139207E-01     9.61258178819532E-01     4.08232453423252E-02     7.37242013552368E-02     5.31834759809489E-02     9.84646943060618E-01     1.67310972282848E-02     7.87871879973748E-02    -2.38702526622637E-01    -2.89062509877364E-02    -1.18389496712562E-01     4.06272066405119E-02     2.09303304781474E-01     4.82497005017739E-02     8.33474308455388E-02
CL QZVPP-MOLOPT-PBE-AE
 3
 1 0 0 10 1
   1467458.93775052158162     5.00027973996311E-05
    219756.22561595341540     2.92119625382510E-04
     50010.78269045410707     1.28590722749441E-03
     14164.71914344428478     6.48940441751174E-03
      4620.77877126598923     1.97871266811614E-02
      1667.78852683964556     6.65018359892871E-02
       650.34523295930057     1.78047411514083E-01
       269.43766657761569     4.24217234215202E-01
       117.09536851846944     6.88319212568402E-01
        52.76000788002602     5.56504843396412E-01
 1 0 1 8 2 2
      2501.95646798690223    -3.82883357554072E-02     8.37909091563773E-02     4.17887012633053E-04     1.59916949870661E-03
       592.94635448432632    -4.07348538060098E-02     1.30718267465741E-01     3.99041739687339E-03    -2.59213449401013E-02
       192.18114183797039     2.20528820527411E-01    -1.98966788392605E-01     2.18359541428443E-02     3.32964376441369E-02
        72.87930898689872     7.33114974004280E-01    -3.92594344886566E-01     8.68350005331845E-02    -2.17375228769997E-01
        30.43574290352728     6.34280900802578E-01     5.37964084760841E-01     2.47733889523512E-01    -2.17956740087419E-01
        13.46035723428640     7.71650835004062E-03     6.98209154610030E-01     5.32066586940945E-01    -4.48983934995352E-01
         5.97563269106637     1.31312121901711E-02     1.06376827476728E-02     7.10008437176348E-01     6.90916424895068E-01
         3.08191027511841    -9.07739768895670E-02     7.18273987087124E-02     3.78665897473595E-01    -4.73822396122835E-01
 1 0 4 6 6 4 4 2 1
         9.78337990819075     8.91563859098250E-01     4.20492586467600E-01    -1.05500184052396E-01    -6.37580026009099E-03    -1.27727899356303E-01    -2.85396905660188E-02    -1.53857744271598E-02     1.06253051057092E-01    -1.15431250361608E-01    -2.24073346383234E-02     3.39725575429827E-02     1.01895475255016E-01     3.78215008137413E-02    -4.46426713878059E-02    -6.35534933198293E-02     3.84866238399188E-02    -6.11006722560778E-02
         4.33269446539561    -4.29731410091877E-01     7.82174610574314E-01    -3.34369761244485E-01    -2.72432075009675E-01    -1.25354633131214E-01    -4.23985492338584E-02     7.30865995598478E-02    -1.69780800664228E-01     9.20852072943818E-03     3.68926930660954E-02     9.84874476080405E-01    -1.38014851189017E-01    -4.74208272594507E-02     1.83642605819759E-02     4.69010615356294E-02    -6.41463169582076E-02    -1.95982450216892E-02
         1.89618722201134    -1.08607609504601E-01     3.85249243565499E-01     8.24406939689850E-01     3.51646048346057E-01    -1.90711290748148E-01     1.07175344599850E-02     9.91627029311956E-01     8.56131566559374E-02    -7.28575131920513E-02     2.31284362812144E-02     7.90619312155555E-02     7.33791834593761E-01    -6.62746105231222E-01     4.37386186866967E-02     6.43881756150717E-01    -4.40208755319482E-01     7.22168984314687E-01
         0.75937665037877    -8.64870311670285E-02     5.72642042507304E-02    -4.40832017733930E-01     8.81987013108728E-01    -1.10544464050763E-01     6.91864630354049E-02    -7.17104623334244E-02     9.75883878241501E-01     2.82742999161818E-02    -5.63192675837824E-03     1.32325112586378E-01     6.30921978952516E-01     7.45720946790107E-01     7.09504044527997E-02     7.55448939940310E-01     4.62184592162924E-01     6.65787803325587E-01
         0.29257745973674     3.21350778484430E-02     2.43787785919905E-01     5.55589531759151E-02     1.28047138769592E-01     9.55294229503361E-01     8.63997700254051E-02     6.90556986584205E-02    -6.16188331121305E-03     9.83715665542611E-01     1.12973648641345E-01    -3.38233190166359E-02    -5.85726486891373E-02    -1.98834428606854E-02     9.93139085193975E-01    -8.21528343028837E-02     7.63814987833132E-01     1.70005500533451E-01
         0.10605356801669     1.16840788925550E-02     1.61310253462363E-02    -3.26472144512038E-04    -8.82496986965603E-02    -8.24248737035741E-02     9.92482391084379E-01    -3.44438923863824E-02     1.29554489179424E-02    -1.13078139742878E-01     9.92374501940459E-01    -6.29554636350571E-02     1.75001307873770E-01     2.43581082505283E-02    -6.63137740448836E-02    -4.15371998214924E-02    -5.99362050420123E-02     4.66830318968192E-02
