AG SVP-MOLOPT-PBE-Q19
 1
 1 0 3 7 5 3 2 1
         8.81220474640924    -3.92300368512841E-01     2.87504133933059E-01    -1.17218905942017E-01    -1.77221800197186E-01     3.73123180151537E-02     1.91711086579097E-01     2.20446651562598E-01     1.96785601321905E-01    -7.44796190989487E-02     1.87442212432560E-02    -2.66500646883271E-01
         7.47775620543427     7.11389682391933E-01     3.52274866935528E-01     3.67174953067494E-01     3.01997243405746E-01    -1.63490749712194E-01    -3.62371688158290E-01    -3.40256078155383E-01    -1.86475212527210E-01     8.51195518090044E-02    -3.76836236333133E-02     3.51395046114908E-01
         2.36404639375546    -1.38447023167940E-02     3.08724344068777E-01    -6.46664729459553E-01     2.75413510008850E-01    -3.15835259055588E-01     2.11976873781518E-01     4.43038478053477E-01     2.17806106209710E-02     3.26689376985071E-01     1.75986989107882E-01    -1.12609685613402E-01
         1.27979564897972    -1.19020515468016E-01     7.60636969945843E-01     2.02126921779980E-02    -1.94624814898089E-01    -1.43425706283872E-01     6.04947354001586E-01    -5.26064123051333E-01    -2.42439641654288E-01     4.20375459272000E-01    -4.23637548118327E-01    -6.61617370551142E-02
         0.67799667834386    -3.37334774077992E-01     2.04459012302193E-01     6.08743161416237E-01    -1.78974139643944E-01    -1.58717116097577E-02     6.06812005431196E-01     2.95091767812188E-01    -1.14227222969865E-01     8.07364875969958E-01     1.08317980071666E-01     5.59256542977243E-01
         0.18562353413353     4.06473265821652E-01     1.77779426061576E-01    -2.46755863679983E-01    -5.45740135131682E-01     6.19535575815904E-01     1.75096022737606E-01    -3.73522277746176E-01     8.70273805220470E-01     1.92401688390353E-01     6.03472313309184E-01     4.46762632105409E-01
         0.05861915656457    -2.15991472369890E-01     2.14372242572344E-01     3.74401368329783E-02     6.58630883489267E-01     6.83724711171225E-01    -1.48857971430183E-01     3.68787848352183E-01     3.11169877816769E-01    -1.22104544551902E-01     6.41776275996033E-01     5.25429233792707E-01
CL SVP-MOLOPT-PBE-AE
 3
 1 0 0 5 1
     10449.73865986333476     7.92960573941961E-03
      1571.78177464848341     6.21680867531297E-02
       357.17329535888280     2.69577117620510E-01
       100.08667457398440     7.19173472798793E-01
        30.61002596530858     6.37330325671244E-01
 1 0 0 5 3
        51.91245118574216    -1.18096328736624E-01    -6.40377047377502E-02     3.89634888740843E-02
         5.60412729707609     7.74483936348342E-01    -1.94653261999477E-01     5.74322043222265E-01
         2.19075124977087     6.12385827448821E-01     3.85229430631324E-01    -6.60064309823226E-01
         0.56484358945251    -5.02206802462349E-02     5.97599003556938E-01     4.62892544090272E-01
         0.20200153999791    -9.32167961943450E-02     6.72668563772758E-01     1.36680784044379E-01
 1 1 2 7 3 1
       307.66262352364191    -1.41860191757227E-02     4.53707609941391E-03    -4.23704216636410E-03     5.12444630001981E-03
        72.14728379673939    -8.85277776059412E-02    -4.94482703051117E-03    -1.47096881368268E-02    -3.60621072277412E-03
        22.55518606717056    -3.78386770918235E-01    -9.49655880132573E-04     2.33703317784288E-03     7.21261594348665E-03
         7.24782137179115    -7.68325377362051E-01    -8.89706781187266E-02    -6.32538811770169E-02    -8.30729065003500E-03
         2.47105439082271    -5.07191220590418E-01     1.39408082259565E-01     2.81680450028990E-02     2.51018124766366E-01
         0.54359214040661     1.77332693550757E-03     9.86199274331532E-01    -1.36123356582714E-02     8.60344615069135E-01
         0.15406764967487    -3.48579490965011E-02     3.82859289817822E-03     9.97386797034735E-01     4.43437421456475E-01
