####################################################################################################
# Lead
####################################################################################################
 Pb ccGRB-D-q4 
   2
  1  0  1  4  2  2
  0.689347852678       -0.5884443808    0.3852601215   -0.1694940315    0.0353954873
  0.333238996818        0.5570766589   -0.0030143157    0.2632953226    0.2862480434
  0.161091716713        0.5566727757   -2.8003508916    0.2087846139   -2.2839128229
  0.778736625708E-01    0.3326542123    2.6390523237    0.7038024096    1.9846452093
  2  2  2  1  1
  0.745375994042E-01    1.0000000000

 Pb ccGRB-T-q4 
   3
  1  0  1  5  3  3
  0.696187433389       -0.5712878121    0.4383741513   -1.9701652995   -0.1597786469    0.0665969772   -0.2674770148
  0.322690173870        0.5742186475   -0.3522384315    6.4676695960    0.2562734681    0.1038028706    2.7914995660
  0.149570278518        0.5974025963   -2.2202352573   -6.9387459136    0.2941752292   -1.9929577923   -3.4630291160
  0.693273921159E-01    0.2669829009    2.4388861459    2.7567918813    0.6478461160    1.9365041852    1.6233772328
  0.321339730408E-01   -0.0096888864   -0.0695297131    0.0613153758   -0.0294990123   -0.0772355838   -0.1255128998
  2  2  2  2  2
  0.235978822453        1.0000000000    0.0000000000
  0.664599969897E-01    0.0000000000    1.0000000000
  3 3 3 1 1
      0.2900000              1.0000000

 Pb ccGRB-Q-q4 
   4
  1  0  1  6  4  4
   1.56798522480        0.0132087562   -0.0037692215    0.4940809524    1.2903301786    0.0012346101   -0.0286238777    0.0743778169    1.0360151726
  0.718597681018       -0.5725818581    0.4243751712   -3.0236839354   -4.3440852310    0.1498309376   -0.0076085948    0.1027742729   -3.9796531538
  0.329328758330        0.5399589453   -0.3058441899    7.3661425441    3.4539001945   -0.2298883639   -0.1713404070   -2.5626898389    4.8691307163
  0.150929280637        0.6230930872   -2.2304382694   -7.3368961211    0.2429067433   -0.3189104998    2.0140809585    3.2286173436   -3.1402847836
  0.691699318002E-01    0.2636572914    2.4192210869    2.8740668345   -2.5969093427   -0.6388790993   -1.9251583678   -1.5117512472    0.7862101451
  0.317001409207E-01   -0.0092448239   -0.0681265732    0.0356620003    1.6873970426    0.0284314917    0.0757591212    0.1142107012    0.2457954293
  2  2  2  3  3
  0.235512846469        1.0000000000    0.0000000000    0.0000000000
  0.664211439829E-01    0.0000000000    1.0000000000    0.0000000000
  0.187326017843E-01    0.0000000000    0.0000000000    1.0000000000
  3 3 3 2 2
      0.4413000              1.0000000              0.00000000
      0.1782000              0.00000000             1.0000000
  4 4 4 1 1
      0.3881000              1.0000000


Pb aug-cc-D
    3
1 0 0 1 1
      0.0278000              1.0000000
1 1 1 1 1
      0.0197000              1.0000000
1 2 2 1 1
      0.0609000              1.0000000

Pb aug-cc-T
    4
1 0 0 1 1
      0.0251000              1.0000000
1 1 1 1 1
      0.0208000              1.0000000
1 2 2 1 1
      0.0404000              1.0000000
1 3 3 1 1
      0.1116000              1.0000000

Pb aug-cc-Q
     5
1 0 0 1 1
      0.0216000              1.0000000
1 1 1 1 1
      0.0137000              1.0000000
1 2 2 1 1
      0.0339000              1.0000000
1 3 3 1 1
      0.0723000              1.0000000
1 4 4 1 1
      0.1746000              1.0000000

