#
# Generated with CP2K Atom Code
#
 Pb ccGRB-VAL-0
   1
  1  0  1  4  1  1
  0.689347852678       -0.5884443808   -0.1694940315
  0.333238996818        0.5570766589    0.2632953226
  0.161091716713        0.5566727757    0.2087846139
  0.778736625708E-01    0.3326542123    0.7038024096

 Pb ccGRB-VAL-1
   1
  1  0  1  4  2  2
  0.689347852678       -0.5884443808    0.3852601215   -0.1694940315    0.0353954873
  0.333238996818        0.5570766589   -0.0030143157    0.2632953226    0.2862480434
  0.161091716713        0.5566727757   -2.8003508916    0.2087846139   -2.2839128229
  0.778736625708E-01    0.3326542123    2.6390523237    0.7038024096    1.9846452093

 Pb ccGRB-POL-1
   1
  2  2  2  1  1
  0.745375994042E-01    1.0000000000

 Pb ccGRB-EXT
   1
  1  0  1  1  2  1
  0.261737944805E-01    1.0000000000    6.0825398063    6.0825398063

