CD TZV2P-MOLOPT-PBE-GTH-Q12
 1
 2 0 3 5 3 3 3 2
         2.55560482126396     5.35259389665903E-02    -6.24871417078461E-02    -2.44750943197587E-01    -3.10557138654090E-03    -4.51471851801847E-02     4.95288016553059E-01    -4.69210159640236E-01    -4.36476920520022E-03    -9.81792212416582E-03    -1.00570111811859E-02    -5.85676782706487E-03
         1.22087664423366    -1.26721502482261E-01     1.82542672615949E-01     8.48445115124696E-01    -6.88864879568560E-02     1.36946957261954E-01    -7.39688605954602E-01    -6.77964045069899E-01    -3.94486584513382E-01     4.53127728114464E-01    -2.13371045397577E-02     9.41190181185531E-03
         0.53090757650415    -4.39408103279298E-01     1.15435392177201E-01     2.93085480222168E-01     1.51052337883151E-01     2.57183362415415E-01     4.40096936086960E-01    -5.18485633560705E-01     3.34851989789827E-01    -3.89763542891627E-01    -6.51173567268788E-01    -8.34469930331242E-02
         0.22057315545332     6.79819747303587E-01    -5.57478178079980E-01     3.66522303290693E-01    -6.58564684562710E-02    -9.50939922771122E-01     5.87014042005680E-04    -2.26632505426917E-01     4.09418640976577E-01    -4.55475917117980E-01    -7.55724344978213E-01    -1.47108154196995E-02
         0.07088369574410     5.70825949493329E-01     7.99165990888584E-01     4.06076789376405E-04     9.83916217970735E-01    -9.36869464960379E-02    -1.17749263867164E-01    -4.11521055543761E-03     7.51406550931943E-01     6.59700644214548E-01    -6.55536741430433E-02     9.96341962198883E-01
CD TZVP-MOLOPT-PBE-GTH-q12
 1
 2 0 3 5 3 3 3 1
         2.55560482126396     5.35259389665903E-02    -6.24871417078461E-02    -2.44750943197587E-01    -3.10557138654090E-03    -4.51471851801847E-02     4.95288016553059E-01    -4.69210159640236E-01    -4.36476920520022E-03    -9.81792212416582E-03    -1.00570111811859E-02
         1.22087664423366    -1.26721502482261E-01     1.82542672615949E-01     8.48445115124696E-01    -6.88864879568560E-02     1.36946957261954E-01    -7.39688605954602E-01    -6.77964045069899E-01    -3.94486584513382E-01     4.53127728114464E-01    -2.13371045397577E-02
         0.53090757650415    -4.39408103279298E-01     1.15435392177201E-01     2.93085480222168E-01     1.51052337883151E-01     2.57183362415415E-01     4.40096936086960E-01    -5.18485633560705E-01     3.34851989789827E-01    -3.89763542891627E-01    -6.51173567268788E-01
         0.22057315545332     6.79819747303587E-01    -5.57478178079980E-01     3.66522303290693E-01    -6.58564684562710E-02    -9.50939922771122E-01     5.87014042005680E-04    -2.26632505426917E-01     4.09418640976577E-01    -4.55475917117980E-01    -7.55724344978213E-01
         0.07088369574410     5.70825949493329E-01     7.99165990888584E-01     4.06076789376405E-04     9.83916217970735E-01    -9.36869464960379E-02    -1.17749263867164E-01    -4.11521055543761E-03     7.51406550931943E-01     6.59700644214548E-01    -6.55536741430433E-02
CD DZVP-MOLOPT-PBE-GTH-q12
 1
 2 0 3 5 2 2 2 1
         2.55560482126396     5.35259389665903E-02    -6.24871417078461E-02    -3.10557138654090E-03    -4.51471851801847E-02    -4.69210159640236E-01    -4.36476920520022E-03    -1.00570111811859E-02
         1.22087664423366    -1.26721502482261E-01     1.82542672615949E-01    -6.88864879568560E-02     1.36946957261954E-01    -6.77964045069899E-01    -3.94486584513382E-01    -2.13371045397577E-02
         0.53090757650415    -4.39408103279298E-01     1.15435392177201E-01     1.51052337883151E-01     2.57183362415415E-01    -5.18485633560705E-01     3.34851989789827E-01    -6.51173567268788E-01
         0.22057315545332     6.79819747303587E-01    -5.57478178079980E-01    -6.58564684562710E-02    -9.50939922771122E-01    -2.26632505426917E-01     4.09418640976577E-01    -7.55724344978213E-01
         0.07088369574410     5.70825949493329E-01     7.99165990888584E-01     9.83916217970735E-01    -9.36869464960379E-02    -4.11521055543761E-03     7.51406550931943E-01    -6.55536741430433E-02
H TZV2P-MOLOPT-PBE-GTH-Q1
 1
 2 0 2 5 3 2 1
         9.42354063693337     1.73389254674243E-02    -1.21441381781897E-01     8.48842952201243E-01    -8.76722314909129E-02     1.38509912982294E-01     1.01583846424117E-05
         2.22615949373757     1.93701953472634E-01    -1.18295700700916E-01     4.34966851840939E-01     2.94035801652179E-01    -4.64264354132394E-01    -5.41805899933135E-06
         0.63906011750762     5.93968178416321E-01    -1.91886640436410E-01     8.47731161618519E-02     4.09268475073086E-01    -6.46177309023364E-01    -2.13029117448260E-05
         0.31891311049636     2.87977189530933E-01     9.48793640784133E-01     1.29845157344792E-01     1.56986057354678E-01    -2.47870371773730E-01     1.00804100896023E-05
         0.16139156624546     7.25568643357183E-01    -1.85008817130971E-01    -2.57338753762772E-01     8.44814311123899E-01     5.35059601902204E-01     9.99999999656012E-01
H TZVP-MOLOPT-PBE-GTH-q1
 1
 2 0 1 5 3 1
         9.42354063693337     1.73389254674243E-02    -1.21441381781897E-01     8.48842952201243E-01    -8.76722314909129E-02
         2.22615949373757     1.93701953472634E-01    -1.18295700700916E-01     4.34966851840939E-01     2.94035801652179E-01
         0.63906011750762     5.93968178416321E-01    -1.91886640436410E-01     8.47731161618519E-02     4.09268475073086E-01
         0.31891311049636     2.87977189530933E-01     9.48793640784133E-01     1.29845157344792E-01     1.56986057354678E-01
         0.16139156624546     7.25568643357183E-01    -1.85008817130971E-01    -2.57338753762772E-01     8.44814311123899E-01
H DZVP-MOLOPT-PBE-GTH-q1
 1
 2 0 1 5 2 1
         9.42354063693337     1.73389254674243E-02    -1.21441381781897E-01    -8.76722314909129E-02
         2.22615949373757     1.93701953472634E-01    -1.18295700700916E-01     2.94035801652179E-01
         0.63906011750762     5.93968178416321E-01    -1.91886640436410E-01     4.09268475073086E-01
         0.31891311049636     2.87977189530933E-01     9.48793640784133E-01     1.56986057354678E-01
         0.16139156624546     7.25568643357183E-01    -1.85008817130971E-01     8.44814311123899E-01
C TZV2P-MOLOPT-PBE-GTH-Q4
 1
 2 0 3 5 3 3 2 1
         5.26168129831067    -1.61141917378974E-01     9.96686652890171E-02    -1.17238307580140E-01    -9.87481588337120E-02     8.04369823930186E-02     7.08590015603763E-02    -7.94823942452603E-02     1.04464800757986E-01    -1.15487166610279E-05
         1.93765185829818    -1.80855958455182E-01     2.07650729566158E-01    -3.33811408541760E-01    -2.33439340416087E-01     3.08796108490828E-01     4.56576584711807E-01     2.69082041591327E-01    -3.53701545984790E-01     9.95236583846123E-02
         0.75874037796781     4.91788265416699E-01    -4.16657014983378E-01     5.95870904155683E-01    -5.45250710497427E-01     4.47197164192854E-01     3.99065341940114E-01     5.09051672136440E-01    -6.69295761141920E-01    -1.83046665174320E-05
         0.29195902016920     8.01306792979118E-01     6.03691230508770E-02    -5.88930355080236E-01    -6.71258492279101E-01     5.58623031841720E-02    -7.14283704651730E-01     7.95918282332624E-01     6.05404067152161E-01     9.95035195799905E-01
         0.09607356854063     2.39533150688254E-01     8.77325385770500E-01     4.15841346199326E-01    -4.33438086372545E-01    -8.33707955260866E-01     3.42143926326319E-01     1.69286404775650E-01    -2.22511620738430E-01    -8.52958759292650E-06
C TZVP-MOLOPT-PBE-GTH-q4
 1
 2 0 2 5 3 3 1
         5.26168129831067    -1.61141917378974E-01     9.96686652890171E-02    -1.17238307580140E-01    -9.87481588337120E-02     8.04369823930186E-02     7.08590015603763E-02    -7.94823942452603E-02
         1.93765185829818    -1.80855958455182E-01     2.07650729566158E-01    -3.33811408541760E-01    -2.33439340416087E-01     3.08796108490828E-01     4.56576584711807E-01     2.69082041591327E-01
         0.75874037796781     4.91788265416699E-01    -4.16657014983378E-01     5.95870904155683E-01    -5.45250710497427E-01     4.47197164192854E-01     3.99065341940114E-01     5.09051672136440E-01
         0.29195902016920     8.01306792979118E-01     6.03691230508770E-02    -5.88930355080236E-01    -6.71258492279101E-01     5.58623031841720E-02    -7.14283704651730E-01     7.95918282332624E-01
         0.09607356854063     2.39533150688254E-01     8.77325385770500E-01     4.15841346199326E-01    -4.33438086372545E-01    -8.33707955260866E-01     3.42143926326319E-01     1.69286404775650E-01
C DZVP-MOLOPT-PBE-GTH-q4
 1
 2 0 2 5 2 2 1
         5.26168129831067    -1.61141917378974E-01     9.96686652890171E-02    -9.87481588337120E-02     8.04369823930186E-02    -7.94823942452603E-02
         1.93765185829818    -1.80855958455182E-01     2.07650729566158E-01    -2.33439340416087E-01     3.08796108490828E-01     2.69082041591327E-01
         0.75874037796781     4.91788265416699E-01    -4.16657014983378E-01    -5.45250710497427E-01     4.47197164192854E-01     5.09051672136440E-01
         0.29195902016920     8.01306792979118E-01     6.03691230508770E-02    -6.71258492279101E-01     5.58623031841720E-02     7.95918282332624E-01
         0.09607356854063     2.39533150688254E-01     8.77325385770500E-01    -4.33438086372545E-01    -8.33707955260866E-01     1.69286404775650E-01
F TZV2P-MOLOPT-PBE-GTH-Q7
 1
 2 0 3 5 3 3 2 1
        13.30428004732790     1.38292090777636E-01    -4.13851185732434E-02    -3.68601172475513E-01    -9.35531482386367E-02     5.06296345689289E-02     1.31156005847365E-01    -3.26022751966033E-02     1.00541308351024E-01     9.72064409635608E-05
         4.80605774544240     1.37268979809070E-01    -3.39565337061055E-02    -2.68712697428403E-01    -2.95910126104609E-01     1.05677150923709E-01    -3.03933997040743E-01     1.33191225710905E-01    -4.08920622745241E-01     5.04092340544058E-06
         1.70698523266130    -5.18264453672791E-01     1.04861752881122E-01     6.94838249064691E-01    -5.65276724858415E-01     3.02716360438154E-01     7.47866109869779E-01     2.66499643835383E-01    -8.18034852203344E-01     5.83002400834836E-05
         0.58735472443375    -8.26267224974586E-01     4.59440905301858E-02    -5.51244775686392E-01    -6.52493507471700E-01     2.40526134346493E-01    -5.71224059806739E-01     9.50822081343244E-01     3.09737546860849E-01     9.99999990598423E-01
         0.17874874061685    -1.03522721189923E-01    -9.91981541717081E-01     7.24959778581021E-02    -3.97994287350983E-01    -9.14756231842929E-01     6.94376178966045E-02     7.81824693351836E-02    -2.39910404638869E-01    -7.70047573235798E-05
F TZVP-MOLOPT-PBE-GTH-q7
 1
 2 0 2 5 3 3 1
        13.30428004732790     1.38292090777636E-01    -4.13851185732434E-02    -3.68601172475513E-01    -9.35531482386367E-02     5.06296345689289E-02     1.31156005847365E-01    -3.26022751966033E-02
         4.80605774544240     1.37268979809070E-01    -3.39565337061055E-02    -2.68712697428403E-01    -2.95910126104609E-01     1.05677150923709E-01    -3.03933997040743E-01     1.33191225710905E-01
         1.70698523266130    -5.18264453672791E-01     1.04861752881122E-01     6.94838249064691E-01    -5.65276724858415E-01     3.02716360438154E-01     7.47866109869779E-01     2.66499643835383E-01
         0.58735472443375    -8.26267224974586E-01     4.59440905301858E-02    -5.51244775686392E-01    -6.52493507471700E-01     2.40526134346493E-01    -5.71224059806739E-01     9.50822081343244E-01
         0.17874874061685    -1.03522721189923E-01    -9.91981541717081E-01     7.24959778581021E-02    -3.97994287350983E-01    -9.14756231842929E-01     6.94376178966045E-02     7.81824693351836E-02
F DZVP-MOLOPT-PBE-GTH-q7
 1
 2 0 2 5 2 2 1
        13.30428004732790     1.38292090777636E-01    -4.13851185732434E-02    -9.35531482386367E-02     5.06296345689289E-02    -3.26022751966033E-02
         4.80605774544240     1.37268979809070E-01    -3.39565337061055E-02    -2.95910126104609E-01     1.05677150923709E-01     1.33191225710905E-01
         1.70698523266130    -5.18264453672791E-01     1.04861752881122E-01    -5.65276724858415E-01     3.02716360438154E-01     2.66499643835383E-01
         0.58735472443375    -8.26267224974586E-01     4.59440905301858E-02    -6.52493507471700E-01     2.40526134346493E-01     9.50822081343244E-01
         0.17874874061685    -1.03522721189923E-01    -9.91981541717081E-01    -3.97994287350983E-01    -9.14756231842929E-01     7.81824693351836E-02
