CD DZVP-MOLOPT-PBE-GTH-Q12
 1
 2 0 3 5 2 2 2 1
         2.55560482126396     6.03622754463137E-02    -2.24693454088358E-02    -2.03751496302010E-02    -4.61635574437002E-02    -4.68767866036426E-01    -1.08362105544447E-02    -1.12552922750389E-03
         1.22087664423366    -1.57024190440959E-01     1.82925507023579E-02     3.86196531413983E-02     1.48285182797440E-01    -6.65882696478019E-01    -3.69727841225700E-01    -3.78584970284328E-02
         0.53090757650415    -3.91037344486178E-01     2.92439697137975E-01    -2.65823664938541E-02     2.40341809868305E-01    -5.27326553536139E-01     2.64977240670529E-01    -6.21858745136695E-01
         0.22057315545332     6.34606082241692E-01    -5.83024963592148E-01    -4.46286428137494E-03    -9.58172972546211E-01    -2.40752456077971E-01     3.66689553821243E-01    -7.81917530523460E-01
         0.07088369574410     6.45030786023701E-01     7.57444008803241E-01     9.98682550314552E-01    -4.56066201960669E-03    -2.86685041629080E-02     8.11486126195891E-01     2.14975334356119E-02
H DZVP-MOLOPT-PBE-GTH-Q1
 1
 2 0 1 5 2 1
         9.42354063693337     1.73378201014863E-02    -1.21445159969598E-01    -8.76671027046430E-02
         2.22615949373757     1.93709872716504E-01    -1.18321991639862E-01     2.94039390163616E-01
         0.63906011750762     5.93969954529689E-01    -1.91879319676876E-01     4.09265411017209E-01
         0.31891311049636     2.87972643705189E-01     9.48793006176853E-01     1.56988630151590E-01
         0.16139156624546     7.25566905805197E-01    -1.85000371687637E-01     8.44814600657224E-01
C DZVP-MOLOPT-PBE-GTH-Q4
 1
 2 0 2 5 2 2 1
         5.26168129831067    -1.61180329987319E-01     9.95867208365846E-02    -9.87196463656005E-02     8.04180361628404E-02    -7.94810431764520E-02
         1.93765185829818    -1.80818549742989E-01     2.07627108755464E-01    -2.33418997562279E-01     3.08840032955768E-01     2.69065919998737E-01
         0.75874037796781     4.91719768047513E-01    -4.16765369564797E-01    -5.45204647452669E-01     4.47360294645044E-01     5.09115674523642E-01
         0.29195902016920     8.01363369134776E-01     6.04318650540438E-02    -6.71299816524380E-01     5.57121483533110E-02     7.95876444290429E-01
         0.09607356854063     2.39486896539835E-01     8.77284494996048E-01    -4.33449480019086E-01    -8.33616036796648E-01     1.69316891799892E-01
F DZVP-MOLOPT-PBE-GTH-Q7
 1
 2 0 2 5 2 2 1
        13.30428004732790     1.38300641201995E-01    -4.13429187269840E-02    -9.35306094799813E-02     5.06566246623838E-02    -3.27607844899301E-02
         4.80605774544240     1.37253664661734E-01    -3.39425431978004E-02    -2.95918398172795E-01     1.05639317967558E-01     1.33212173705781E-01
         1.70698523266130    -5.18315587577063E-01     1.04830293747595E-01    -5.65287543674134E-01     3.02725510725546E-01     2.66499630071583E-01
         0.58735472443375    -8.26234910698634E-01     4.59821538585404E-02    -6.52514099592094E-01     2.40459771924833E-01     9.50816701157307E-01
         0.17874874061685    -1.03533512436824E-01    -9.91985341560913E-01    -3.97944304537121E-01    -9.14773526135829E-01     7.81459899689756E-02
