Mg admm-dz
    4
1 0 0 2 1
       19.79199925      0.16500604
        2.38473247     -0.59283679
1 0 0 1 1
        0.81441976      1.00000000  
1 0 0 1 1
        0.07403272      1.00000000  
1 1 1 3 1
       16.88422370      0.03917837
        4.18466099     -0.16461529
        1.05926861     -0.35181770  

Mg admm-dzp
    6
1 0 0 2 1
       19.79199925      0.16500604
        2.38473247     -0.59283679
1 0 0 1 1
        0.81441976      1.00000000  
1 0 0 1 1
        0.07403272      1.00000000  
1 1 1 2 1
       16.88422370      0.03917837
        4.18466099     -0.16461529
1 1 1 1 1
        1.05926861      1.00000000  
1 2 2 1 1
        0.19320000      1.00000000


Mg admm-tzp
    7
1 0 0 2 1
       36.28597673      0.01533491
       18.11350336      0.15548772
1 0 0 1 1
        2.45738236      1.00000000
1 0 0 1 1
        0.83315188      1.00000000
1 0 0 1 1
        0.07398121      1.00000000
1 1 1 2 1
       16.88629205      0.00573585
        4.18501655      0.19751819
1 1 1 1 1
        1.05926933      1.00000000
1 2 2 1 1
        0.18900000      1.0000000

Mg admm-tz2p
    9
1 0 0 2 1
       36.28597673      0.01533491
       18.11350336      0.15548772
1 0 0 1 1
        2.45738236      1.00000000
1 0 0 1 1
        0.83315188      1.00000000
1 0 0 1 1
        0.07398121      1.00000000
1 1 1 2 1
       16.88629205      0.00573585
        4.18501655      0.19751819
1 1 1 1 1
        1.05926933      1.00000000
1 2 2 1 1
        0.29980000      1.00000000
1 2 2 1 1
        0.12850000      1.00000000
1 3 3 1 1
        0.24170000      1.00000000

