  BASIS_TYPE GAUSSIAN
  S_EXPONENTS          19.79199925 \
                        2.38473247 \
                        0.81441976 \
                        0.07403272
  P_EXPONENTS          16.88422370 \
                        4.18466099 \
                        1.05926861

  ORBITAL COEFFICENTS (Quickstep normalization)
  L Quantum Number:  0
       19.79199925    0.00000000  0.00000000  0.16500604  0.03671156  0.72353513  0.70593492
        2.38473247    0.00000000  0.00000000 -0.59283679 -0.17110460  1.80592113  3.27023542
        0.81441976    0.00000000  0.00000000 -0.50922351 -0.21241146  0.77160313 -1.55814722
        0.07403272    0.00000000  0.00000000 -0.01118492  1.06302308  0.00000000  0.00000000
  L Quantum Number:  1
       16.88422370    0.03917837  0.00871664  0.17179326  0.16761434  0.00000000  0.00000000
        4.18466099   -0.16461529 -0.04751128  0.50145713  0.90805896  0.00000000  0.00000000
        1.05926861   -0.35181770 -0.14675307  0.53309328 -1.07650914  0.00000000  0.00000000
