TC SVP-MOLOPT-PBE-Q15
 1
 1 0 3 7 5 3 2 1
         6.89943975243346    -3.43284373237368E-01    -1.77678348386712E-01     2.90796065346780E-02     1.12907411563229E-01    -8.27518340934753E-02     9.24300231089296E-03     3.73474136528653E-02     6.46176795876045E-03    -2.49108255645097E-02     5.75399978335780E-02    -2.78306295428599E-02
         4.62580817128235     7.36191528549963E-01     2.84081807145179E-01    -1.69962849874843E-01    -2.36517425352750E-01     2.25438414665232E-01    -1.64118660481297E-01    -3.01050022685307E-02     5.22967947680064E-02    -4.33467468590012E-03    -8.81146633114566E-02     5.76053000663089E-02
         1.69432963641863    -3.24129348663547E-01     1.34951062256386E-02    -1.60137310369491E-01     8.25038297517556E-02    -8.92888174866711E-03     3.13685645428487E-01    -3.50190177341671E-03    -1.01942829557114E-01     4.58284653228377E-01     2.65381914062148E-02     5.50492823804825E-02
         0.68039622890481    -1.79226146119272E-01     8.71645206350910E-01     3.76629266084707E-01     7.40198094490575E-02    -2.38980516911141E-01     7.17343691115502E-01     3.78255951111941E-01    -4.77236446742578E-01     7.37780296521580E-01    -3.33621404296371E-01     6.04673745017330E-01
         0.30236922209782     1.18212577593132E-01    -3.03175372190929E-01     6.31318624296891E-01    -5.56138216473611E-01    -3.81339402924934E-01     3.82323400194598E-01    -7.53866958068936E-01     4.26566368273590E-02     4.58352553642164E-01     1.56155013899191E-01     7.64427488075700E-01
         0.15740470058317     3.27090478507345E-01    -1.83160388193699E-01     5.34303114473074E-01     7.28902603678886E-01     1.45964171979221E-01     1.13731583515012E-01     5.24696853988334E-01     5.43028926197571E-01     1.80168533311619E-01     7.64429942535634E-01    -2.03366952043906E-01
         0.05720695158981    -2.86415138624162E-01     4.81395223362615E-02     3.44572808536286E-01    -2.80065864274296E-01     8.47592451022465E-01     4.48210800219958E-01    -1.04818188358979E-01     6.79982588645871E-01     4.96820714039270E-02     5.17860900570931E-01     3.92278262242045E-02
F SVP-MOLOPT-PBE-AE
 2
 1 0 0 7 3
      2894.85760373222138    -1.89225166552882E-02    -1.69242373474079E-02     1.56429205622782E-01
       435.72006333230098    -5.47718508603712E-02     4.35884037952142E-03    -7.98432634961778E-02
        98.52635730461387    -2.73685193620500E-01     1.03734081139359E-01    -3.50907504362976E-02
        25.52164954648142    -7.37742492792940E-01     9.09854482000018E-02     1.19033433504314E-02
         7.74033527583515    -5.97666004055640E-01     7.53553007481536E-02    -4.08316440936959E-03
         1.29027540045465     1.18958584280118E-01     8.03005387331711E-01    -5.67628929674378E-01
         0.39691722964189     7.82215741311875E-02     5.74594975519432E-01     8.03469123562649E-01
 2 1 2 4 2 1
        20.86106496273842    -1.10459850494974E-01    -4.27931460741902E-02     1.87770753897563E-02
         3.47280160970880    -5.28022336274227E-01    -8.76852813264224E-03     1.42075306386988E-01
         0.85628499813330    -8.26328796839365E-01    -1.81029642926015E-01     9.03974169721402E-01
         0.22140677163303    -1.61776862802262E-01     9.82507062542321E-01     4.02855717635176E-01
O SVP-MOLOPT-PBE-AE
 2
 1 0 0 7 3
      2266.11882679815517    -6.53195164418799E-03     4.31511781018852E-03    -1.50255386286268E-02
       340.90332514956907    -6.49692043203330E-02    -8.38643395903431E-03     2.78970138112306E-02
        76.92814265988143    -2.68398557546813E-01     9.66356731438743E-02    -1.03149893654597E-01
        19.69260394517260    -7.46654382968193E-01     7.27513962145946E-02    -4.77845342576543E-02
         5.94653840051691    -5.84020787076508E-01     6.76448442348491E-02    -6.55152912382769E-02
         0.94188304160944     1.58317373375200E-01     7.83140450398519E-01    -5.91846167956205E-01
         0.29333843489112    -7.81743877443225E-03     6.06131205686227E-01     7.94668854066698E-01
 2 1 2 4 2 1
        16.36868614237306     1.01723539743118E-01    -2.55855611750852E-02     8.33706707858758E-03
         2.90797745788635     5.10732722414240E-01    -9.49942456369113E-02     1.82905409616553E-01
         0.75006795444374     8.35859133120747E-01    -1.43391921218567E-01     8.94419927848460E-01
         0.19193642427748     1.73620037138872E-01     9.84764047518226E-01     4.08030755106872E-01
