TC TZVPP-MOLOPT-PBE-Q15
 1
 1 0 4 7 6 4 3 2 1
        14.25768030248140    -4.44166117845088E-01    -3.25385292199004E-01     3.19271600829399E-01    -1.87985633827943E-01    -2.55513408071171E-01    -1.96415401274712E-01     7.52039888323131E-02    -2.44972589624591E-01    -5.10738998388902E-02     3.05530789384252E-01     1.23337806279211E-01     5.59466617341508E-02    -1.52583649113641E-01     1.91589875182700E-04     1.90065823785116E-01    -4.20683987346096E-02
        12.72957466057316     8.42076747721506E-01    -1.64873673212858E-01     4.52807878769035E-01    -1.05278480870414E-01    -1.44220720762320E-02    -4.01388532727703E-02    -6.32373497014611E-02     2.94530644522928E-01     1.02216706223826E-01    -4.06302240572412E-01    -1.43846572445402E-01    -5.71837135902239E-02     1.78662505369754E-01     7.44508537830458E-02    -1.86830768253694E-01     3.30093959898487E-02
         4.18070191209785     8.57368024766203E-02     8.42548291578799E-01    -8.17495436425600E-02     9.52082692203074E-03    -8.45831249623150E-02     1.15552742092264E-01    -1.22221898234891E-01    -1.92931957539554E-01    -1.16545189788096E-01     5.76099382365109E-02     6.19921426617335E-04     1.44538982304548E-02    -5.98965853675183E-02    -3.34874285742800E-01    -3.46596204372422E-02     4.71004052116905E-02
         1.78279136787405    -2.84491112545455E-01     2.38583023723905E-01     7.10112350868031E-01    -2.05628119426160E-01     4.39096800896407E-01     2.73029191686726E-01     5.48950916152754E-01    -6.62451426221918E-01    -3.17955716838076E-01    -2.21454211303303E-01     3.82151442926794E-01    -1.06826914563867E-01    -2.88692408429418E-02     5.52299330484075E-01     1.40074564650188E-01    -2.76255512843774E-01
         0.69592061847438    -1.86398592652914E-02    -6.81590008574745E-02     3.09647926578921E-02     6.79648192364258E-01     6.10516168282055E-01    -2.87614885485265E-01     7.84184177732258E-01     5.04115204565509E-01     5.39304137282967E-02     3.03652518574342E-01     8.51167975270784E-01     1.82090344326678E-01    -2.29762769477953E-01     3.72100642698035E-01     7.63650601238270E-01     8.93199494007652E-01
         0.23437535573234     6.78664266189393E-02    -8.07092091663469E-02    -3.93515918625141E-01    -6.53898295769646E-01     5.93315325908767E-01    -1.21955025455687E-01     8.62420725538773E-02    -3.46962881635470E-01     9.05879747583858E-01     1.58950667117993E-01     2.95943468177309E-01    -1.86982054472801E-01     9.11221631041558E-01    -6.36423785031810E-01     5.69779531685396E-01     3.15564283871453E-01
         0.06382460967891     1.95939295057353E-02    -2.98281703777030E-01    -1.62094214861902E-01     1.47307931563293E-01     9.89521543727293E-02     8.79952917090053E-01    -2.27327027054311E-01    -5.15763193638259E-02    -2.20766790944066E-01     7.56133841818163E-01     7.73717068504635E-02    -9.55960201524973E-01    -2.39292946148473E-01     1.83813964401191E-01     1.83335270099733E-02    -1.45667153832912E-01
F TZVPP-MOLOPT-PBE-AE
 2
 1 0 0 6 1
     35479.02878767263610     6.72585320603450E-04
      5318.56312951047130     8.20097950478645E-03
      1210.53207767191157     3.41581776414553E-02
       342.85143677005027     1.67981165419731E-01
       112.04698837680320     3.40179960458393E-01
        40.78491787387953     9.24567700620738E-01
 1 0 3 6 4 3 2 1
        79.87901815644609     1.16918239284466E-01    -1.68147951461107E-02    -2.12818697913285E-02    -7.26226478740949E-03    -2.45424567087636E-01     2.14619427519455E-01     6.35891870315225E-02     1.01451133211560E-01    -3.43565246327839E-02    -1.31870850864618E-02
        16.19635642859436     8.53271420269594E-01     1.38508493185086E-02     1.47303644984199E-01    -9.44612873543678E-02    -1.04048621424425E-01     1.57592183640012E-01     5.70164828779390E-02     5.65110690465166E-02     4.45853785965381E-03     1.05680763536942E-01
         5.77801148801512     4.75828101997680E-01     9.06865843095588E-03     4.56280442532806E-02    -3.42227538288093E-02     3.85471543429814E-01     1.08618595980577E-01    -3.86557846134089E-02     7.78219890128867E-01    -1.58938198405914E-01    -1.90738906372033E-01
         1.80048565891898     5.42202862380103E-03     9.84951172129337E-01    -1.65338157360220E-01    -4.82246452283408E-02     8.82036252116551E-01     2.29685585491659E-02     9.54990517737228E-02     5.96805252189064E-01     2.06883586435839E-01     7.91345089335059E-01
         0.61342852936985    -1.78123417267227E-01     1.16155230853301E-01     8.34960810060312E-01    -5.05012861636734E-01     2.35771402740000E-03     9.52591193174218E-01     7.86110613461027E-02     2.14870962580005E-02     9.58447372992515E-01     5.67195057415070E-01
         0.19458219035665     9.39552285204502E-03     1.25786831338083E-01     5.01268928973589E-01     8.55856016509765E-01    -4.85679584923393E-02    -9.66833470619191E-02     9.87882330256585E-01     1.55723360184243E-01    -1.10073678097833E-01    -6.58715646571095E-02
O TZVPP-MOLOPT-PBE-AE
 2
 1 0 0 6 1
     27032.34110717467047     7.35264897360634E-04
      4052.43915960016602     8.66846509689763E-03
       922.34965292725667     3.34607178584762E-02
       261.27735857055188     1.68914563970243E-01
        85.30942400544160     3.28333881314405E-01
        31.08080221478707     9.28692322525900E-01
 1 0 3 6 4 3 2 1
        62.91495630413323     1.16332726109966E-01    -5.81371416541881E-02     1.11937556008261E-02     5.75105170781195E-02    -1.16673038976174E-01     1.57254063503839E-01    -3.81929188419382E-02     1.36166697203113E-01    -8.71583721921845E-02     3.21000644845466E-04
        12.30944986692977     8.69241308775708E-01    -1.42460076990705E-02    -1.06600413011436E-01    -2.47597695986788E-02     1.45932079266690E-01    -6.05243600472558E-02     1.73638156652357E-02    -3.58452443966721E-02     4.76694147153259E-02     4.38837435813283E-02
         4.39539910954103     4.65741956926282E-01    -6.40342096322616E-02    -3.00344470998384E-02    -3.98106989985228E-03     3.91422103647488E-01     5.26377359502661E-02    -3.09523103597808E-02     7.70731222820744E-01    -3.53322944888660E-01    -1.34769543790620E-01
         1.33540846189799     9.21608149605863E-03     9.33076668604289E-01    -3.27550581669708E-01    -1.21459202569881E-01     9.00080356671289E-01     4.50466786404856E-02    -1.97504472088648E-02     5.53665920222864E-01     3.94485051877056E-01     9.40647803425498E-01
         0.45443287552085     9.32917636734327E-02     2.31107250617785E-01     8.41720615852045E-01    -4.78471205438802E-01    -3.61150582409544E-02     9.80775789580233E-01    -6.12678902654526E-02     1.14853463706434E-01     8.35162106564474E-01     2.94962206933611E-01
         0.14893102365245     7.19887781862831E-02     2.61293155746377E-01     4.14519004469322E-01     8.67396456641546E-01     2.07610475621550E-02     6.99062044682833E-02     9.96563053096360E-01     2.57701109533086E-01    -1.10361865139449E-01     8.99460419695147E-02
