TE SVP-MOLOPT-PBE-Q24
 2
 1 0 2 6 1 1 1
       395.96884670367092     3.29552414325341E-04    -2.65788355671491E-04     2.02651181083463E-04
        19.12431579199773    -2.41587908178737E-03     1.20738882489227E-01     1.76164760088128E-02
        15.64764366614869     2.18856146805764E-01    -4.41783367532954E-01    -3.01974436122281E-02
         5.07480246035642    -1.86953986036738E-01    -8.18425591299401E-02     8.92096589035633E-02
         1.91913178176563    -9.44682305494293E-01     8.82470604503530E-01     9.25448802113099E-01
         0.65812435632563     1.57224650483839E-01    -6.92599125416885E-02     3.66556795777347E-01
 1 0 2 4 3 3 1
        13.61364221054212    -4.67885241068714E-02    -1.39234691653565E-01    -1.00172799832448E-01     7.12519983561736E-03    -3.99517559546799E-01    -2.59414843310435E-01     1.15726822082832E-02
         1.84149340977932     5.50569035079626E-01     7.42706598447791E-01     3.42995329950709E-01     7.50116099411730E-01     5.69156609962132E-01     1.55806466348117E-01    -9.93720680771343E-01
         0.29432268851114    -7.38795607460820E-01     2.45092851631412E-01     6.24599788275762E-01    -5.75850434885423E-01     3.99076386285505E-01     6.12147592745657E-01    -1.00425221371696E-01
         0.09714015600818     3.85831079644950E-01    -6.07396166716116E-01     6.94402418120506E-01     3.25071293061850E-01    -5.97649153650774E-01     7.30550209643412E-01     4.79589047653300E-02
F SVP-MOLOPT-PBE-AE
 2
 1 0 0 7 3
      2894.85760373222138    -1.89225166552882E-02    -1.69242373474079E-02     1.56429205622782E-01
       435.72006333230098    -5.47718508603712E-02     4.35884037952142E-03    -7.98432634961778E-02
        98.52635730461387    -2.73685193620500E-01     1.03734081139359E-01    -3.50907504362976E-02
        25.52164954648142    -7.37742492792940E-01     9.09854482000018E-02     1.19033433504314E-02
         7.74033527583515    -5.97666004055640E-01     7.53553007481536E-02    -4.08316440936957E-03
         1.29027540045465     1.18958584280118E-01     8.03005387331711E-01    -5.67628929674378E-01
         0.39691722964189     7.82215741311875E-02     5.74594975519432E-01     8.03469123562649E-01
 2 1 2 4 2 1
        20.86106496273842    -1.10459850494974E-01    -4.27931460741902E-02     1.87770753897563E-02
         3.47280160970880    -5.28022336274227E-01    -8.76852813264224E-03     1.42075306386988E-01
         0.85628499813330    -8.26328796839365E-01    -1.81029642926015E-01     9.03974169721402E-01
         0.22140677163303    -1.61776862802262E-01     9.82507062542321E-01     4.02855717635176E-01
H SVP-MOLOPT-PBE-AE
 1
 2 0 1 4 2 1
        12.24885489931877     9.13601065893484E-02    -2.92233653979741E-02    -2.98536765580705E-02
         1.44668572118719     5.46801357436806E-01    -1.89238960127749E-01     5.05674686289909E-01
         0.37494771895490     8.27248429081306E-01     2.01024168753657E-02     8.56401740098416E-01
         0.11192006491493     9.12230399173390E-02     9.81290224001215E-01     9.98895850325395E-02
O SVP-MOLOPT-PBE-AE
 2
 1 0 0 7 3
      2266.11882679815517    -6.53195164418799E-03     4.31511781018852E-03    -1.50255386286268E-02
       340.90332514956907    -6.49692043203330E-02    -8.38643395903433E-03     2.78970138112306E-02
        76.92814265988143    -2.68398557546813E-01     9.66356731438743E-02    -1.03149893654597E-01
        19.69260394517260    -7.46654382968193E-01     7.27513962145946E-02    -4.77845342576543E-02
         5.94653840051691    -5.84020787076508E-01     6.76448442348491E-02    -6.55152912382769E-02
         0.94188304160944     1.58317373375200E-01     7.83140450398519E-01    -5.91846167956205E-01
         0.29333843489112    -7.81743877443225E-03     6.06131205686227E-01     7.94668854066698E-01
 2 1 2 4 2 1
        16.36868614237306     1.01723539743118E-01    -2.55855611750852E-02     8.33706707858758E-03
         2.90797745788635     5.10732722414240E-01    -9.49942456369113E-02     1.82905409616553E-01
         0.75006795444374     8.35859133120747E-01    -1.43391921218567E-01     8.94419927848460E-01
         0.19193642427748     1.73620037138872E-01     9.84764047518226E-01     4.08030755106872E-01
