################################################################################################
# Iron
################################################################################################
Fe cc-pVDZ
    1
1 3 3 2 1
      3.224300E+00           4.222490E-01
      7.758000E-01           7.714680E-01

Fe cc-pVTZ
    2
1 3 3 2 2
      3.275800E+00           1.000000E+00           0.000000E+00
      7.920000E-01           0.000000E+00           1.000000E+00
1 4 4 1 1
      2.089700E+00           1.0000000

Fe cc-pVQZ
    3
1 3 3 3 3
      5.198200E+00           1.000000E+00           0.000000E+00           0.000000E+00
      1.550400E+00           0.000000E+00           1.000000E+00           0.000000E+00
      4.624000E-01           0.000000E+00           0.000000E+00           1.000000E+00
1 4 4 2 2
      3.794400E+00           1.000000E+00           0.000000E+00
      1.066800E+00           0.000000E+00           1.000000E+00
1 5 5 1 1
      2.384200E+00           1.0000000

Fe aug-cc-D
    4
1 0 0 1 1
      1.401000E-02           1.000000E+00
1 1 1 1 1
      1.407000E-02           1.000000E+00
1 2 2 1 1
      3.243000E-02           1.000000E+00
1 3 3 1 1
      2.749000E-01           1.000000E+00

Fe aug-cc-T
     5
1 0 0 1 1
      0.0140100              1.0000000
1 1 1 1 1
      0.0140700              1.0000000
1 2 2 1 1
      0.0324300              1.0000000
1 3 3 1 1
      0.2749000              1.0000000
1 4 4 1 1
      0.7871600              1.0000000

Fe aug-cc-Q
     6
1 0 0 1 1
      0.0134800              1.0000000
1 1 1 1 1
      0.0130500              1.0000000
1 2 2 1 1
      0.0220500              1.0000000
1 3 3 1 1
      0.1551400              1.0000000
1 4 4 1 1
      0.4073800              1.0000000
1 5 5 1 1
      0.9587800              1.0000000

