
 *******************************************************************************
                                 RESPONSE BASIS
 *******************************************************************************

 Angular momentum :            0

             Exponent     Coef.(Quickstep Normalization), first 2 valence 1 response
            4.0863487900            5.819559E-01        1.789321E+00       -1.198222E+00
            3.6798091700            4.309977E-01       -1.714695E+00        1.132553E+00
            1.6447507100           -6.924397E+00       -3.332057E+00        4.460380E+00
            0.6706240700           -3.147841E+00       -2.880853E+00        8.983040E+00
            1.4836566000            5.809464E+00        2.773658E+00       -4.578442E+00
            0.6039622100            2.482515E+00        2.959430E+00       -9.220557E+00
            0.2283930700           -7.056114E-02        7.120121E-01       -5.141058E-01
            0.0855797300            1.143931E-02        1.288201E-01        1.523344E+00

 Angular momentum :            1

             Exponent     Coef.(Quickstep Normalization), first 2 valence 1 response
            4.0863487900           -1.253780E+00        9.777698E-01       -9.410354E-01
            3.6798091700            1.496660E+00       -1.265846E+00        1.245510E+00
            1.6447507100            8.345228E-01       -4.785498E-02       -1.217560E+00
            0.6706240700            3.913691E-01       -4.795413E-01       -1.249926E+00
            1.4836566000           -2.153083E-01       -1.341590E-01        1.513614E+00
            0.6039622100           -2.477873E-01        8.005936E-01        7.668527E-01
            0.2283930700            6.964175E-03        5.838962E-01       -9.954762E-01
            0.0855797300           -1.196321E-03        2.602579E-01        1.400512E+00

 Angular momentum :            2

             Exponent     Coef.(Quickstep Normalization), first 1 valence 1 response
            4.0863487900           -8.929827E-01       -1.963526E+00
            3.6798091700            1.165830E+00        2.401223E+00
            1.6447507100            5.756105E-01       -1.660129E+00
            0.6706240700            2.253590E-01        1.590866E+00
 *******************************************************************************

 *******************************************************************************
                                 RESPONSE BASIS
 *******************************************************************************

 Angular momentum :            0

             Exponent     Coef.(Quickstep Normalization), first 2 valence 1 response
            5.9903481200           -1.651360E+00        9.757903E-01       -1.013554E+00
            5.3411812900            2.650277E+00       -1.754084E+00        1.785207E+00
            3.3770713900           -4.309753E-01        8.943733E-01       -1.175680E+00
            0.9448342100           -3.280064E-01        2.745605E-01       -1.058164E+00
            1.8883227400           -1.065732E+00        5.571059E-01        2.135722E-01
            0.4552617800           -6.659578E-04       -6.714483E-01        1.956576E+00
            0.1976658000           -2.416579E-03       -6.348504E-01        2.086344E-02
            0.0772270900            5.278414E-04       -7.523420E-02       -1.326437E+00

 Angular momentum :            1

             Exponent     Coef.(Quickstep Normalization), first 2 valence 1 response
            5.9903481200           -1.826644E-01       -4.152378E-02       -1.574102E-02
            5.3411812900            4.400235E-01        1.905786E-01       -7.509985E-02
            3.3770713900           -4.308210E-01       -3.766326E-01        2.562931E-01
            0.9448342100           -2.253399E-01       -2.011690E-02       -6.852514E-03
            1.8883227400           -6.032974E-01       -2.180864E-01        1.951945E-01
            0.4552617800           -8.396925E-03        4.329140E-01       -4.915813E-01
            0.1976658000           -1.524337E-03        5.219158E-01       -6.377265E-01
            0.0772270900            4.153226E-04        2.075507E-01        1.317541E+00

 Angular momentum :            2

             Exponent     Coef.(Quickstep Normalization), first 1 valence 1 response
            5.9903481200            8.390221E-02        3.090253E-02
            5.3411812900           -2.364178E-01       -3.031427E-03
            3.3770713900            3.666293E-01       -1.368494E-01
            0.9448342100            2.832127E-01       -5.740453E-01
            1.8883227400            5.088200E-01       -3.373576E-02
            0.4552617800            6.927558E-02        8.881161E-01
            0.1976658000            1.950691E-03        5.036511E-01
            0.0772270900            1.627922E-04       -4.277811E-02
 *******************************************************************************
