SE TZV2P-MOLOPT-SCAN-GTH-Q6
 1
 2 0 2 4 3 3 2
         1.23220952675706     6.98125531285503E-01     1.18644749792798E-01    -4.85988860134510E-01     9.92290398879932E-02     6.51453551125750E-01     1.08658134525870E-01     4.70389728618773E-01     3.40379838810397E-01
         1.12361421811006    -6.19879682325428E-01     5.63335676689282E-02    -7.76924983953035E-01    -1.29325771652126E-01    -6.81672786147842E-01    -2.94964608240680E-01    -6.05448527369513E-01    -4.22348610438936E-01
         0.28597022796543    -3.09015098211295E-01    -3.81797967321736E-01     3.17701431857834E-01    -2.13447795310580E-01    -2.54376038206783E-01     9.36291379377211E-01    -6.31669734981170E-01     5.41674499071089E-01
         0.09766483067920    -1.81327303749117E-01     9.14866255060971E-01     2.43450605524441E-01    -9.63259301074504E-01     2.14996080283595E-01    -1.56677192311771E-01    -1.14712378690631E-01     6.42146364661354E-01
SE TZVP-MOLOPT-SCAN-GTH-q6
 1
 2 0 2 4 3 3 1
         1.23220952675706     6.98125531285503E-01     1.18644749792798E-01    -4.85988860134510E-01     9.92290398879932E-02     6.51453551125750E-01     1.08658134525870E-01     4.70389728618773E-01
         1.12361421811006    -6.19879682325428E-01     5.63335676689282E-02    -7.76924983953035E-01    -1.29325771652126E-01    -6.81672786147842E-01    -2.94964608240680E-01    -6.05448527369513E-01
         0.28597022796543    -3.09015098211295E-01    -3.81797967321736E-01     3.17701431857834E-01    -2.13447795310580E-01    -2.54376038206783E-01     9.36291379377211E-01    -6.31669734981170E-01
         0.09766483067920    -1.81327303749117E-01     9.14866255060971E-01     2.43450605524441E-01    -9.63259301074504E-01     2.14996080283595E-01    -1.56677192311771E-01    -1.14712378690631E-01
SE DZVP-MOLOPT-SCAN-GTH-q6
 1
 2 0 2 4 2 2 1
         1.23220952675706     6.98125531285503E-01     1.18644749792798E-01     9.92290398879932E-02     6.51453551125750E-01     4.70389728618773E-01
         1.12361421811006    -6.19879682325428E-01     5.63335676689282E-02    -1.29325771652126E-01    -6.81672786147842E-01    -6.05448527369513E-01
         0.28597022796543    -3.09015098211295E-01    -3.81797967321736E-01    -2.13447795310580E-01    -2.54376038206783E-01    -6.31669734981170E-01
         0.09766483067920    -1.81327303749117E-01     9.14866255060971E-01    -9.63259301074504E-01     2.14996080283595E-01    -1.14712378690631E-01
H TZV2P-MOLOPT-SCAN-GTH-Q1
 1
 2 0 2 5 3 2 1
         9.16876514496744     4.30245721944096E-02    -3.89199332255518E-02     1.05597841287996E-01    -1.03225299298647E-01     1.47849610372066E-01     5.89397100894678E-04
         2.16119406948452     1.67758655334156E-01    -2.29436993766244E-01     9.00816001060512E-01     3.18679005482070E-01    -4.59921573561831E-01     9.06454549928757E-04
         0.61986766123499     5.51924571472773E-01    -2.73974309763091E-01     8.95041468250583E-02     4.58038932787715E-01    -6.65599039198367E-01    -4.14822793772387E-04
         0.41225503616229     4.20326460221825E-01     8.94936516623427E-01     1.49710941947358E-01     2.25604019455304E-02    -3.27622058282529E-02    -2.24233449917807E-03
         0.16131600752250     6.99078574975625E-01    -2.64330500496994E-01    -3.83347452986213E-01     8.23091485416057E-01     5.67905974411888E-01     9.99996815399554E-01
H TZVP-MOLOPT-SCAN-GTH-q1
 1
 2 0 1 5 3 1
         9.16876514496744     4.30245721944096E-02    -3.89199332255518E-02     1.05597841287996E-01    -1.03225299298647E-01
         2.16119406948452     1.67758655334156E-01    -2.29436993766244E-01     9.00816001060512E-01     3.18679005482070E-01
         0.61986766123499     5.51924571472773E-01    -2.73974309763091E-01     8.95041468250583E-02     4.58038932787715E-01
         0.41225503616229     4.20326460221825E-01     8.94936516623427E-01     1.49710941947358E-01     2.25604019455304E-02
         0.16131600752250     6.99078574975625E-01    -2.64330500496994E-01    -3.83347452986213E-01     8.23091485416057E-01
H DZVP-MOLOPT-SCAN-GTH-q1
 1
 2 0 1 5 2 1
         9.16876514496744     4.30245721944096E-02    -3.89199332255518E-02    -1.03225299298647E-01
         2.16119406948452     1.67758655334156E-01    -2.29436993766244E-01     3.18679005482070E-01
         0.61986766123499     5.51924571472773E-01    -2.73974309763091E-01     4.58038932787715E-01
         0.41225503616229     4.20326460221825E-01     8.94936516623427E-01     2.25604019455304E-02
         0.16131600752250     6.99078574975625E-01    -2.64330500496994E-01     8.23091485416057E-01
O TZV2P-MOLOPT-SCAN-GTH-Q6
 1
 2 0 3 5 3 3 2 1
        10.25781699497238    -1.37093335568261E-01     6.42341766590814E-02    -7.17088581420037E-01    -1.01541960662273E-01     5.12250917317880E-02     1.18360216509634E-01    -1.55308630843787E-02     3.18602602792577E-02     1.18645628163343E-03
         3.64428735012608    -1.53382903419191E-01     6.95730187369108E-02    -5.49416247278626E-01    -2.97888826596963E-01     1.18416114723772E-01     5.91292938991212E-02     1.12242705044625E-01    -2.22035206994148E-01    -3.65643497936781E-03
         1.40222472037927     4.52964005356058E-01    -1.60546208430784E-01     2.25545730548663E-01    -5.48743422499672E-01     2.65706574607295E-01     7.32042358682655E-01     4.02080210361362E-01    -8.37756480907312E-01     4.91390044295019E-04
         0.52205700268808     8.05450964095097E-01    -2.63981031214717E-01    -3.63850982918199E-01    -6.95022929228448E-01     1.92118246587555E-01    -6.62764404039625E-01     9.01700430010169E-01     4.32284673630976E-01     9.99992334274143E-01
         0.16818943371335     3.22104729197730E-01     9.46346921445871E-01     2.58329108697022E-02    -3.41723954857718E-01    -9.35865486749767E-01     8.57433121772174E-02    -1.11481865840859E-01     2.46939932598114E-01     5.59225812546083E-04
O TZVP-MOLOPT-SCAN-GTH-q6
 1
 2 0 2 5 3 3 1
        10.25781699497238    -1.37093335568261E-01     6.42341766590814E-02    -7.17088581420037E-01    -1.01541960662273E-01     5.12250917317880E-02     1.18360216509634E-01    -1.55308630843787E-02
         3.64428735012608    -1.53382903419191E-01     6.95730187369108E-02    -5.49416247278626E-01    -2.97888826596963E-01     1.18416114723772E-01     5.91292938991212E-02     1.12242705044625E-01
         1.40222472037927     4.52964005356058E-01    -1.60546208430784E-01     2.25545730548663E-01    -5.48743422499672E-01     2.65706574607295E-01     7.32042358682655E-01     4.02080210361362E-01
         0.52205700268808     8.05450964095097E-01    -2.63981031214717E-01    -3.63850982918199E-01    -6.95022929228448E-01     1.92118246587555E-01    -6.62764404039625E-01     9.01700430010169E-01
         0.16818943371335     3.22104729197730E-01     9.46346921445871E-01     2.58329108697022E-02    -3.41723954857718E-01    -9.35865486749767E-01     8.57433121772174E-02    -1.11481865840859E-01
O DZVP-MOLOPT-SCAN-GTH-q6
 1
 2 0 2 5 2 2 1
        10.25781699497238    -1.37093335568261E-01     6.42341766590814E-02    -1.01541960662273E-01     5.12250917317880E-02    -1.55308630843787E-02
         3.64428735012608    -1.53382903419191E-01     6.95730187369108E-02    -2.97888826596963E-01     1.18416114723772E-01     1.12242705044625E-01
         1.40222472037927     4.52964005356058E-01    -1.60546208430784E-01    -5.48743422499672E-01     2.65706574607295E-01     4.02080210361362E-01
         0.52205700268808     8.05450964095097E-01    -2.63981031214717E-01    -6.95022929228448E-01     1.92118246587555E-01     9.01700430010169E-01
         0.16818943371335     3.22104729197730E-01     9.46346921445871E-01    -3.41723954857718E-01    -9.35865486749767E-01    -1.11481865840859E-01
