FE DZVP-MOLOPT-PBE0-GTH-Q16
 1
 2 0 3 6 3 2 2 1
         8.08352107321801    -2.42596545345997E-01    -3.45226661329806E-02    -7.78362897330484E-02    -1.19653722474600E-01    -2.13274441602927E-02     1.87818119591331E-01    -8.44105527468909E-02    -1.15405391384733E-02
         4.89931905261408    -2.37216173354018E-01     4.84203965735136E-03    -6.02761511455822E-02     1.95263719243812E-01     9.46470926594194E-03     3.11741048221457E-01    -2.14665729634806E-01     1.50508448337091E-02
         2.21635526490853     6.48030598531090E-01    -3.22528905478953E-02     2.02965135935362E-01     7.54080129592128E-01    -1.03057288719345E-03     5.24370967691631E-01    -3.10303579023633E-01    -3.76582497621339E-02
         0.88422474121805     5.91684454005721E-01    -4.64634196113723E-01    -1.02180877576088E-01     6.09893229638538E-01    -5.49839432657921E-02     5.85803135394294E-01    -2.81724395845861E-01    -2.54883008021214E-01
         0.30535762473600     1.64510735098703E-01     6.21479680692749E-01     6.53860405919898E-01     7.95098553110244E-02     6.22005399348555E-01     4.82250312628852E-01     7.13482783145937E-01    -8.50419177702716E-01
         0.09859010040218     2.96272630491137E-01     6.28985342845226E-01    -7.14939919871911E-01    -2.50331010635394E-02     7.80730777213127E-01     1.29793233955761E-01     5.11936377775654E-01    -4.58305595283901E-01
F DZVP-MOLOPT-PBE0-GTH-Q7
 1
 2 0 2 5 2 2 1
        13.31501907729122     1.31813146289282E-01    -5.24225688764356E-02    -9.80506809064632E-02     4.64420401614479E-02     4.89385522399914E-03
         4.62512020147175     1.34547810393351E-01    -5.37398783766778E-02    -3.12727206728056E-01     1.25929415842544E-01     2.30296758923593E-02
         1.62272294024072    -5.51865766775749E-01     1.65440705311574E-01    -5.86706702362430E-01     2.77907352966805E-01     5.26472480151814E-01
         0.55216173678272    -7.87309125215089E-01     1.14519053917377E-01    -6.52997838515906E-01     1.82287680337408E-01     8.49582617686734E-01
         0.17330337957192    -2.00276553789357E-01    -9.76667117835106E-01    -3.49223175694863E-01    -9.33554296168888E-01    -2.19496600587510E-02
C DZVP-MOLOPT-PBE0-GTH-Q4
 1
 2 0 2 5 2 2 1
         5.37649556675185    -1.22404309942338E-01     1.51052142999233E-01    -1.02230399503479E-01     7.40025761345854E-02    -3.33102657255285E-02
         1.95241253925289    -1.29373346346520E-01     2.06617207371748E-01    -3.09172408281985E-01     2.20213934213870E-01     2.24862943378639E-01
         0.69884308058897     4.93419910923422E-01    -4.42585619435647E-01    -6.76608029554237E-01     4.84079784827656E-01     7.92785845721874E-01
         0.25544398452951     7.50469724701437E-01    -1.05635637414093E-01    -6.23090735983644E-01    -3.82982660790289E-01     5.31193096205402E-01
         0.08778128068034     4.02009584429917E-01     8.52907768337305E-01    -2.18908374551020E-01    -7.51678445453038E-01     1.94040151152179E-01
O DZVP-MOLOPT-PBE0-GTH-Q6
 1
 2 0 2 5 2 2 1
        10.34082423621691    -1.29825249634708E-01     8.18793043945143E-02    -9.31315963557027E-02     6.07168741616306E-02    -1.46443819746845E-04
         3.64864310376424    -1.27684551447027E-01     1.02649506262870E-01    -3.10412801135525E-01     1.66218217874094E-01     4.82789843051162E-02
         1.25503633997207     5.26487514579900E-01    -3.65113179366377E-01    -5.97863015525008E-01     4.26686208369503E-01     7.18155124032992E-01
         0.43936673910305     7.72667288737258E-01    -8.21060762059060E-02    -6.48920500304752E-01    -1.50379113770830E-02     6.93882202281484E-01
         0.14295518532255     3.04365270334762E-01     9.17992274956007E-01    -3.41221918409427E-01    -8.86790677695403E-01    -2.12090879301656E-02
