FE TZV2P-MOLOPT-PBE0-GTH-Q16
 1
 2 0 3 6 4 3 3 2
         8.08352107321801    -2.53964012068875E-01    -3.46651992751358E-02    -7.78442459836197E-02     5.61668552974101E-01    -1.23840346825641E-01    -2.37830666021046E-03     2.29304478545516E-02     1.85820134199482E-01    -9.66918400846285E-02     1.99094455156978E-02     2.68212719125387E-02    -6.68285220531618E-03
         4.89931905261408    -2.30834221746827E-01     1.09933467886688E-02    -4.68416371513600E-02     2.91685892761150E-01     2.00561530505190E-01    -1.52479719896912E-02     3.62288610801471E-03     3.15332421965170E-01    -1.97320852276920E-01     1.93763541398019E-01    -5.25335826394357E-02    -3.03591778187147E-02
         2.21635526490853     6.40299555609501E-01    -6.89785289646336E-02     1.40876836981990E-01    -3.62346252287915E-01     7.42585725788079E-01    -9.66345864561239E-02     1.77163730382550E-01     5.20339419491268E-01    -3.43821741589024E-01     2.14195431606484E-01     1.28390562880417E-02    -2.12272481397196E-01
         0.88422474121805     5.86578477901903E-01    -4.64348848901405E-01    -7.53473024958191E-02     5.91565127263373E-01     6.03455546940627E-01    -1.15583964034949E-01    -7.54056957437866E-02     5.91905279300906E-01    -2.39250802729869E-01    -6.98122997371361E-02    -3.92767493307928E-01    -2.23796706674837E-01
         0.30535762473600     2.03405168170453E-01     6.27941921862893E-01     6.67941524372825E-01     3.30676807937037E-01     1.47791649832636E-01     4.90094503921892E-01    -8.47637287067764E-01     4.75022260286211E-01     6.79645770472349E-01    -5.18399328945899E-01    -8.21365466598136E-01    -3.37401660344644E-01
         0.09859010040218     2.94595228329533E-01     6.19668074148210E-01    -7.21163473300806E-01     9.41090798778395E-02     8.36905725972062E-02     8.58412094620997E-01     4.93861410231832E-01     1.38871244235268E-01     5.60662518276912E-01     8.01603392979921E-01    -4.09204676393519E-01     8.88847122472827E-01
FE TZVP-MOLOPT-PBE0-GTH-q16
 1
 2 0 3 6 4 3 3 1
         8.08352107321801    -2.53964012068875E-01    -3.46651992751358E-02    -7.78442459836197E-02     5.61668552974101E-01    -1.23840346825641E-01    -2.37830666021046E-03     2.29304478545516E-02     1.85820134199482E-01    -9.66918400846285E-02     1.99094455156978E-02     2.68212719125387E-02
         4.89931905261408    -2.30834221746827E-01     1.09933467886688E-02    -4.68416371513600E-02     2.91685892761150E-01     2.00561530505190E-01    -1.52479719896912E-02     3.62288610801471E-03     3.15332421965170E-01    -1.97320852276920E-01     1.93763541398019E-01    -5.25335826394357E-02
         2.21635526490853     6.40299555609501E-01    -6.89785289646336E-02     1.40876836981990E-01    -3.62346252287915E-01     7.42585725788079E-01    -9.66345864561239E-02     1.77163730382550E-01     5.20339419491268E-01    -3.43821741589024E-01     2.14195431606484E-01     1.28390562880417E-02
         0.88422474121805     5.86578477901903E-01    -4.64348848901405E-01    -7.53473024958191E-02     5.91565127263373E-01     6.03455546940627E-01    -1.15583964034949E-01    -7.54056957437866E-02     5.91905279300906E-01    -2.39250802729869E-01    -6.98122997371361E-02    -3.92767493307928E-01
         0.30535762473600     2.03405168170453E-01     6.27941921862893E-01     6.67941524372825E-01     3.30676807937037E-01     1.47791649832636E-01     4.90094503921892E-01    -8.47637287067764E-01     4.75022260286211E-01     6.79645770472349E-01    -5.18399328945899E-01    -8.21365466598136E-01
         0.09859010040218     2.94595228329533E-01     6.19668074148210E-01    -7.21163473300806E-01     9.41090798778395E-02     8.36905725972062E-02     8.58412094620997E-01     4.93861410231832E-01     1.38871244235268E-01     5.60662518276912E-01     8.01603392979921E-01    -4.09204676393519E-01
FE DZVP-MOLOPT-PBE0-GTH-q16
 1
 2 0 3 6 3 2 2 1
         8.08352107321801    -2.53964012068875E-01    -3.46651992751358E-02    -7.78442459836197E-02    -1.23840346825641E-01    -2.37830666021046E-03     1.85820134199482E-01    -9.66918400846285E-02     2.68212719125387E-02
         4.89931905261408    -2.30834221746827E-01     1.09933467886688E-02    -4.68416371513600E-02     2.00561530505190E-01    -1.52479719896912E-02     3.15332421965170E-01    -1.97320852276920E-01    -5.25335826394357E-02
         2.21635526490853     6.40299555609501E-01    -6.89785289646336E-02     1.40876836981990E-01     7.42585725788079E-01    -9.66345864561239E-02     5.20339419491268E-01    -3.43821741589024E-01     1.28390562880417E-02
         0.88422474121805     5.86578477901903E-01    -4.64348848901405E-01    -7.53473024958191E-02     6.03455546940627E-01    -1.15583964034949E-01     5.91905279300906E-01    -2.39250802729869E-01    -3.92767493307928E-01
         0.30535762473600     2.03405168170453E-01     6.27941921862893E-01     6.67941524372825E-01     1.47791649832636E-01     4.90094503921892E-01     4.75022260286211E-01     6.79645770472349E-01    -8.21365466598136E-01
         0.09859010040218     2.94595228329533E-01     6.19668074148210E-01    -7.21163473300806E-01     8.36905725972062E-02     8.58412094620997E-01     1.38871244235268E-01     5.60662518276912E-01    -4.09204676393519E-01
S TZV2P-MOLOPT-PBE0-GTH-Q6
 1
 2 0 3 4 3 3 2 1
         1.83659095947030     3.72803746003926E-01    -1.31812637810655E-01     2.56559878276949E-01     3.22135672378229E-01     2.14331044549409E-01    -6.28996181588624E-01    -6.56359111506667E-02    -4.82828101700687E-01    -3.30262411007222E-01
         1.39208197320107    -1.14279794636780E-01    -1.43288136484319E-01    -9.36393612455788E-01    -4.14974000535217E-01    -2.38907656855117E-01     4.88223890340128E-01     4.63441350718008E-01     7.40196513039148E-01     6.28765210001307E-01
         0.38620456072642    -7.33165669969939E-01     5.64751972580603E-01     1.18110304523197E-01    -7.40576228885045E-01    -2.84085486628765E-01    -5.98215801765616E-01     8.51719381751729E-01    -4.61461066543628E-01     6.86604311155619E-01
         0.12374068236867    -5.57158501578093E-01    -8.01965802215136E-01     2.08312235300652E-01    -4.19013170045561E-01     9.03482579314762E-01     9.02169106431992E-02     2.35559199269617E-01     7.77163454957457E-02     1.55420624339973E-01
S TZVP-MOLOPT-PBE0-GTH-q6
 1
 2 0 2 4 3 3 1
         1.83659095947030     3.72803746003926E-01    -1.31812637810655E-01     2.56559878276949E-01     3.22135672378229E-01     2.14331044549409E-01    -6.28996181588624E-01    -6.56359111506667E-02
         1.39208197320107    -1.14279794636780E-01    -1.43288136484319E-01    -9.36393612455788E-01    -4.14974000535217E-01    -2.38907656855117E-01     4.88223890340128E-01     4.63441350718008E-01
         0.38620456072642    -7.33165669969939E-01     5.64751972580603E-01     1.18110304523197E-01    -7.40576228885045E-01    -2.84085486628765E-01    -5.98215801765616E-01     8.51719381751729E-01
         0.12374068236867    -5.57158501578093E-01    -8.01965802215136E-01     2.08312235300652E-01    -4.19013170045561E-01     9.03482579314762E-01     9.02169106431992E-02     2.35559199269617E-01
S DZVP-MOLOPT-PBE0-GTH-q6
 1
 2 0 2 4 2 2 1
         1.83659095947030     3.72803746003926E-01    -1.31812637810655E-01     3.22135672378229E-01     2.14331044549409E-01    -6.56359111506667E-02
         1.39208197320107    -1.14279794636780E-01    -1.43288136484319E-01    -4.14974000535217E-01    -2.38907656855117E-01     4.63441350718008E-01
         0.38620456072642    -7.33165669969939E-01     5.64751972580603E-01    -7.40576228885045E-01    -2.84085486628765E-01     8.51719381751729E-01
         0.12374068236867    -5.57158501578093E-01    -8.01965802215136E-01    -4.19013170045561E-01     9.03482579314762E-01     2.35559199269617E-01
O TZV2P-MOLOPT-PBE0-GTH-Q6
 1
 2 0 3 5 3 3 2 1
        10.34082423621691    -1.29825249634708E-01     8.18793043945143E-02    -1.54163825083534E-01    -9.31315963557027E-02     6.07168741616306E-02     5.24249215362802E-02    -1.46443819746845E-04    -1.35615599706110E-01    -4.53627038333396E-02
         3.64864310376424    -1.27684551447027E-01     1.02649506262870E-01    -2.90598920673850E-01    -3.10412801135525E-01     1.66218217874094E-01     1.57277538743803E-01     4.82789843051162E-02    -2.03664714425298E-01    -7.75510089052828E-02
         1.25503633997207     5.26487514579900E-01    -3.65113179366377E-01     6.61471073309150E-01    -5.97863015525008E-01     4.26686208369503E-01     5.52189434348781E-01     7.18155124032992E-01    -6.65039106707507E-01     7.74070424398802E-02
         0.43936673910305     7.72667288737258E-01    -8.21060762059060E-02    -6.24492813862270E-01    -6.48920500304752E-01    -1.50379113770830E-02    -7.55332729990091E-01     6.93882202281484E-01     7.03924405563841E-01     9.92909576133937E-01
         0.14295518532255     3.04365270334762E-01     9.17992274956007E-01     2.53476876555698E-01    -3.41221918409427E-01    -8.86790677695403E-01     3.11568128998934E-01    -2.12090879301656E-02     4.83994939610748E-02     8.17248560335443E-03
O TZVP-MOLOPT-PBE0-GTH-q6
 1
 2 0 2 5 3 3 1
        10.34082423621691    -1.29825249634708E-01     8.18793043945143E-02    -1.54163825083534E-01    -9.31315963557027E-02     6.07168741616306E-02     5.24249215362802E-02    -1.46443819746845E-04
         3.64864310376424    -1.27684551447027E-01     1.02649506262870E-01    -2.90598920673850E-01    -3.10412801135525E-01     1.66218217874094E-01     1.57277538743803E-01     4.82789843051162E-02
         1.25503633997207     5.26487514579900E-01    -3.65113179366377E-01     6.61471073309150E-01    -5.97863015525008E-01     4.26686208369503E-01     5.52189434348781E-01     7.18155124032992E-01
         0.43936673910305     7.72667288737258E-01    -8.21060762059060E-02    -6.24492813862270E-01    -6.48920500304752E-01    -1.50379113770830E-02    -7.55332729990091E-01     6.93882202281484E-01
         0.14295518532255     3.04365270334762E-01     9.17992274956007E-01     2.53476876555698E-01    -3.41221918409427E-01    -8.86790677695403E-01     3.11568128998934E-01    -2.12090879301656E-02
O DZVP-MOLOPT-PBE0-GTH-q6
 1
 2 0 2 5 2 2 1
        10.34082423621691    -1.29825249634708E-01     8.18793043945143E-02    -9.31315963557027E-02     6.07168741616306E-02    -1.46443819746845E-04
         3.64864310376424    -1.27684551447027E-01     1.02649506262870E-01    -3.10412801135525E-01     1.66218217874094E-01     4.82789843051162E-02
         1.25503633997207     5.26487514579900E-01    -3.65113179366377E-01    -5.97863015525008E-01     4.26686208369503E-01     7.18155124032992E-01
         0.43936673910305     7.72667288737258E-01    -8.21060762059060E-02    -6.48920500304752E-01    -1.50379113770830E-02     6.93882202281484E-01
         0.14295518532255     3.04365270334762E-01     9.17992274956007E-01    -3.41221918409427E-01    -8.86790677695403E-01    -2.12090879301656E-02
C TZV2P-MOLOPT-PBE0-GTH-Q4
 1
 2 0 3 5 3 3 2 1
         5.37649556675185    -1.22404309942338E-01     1.51052142999233E-01    -2.91603005508096E-01    -1.02230399503479E-01     7.40025761345854E-02     8.94622998880541E-02    -3.33102657255285E-02     9.86374456561292E-02     7.95121951184048E-02
         1.95241253925289    -1.29373346346520E-01     2.06617207371748E-01    -1.01805179489666E-01    -3.09172408281985E-01     2.20213934213870E-01     3.39999059653624E-01     2.24862943378639E-01    -4.25828317504440E-02     4.21381944948773E-01
         0.69884308058897     4.93419910923422E-01    -4.42585619435647E-01     6.21910558850215E-01    -6.76608029554237E-01     4.84079784827656E-01     2.48477330781687E-01     7.92785845721874E-01    -5.17543483541305E-01     3.21750315531954E-01
         0.25544398452951     7.50469724701437E-01    -1.05635637414093E-01    -6.44963922243512E-01    -6.23090735983644E-01    -3.82982660790289E-01    -6.66883209981747E-01     5.31193096205402E-01     8.40388777086484E-01     8.41599833069726E-01
         0.08778128068034     4.02009584429917E-01     8.52907768337305E-01     3.19142896525367E-01    -2.18908374551020E-01    -7.51678445453038E-01     6.08212904060281E-01     1.94040151152179E-01    -1.19803183369898E-01    -6.55859949283386E-02
C TZVP-MOLOPT-PBE0-GTH-q4
 1
 2 0 2 5 3 3 1
         5.37649556675185    -1.22404309942338E-01     1.51052142999233E-01    -2.91603005508096E-01    -1.02230399503479E-01     7.40025761345854E-02     8.94622998880541E-02    -3.33102657255285E-02
         1.95241253925289    -1.29373346346520E-01     2.06617207371748E-01    -1.01805179489666E-01    -3.09172408281985E-01     2.20213934213870E-01     3.39999059653624E-01     2.24862943378639E-01
         0.69884308058897     4.93419910923422E-01    -4.42585619435647E-01     6.21910558850215E-01    -6.76608029554237E-01     4.84079784827656E-01     2.48477330781687E-01     7.92785845721874E-01
         0.25544398452951     7.50469724701437E-01    -1.05635637414093E-01    -6.44963922243512E-01    -6.23090735983644E-01    -3.82982660790289E-01    -6.66883209981747E-01     5.31193096205402E-01
         0.08778128068034     4.02009584429917E-01     8.52907768337305E-01     3.19142896525367E-01    -2.18908374551020E-01    -7.51678445453038E-01     6.08212904060281E-01     1.94040151152179E-01
C DZVP-MOLOPT-PBE0-GTH-q4
 1
 2 0 2 5 2 2 1
         5.37649556675185    -1.22404309942338E-01     1.51052142999233E-01    -1.02230399503479E-01     7.40025761345854E-02    -3.33102657255285E-02
         1.95241253925289    -1.29373346346520E-01     2.06617207371748E-01    -3.09172408281985E-01     2.20213934213870E-01     2.24862943378639E-01
         0.69884308058897     4.93419910923422E-01    -4.42585619435647E-01    -6.76608029554237E-01     4.84079784827656E-01     7.92785845721874E-01
         0.25544398452951     7.50469724701437E-01    -1.05635637414093E-01    -6.23090735983644E-01    -3.82982660790289E-01     5.31193096205402E-01
         0.08778128068034     4.02009584429917E-01     8.52907768337305E-01    -2.18908374551020E-01    -7.51678445453038E-01     1.94040151152179E-01
