FE TZV2P-MOLOPT-PBE0-GTH-Q16
 1
 2 0 3 6 4 3 3 2
         8.08352107321801    -2.52521984773901E-01    -3.23612007809174E-02    -7.32570122432730E-02     5.53100910922524E-01    -1.23668792184697E-01    -4.26781383589539E-03     1.58651933606487E-02     1.85816666737524E-01    -9.67471074671163E-02     1.61921806016135E-02     1.73817209580668E-02    -1.63953449537175E-02
         4.89931905261408    -2.31899156411319E-01     6.07065126997772E-03    -5.71828243640212E-02     2.87991969018303E-01     2.00489278252964E-01    -1.20608475677501E-02     1.86217818325809E-02     3.17612485167279E-01    -1.93312351523556E-01     1.93185985924778E-01    -3.87502265351773E-02    -1.81160301896177E-02
         2.21635526490853     6.40336834839665E-01    -6.57846410257566E-02     1.49769747329160E-01    -3.69197511445917E-01     7.45049272227638E-01    -7.80516127073512E-02     1.59219508964855E-01     5.22182529816983E-01    -3.41284834418581E-01     1.91515034069086E-01     2.54289898258004E-03    -9.47178577989455E-02
         0.88422474121805     5.87315389045482E-01    -4.65086556505524E-01    -7.79006745567145E-02     5.94106049926323E-01     6.05401591461459E-01    -1.03244875192563E-01    -5.81588370073374E-02     5.94350373086230E-01    -2.35278453836737E-01    -4.87558419524611E-02    -3.91117336165837E-01    -1.97723089033903E-01
         0.30535762473600     1.97639555347660E-01     6.26528489834767E-01     6.67582740811398E-01     3.36732774107834E-01     1.37096500649014E-01     4.91418354483494E-01    -8.52325341548215E-01     4.69740976196515E-01     6.87184993368973E-01    -5.19235834622564E-01    -8.28770116586181E-01    -3.44603192766019E-01
         0.09859010040218     2.97360734397502E-01     6.21083591206117E-01    -7.19164325181841E-01     9.20991093461869E-02     6.40712389764604E-02     8.61157804411014E-01     4.94175813530642E-01     1.34204807948751E-01     5.56071782946897E-01     8.08551789172759E-01    -3.97941142116570E-01     9.12461368566557E-01
FE TZVP-MOLOPT-PBE0-GTH-q16
 1
 2 0 3 6 4 3 3 1
         8.08352107321801    -2.52521984773901E-01    -3.23612007809174E-02    -7.32570122432730E-02     5.53100910922524E-01    -1.23668792184697E-01    -4.26781383589539E-03     1.58651933606487E-02     1.85816666737524E-01    -9.67471074671163E-02     1.61921806016135E-02     1.73817209580668E-02
         4.89931905261408    -2.31899156411319E-01     6.07065126997772E-03    -5.71828243640212E-02     2.87991969018303E-01     2.00489278252964E-01    -1.20608475677501E-02     1.86217818325809E-02     3.17612485167279E-01    -1.93312351523556E-01     1.93185985924778E-01    -3.87502265351773E-02
         2.21635526490853     6.40336834839665E-01    -6.57846410257566E-02     1.49769747329160E-01    -3.69197511445917E-01     7.45049272227638E-01    -7.80516127073512E-02     1.59219508964855E-01     5.22182529816983E-01    -3.41284834418581E-01     1.91515034069086E-01     2.54289898258004E-03
         0.88422474121805     5.87315389045482E-01    -4.65086556505524E-01    -7.79006745567145E-02     5.94106049926323E-01     6.05401591461459E-01    -1.03244875192563E-01    -5.81588370073374E-02     5.94350373086230E-01    -2.35278453836737E-01    -4.87558419524611E-02    -3.91117336165837E-01
         0.30535762473600     1.97639555347660E-01     6.26528489834767E-01     6.67582740811398E-01     3.36732774107834E-01     1.37096500649014E-01     4.91418354483494E-01    -8.52325341548215E-01     4.69740976196515E-01     6.87184993368973E-01    -5.19235834622564E-01    -8.28770116586181E-01
         0.09859010040218     2.97360734397502E-01     6.21083591206117E-01    -7.19164325181841E-01     9.20991093461869E-02     6.40712389764604E-02     8.61157804411014E-01     4.94175813530642E-01     1.34204807948751E-01     5.56071782946897E-01     8.08551789172759E-01    -3.97941142116570E-01
FE DZVP-MOLOPT-PBE0-GTH-q16
 1
 2 0 3 6 3 2 2 1
         8.08352107321801    -2.52521984773901E-01    -3.23612007809174E-02    -7.32570122432730E-02    -1.23668792184697E-01    -4.26781383589539E-03     1.85816666737524E-01    -9.67471074671163E-02     1.73817209580668E-02
         4.89931905261408    -2.31899156411319E-01     6.07065126997772E-03    -5.71828243640212E-02     2.00489278252964E-01    -1.20608475677501E-02     3.17612485167279E-01    -1.93312351523556E-01    -3.87502265351773E-02
         2.21635526490853     6.40336834839665E-01    -6.57846410257566E-02     1.49769747329160E-01     7.45049272227638E-01    -7.80516127073512E-02     5.22182529816983E-01    -3.41284834418581E-01     2.54289898258004E-03
         0.88422474121805     5.87315389045482E-01    -4.65086556505524E-01    -7.79006745567145E-02     6.05401591461459E-01    -1.03244875192563E-01     5.94350373086230E-01    -2.35278453836737E-01    -3.91117336165837E-01
         0.30535762473600     1.97639555347660E-01     6.26528489834767E-01     6.67582740811398E-01     1.37096500649014E-01     4.91418354483494E-01     4.69740976196515E-01     6.87184993368973E-01    -8.28770116586181E-01
         0.09859010040218     2.97360734397502E-01     6.21083591206117E-01    -7.19164325181841E-01     6.40712389764604E-02     8.61157804411014E-01     1.34204807948751E-01     5.56071782946897E-01    -3.97941142116570E-01
S TZV2P-MOLOPT-PBE0-GTH-Q6
 1
 2 0 3 4 3 3 2 1
         1.83659095947030     3.72803746003926E-01    -1.31812637810655E-01     2.56559878276949E-01     3.22135672378229E-01     2.14331044549409E-01    -6.28996181588624E-01    -6.56359111506667E-02    -4.82828101700687E-01    -3.30262411007222E-01
         1.39208197320107    -1.14279794636780E-01    -1.43288136484319E-01    -9.36393612455788E-01    -4.14974000535217E-01    -2.38907656855117E-01     4.88223890340128E-01     4.63441350718008E-01     7.40196513039148E-01     6.28765210001307E-01
         0.38620456072642    -7.33165669969939E-01     5.64751972580603E-01     1.18110304523197E-01    -7.40576228885045E-01    -2.84085486628765E-01    -5.98215801765616E-01     8.51719381751729E-01    -4.61461066543628E-01     6.86604311155619E-01
         0.12374068236867    -5.57158501578093E-01    -8.01965802215136E-01     2.08312235300652E-01    -4.19013170045561E-01     9.03482579314762E-01     9.02169106431992E-02     2.35559199269617E-01     7.77163454957457E-02     1.55420624339973E-01
S TZVP-MOLOPT-PBE0-GTH-q6
 1
 2 0 2 4 3 3 1
         1.83659095947030     3.72803746003926E-01    -1.31812637810655E-01     2.56559878276949E-01     3.22135672378229E-01     2.14331044549409E-01    -6.28996181588624E-01    -6.56359111506667E-02
         1.39208197320107    -1.14279794636780E-01    -1.43288136484319E-01    -9.36393612455788E-01    -4.14974000535217E-01    -2.38907656855117E-01     4.88223890340128E-01     4.63441350718008E-01
         0.38620456072642    -7.33165669969939E-01     5.64751972580603E-01     1.18110304523197E-01    -7.40576228885045E-01    -2.84085486628765E-01    -5.98215801765616E-01     8.51719381751729E-01
         0.12374068236867    -5.57158501578093E-01    -8.01965802215136E-01     2.08312235300652E-01    -4.19013170045561E-01     9.03482579314762E-01     9.02169106431992E-02     2.35559199269617E-01
S DZVP-MOLOPT-PBE0-GTH-q6
 1
 2 0 2 4 2 2 1
         1.83659095947030     3.72803746003926E-01    -1.31812637810655E-01     3.22135672378229E-01     2.14331044549409E-01    -6.56359111506667E-02
         1.39208197320107    -1.14279794636780E-01    -1.43288136484319E-01    -4.14974000535217E-01    -2.38907656855117E-01     4.63441350718008E-01
         0.38620456072642    -7.33165669969939E-01     5.64751972580603E-01    -7.40576228885045E-01    -2.84085486628765E-01     8.51719381751729E-01
         0.12374068236867    -5.57158501578093E-01    -8.01965802215136E-01    -4.19013170045561E-01     9.03482579314762E-01     2.35559199269617E-01
O TZV2P-MOLOPT-PBE0-GTH-Q6
 1
 2 0 3 5 3 3 2 1
        10.34082423621691    -1.29825249634708E-01     8.18793043945143E-02    -1.54163825083534E-01    -9.31315963557027E-02     6.07168741616306E-02     5.24249215362800E-02    -1.46443819746845E-04    -1.35615599706110E-01    -4.53627038333396E-02
         3.64864310376424    -1.27684551447027E-01     1.02649506262870E-01    -2.90598920673850E-01    -3.10412801135525E-01     1.66218217874094E-01     1.57277538743803E-01     4.82789843051162E-02    -2.03664714425298E-01    -7.75510089052828E-02
         1.25503633997207     5.26487514579900E-01    -3.65113179366377E-01     6.61471073309150E-01    -5.97863015525008E-01     4.26686208369503E-01     5.52189434348781E-01     7.18155124032992E-01    -6.65039106707507E-01     7.74070424398802E-02
         0.43936673910305     7.72667288737258E-01    -8.21060762059060E-02    -6.24492813862270E-01    -6.48920500304752E-01    -1.50379113770830E-02    -7.55332729990091E-01     6.93882202281484E-01     7.03924405563841E-01     9.92909576133937E-01
         0.14295518532255     3.04365270334762E-01     9.17992274956007E-01     2.53476876555698E-01    -3.41221918409427E-01    -8.86790677695403E-01     3.11568128998934E-01    -2.12090879301656E-02     4.83994939610748E-02     8.17248560335443E-03
O TZVP-MOLOPT-PBE0-GTH-q6
 1
 2 0 2 5 3 3 1
        10.34082423621691    -1.29825249634708E-01     8.18793043945143E-02    -1.54163825083534E-01    -9.31315963557027E-02     6.07168741616306E-02     5.24249215362800E-02    -1.46443819746845E-04
         3.64864310376424    -1.27684551447027E-01     1.02649506262870E-01    -2.90598920673850E-01    -3.10412801135525E-01     1.66218217874094E-01     1.57277538743803E-01     4.82789843051162E-02
         1.25503633997207     5.26487514579900E-01    -3.65113179366377E-01     6.61471073309150E-01    -5.97863015525008E-01     4.26686208369503E-01     5.52189434348781E-01     7.18155124032992E-01
         0.43936673910305     7.72667288737258E-01    -8.21060762059060E-02    -6.24492813862270E-01    -6.48920500304752E-01    -1.50379113770830E-02    -7.55332729990091E-01     6.93882202281484E-01
         0.14295518532255     3.04365270334762E-01     9.17992274956007E-01     2.53476876555698E-01    -3.41221918409427E-01    -8.86790677695403E-01     3.11568128998934E-01    -2.12090879301656E-02
O DZVP-MOLOPT-PBE0-GTH-q6
 1
 2 0 2 5 2 2 1
        10.34082423621691    -1.29825249634708E-01     8.18793043945143E-02    -9.31315963557027E-02     6.07168741616306E-02    -1.46443819746845E-04
         3.64864310376424    -1.27684551447027E-01     1.02649506262870E-01    -3.10412801135525E-01     1.66218217874094E-01     4.82789843051162E-02
         1.25503633997207     5.26487514579900E-01    -3.65113179366377E-01    -5.97863015525008E-01     4.26686208369503E-01     7.18155124032992E-01
         0.43936673910305     7.72667288737258E-01    -8.21060762059060E-02    -6.48920500304752E-01    -1.50379113770830E-02     6.93882202281484E-01
         0.14295518532255     3.04365270334762E-01     9.17992274956007E-01    -3.41221918409427E-01    -8.86790677695403E-01    -2.12090879301656E-02
C TZV2P-MOLOPT-PBE0-GTH-Q4
 1
 2 0 3 5 3 3 2 1
         5.37649556675185    -1.22404309942338E-01     1.51052142999233E-01    -2.91603005508096E-01    -1.02230399503479E-01     7.40025761345854E-02     8.94622998880541E-02    -3.33102657255285E-02     9.86374456561292E-02     7.95121951184048E-02
         1.95241253925289    -1.29373346346520E-01     2.06617207371748E-01    -1.01805179489666E-01    -3.09172408281985E-01     2.20213934213870E-01     3.39999059653624E-01     2.24862943378639E-01    -4.25828317504440E-02     4.21381944948773E-01
         0.69884308058897     4.93419910923422E-01    -4.42585619435647E-01     6.21910558850215E-01    -6.76608029554237E-01     4.84079784827656E-01     2.48477330781687E-01     7.92785845721874E-01    -5.17543483541305E-01     3.21750315531954E-01
         0.25544398452951     7.50469724701437E-01    -1.05635637414093E-01    -6.44963922243512E-01    -6.23090735983644E-01    -3.82982660790289E-01    -6.66883209981747E-01     5.31193096205402E-01     8.40388777086484E-01     8.41599833069726E-01
         0.08778128068034     4.02009584429917E-01     8.52907768337305E-01     3.19142896525367E-01    -2.18908374551020E-01    -7.51678445453038E-01     6.08212904060281E-01     1.94040151152179E-01    -1.19803183369898E-01    -6.55859949283386E-02
C TZVP-MOLOPT-PBE0-GTH-q4
 1
 2 0 2 5 3 3 1
         5.37649556675185    -1.22404309942338E-01     1.51052142999233E-01    -2.91603005508096E-01    -1.02230399503479E-01     7.40025761345854E-02     8.94622998880541E-02    -3.33102657255285E-02
         1.95241253925289    -1.29373346346520E-01     2.06617207371748E-01    -1.01805179489666E-01    -3.09172408281985E-01     2.20213934213870E-01     3.39999059653624E-01     2.24862943378639E-01
         0.69884308058897     4.93419910923422E-01    -4.42585619435647E-01     6.21910558850215E-01    -6.76608029554237E-01     4.84079784827656E-01     2.48477330781687E-01     7.92785845721874E-01
         0.25544398452951     7.50469724701437E-01    -1.05635637414093E-01    -6.44963922243512E-01    -6.23090735983644E-01    -3.82982660790289E-01    -6.66883209981747E-01     5.31193096205402E-01
         0.08778128068034     4.02009584429917E-01     8.52907768337305E-01     3.19142896525367E-01    -2.18908374551020E-01    -7.51678445453038E-01     6.08212904060281E-01     1.94040151152179E-01
C DZVP-MOLOPT-PBE0-GTH-q4
 1
 2 0 2 5 2 2 1
         5.37649556675185    -1.22404309942338E-01     1.51052142999233E-01    -1.02230399503479E-01     7.40025761345854E-02    -3.33102657255285E-02
         1.95241253925289    -1.29373346346520E-01     2.06617207371748E-01    -3.09172408281985E-01     2.20213934213870E-01     2.24862943378639E-01
         0.69884308058897     4.93419910923422E-01    -4.42585619435647E-01    -6.76608029554237E-01     4.84079784827656E-01     7.92785845721874E-01
         0.25544398452951     7.50469724701437E-01    -1.05635637414093E-01    -6.23090735983644E-01    -3.82982660790289E-01     5.31193096205402E-01
         0.08778128068034     4.02009584429917E-01     8.52907768337305E-01    -2.18908374551020E-01    -7.51678445453038E-01     1.94040151152179E-01
