Te admm-dz
    4
1 0 0 2 1
        1.89812645    1.08948110
        1.70551291   -1.40337763
1 0 0 1 1
        0.18844720    1.00000000
2 1 1 2 1
        1.26951492   -0.11649204
        0.30435561    0.54231978
2 1 1 1 1
        0.10248118    1.00000000

Te admm-dzp
    5
1 0 0 2 1
        1.89812645    1.08948110
        1.70551291   -1.40337763
1 0 0 1 1
        0.18844720    1.00000000
2 1 1 2 1
        1.26951492   -0.11649204
        0.30435561    0.54231978
2 1 1 1 1
        0.10248118    1.00000000
2 2 2 1 1
  0.899079371126E-01  1.00000000

Te admm-tzp
    7
1 0 0 1 1
        1.89860528    1.00000000
1 0 0 1 1
        1.70596450    1.00000000
1 0 0 1 1
        0.18839293    1.00000000
2 1 1 2 1
        1.89943981    0.20427411
        1.69546053   -0.30812743
2 1 1 1 1
        0.29453925    1.00000000
2 1 1 1 1
        0.10142370    1.00000000
2 2 2 1 1
  0.899079371126E-01  1.00000000

Te admm-tz2p
    9
1 0 0 1 1
        1.89860528    1.00000000
1 0 0 1 1
        1.70596450    1.00000000
1 0 0 1 1
        0.18839293    1.00000000
2 1 1 2 1
        1.89943981    0.20427411
        1.69546053   -0.30812743
2 1 1 1 1
        0.29453925    1.00000000
2 1 1 1 1
        0.10142370    1.00000000
2 2 2 1 1
  0.898368966237E-01  1.00000000
2 2 2 1 1
  0.318769978738E-01  1.00000000
3 3 3 1 1
      0.3494000       1.00000000
