I TZV2P-MOLOPT-PBE0-GTH-Q7
 1
 2 0 3 4 3 3 2 1
         0.82610601655865     2.55685001060109E-01    -7.45778748731287E-01    -4.29595399028093E-01    -5.13355799685300E-02    -6.94248011970277E-01     1.96753852026191E-02     6.81348086126241E-01     1.96485567466201E-02    -5.20215511437238E-01
         0.79353281856220     4.46216042027805E-01     6.47939443383758E-01    -5.22797497029398E-01     2.55458707479048E-02     7.11057950595522E-01     1.54473500023405E-01    -7.15593688193871E-01    -8.88350211482545E-03     5.93598814151812E-01
         0.21810203454463    -3.12998873810185E-01     1.38709109137891E-01     4.29461175639665E-01     2.43475505655165E-01     8.14407069053462E-02    -9.58688549267247E-01    -1.42971582346331E-01    -2.48058251069972E-01     3.09140008161421E-02
         0.07480130300199     7.98466110153392E-01    -6.89080451798885E-02     5.98074969257105E-01     9.68210589109099E-01    -7.60506412134196E-02     2.38048487732037E-01    -5.70051365280953E-02     9.68505096364525E-01     6.13237795680595E-01
I TZVP-MOLOPT-PBE0-GTH-q7
 1
 2 0 2 4 3 3 1
         0.82610601655865     2.55685001060109E-01    -7.45778748731287E-01    -4.29595399028093E-01    -5.13355799685300E-02    -6.94248011970277E-01     1.96753852026191E-02     6.81348086126241E-01
         0.79353281856220     4.46216042027805E-01     6.47939443383758E-01    -5.22797497029398E-01     2.55458707479048E-02     7.11057950595522E-01     1.54473500023405E-01    -7.15593688193871E-01
         0.21810203454463    -3.12998873810185E-01     1.38709109137891E-01     4.29461175639665E-01     2.43475505655165E-01     8.14407069053462E-02    -9.58688549267247E-01    -1.42971582346331E-01
         0.07480130300199     7.98466110153392E-01    -6.89080451798885E-02     5.98074969257105E-01     9.68210589109099E-01    -7.60506412134196E-02     2.38048487732037E-01    -5.70051365280953E-02
I DZVP-MOLOPT-PBE0-GTH-q7
 1
 2 0 2 4 2 2 1
         0.82610601655865     2.55685001060109E-01    -7.45778748731287E-01    -5.13355799685300E-02    -6.94248011970277E-01     6.81348086126241E-01
         0.79353281856220     4.46216042027805E-01     6.47939443383758E-01     2.55458707479048E-02     7.11057950595522E-01    -7.15593688193871E-01
         0.21810203454463    -3.12998873810185E-01     1.38709109137891E-01     2.43475505655165E-01     8.14407069053462E-02    -1.42971582346331E-01
         0.07480130300199     7.98466110153392E-01    -6.89080451798885E-02     9.68210589109099E-01    -7.60506412134196E-02    -5.70051365280953E-02
K TZV2P-MOLOPT-PBE0-GTH-Q9
 1
 2 0 2 6 4 3 2
         2.82679804589034     1.19206428205743E-02    -1.32372783298398E-01     1.15174431572424E-01    -7.83028354802357E-03    -2.04900165488723E-02    -3.39437122812754E-02    -1.30757889783380E-01     2.27796834288420E-04     2.19837089570744E-02
         0.44287906077151    -1.22574455377808E-01     8.14839647058334E-01    -4.94810648752872E-01    -1.52147481712976E-01     2.76153862795859E-02     3.93419156192986E-01    -8.78524869027157E-01     3.01500135131628E-02     6.11589205878589E-02
         0.32544855965972     4.50918770107482E-01    -2.68006742868527E-01    -2.02203248968727E-01    -4.36461338613813E-01     3.25517504377113E-01    -6.18048287673298E-01    -1.25509496930840E-01    -2.43216404438560E-01    -6.66073906791948E-01
         0.25062529802058    -2.59422479587013E-01    -9.23518100663976E-02    -1.37571096087742E-01     7.63933658413761E-01     1.40938404269154E-01     5.81821758767276E-01     4.41515042465670E-01     5.88360638667225E-01    -2.81033999246745E-01
         0.04240511901236    -6.25731055573120E-01     1.13815402210233E-01     5.60818871913709E-01    -3.73830370904839E-01    -9.03315243656544E-01    -2.64889678365105E-02     4.94529866073691E-03     7.70538400375059E-01     7.52429505989807E-03
         0.01975216803512     5.68037223344218E-01     4.74555980889369E-01     6.06273457052075E-01     2.50893502696091E-01     2.38775712304111E-01     3.50524295376197E-01     1.95909733825240E-02    -6.24802531025914E-03     6.87811841941648E-01
K TZVP-MOLOPT-PBE0-GTH-q9
 1
 2 0 2 6 4 3 1
         2.82679804589034     1.19206428205743E-02    -1.32372783298398E-01     1.15174431572424E-01    -7.83028354802357E-03    -2.04900165488723E-02    -3.39437122812754E-02    -1.30757889783380E-01     2.27796834288420E-04
         0.44287906077151    -1.22574455377808E-01     8.14839647058334E-01    -4.94810648752872E-01    -1.52147481712976E-01     2.76153862795859E-02     3.93419156192986E-01    -8.78524869027157E-01     3.01500135131628E-02
         0.32544855965972     4.50918770107482E-01    -2.68006742868527E-01    -2.02203248968727E-01    -4.36461338613813E-01     3.25517504377113E-01    -6.18048287673298E-01    -1.25509496930840E-01    -2.43216404438560E-01
         0.25062529802058    -2.59422479587013E-01    -9.23518100663976E-02    -1.37571096087742E-01     7.63933658413761E-01     1.40938404269154E-01     5.81821758767276E-01     4.41515042465670E-01     5.88360638667225E-01
         0.04240511901236    -6.25731055573120E-01     1.13815402210233E-01     5.60818871913709E-01    -3.73830370904839E-01    -9.03315243656544E-01    -2.64889678365105E-02     4.94529866073691E-03     7.70538400375059E-01
         0.01975216803512     5.68037223344218E-01     4.74555980889369E-01     6.06273457052075E-01     2.50893502696091E-01     2.38775712304111E-01     3.50524295376197E-01     1.95909733825240E-02    -6.24802531025914E-03
K DZVP-MOLOPT-PBE0-GTH-q9
 1
 2 0 2 6 3 2 1
         2.82679804589034     1.19206428205743E-02    -1.32372783298398E-01     1.15174431572424E-01    -2.04900165488723E-02    -3.39437122812754E-02     2.27796834288420E-04
         0.44287906077151    -1.22574455377808E-01     8.14839647058334E-01    -4.94810648752872E-01     2.76153862795859E-02     3.93419156192986E-01     3.01500135131628E-02
         0.32544855965972     4.50918770107482E-01    -2.68006742868527E-01    -2.02203248968727E-01     3.25517504377113E-01    -6.18048287673298E-01    -2.43216404438560E-01
         0.25062529802058    -2.59422479587013E-01    -9.23518100663976E-02    -1.37571096087742E-01     1.40938404269154E-01     5.81821758767276E-01     5.88360638667225E-01
         0.04240511901236    -6.25731055573120E-01     1.13815402210233E-01     5.60818871913709E-01    -9.03315243656544E-01    -2.64889678365105E-02     7.70538400375059E-01
         0.01975216803512     5.68037223344218E-01     4.74555980889369E-01     6.06273457052075E-01     2.38775712304111E-01     3.50524295376197E-01    -6.24802531025914E-03
H TZV2P-MOLOPT-PBE0-GTH-Q1
 1
 2 0 2 5 3 2 1
         9.40376558777484     5.57995409025206E-02    -4.70579310756749E-02    -9.03982952048893E-02    -9.22922683878503E-02     5.62771387719766E-01     7.80341103329014E-02
         2.19236236036235     2.26741263852150E-01    -2.37595450605385E-01    -3.31859181820579E-01     3.56629407794935E-01    -1.55610962004131E-01     3.11602862374432E-01
         0.70785664525623     4.70071809062586E-01    -3.84865803668886E-01    -6.33091997698946E-01     4.70685683046521E-01    -1.55533260185636E-01     6.35783567219683E-05
         0.37495748172786     5.50419957177599E-01     8.25544608526065E-01    -1.19262368808400E-01     4.93402007633953E-01     7.41061881197701E-01     9.44971331284660E-01
         0.15142571456720     6.49265104227107E-01    -3.34198093163844E-01     6.83131496493313E-01     6.31907468961614E-01    -2.92763192495008E-01     6.19960707827798E-02
H TZVP-MOLOPT-PBE0-GTH-q1
 1
 2 0 1 5 3 1
         9.40376558777484     5.57995409025206E-02    -4.70579310756749E-02    -9.03982952048893E-02    -9.22922683878503E-02
         2.19236236036235     2.26741263852150E-01    -2.37595450605385E-01    -3.31859181820579E-01     3.56629407794935E-01
         0.70785664525623     4.70071809062586E-01    -3.84865803668886E-01    -6.33091997698946E-01     4.70685683046521E-01
         0.37495748172786     5.50419957177599E-01     8.25544608526065E-01    -1.19262368808400E-01     4.93402007633953E-01
         0.15142571456720     6.49265104227107E-01    -3.34198093163844E-01     6.83131496493313E-01     6.31907468961614E-01
H DZVP-MOLOPT-PBE0-GTH-q1
 1
 2 0 1 5 2 1
         9.40376558777484     5.57995409025206E-02    -4.70579310756749E-02    -9.22922683878503E-02
         2.19236236036235     2.26741263852150E-01    -2.37595450605385E-01     3.56629407794935E-01
         0.70785664525623     4.70071809062586E-01    -3.84865803668886E-01     4.70685683046521E-01
         0.37495748172786     5.50419957177599E-01     8.25544608526065E-01     4.93402007633953E-01
         0.15142571456720     6.49265104227107E-01    -3.34198093163844E-01     6.31907468961614E-01
O TZV2P-MOLOPT-PBE0-GTH-Q6
 1
 2 0 3 5 3 3 2 1
        10.34082423621691    -1.29825249634708E-01     8.18793043945143E-02    -1.54163825083534E-01    -9.31315963557027E-02     6.07168741616306E-02     5.24249215362800E-02    -1.46443819746845E-04    -1.35615599706110E-01    -4.53627038333396E-02
         3.64864310376424    -1.27684551447027E-01     1.02649506262870E-01    -2.90598920673850E-01    -3.10412801135525E-01     1.66218217874094E-01     1.57277538743803E-01     4.82789843051162E-02    -2.03664714425298E-01    -7.75510089052828E-02
         1.25503633997207     5.26487514579900E-01    -3.65113179366377E-01     6.61471073309150E-01    -5.97863015525008E-01     4.26686208369503E-01     5.52189434348781E-01     7.18155124032992E-01    -6.65039106707507E-01     7.74070424398802E-02
         0.43936673910305     7.72667288737258E-01    -8.21060762059060E-02    -6.24492813862270E-01    -6.48920500304752E-01    -1.50379113770830E-02    -7.55332729990091E-01     6.93882202281484E-01     7.03924405563841E-01     9.92909576133937E-01
         0.14295518532255     3.04365270334762E-01     9.17992274956007E-01     2.53476876555698E-01    -3.41221918409427E-01    -8.86790677695403E-01     3.11568128998934E-01    -2.12090879301656E-02     4.83994939610748E-02     8.17248560335443E-03
O TZVP-MOLOPT-PBE0-GTH-q6
 1
 2 0 2 5 3 3 1
        10.34082423621691    -1.29825249634708E-01     8.18793043945143E-02    -1.54163825083534E-01    -9.31315963557027E-02     6.07168741616306E-02     5.24249215362800E-02    -1.46443819746845E-04
         3.64864310376424    -1.27684551447027E-01     1.02649506262870E-01    -2.90598920673850E-01    -3.10412801135525E-01     1.66218217874094E-01     1.57277538743803E-01     4.82789843051162E-02
         1.25503633997207     5.26487514579900E-01    -3.65113179366377E-01     6.61471073309150E-01    -5.97863015525008E-01     4.26686208369503E-01     5.52189434348781E-01     7.18155124032992E-01
         0.43936673910305     7.72667288737258E-01    -8.21060762059060E-02    -6.24492813862270E-01    -6.48920500304752E-01    -1.50379113770830E-02    -7.55332729990091E-01     6.93882202281484E-01
         0.14295518532255     3.04365270334762E-01     9.17992274956007E-01     2.53476876555698E-01    -3.41221918409427E-01    -8.86790677695403E-01     3.11568128998934E-01    -2.12090879301656E-02
O DZVP-MOLOPT-PBE0-GTH-q6
 1
 2 0 2 5 2 2 1
        10.34082423621691    -1.29825249634708E-01     8.18793043945143E-02    -9.31315963557027E-02     6.07168741616306E-02    -1.46443819746845E-04
         3.64864310376424    -1.27684551447027E-01     1.02649506262870E-01    -3.10412801135525E-01     1.66218217874094E-01     4.82789843051162E-02
         1.25503633997207     5.26487514579900E-01    -3.65113179366377E-01    -5.97863015525008E-01     4.26686208369503E-01     7.18155124032992E-01
         0.43936673910305     7.72667288737258E-01    -8.21060762059060E-02    -6.48920500304752E-01    -1.50379113770830E-02     6.93882202281484E-01
         0.14295518532255     3.04365270334762E-01     9.17992274956007E-01    -3.41221918409427E-01    -8.86790677695403E-01    -2.12090879301656E-02
CL TZV2P-MOLOPT-PBE0-GTH-Q7
 1
 2 0 3 4 3 3 2 1
         1.95736377876919     5.14900988266686E-01     2.40693792976430E-01    -1.28104442415964E-01     3.91491934421244E-01     1.94579618291814E-01    -4.24624922261607E-01     1.03302579489917E-01    -1.51719991846673E-01    -8.80894837945973E-02
         1.54347371438383    -4.22981434715776E-01     4.84506053505603E-02    -8.97870765280675E-01    -5.31183852831214E-01    -2.06763688400425E-01    -8.12512692066251E-01     2.53080986425568E-01     7.90079486051753E-01     3.40736837991551E-01
         0.40766941393095    -4.94589672987331E-01    -6.25944067103656E-01     2.66738548390739E-01    -6.13505638411310E-01    -3.32691397032460E-01     3.96050456242181E-01     9.52098239408987E-01    -2.69731069825107E-01     9.35543949131780E-01
         0.13062819821750    -5.57982735881729E-01     7.40211497966302E-01     3.25987557262530E-01    -4.33807113141348E-01     8.99279702676011E-01     5.15832990020733E-02     1.37067625261757E-01     5.29150828937503E-01     2.99360873066907E-02
CL TZVP-MOLOPT-PBE0-GTH-q7
 1
 2 0 2 4 3 3 1
         1.95736377876919     5.14900988266686E-01     2.40693792976430E-01    -1.28104442415964E-01     3.91491934421244E-01     1.94579618291814E-01    -4.24624922261607E-01     1.03302579489917E-01
         1.54347371438383    -4.22981434715776E-01     4.84506053505603E-02    -8.97870765280675E-01    -5.31183852831214E-01    -2.06763688400425E-01    -8.12512692066251E-01     2.53080986425568E-01
         0.40766941393095    -4.94589672987331E-01    -6.25944067103656E-01     2.66738548390739E-01    -6.13505638411310E-01    -3.32691397032460E-01     3.96050456242181E-01     9.52098239408987E-01
         0.13062819821750    -5.57982735881729E-01     7.40211497966302E-01     3.25987557262530E-01    -4.33807113141348E-01     8.99279702676011E-01     5.15832990020733E-02     1.37067625261757E-01
CL DZVP-MOLOPT-PBE0-GTH-q7
 1
 2 0 2 4 2 2 1
         1.95736377876919     5.14900988266686E-01     2.40693792976430E-01     3.91491934421244E-01     1.94579618291814E-01     1.03302579489917E-01
         1.54347371438383    -4.22981434715776E-01     4.84506053505603E-02    -5.31183852831214E-01    -2.06763688400425E-01     2.53080986425568E-01
         0.40766941393095    -4.94589672987331E-01    -6.25944067103656E-01    -6.13505638411310E-01    -3.32691397032460E-01     9.52098239408987E-01
         0.13062819821750    -5.57982735881729E-01     7.40211497966302E-01    -4.33807113141348E-01     8.99279702676011E-01     1.37067625261757E-01
