I DZVP-MOLOPT-PBE0-GTH-Q7
 1
 2 0 2 4 2 2 1
         0.82610601655865     1.05005244816190E-01    -7.35044642976713E-01    -5.16327779360308E-02    -6.94155788521643E-01     6.82827555168241E-01
         0.79353281856220     3.51165204912548E-01     6.50815477338862E-01     2.69711579388687E-03     7.13936681972690E-01    -7.16801730016586E-01
         0.21810203454463    -4.77218454862771E-01     1.67915168185006E-01     4.03326029479870E-01     6.13316229609424E-02    -1.40132521767791E-01
         0.07480130300199     7.98698593812591E-01    -8.91800626868297E-02     9.13594491967309E-01    -6.84148187215230E-02    -1.74552596998940E-02
K DZVP-MOLOPT-PBE0-GTH-Q9
 1
 2 0 2 6 3 2 1
         2.33234258542992    -2.13723699871467E-01    -3.02235564084783E-01    -9.01966493676332E-02    -5.25087898590037E-02    -1.34025820753613E-01     1.00747807474964E-01
         1.62984225962495    -1.00426102516222E-01     7.99314606768538E-01    -5.50830064395770E-01     1.20603027350172E-01     2.27401143211876E-01     1.23642603559089E-01
         0.47437688309127     4.52994826673115E-01    -1.88779436470785E-01    -1.85241754727735E-01     1.40863363125708E-01    -4.82440284414462E-01    -3.80280031902219E-02
         0.47419457542051    -2.40833092057907E-02    -1.11372604991288E-01    -2.79899292313556E-01     3.46809328415115E-02     6.82774776278589E-01     6.49519633004865E-01
         0.09530967928988    -6.58347076927819E-01     2.05692441988646E-01     4.85388442056704E-01    -8.08034619898341E-01     2.64251511969591E-01     7.38247117374333E-01
         0.09910452286678     5.52296646352611E-01     4.23555084659346E-01     5.83258727655343E-01     5.55637053888073E-01     4.01953871371894E-01    -7.89410975170365E-02
H DZVP-MOLOPT-PBE0-GTH-Q1
 1
 2 0 1 5 2 1
         9.40376558777484     5.57995409025206E-02    -4.70579310756749E-02    -9.22922683878503E-02
         2.19236236036235     2.26741263852150E-01    -2.37595450605385E-01     3.56629407794935E-01
         0.70785664525623     4.70071809062586E-01    -3.84865803668886E-01     4.70685683046521E-01
         0.37495748172786     5.50419957177599E-01     8.25544608526065E-01     4.93402007633953E-01
         0.15142571456720     6.49265104227107E-01    -3.34198093163844E-01     6.31907468961614E-01
O DZVP-MOLOPT-PBE0-GTH-Q6
 1
 2 0 2 5 2 2 1
        10.34082423621691    -1.29825249634708E-01     8.18793043945143E-02    -9.31315963557027E-02     6.07168741616306E-02    -1.46443819746845E-04
         3.64864310376424    -1.27684551447027E-01     1.02649506262870E-01    -3.10412801135525E-01     1.66218217874094E-01     4.82789843051162E-02
         1.25503633997207     5.26487514579900E-01    -3.65113179366377E-01    -5.97863015525008E-01     4.26686208369503E-01     7.18155124032992E-01
         0.43936673910305     7.72667288737258E-01    -8.21060762059060E-02    -6.48920500304752E-01    -1.50379113770830E-02     6.93882202281484E-01
         0.14295518532255     3.04365270334762E-01     9.17992274956007E-01    -3.41221918409427E-01    -8.86790677695403E-01    -2.12090879301656E-02
CL DZVP-MOLOPT-PBE0-GTH-Q7
 1
 2 0 2 4 2 2 1
         1.95736377876919     5.14900988266686E-01     2.40693792976429E-01     3.91491934421244E-01     1.94579618291814E-01     1.03302579489917E-01
         1.54347371438383    -4.22981434715776E-01     4.84506053505592E-02    -5.31183852831214E-01    -2.06763688400425E-01     2.53080986425568E-01
         0.40766941393095    -4.94589672987331E-01    -6.25944067103656E-01    -6.13505638411310E-01    -3.32691397032460E-01     9.52098239408987E-01
         0.13062819821750    -5.57982735881729E-01     7.40211497966303E-01    -4.33807113141348E-01     8.99279702676011E-01     1.37067625261757E-01
