TI SVP-MOLOPT-PBE-AE
 4
 1 0 0 6 1
     42961.46490759860171     2.94983469695410E-03
      6451.21825788871047     2.11821018612589E-02
      1468.14051863394570     1.07504781490007E-01
       414.43228221663162     3.61613995358811E-01
       134.04387729057186     7.48967461114092E-01
        45.56549015353624     5.44305428547002E-01
 1 0 0 8 4
        89.18799999835699    -1.68827475951541E-01     7.99065857533645E-03    -1.80019650877727E-02     1.59394297497465E-02
        11.27276188526134     5.13489109093576E-01     4.99573001251153E-01     4.26257362073420E-01    -1.66440084863738E-01
         7.32707308767457     5.14302592547535E-01    -4.88637249764220E-01    -1.69944507834094E-01    -7.70822080913446E-02
         4.04360731204816     5.35225757602014E-01    -8.62915384830402E-02     1.73729751276946E-01    -2.07978679628031E-01
         1.59874854447249     3.35752617749857E-01    -5.46627573722194E-02    -4.69994355532883E-01     4.10467246636604E-01
         0.65577976868825     1.62507371776166E-01     6.19040296051808E-01    -3.63288538152751E-01     4.04589310947171E-01
         0.05898843331272    -1.46862737099506E-02    -1.33052807548132E-01     6.37139773090336E-01     6.86764351719279E-01
         0.18503577936562     1.32281128893695E-01    -3.16620308176295E-01    -9.85300309187445E-03     3.45000998345229E-01
 1 1 1 5 1
       522.08119182367045     1.47039979456782E-02
       122.65752297776974     1.05027639877601E-01
        37.92151497772090     4.13530611949419E-01
        13.07584634683960     7.78362764828346E-01
         4.80336900883698     4.60322524558234E-01
 1 1 3 5 2 2 1
         6.56785986079439     7.50484241025517E-02     8.27617165151814E-02     4.15725457721872E-01    -3.23182042974973E-02     1.09729271785284E-02
         1.97967675243620     3.45490185082818E-01    -8.18522222639696E-01     7.52771266774103E-01    -1.23559720180771E-02     4.08518421963020E-02
         0.75018896483847     8.71467568774260E-01     1.38938522245483E-01     2.49584002596411E-01     5.88478583446154E-01     6.34138259108808E-01
         0.28078640238660     2.47665455290830E-01     1.22621830491243E-01     1.92510443866073E-01     5.63020974802469E-01     5.10032521278153E-01
         0.04547568867562     2.32831193961267E-01     5.37430779773220E-01    -4.01441550380245E-01     5.79226382672750E-01     5.79608676118123E-01

TI TZVPP-MOLOPT-PBE-AE
 4
 1 0 0 8 1
    211575.94905291631585     4.10374666428824E-04
     31714.82766171549520     3.19056041093389E-03
      7217.44841242274015     1.69450690263901E-02
      2042.96971248977457     6.73702658362001E-02
       665.17579018992797     2.20773989250307E-01
       238.39351642397747     5.19440351712107E-01
        92.32848217960385     7.33345472681991E-01
        36.42648976431678     3.72570460737673E-01
 1 0 1 6 1 1
      1063.09629218733880    -2.59883213804705E-03     5.00825308114808E-03
       251.63515180373875    -3.38511763202554E-02     3.74759736198109E-02
        80.30982707054882    -1.40101528106981E-01     1.79215364857080E-01
        29.41145739082045    -1.02331566613305E-02     4.93708158300703E-01
        12.15366736249708     6.66020984850145E-01     7.09758357461291E-01
         5.48735869174275     7.31799314019445E-01     4.67918422636514E-01
 1 0 2 4 1 1 1
        37.93716468218655    -2.15418400243733E-01    -2.76009753660248E-02     3.89435700693026E-02
        10.73755985670170     1.85815975176694E-01    -8.70219283108642E-02     2.50860911223550E-01
         4.13337346545625     9.02256200460024E-01     1.32773343182115E-01     4.29250064277300E-01
         2.26479659992993     3.24038709010212E-01     9.86932930594651E-01     8.66773663587145E-01
 1 0 4 4 3 3 3 2 1
         0.43084053127937    -7.10433825020070E-01     5.68045279729304E-01    -3.43043558292362E-01    -8.10371251589774E-01     4.58780253381026E-01     2.50723308137668E-01    -8.02242862061880E-01     4.43115167883874E-01    -3.98605768497707E-01    -3.87977920522822E-01     3.00862460556411E-01    -2.85220368905504E-01
         1.00143900288176     6.57184298217189E-01     6.09004280340439E-01    -4.29559333458924E-01     4.22367830967491E-01     8.85746839373162E-01    -6.41407722203111E-02     5.39142183270075E-01     5.67231863366491E-01    -4.87705357260655E-01     8.70210013849020E-01     4.30727712886470E-01     9.22530785646667E-01
         0.17450152102789     2.45428071115678E-01     1.36406483419252E-01     3.32673084369696E-01     3.86842233683276E-01     1.59167578150009E-02     3.02329437316061E-01     1.98314467316143E-01     5.72333837754101E-01     3.00306302549001E-01    -1.40904909198580E-01     4.29031191787327E-01    -2.17248383339461E-01
         0.04528690438309    -5.61928852486772E-02     5.36499410983343E-01     7.66243117481908E-01     1.23518971010826E-01    -6.87013279984689E-02     9.17398874769116E-01    -1.62491441444326E-01     3.92849766876202E-01     7.16291177154206E-01    -2.68986006229721E-01     7.34770476851839E-01    -1.42791563588125E-01

TI QZVPP-MOLOPT-PBE-AE
 4
 1 0 0 11 1
   3070548.93862597271800     2.08769974426666E-05
    460777.98702398908790     1.03411966708625E-04
    104901.23397854210634     8.00498140153625E-04
     29696.07460304468259     2.67055526265063E-03
      9678.94215118860302     1.14454582862985E-02
      3490.14294797412867     3.43322968378385E-02
      1359.33824269910133     1.07729744347029E-01
       562.40213730554910     2.38911201989060E-01
       244.35895669223652     4.86335392113773E-01
       110.21628082532297     7.38561323724932E-01
        50.99117868560197     3.84711980978203E-01
 1 0 1 9 1 1
      5169.76856118889282    -7.20882333531584E-03     3.49651616571901E-04
      1225.02515800847459    -5.90581451253490E-02     2.86554932013587E-03
       397.55330811301701     4.78067381356501E-02     1.59477281268966E-02
       151.42412726017636    -3.81504340478650E-02     6.47968063811280E-02
        63.58234762554967     9.16584288694914E-01     1.99384977070358E-01
        28.56453811432638    -2.30876343148538E-01     4.41537719195240E-01
        13.27249193634456    -2.90731939862472E-01     6.68688641497775E-01
         6.29893962422398    -8.85157704343533E-02     5.41937553362379E-01
         3.01248948645103     8.32375032751234E-02     1.41378826757103E-01
 1 0 2 6 5 1 1
        89.68936238599836    -1.85399876314482E-01    -1.24942939575561E-01     2.63106247616001E-01     1.00244813102012E-02    -9.93131305166429E-04     3.67824935162203E-03     2.11740913583080E-02
        26.57460962052043     9.61580617855461E-01     8.95907962545614E-02    -8.69086430687584E-02     9.51068518318059E-02     9.85729451089693E-04    -3.50763366620085E-02     5.63868330967557E-02
         9.98670156687465    -1.68411911657583E-01     9.03054553834843E-01    -3.26831109391004E-01     1.33854981471468E-01    -3.09095174849653E-03    -7.57561810484644E-02     4.24811198626690E-01
         4.21129956539463     4.46424051993805E-02     2.67101370769047E-01     8.10840295307075E-01     4.83288359837827E-01     1.59676839727924E-02     2.18485962990343E-01     5.52422277183252E-01
         1.91881121833407    -7.05999396838653E-02    -2.08573940363048E-01    -2.69669588275536E-01     6.08156336709372E-01    -7.12900534651669E-01     7.96971382073402E-01     7.13116344231716E-01
         1.88702666955181    -7.51647085657394E-02    -2.14497069932370E-01    -2.93631988763588E-01     6.07877678328360E-01     7.01075137775444E-01     5.56882054166972E-01     4.69290495438178E-02
 1 0 4 5 4 4 4 3 2
         2.33014065162144    -5.08439695074309E-01    -3.74815083614910E-01     1.69246757801066E-02    -7.12041372580248E-02     2.20985492993368E-01     2.95267135698378E-01     3.50820513411112E-01    -1.87328533316049E-01     4.44514825948640E-01    -3.33933551098753E-01     2.78790564956543E-01     4.54427368385486E-01     9.50212376659312E-01    -1.33692665668193E-01     1.08705436846980E-01     7.35837607313054E-01     2.99507616895271E-02
         0.82889574919932     7.86136875361781E-01     1.35631864459819E-01    -1.40350040093143E-01    -1.02619935012042E-01     9.73450586350771E-01    -1.18061923634466E-01    -9.78220579866302E-02     2.53734229135264E-02     8.89553890968977E-01     1.03867081425749E-01    -6.80442032386129E-02    -2.10310609829282E-01    -5.15923372035670E-02     8.19252526865349E-01     1.64875926836666E-01     6.35618339664643E-01     7.52606075345060E-02
         0.29868813502865    -3.51150647325464E-01     8.56093185347228E-01    -3.04801054749314E-01    -1.38125964713370E-01     5.12777640312584E-02     9.46319906610522E-01    -1.32812475131367E-01     1.94484041401791E-03     4.74749523961335E-02     9.25472897668454E-01     1.73350759707539E-01     2.85495336928549E-01     5.14460038578375E-02     1.32102797555522E-01     8.51699942039445E-01     2.05683005268911E-02     7.18016475488392E-01
         0.06009974145448     1.22557797830498E-02     3.14808338120973E-01     9.37372274861794E-01     3.72588656335663E-02     2.67559694458974E-02     1.20869880603476E-02     9.21741406666905E-01     8.53740480333892E-02    -8.15754932306216E-02    -7.77523499284458E-02     9.36585954391010E-01    -1.15293170495239E-01    -2.02113428269611E-01    -4.14503599573353E-01     1.84366347154247E-01     1.44391548712038E-02    -6.09229699383856E-01
         0.01077214505635    -4.57257192139416E-03     9.54872697769089E-02    -9.18964468286091E-02     9.81800445395685E-01     1.46313647614787E-02     5.66678024674203E-02    -1.04612631368824E-02     9.78249303364672E-01    -4.68189317794575E-02    -1.23103617365345E-01    -1.01990545851727E-01     8.08990180215240E-01    -2.25694795654440E-01    -3.48836903423378E-01     4.49015941272315E-01     2.32165453428804E-01    -3.26696047027872E-01
