NB DZVP-MOLOPT-PBE-GTH-Q13
 1
 2 0 3 6 3 2 2 1
         1.95586685729238     5.85520656774309E-01     2.02406288914548E-01     9.68028653815353E-02     4.59975241240824E-01     5.90514440986231E-01     5.21355928839050E-01    -2.26808296132820E-01     4.99577904907797E-01
         1.83795970853228    -1.61215164256023E-01    -1.29001430644486E-01     6.29071319115168E-01    -3.39179556547470E-01    -2.65141997072755E-01    -7.17388985317938E-01     1.90805849233436E-01    -6.68278278592589E-01
         1.69387104188591    -1.25912513116719E-01    -1.30945382830515E-01    -7.51821205624329E-01    -1.95119669337365E-01    -4.09841085329361E-01     1.19595655919811E-01     1.88181349237270E-01     1.13411747777307E-01
         0.55804962466353    -8.47413378597251E-02     1.42334817109876E-01    -1.48876762997943E-01    -2.28249871939182E-01    -1.50927703526897E-01    -1.06442619974063E-01     5.91003780849950E-01    -4.44330306864401E-01
         0.19139095931521    -7.68879586590209E-01     2.58515196708623E-02     8.45301959501511E-02     4.87927718176495E-01    -4.30795565706811E-01    -3.71312556044184E-01    -4.54817735434510E-01    -3.05292121912427E-01
         0.05468295347255     1.30247292976595E-01    -9.50955377809017E-01     1.88072035691605E-02     5.87483496192200E-01    -4.52392208184985E-01    -2.23684761821124E-01    -5.66210440612113E-01    -1.81970727138670E-02
O DZVP-MOLOPT-PBE-GTH-Q6
 1
 2 0 2 5 2 2 1
        10.34256722623639    -1.36612866576817E-01     5.36780510727693E-02    -9.23817206645146E-02     5.83443637080248E-02    -9.48473896502772E-02
         3.67715896642206    -1.53385468202307E-01     9.10278370989298E-02    -2.98264530995839E-01     1.75046650342809E-01     1.72754284852763E-01
         1.30046451996361     5.48080652961239E-01    -2.61157543615482E-01    -5.68590641449654E-01     3.64872626600995E-01     4.96868401181124E-01
         0.46645021946921     7.84467551986126E-01    -4.09115659592467E-02    -6.49258120291653E-01     1.42983044083434E-01     8.41501659783491E-01
         0.14793951916337     2.05007513424509E-01     9.58621708960114E-01    -3.97079920076698E-01    -9.01320376386329E-01    -7.84645029990108E-02
F DZVP-MOLOPT-PBE-GTH-Q7
 1
 2 0 2 5 2 2 1
        13.30428004732790     1.38300641201995E-01    -4.13429187269840E-02    -9.35306094799813E-02     5.06566246623838E-02    -3.27607844899301E-02
         4.80605774544240     1.37253664661734E-01    -3.39425431978004E-02    -2.95918398172795E-01     1.05639317967558E-01     1.33212173705781E-01
         1.70698523266130    -5.18315587577063E-01     1.04830293747595E-01    -5.65287543674134E-01     3.02725510725546E-01     2.66499630071583E-01
         0.58735472443375    -8.26234910698634E-01     4.59821538585404E-02    -6.52514099592094E-01     2.40459771924833E-01     9.50816701157307E-01
         0.17874874061685    -1.03533512436824E-01    -9.91985341560913E-01    -3.97944304537121E-01    -9.14773526135829E-01     7.81459899689756E-02
