Tc admm-dz
    7
1 0 0 2 1
        2.12739909    4.50331106  
        1.90948622   -4.55901633 
1 0 0 1 1
        0.58716617    1.00000000
1 0 0 1 1
        0.07484522    1.00000000
2 1 1 2 1
        3.61982680   -0.12896111 
        1.23448449    0.71463805
2 1 1 1 1
        0.45870264    1.00000000
2 2 2 2 1
        1.30673578   -0.44278119 
        0.45407515   -0.50064427
2 2 2 1 1
        0.14444822    1.00000000

Tc admm-dzp
    8
1 0 0 2 1
        2.12739909    4.50331106  
        1.90948622   -4.55901633 
1 0 0 1 1
        0.58716617    1.00000000
1 0 0 1 1
        0.07484522    1.00000000
2 1 1 2 1
        3.61982680   -0.12896111 
        1.23448449    0.71463805  
2 1 1 1 1
        0.45870264    1.00000000
2 2 2 2 1
        1.30673578   -0.44278119 
        0.45407515   -0.50064427 
2 2 2 1 1
        0.14444822    1.00000000
3 3 3 1 1
      0.7228000       1.0000000

Tc admm-tzp
   11
1 0 0 2 1
        4.74632743    1.10710757  
        4.25764792   -1.57337074 
1 0 0 1 1
        0.95431112    1.00000000
1 0 0 1 1
        0.40734161    1.00000000
1 0 0 1 1
        0.07277974    1.00000000
2 1 1 2 1
        2.50720715   -1.42424789 
        2.24465366    1.60473332
2 1 1 1 1
        0.81711812    1.00000000
2 1 1 1 1
        0.33281792    1.00000000
2 2 2 2 1
        1.32785107   -0.42347476 
        0.49601170   -0.45533525
2 2 2 1 1
        0.07279567    1.00000000
2 2 2 1 1
        0.19120113    1.00000000
3 3 3 1 1
      0.7228000       1.0000000

Tc admm-tz2p
   13
1 0 0 2 1
        4.74632743    1.10710757
        4.25764792   -1.57337074
1 0 0 1 1
        0.95431112    1.00000000
1 0 0 1 1
        0.40734161    1.00000000
1 0 0 1 1
        0.07277974    1.00000000
2 1 1 2 1
        2.50720715   -1.42424789  
        2.24465366    1.60473332 
2 1 1 1 1
        0.81711812    1.00000000
2 1 1 1 1
        0.33281792    1.00000000
2 2 2 2 1
        1.32785107   -0.42347476 
        0.49601170   -0.45533525 
2 2 2 1 1
        0.07279567    1.00000000
2 2 2 1 1
        0.19120113    1.00000000
3 3 3 1 1
      1.4494000       1.0000000
3 3 3 1 1
      0.4015000       1.0000000
4 4 4 1 1
      0.8717000       1.0000000

