K TZVPP-MOLOPT-PBE-AE
 3
 1 0 0 8 1
    153976.16405692617991     4.35480110344120E-04
     23082.45872289455292     3.30502577967012E-03
      5253.21513505392613     1.73087323980688E-02
      1487.03412325065642     6.95164631764647E-02
       484.17408036020538     2.24841842926191E-01
       173.50891799885568     5.28553420405869E-01
        66.98745016020625     7.29445333512250E-01
        26.23042649097156     3.64477282084755E-01
 1 0 1 6 1 1
       728.18546406604094    -3.69340549467014E-03     5.18372755296241E-03
       172.04701202605983    -3.48552949146617E-02     3.97933056537325E-02
        54.89055331845185    -1.50447044824226E-01     1.81032945318966E-01
        20.12052660682472    -4.26085939441601E-03     4.90381061466555E-01
         8.02738009657057     7.03165023254683E-01     7.28725937475253E-01
         3.35199295937309     6.94030221982000E-01     4.40569650689530E-01
 1 0 2 6 4 3 3
        11.49658809804796    -1.93709099930681E-01     4.79961026230174E-02     2.47696911142352E-02    -3.15885017266873E-02    -8.67953386007969E-02     4.05800490641743E-02     2.22397274977872E-02     5.51957310704507E-02    -6.47957546923856E-02    -1.44289158021905E-02
         3.24701096601143    -3.99979882424467E-03    -1.68698041417175E-01    -2.82291245146920E-01     6.07197081072511E-02     8.77259185383155E-02    -6.64997506419589E-03    -3.75746641135392E-02     1.89463207620149E-01     2.47909631014956E-01    -1.01251913185642E-01
         1.20510556149750     9.64506106278196E-01    -6.53221128410874E-02     1.42883689815987E-01     8.39696101323965E-02     9.80053972297446E-01    -9.30214500830219E-02    -1.10423977657677E-01     9.72966680073334E-01    -9.15735396798844E-02    -7.91037022834716E-02
         0.44753939034453     2.89352941020058E-02     9.05543227894160E-01     3.06683164639087E-01    -1.16852774628178E-01     1.49401692142982E-01     7.90621612340199E-01     5.08946973454752E-01     8.01398893887065E-02     8.69413074998414E-01     1.86488229577788E-01
         0.15068061317039    -1.07209992930462E-01    -3.79233133983434E-01     8.00181969855137E-01    -4.04804401945037E-01     1.30298884467316E-02     1.42914831812336E-01     3.30503781745582E-01     4.40949413799783E-02     1.39583427502691E-01     7.35262807295041E-01
         0.03373819481972    -1.40916724829115E-01    -3.38239417146296E-02     4.06123895068713E-01     9.00412801668137E-01     4.21224428263458E-02    -5.86642023914654E-01     7.85900956074588E-01     7.76285899035924E-02    -3.88064406565164E-01     6.38665174553636E-01
H TZVPP-MOLOPT-PBE-AE
 1
 1 0 2 5 3 2 1
        34.17773832674855    -4.67038702307212E-01     3.25930727691839E-01    -1.51283436822271E-01    -1.00054440080746E-01     7.49322156514700E-02     1.29694886730211E-02
         4.94770130521271    -8.38132979846024E-02     2.28656356488893E-01    -2.28133785557746E-02     1.35570007424312E-01    -4.78523016653350E-02    -4.42398660674758E-02
         1.06512662518152     8.14717082181122E-01     2.11440298046549E-01     2.96545250287854E-01     9.76472815332876E-01     6.34720246090092E-02     9.35175251752971E-01
         0.29382327136550    -1.33307568322592E-01     8.19165770735029E-01     3.66068869122815E-01    -2.64980945419224E-02     9.79893619096044E-01     2.87655408521357E-01
         0.09137129667664    -3.05475612542697E-01    -3.54606643763996E-01     8.68704419864991E-01     1.31941555275947E-01    -1.66958430843673E-01    -2.01435451376045E-01
F TZVPP-MOLOPT-PBE-AE
 2
 1 0 0 6 1
     35479.02878767263610     6.72585320603450E-04
      5318.56312951047130     8.20097950478645E-03
      1210.53207767191157     3.41581776414553E-02
       342.85143677005027     1.67981165419731E-01
       112.04698837680320     3.40179960458393E-01
        40.78491787387953     9.24567700620738E-01
 1 0 3 6 4 3 2 1
        79.87901815644609     1.16918239284466E-01    -1.68147951461107E-02    -2.12818697913285E-02    -7.26226478740949E-03    -2.45424567087636E-01     2.14619427519455E-01     6.35891870315225E-02     1.01451133211560E-01    -3.43565246327839E-02    -1.31870850864618E-02
        16.19635642859436     8.53271420269594E-01     1.38508493185086E-02     1.47303644984199E-01    -9.44612873543678E-02    -1.04048621424425E-01     1.57592183640012E-01     5.70164828779390E-02     5.65110690465166E-02     4.45853785965381E-03     1.05680763536942E-01
         5.77801148801512     4.75828101997680E-01     9.06865843095588E-03     4.56280442532806E-02    -3.42227538288093E-02     3.85471543429814E-01     1.08618595980577E-01    -3.86557846134089E-02     7.78219890128867E-01    -1.58938198405914E-01    -1.90738906372033E-01
         1.80048565891898     5.42202862380103E-03     9.84951172129337E-01    -1.65338157360220E-01    -4.82246452283408E-02     8.82036252116551E-01     2.29685585491659E-02     9.54990517737228E-02     5.96805252189064E-01     2.06883586435839E-01     7.91345089335059E-01
         0.61342852936985    -1.78123417267227E-01     1.16155230853301E-01     8.34960810060312E-01    -5.05012861636734E-01     2.35771402740000E-03     9.52591193174218E-01     7.86110613461027E-02     2.14870962580005E-02     9.58447372992515E-01     5.67195057415070E-01
         0.19458219035665     9.39552285204502E-03     1.25786831338083E-01     5.01268928973589E-01     8.55856016509765E-01    -4.85679584923393E-02    -9.66833470619191E-02     9.87882330256585E-01     1.55723360184243E-01    -1.10073678097833E-01    -6.58715646571095E-02
CL TZVPP-MOLOPT-PBE-AE
 3
 1 0 0 7 1
     69508.00450217274192     8.54639670881115E-04
     10426.07404861877149     6.36610882195957E-03
      2373.21372557596396     3.32269466123591E-02
       671.48082610673112     1.29170911439118E-01
       218.35953271185565     3.78680461942424E-01
        77.68193958237838     7.12972790189941E-01
        28.63569494373375     5.74839539435266E-01
 1 0 1 5 1 1
       666.45268090401123     1.43814656418117E-03     5.81778333606563E-03
       157.54073854080110     2.68716178613030E-02     4.29983499959330E-02
        50.27147981024441     2.23252919385808E-01     2.08198314680469E-01
        18.56181800307728     1.26049949313096E-01     5.59198731644810E-01
         7.67698456608668    -9.66201527711407E-01     8.01291167794660E-01
 1 0 3 5 3 4 3 1
         7.92291630827550    -3.55714849236007E-02    -2.05335282550433E-02    -6.21248979322774E-03     1.19403838140099E-01     1.05841381548266E-01    -1.46122271692274E-02     1.83454633514421E-02    -6.37399836508334E-02     8.49429480795528E-02     1.55420574128900E-02     9.92703827764435E-03
         3.21359254353200     9.59549625721583E-01    -2.59950857602373E-02    -1.29366285576508E-01     9.67663531581177E-01     2.77689868599939E-03     2.12406118864057E-01    -7.59992235115861E-02     9.93189642383517E-01     9.67974271551950E-02     3.26871756359324E-02     7.10821712077589E-02
         1.26147295769703     2.42813469124242E-01     1.04956178351874E-01    -5.23619012807165E-02    -7.82419592685200E-03     9.92946336504231E-01    -1.67130180932944E-02     4.83191202193001E-02    -8.82726077217294E-02     9.57739641027515E-01    -9.19882652581050E-02     1.80157385026295E-01
         0.41296442360435    -1.45904199321127E-02     9.89285109716447E-01    -9.35576426318929E-02    -2.17443131180686E-01     2.49858269018969E-02     9.66832988440939E-01    -1.25324606656001E-01    -3.65554258774248E-02     3.24811484808539E-02     9.74023579148050E-01     9.80783981908141E-01
         0.13005620364658     1.37214882924396E-01     9.59260238559098E-02     9.85764154311841E-01     4.50253233824506E-02    -4.71505255802842E-02     1.40088439832982E-01     9.87849466056346E-01    -1.95754006656028E-02     2.55136647045343E-01     2.03730752020278E-01    -2.13278292454652E-02
S TZVPP-MOLOPT-PBE-AE
 3
 1 0 0 7 1
     60700.94366395807447     8.62221922262633E-04
      9102.63045975282512     6.58114066512290E-03
      2071.46478936221865     3.37606270243409E-02
       585.93482287830705     1.31916746497162E-01
       190.47913006129434     3.83015696749392E-01
        67.66807502649665     7.19277158425508E-01
        24.76514807848007     5.63341355332923E-01
 1 0 1 5 1 1
       564.29994748762977    -1.00574746546293E-03     5.43973838625324E-03
       133.43593772359748     1.95795911791318E-02     4.01411842803258E-02
        42.45853750153181     1.79491615852029E-01     1.94773603391971E-01
        15.60204677258736     7.60015980310123E-02     5.12907070193976E-01
         6.41245540094229    -9.80623345131480E-01     8.35074053804572E-01
 1 0 3 5 3 4 3 1
         6.97974169262497    -1.31656492931084E-01    -3.49435720482791E-02     2.60745792249960E-02    -2.04676456768718E-02     2.35405160966626E-01    -9.68948142644655E-02    -2.97647950956991E-03     9.82903022915916E-02    -4.58088644661971E-02     8.64436828202630E-02    -3.34913871177732E-02
         2.58898151897930     9.62071337824640E-01    -9.92353221585030E-02    -6.71904133733868E-02     9.97046620525467E-01    -4.86590527658889E-02     2.73261660242076E-02     3.87436318177789E-02     9.88168452464528E-01    -5.84352510710973E-02     4.18412033047573E-03     3.21669286655233E-02
         0.96089457327268     2.08479193164192E-01     8.46023816383715E-02    -1.04337567607444E-01     5.69051907211020E-02     9.65809757047878E-01     6.66066440844520E-02    -8.80863479561085E-02     7.94107544148521E-02     9.79536615989028E-01     2.82613127632868E-02     4.12244961786603E-01
         0.33737394764153     4.24486333804668E-02     9.42543939158042E-01    -3.02973280284459E-01    -3.36055891031887E-02    -3.95796693716816E-02     9.92635254366953E-01     1.47529280095543E-02     7.00150639394903E-04    -5.65539466059057E-02     9.79623100512979E-01     9.08394125822953E-01
         0.10883542027229     1.08719125949087E-01     3.05589033484780E-01     9.44524445468930E-01    -3.33403003767745E-02     8.86660574162969E-02    -1.01726285065988E-02     9.95245305430876E-01    -8.69227697535795E-02     1.78315838972973E-01     1.79024752422017E-01     5.21327089366065E-02
P TZVPP-MOLOPT-PBE-AE
 3
 1 0 0 7 1
     52427.01181952292973     7.72339572390042E-04
      7863.31428997371677     6.69930503475801E-03
      1789.60658227635668     3.44640759982576E-02
       506.36648892965411     1.33567262583859E-01
       164.62257893817289     3.88407254304863E-01
        58.42150598929056     7.19832848054577E-01
        21.51697780437941     5.58486358204094E-01
 1 0 1 5 1 1
       472.27751310857604    -1.08458889732994E-03     6.00189680857268E-03
       111.67117212005350     2.36019136734883E-02     4.39309149236891E-02
        35.44836328287644     2.70985443154717E-01     2.06339194802388E-01
        12.88758441792702     5.17830715878247E-02     5.57273292363530E-01
         5.35054554442723    -9.60899149980395E-01     8.03059565820170E-01
 1 0 3 5 3 4 3 1
         5.01952979417067     8.34794976381815E-02    -4.36029138401838E-03    -1.21092215099466E-02     8.72138593430289E-03     1.70547846815882E-03     8.76237313555788E-02    -7.29103916998465E-02    -7.71449081462982E-02     4.69253000363664E-02     8.27557016333079E-02    -3.94258804630375E-02
         2.32518392665792     9.48198848739157E-01    -6.20459165981899E-02    -4.61313005094314E-02     9.95712955004953E-01     4.46416127070479E-02     7.80996093115905E-02    -1.35758221656033E-02     9.94043564576628E-01     7.19917253024922E-02     4.09985303287007E-02     4.51155273617963E-02
         0.95357302192278     2.92026751409329E-01     5.31849049606261E-02    -1.26112142148179E-01    -4.52733490055532E-02     9.98951483794617E-01     5.05768522885267E-03    -4.05324063055065E-03    -6.79774757032757E-02     9.96250097472960E-01    -1.43291307293617E-02     3.84852273200212E-01
         0.29398542637484     3.19865547317256E-02     9.87004458343397E-01    -1.33721887416139E-01    -7.99131528019287E-02    -9.19207789773389E-03     9.88067704919458E-01    -9.25260759412988E-02    -3.60161545628566E-02     6.70272898740327E-03     9.89778435210264E-01     9.18614233187086E-01
         0.09423975581794     8.74491480891763E-02     1.38292650517385E-01     9.81804183275053E-01     6.62272917806865E-03     3.95682784102190E-03     9.95949950751669E-02     9.92936185434894E-01     2.82033303101964E-03     7.48494580516303E-03     1.07721583553750E-01    -6.66843875229656E-02
