K SVP-MOLOPT-PBE-AE
 4
 1 0 0 6 1
     31478.57444994233083     2.88441555289544E-03
      4727.06595525378179     2.18581779640724E-02
      1075.91243167699963     1.07100243620184E-01
       303.87792690221505     3.69169842512864E-01
        95.90761701875670     7.65671439978334E-01
        31.92772937720647     5.15271104759464E-01
 1 0 0 8 4
        65.12449602650416    -1.47271634006369E-01    -1.63921858056583E-02     7.19896094357181E-04     1.02145056325115E-02
         7.54837404673977     7.75756906141737E-01     3.63134746412406E-02     6.69147883615044E-03    -3.39104042077652E-02
         4.55543902526636     2.51118722289665E-01    -1.16018543243393E-01    -8.01860428896991E-02     1.80202444876178E-02
         2.66068720390738     5.59011333242335E-01    -9.94500086158534E-03     4.28839704990921E-02     1.29324982270740E-03
         0.73012107158193     2.04150735445079E-03     7.49121172911824E-01     3.75514493984540E-01    -2.70846372542019E-01
         0.28207319830661    -1.87550725427211E-02     4.45444495851151E-01    -2.77833160972165E-01    -3.96051135029788E-01
         0.01902962948651    -5.81091585842174E-04     1.52729556821496E-01     6.50447571029375E-01     5.84250151661693E-01
         0.05056883298308     2.45305288759926E-02     4.49359293071562E-01    -5.91947148210259E-01     6.53342825674536E-01
 1 1 1 5 1
       361.43626374039320     1.37504029661507E-02
        84.62996905460005     1.18517611577307E-01
        23.89087113057876     4.71729707864820E-01
         7.95224054206760     7.85051057774358E-01
         2.83333671406032     3.83315042190379E-01
 1 1 2 4 2 2
         1.36978651889693     5.26417940502577E-01    -8.55337787074087E-02     3.81248101565069E-01    -5.39444372838961E-02
         0.48299252763157     7.44867378682187E-01    -3.33731299255025E-01     6.16443803513482E-01    -3.29418610690633E-01
         0.16328818986638     3.12918476243570E-01     1.54620706053805E-01     6.80353520961609E-01     1.81217579901861E-01
         0.03436599250871     2.64837246847107E-01     9.25958870499661E-01     1.08471234334290E-01     9.25058682112270E-01
H SVP-MOLOPT-PBE-AE
 1
 2 0 1 4 2 1
        12.24885489931877     9.13601065893484E-02    -2.92233653979741E-02    -2.98536765580705E-02
         1.44668572118719     5.46801357436806E-01    -1.89238960127749E-01     5.05674686289909E-01
         0.37494771895490     8.27248429081306E-01     2.01024168753657E-02     8.56401740098416E-01
         0.11192006491493     9.12230399173390E-02     9.81290224001215E-01     9.98895850325395E-02
F SVP-MOLOPT-PBE-AE
 2
 1 0 0 7 3
      2894.85760373222138    -1.89225166552882E-02    -1.69242373474079E-02     1.56429205622782E-01
       435.72006333230098    -5.47718508603712E-02     4.35884037952142E-03    -7.98432634961778E-02
        98.52635730461387    -2.73685193620500E-01     1.03734081139359E-01    -3.50907504362976E-02
        25.52164954648142    -7.37742492792940E-01     9.09854482000018E-02     1.19033433504314E-02
         7.74033527583515    -5.97666004055640E-01     7.53553007481536E-02    -4.08316440936959E-03
         1.29027540045465     1.18958584280118E-01     8.03005387331711E-01    -5.67628929674378E-01
         0.39691722964189     7.82215741311875E-02     5.74594975519432E-01     8.03469123562649E-01
 2 1 2 4 2 1
        20.86106496273842    -1.10459850494974E-01    -4.27931460741902E-02     1.87770753897563E-02
         3.47280160970880    -5.28022336274227E-01    -8.76852813264224E-03     1.42075306386988E-01
         0.85628499813330    -8.26328796839365E-01    -1.81029642926015E-01     9.03974169721402E-01
         0.22140677163303    -1.61776862802262E-01     9.82507062542321E-01     4.02855717635176E-01
CL SVP-MOLOPT-PBE-AE
 3
 1 0 0 5 1
     10449.73865986333476     7.92960573941961E-03
      1571.78177464848341     6.21680867531297E-02
       357.17329535888280     2.69577117620510E-01
       100.08667457398440     7.19173472798793E-01
        30.61002596530858     6.37330325671244E-01
 1 0 0 5 3
        51.91245118574216    -1.18096328736624E-01    -6.40377047377502E-02     3.89634888740843E-02
         5.60412729707609     7.74483936348342E-01    -1.94653261999477E-01     5.74322043222265E-01
         2.19075124977087     6.12385827448821E-01     3.85229430631324E-01    -6.60064309823226E-01
         0.56484358945251    -5.02206802462349E-02     5.97599003556938E-01     4.62892544090272E-01
         0.20200153999791    -9.32167961943450E-02     6.72668563772758E-01     1.36680784044379E-01
 1 1 2 7 3 1
       307.66262352364191    -1.41860191757227E-02     4.53707609941391E-03    -4.23704216636409E-03     5.12444630001981E-03
        72.14728379673939    -8.85277776059412E-02    -4.94482703050064E-03    -1.47096881368273E-02    -3.60621072277412E-03
        22.55518606717056    -3.78386770918235E-01    -9.49655880135036E-04     2.33703317780398E-03     7.21261594348665E-03
         7.24782137179115    -7.68325377362051E-01    -8.89706781187266E-02    -6.32538811770098E-02    -8.30729065003500E-03
         2.47105439082271    -5.07191220590418E-01     1.39408082259565E-01     2.81680450029172E-02     2.51018124766366E-01
         0.54359214040661     1.77332693550757E-03     9.86199274331532E-01    -1.36123356582732E-02     8.60344615069135E-01
         0.15406764967487    -3.48579490965011E-02     3.82859289817821E-03     9.97386797034735E-01     4.43437421456475E-01
S SVP-MOLOPT-PBE-AE
 3
 1 0 0 5 1
      9184.96860696107433    -7.71786840291379E-03
      1381.51400838981726    -6.24039790772488E-02
       313.89281891758924    -2.64955476073617E-01
        87.51457876494304    -7.29865325618015E-01
        25.93139624764258    -6.27009872379816E-01
 1 0 0 5 3
        45.48284978592206    -1.17170830297159E-01    -3.16680267451198E-02     7.98216380989382E-03
         4.87633307381987     7.61443727008839E-01     1.27227635333993E-01    -2.80177602679904E-02
         1.86406639687820     6.26717336923555E-01    -1.01322679524420E-02    -7.26181990838241E-02
         0.43025042118793    -1.11972074429798E-01     9.38663299177241E-01    -3.17638615698874E-01
         0.15287248143189     3.40893131890180E-02     3.18777058166406E-01     9.44978093475824E-01
 1 1 2 7 3 1
       262.03717999008273    -1.40783640264207E-02     5.05186350960515E-03    -5.91979864920292E-03     2.73567974708351E-03
        61.24324399362200    -9.50073267501190E-02    -9.97714102551339E-03     2.54477408773944E-03    -6.54868553542722E-03
        18.81757601711188    -3.86400409125808E-01     3.47067320851585E-02    -4.64624726240253E-02     2.01706189417252E-02
         6.03024687952456    -7.73455398949426E-01    -6.81153146748288E-02    -4.07603942016905E-02    -2.20075057424989E-02
         2.04326094618689    -4.83921927804103E-01     1.73437851923462E-01    -7.00014248570178E-02     3.00876144437373E-01
         0.46190328828318     5.57301141088318E-02     9.72479700780142E-01    -1.25789697052281E-01     9.17113664398799E-01
         0.13202620214187    -7.71401281131005E-02     1.35030459813691E-01     9.87631035176833E-01     2.59681572080285E-01
P SVP-MOLOPT-PBE-AE
 3
 1 0 0 5 1
      8002.48155347461579     7.94375601210656E-03
      1203.61999906783853     6.25055505329215E-02
       273.35463100896362     2.68040140710475E-01
        76.53593782019827     7.26335850012515E-01
        22.79878583203780     6.29778269589784E-01
 1 0 0 5 3
        39.91462164469178     1.16691655594697E-01    -2.65850757234754E-02     1.22896386198859E-03
         4.19433326740894    -7.57266020298398E-01     1.05153259039863E-01    -3.05464261895717E-03
         1.57462825325275    -6.39740940204358E-01    -4.63754290419714E-02    -4.06665364067331E-02
         0.34718451731416     5.64886012198208E-02     9.85682895631531E-01    -1.22753753351109E-01
         0.11558062700184    -2.17209432269073E-02     1.20476448746993E-01     9.91598158359116E-01
 1 1 2 7 3 1
       219.56085645850590     1.45643159907647E-02     3.84664175001889E-03    -3.25524931366788E-03     2.62026532564054E-03
        51.31372472892709     9.85700759969381E-02     3.87243883153065E-03     5.09458331712970E-03    -8.63217641830208E-03
        15.96513988629049     3.77425974096409E-01     3.63271005348519E-02    -5.71111630688021E-03     1.74014092741508E-02
         5.26632950469177     7.55007129117811E-01    -2.46796027010826E-02     7.34521471295531E-02    -2.37615492404968E-03
         1.77666183264770     5.21261746028724E-01     1.41950987855114E-01    -4.36843786032273E-02     2.90063887840276E-01
         0.44388392433760    -6.83636767077984E-02     9.87155000078020E-01    -5.05947026760101E-02     9.49583764350574E-01
         0.12755685241191    -3.46163214454569E-02     5.84498880231003E-02     9.95021338933238E-01     1.17319137551101E-01
