FE TZV2P-MOLOPT-SCAN-GTH-Q16
 1
 2 0 3 6 4 3 3 2
         8.43851409868582    -1.84351720201349E-01    -4.08793551581641E-02    -3.38415194733012E-02     3.63680855137066E-01    -1.09521645960960E-01    -2.31014271290023E-02     1.59335324055706E-02     1.80945084873390E-01    -1.04056749679254E-01     8.75771426265837E-02    -3.81885331220746E-02     3.72437966755507E-02
         4.90640849391387    -2.96899372826495E-01    -7.69686949672088E-02    -1.25255257576106E-01     3.67324279639647E-01     1.99086007947192E-01     9.18373958725686E-03     4.28668879229562E-03     3.21737542674647E-01    -9.69379739782078E-02     4.30816343455855E-02     6.67195722388051E-02    -6.50690136434018E-02
         2.21620067061842     6.84752887441303E-01     1.00439979694809E-01     2.07705969075769E-01    -3.58626149629405E-01     7.65210873545262E-01     3.71264561777917E-02     1.46241916099918E-02     5.39110499455684E-01    -3.55324639476812E-01     3.18851624548564E-01    -1.41418289313308E-01     1.37919778079785E-01
         0.87699991171701     6.33821197002546E-01    -2.31686578230107E-01    -3.79769846904836E-01     5.99527116370869E-01     5.98848301914530E-01    -4.89084971429149E-02     9.04555885183240E-02     5.78858712420541E-01    -1.64292287124251E-01     6.45762638571146E-02    -4.38336837969011E-01     4.27492933979308E-01
         0.30702256235010     8.11617391990144E-02     2.96836126200300E-01     8.02090771366383E-01     4.88263550353551E-01     4.36810408077357E-02     7.00072844089220E-01    -7.06495587368492E-01     4.63258169333314E-01     4.69611718787202E-01    -7.16971703771365E-01    -5.42654720134696E-01     5.29230122485169E-01
         0.09467178201060     2.57322975127893E-02     9.16802133748732E-01    -3.90447640907633E-01     7.97642534482051E-02    -4.79037313973307E-02     7.10991969799608E-01     7.01566569470557E-01     1.53029928024765E-01     7.78455201406655E-01     6.08760495212739E-01     6.98196013495363E-01     7.15906646665040E-01
FE TZVP-MOLOPT-SCAN-GTH-q16
 1
 2 0 3 6 4 3 3 1
         8.43851409868582    -1.84351720201349E-01    -4.08793551581641E-02    -3.38415194733012E-02     3.63680855137066E-01    -1.09521645960960E-01    -2.31014271290023E-02     1.59335324055706E-02     1.80945084873390E-01    -1.04056749679254E-01     8.75771426265837E-02    -3.81885331220746E-02
         4.90640849391387    -2.96899372826495E-01    -7.69686949672088E-02    -1.25255257576106E-01     3.67324279639647E-01     1.99086007947192E-01     9.18373958725686E-03     4.28668879229562E-03     3.21737542674647E-01    -9.69379739782078E-02     4.30816343455855E-02     6.67195722388051E-02
         2.21620067061842     6.84752887441303E-01     1.00439979694809E-01     2.07705969075769E-01    -3.58626149629405E-01     7.65210873545262E-01     3.71264561777917E-02     1.46241916099918E-02     5.39110499455684E-01    -3.55324639476812E-01     3.18851624548564E-01    -1.41418289313308E-01
         0.87699991171701     6.33821197002546E-01    -2.31686578230107E-01    -3.79769846904836E-01     5.99527116370869E-01     5.98848301914530E-01    -4.89084971429149E-02     9.04555885183240E-02     5.78858712420541E-01    -1.64292287124251E-01     6.45762638571146E-02    -4.38336837969011E-01
         0.30702256235010     8.11617391990144E-02     2.96836126200300E-01     8.02090771366383E-01     4.88263550353551E-01     4.36810408077357E-02     7.00072844089220E-01    -7.06495587368492E-01     4.63258169333314E-01     4.69611718787202E-01    -7.16971703771365E-01    -5.42654720134696E-01
         0.09467178201060     2.57322975127893E-02     9.16802133748732E-01    -3.90447640907633E-01     7.97642534482051E-02    -4.79037313973307E-02     7.10991969799608E-01     7.01566569470557E-01     1.53029928024765E-01     7.78455201406655E-01     6.08760495212739E-01     6.98196013495363E-01
FE DZVP-MOLOPT-SCAN-GTH-q16
 1
 2 0 3 6 3 2 2 1
         8.43851409868582    -1.84351720201349E-01    -4.08793551581641E-02    -3.38415194733012E-02    -1.09521645960960E-01    -2.31014271290023E-02     1.80945084873390E-01    -1.04056749679254E-01    -3.81885331220746E-02
         4.90640849391387    -2.96899372826495E-01    -7.69686949672088E-02    -1.25255257576106E-01     1.99086007947192E-01     9.18373958725686E-03     3.21737542674647E-01    -9.69379739782078E-02     6.67195722388051E-02
         2.21620067061842     6.84752887441303E-01     1.00439979694809E-01     2.07705969075769E-01     7.65210873545262E-01     3.71264561777917E-02     5.39110499455684E-01    -3.55324639476812E-01    -1.41418289313308E-01
         0.87699991171701     6.33821197002546E-01    -2.31686578230107E-01    -3.79769846904836E-01     5.98848301914530E-01    -4.89084971429149E-02     5.78858712420541E-01    -1.64292287124251E-01    -4.38336837969011E-01
         0.30702256235010     8.11617391990144E-02     2.96836126200300E-01     8.02090771366383E-01     4.36810408077357E-02     7.00072844089220E-01     4.63258169333314E-01     4.69611718787202E-01    -5.42654720134696E-01
         0.09467178201060     2.57322975127893E-02     9.16802133748732E-01    -3.90447640907633E-01    -4.79037313973307E-02     7.10991969799608E-01     1.53029928024765E-01     7.78455201406655E-01     6.98196013495363E-01
H TZV2P-MOLOPT-SCAN-GTH-Q1
 1
 2 0 2 5 3 2 1
         9.16876514496744     4.30245721944096E-02    -3.89199332255518E-02     1.05597841287996E-01    -1.03225299298647E-01     1.47849610372066E-01     5.89397100894678E-04
         2.16119406948452     1.67758655334156E-01    -2.29436993766244E-01     9.00816001060512E-01     3.18679005482070E-01    -4.59921573561831E-01     9.06454549928757E-04
         0.61986766123499     5.51924571472773E-01    -2.73974309763091E-01     8.95041468250583E-02     4.58038932787715E-01    -6.65599039198367E-01    -4.14822793772387E-04
         0.41225503616229     4.20326460221825E-01     8.94936516623427E-01     1.49710941947358E-01     2.25604019455304E-02    -3.27622058282529E-02    -2.24233449917807E-03
         0.16131600752250     6.99078574975625E-01    -2.64330500496994E-01    -3.83347452986213E-01     8.23091485416057E-01     5.67905974411888E-01     9.99996815399554E-01
H TZVP-MOLOPT-SCAN-GTH-q1
 1
 2 0 1 5 3 1
         9.16876514496744     4.30245721944096E-02    -3.89199332255518E-02     1.05597841287996E-01    -1.03225299298647E-01
         2.16119406948452     1.67758655334156E-01    -2.29436993766244E-01     9.00816001060512E-01     3.18679005482070E-01
         0.61986766123499     5.51924571472773E-01    -2.73974309763091E-01     8.95041468250583E-02     4.58038932787715E-01
         0.41225503616229     4.20326460221825E-01     8.94936516623427E-01     1.49710941947358E-01     2.25604019455304E-02
         0.16131600752250     6.99078574975625E-01    -2.64330500496994E-01    -3.83347452986213E-01     8.23091485416057E-01
H DZVP-MOLOPT-SCAN-GTH-q1
 1
 2 0 1 5 2 1
         9.16876514496744     4.30245721944096E-02    -3.89199332255518E-02    -1.03225299298647E-01
         2.16119406948452     1.67758655334156E-01    -2.29436993766244E-01     3.18679005482070E-01
         0.61986766123499     5.51924571472773E-01    -2.73974309763091E-01     4.58038932787715E-01
         0.41225503616229     4.20326460221825E-01     8.94936516623427E-01     2.25604019455304E-02
         0.16131600752250     6.99078574975625E-01    -2.64330500496994E-01     8.23091485416057E-01
S TZV2P-MOLOPT-SCAN-GTH-Q6
 1
 2 0 3 4 3 3 2 1
         1.88982592125518     3.26660680903398E-01    -1.40113335745630E-01     1.93795547447914E-01     2.05757289488259E-01     1.31587103765163E-01    -9.69040236129065E-01     8.63181897573166E-02    -8.64361605545401E-02    -1.04408317769072E-01
         1.15800216982202    -7.89841314278472E-02    -1.32842309185549E-01    -9.64892424437983E-01    -3.49827240399351E-01    -1.70936424818098E-01    -1.31538381888276E-01     3.62126019596262E-01     9.26019712676593E-01     5.14360683415711E-01
         0.37325162853195    -7.39935765807641E-01     5.77184184804776E-01     5.61299447894683E-02    -8.28100896626626E-01    -3.25058953530420E-01    -2.04724337489893E-01     9.02338526329730E-01    -3.67114746487850E-01     8.44332730372367E-01
         0.12418523801761    -5.82708648479647E-01    -7.93460516250008E-01     1.68152681660109E-01    -3.86695933135065E-01     9.20761776749454E-01     4.17925889658120E-02     2.17253538404969E-01     1.55898939737292E-02     1.07862092315605E-01
S TZVP-MOLOPT-SCAN-GTH-q6
 1
 2 0 2 4 3 3 1
         1.88982592125518     3.26660680903398E-01    -1.40113335745630E-01     1.93795547447914E-01     2.05757289488259E-01     1.31587103765163E-01    -9.69040236129065E-01     8.63181897573166E-02
         1.15800216982202    -7.89841314278472E-02    -1.32842309185549E-01    -9.64892424437983E-01    -3.49827240399351E-01    -1.70936424818098E-01    -1.31538381888276E-01     3.62126019596262E-01
         0.37325162853195    -7.39935765807641E-01     5.77184184804776E-01     5.61299447894683E-02    -8.28100896626626E-01    -3.25058953530420E-01    -2.04724337489893E-01     9.02338526329730E-01
         0.12418523801761    -5.82708648479647E-01    -7.93460516250008E-01     1.68152681660109E-01    -3.86695933135065E-01     9.20761776749454E-01     4.17925889658120E-02     2.17253538404969E-01
S DZVP-MOLOPT-SCAN-GTH-q6
 1
 2 0 2 4 2 2 1
         1.88982592125518     3.26660680903398E-01    -1.40113335745630E-01     2.05757289488259E-01     1.31587103765163E-01     8.63181897573166E-02
         1.15800216982202    -7.89841314278472E-02    -1.32842309185549E-01    -3.49827240399351E-01    -1.70936424818098E-01     3.62126019596262E-01
         0.37325162853195    -7.39935765807641E-01     5.77184184804776E-01    -8.28100896626626E-01    -3.25058953530420E-01     9.02338526329730E-01
         0.12418523801761    -5.82708648479647E-01    -7.93460516250008E-01    -3.86695933135065E-01     9.20761776749454E-01     2.17253538404969E-01
O TZV2P-MOLOPT-SCAN-GTH-Q6
 1
 2 0 3 5 3 3 2 1
        10.25781699497238    -1.37093335568261E-01     6.42341766590814E-02    -7.17088581420037E-01    -1.01541960662273E-01     5.12250917317880E-02     1.18360216509634E-01    -1.55308630843787E-02     3.18602602792577E-02     1.18645628163343E-03
         3.64428735012608    -1.53382903419191E-01     6.95730187369108E-02    -5.49416247278626E-01    -2.97888826596963E-01     1.18416114723772E-01     5.91292938991213E-02     1.12242705044625E-01    -2.22035206994148E-01    -3.65643497936781E-03
         1.40222472037927     4.52964005356058E-01    -1.60546208430784E-01     2.25545730548663E-01    -5.48743422499672E-01     2.65706574607295E-01     7.32042358682655E-01     4.02080210361362E-01    -8.37756480907312E-01     4.91390044295019E-04
         0.52205700268808     8.05450964095097E-01    -2.63981031214717E-01    -3.63850982918199E-01    -6.95022929228448E-01     1.92118246587555E-01    -6.62764404039625E-01     9.01700430010169E-01     4.32284673630976E-01     9.99992334274143E-01
         0.16818943371335     3.22104729197730E-01     9.46346921445871E-01     2.58329108697022E-02    -3.41723954857718E-01    -9.35865486749767E-01     8.57433121772174E-02    -1.11481865840859E-01     2.46939932598114E-01     5.59225812546083E-04
O TZVP-MOLOPT-SCAN-GTH-q6
 1
 2 0 2 5 3 3 1
        10.25781699497238    -1.37093335568261E-01     6.42341766590814E-02    -7.17088581420037E-01    -1.01541960662273E-01     5.12250917317880E-02     1.18360216509634E-01    -1.55308630843787E-02
         3.64428735012608    -1.53382903419191E-01     6.95730187369108E-02    -5.49416247278626E-01    -2.97888826596963E-01     1.18416114723772E-01     5.91292938991213E-02     1.12242705044625E-01
         1.40222472037927     4.52964005356058E-01    -1.60546208430784E-01     2.25545730548663E-01    -5.48743422499672E-01     2.65706574607295E-01     7.32042358682655E-01     4.02080210361362E-01
         0.52205700268808     8.05450964095097E-01    -2.63981031214717E-01    -3.63850982918199E-01    -6.95022929228448E-01     1.92118246587555E-01    -6.62764404039625E-01     9.01700430010169E-01
         0.16818943371335     3.22104729197730E-01     9.46346921445871E-01     2.58329108697022E-02    -3.41723954857718E-01    -9.35865486749767E-01     8.57433121772174E-02    -1.11481865840859E-01
O DZVP-MOLOPT-SCAN-GTH-q6
 1
 2 0 2 5 2 2 1
        10.25781699497238    -1.37093335568261E-01     6.42341766590814E-02    -1.01541960662273E-01     5.12250917317880E-02    -1.55308630843787E-02
         3.64428735012608    -1.53382903419191E-01     6.95730187369108E-02    -2.97888826596963E-01     1.18416114723772E-01     1.12242705044625E-01
         1.40222472037927     4.52964005356058E-01    -1.60546208430784E-01    -5.48743422499672E-01     2.65706574607295E-01     4.02080210361362E-01
         0.52205700268808     8.05450964095097E-01    -2.63981031214717E-01    -6.95022929228448E-01     1.92118246587555E-01     9.01700430010169E-01
         0.16818943371335     3.22104729197730E-01     9.46346921445871E-01    -3.41723954857718E-01    -9.35865486749767E-01    -1.11481865840859E-01
C TZV2P-MOLOPT-SCAN-GTH-Q4
 1
 2 0 3 5 3 3 2 1
         5.62346013427220    -1.55253500731420E-01     5.81156225081139E-02    -2.32186542838356E-01    -9.29774868419450E-02     6.15864535855770E-02     9.86399689537923E-02    -8.37519672759395E-02     9.90783094230166E-02    -7.20623334339043E-04
         2.09855872766266    -2.36394508865927E-01     1.09598535828912E-01    -5.10089788597870E-01    -2.48489734215218E-01     2.22870166784096E-01     5.03804845853325E-01     2.49479844044917E-01    -3.05939752143157E-01     1.08954507083180E-01
         0.82051076634244     4.67426079878225E-01    -1.58417931802923E-01     5.98044616665820E-01    -5.81990872631545E-01     3.41552398929665E-01     4.45786488432128E-01     5.62523929081207E-01    -6.83434126671942E-01    -3.22931051133369E-03
         0.31733139976061     8.30527918853097E-01     3.37009387490941E-03    -5.47290507350280E-01    -6.83456388910509E-01     8.65714462205002E-02    -6.95627947381305E-01     7.72454993535448E-01     6.35064830723212E-01     9.94039941743435E-01
         0.11111607198944     1.08398443456976E-01     9.79542309813727E-01     1.69450741911206E-01    -3.51826701035020E-01    -9.06853538878833E-01     2.32006464075739E-01     1.32761167386880E-01    -1.61848113795370E-01     1.60058133198670E-03
C TZVP-MOLOPT-SCAN-GTH-q4
 1
 2 0 2 5 3 3 1
         5.62346013427220    -1.55253500731420E-01     5.81156225081139E-02    -2.32186542838356E-01    -9.29774868419450E-02     6.15864535855770E-02     9.86399689537923E-02    -8.37519672759395E-02
         2.09855872766266    -2.36394508865927E-01     1.09598535828912E-01    -5.10089788597870E-01    -2.48489734215218E-01     2.22870166784096E-01     5.03804845853325E-01     2.49479844044917E-01
         0.82051076634244     4.67426079878225E-01    -1.58417931802923E-01     5.98044616665820E-01    -5.81990872631545E-01     3.41552398929665E-01     4.45786488432128E-01     5.62523929081207E-01
         0.31733139976061     8.30527918853097E-01     3.37009387490941E-03    -5.47290507350280E-01    -6.83456388910509E-01     8.65714462205002E-02    -6.95627947381305E-01     7.72454993535448E-01
         0.11111607198944     1.08398443456976E-01     9.79542309813727E-01     1.69450741911206E-01    -3.51826701035020E-01    -9.06853538878833E-01     2.32006464075739E-01     1.32761167386880E-01
C DZVP-MOLOPT-SCAN-GTH-q4
 1
 2 0 2 5 2 2 1
         5.62346013427220    -1.55253500731420E-01     5.81156225081139E-02    -9.29774868419450E-02     6.15864535855770E-02    -8.37519672759395E-02
         2.09855872766266    -2.36394508865927E-01     1.09598535828912E-01    -2.48489734215218E-01     2.22870166784096E-01     2.49479844044917E-01
         0.82051076634244     4.67426079878225E-01    -1.58417931802923E-01    -5.81990872631545E-01     3.41552398929665E-01     5.62523929081207E-01
         0.31733139976061     8.30527918853097E-01     3.37009387490941E-03    -6.83456388910509E-01     8.65714462205002E-02     7.72454993535448E-01
         0.11111607198944     1.08398443456976E-01     9.79542309813727E-01    -3.51826701035020E-01    -9.06853538878833E-01     1.32761167386880E-01
