####################################################################################################
# Bromium
####################################################################################################
 Br ccGRB-D-q7 
   2
  1  0  1  4  2  2
   1.83713017803       -0.3553023910    0.3304291327   -0.1314167517    0.0886664021
  0.726643108353        0.2070032625   -0.3477994185    0.3309776715   -0.2456927148
  0.287410338815        0.8566514947   -1.6061608860    0.5125217868   -1.1031086693
  0.113679882061        0.1614828578    1.8871748529    0.3459042519    1.4577293662
  2  2  2  1  1
  0.145158095594        1.0000000000

 Br ccGRB-T-q7 
   3
  1  0  1  5  3  3
   4.40609540819        0.0285552396   -0.0273306640    0.2049859711   -0.0177274725    0.0169614591    0.0624203813
   1.71905816529       -0.4536649855    0.4401797228   -1.5982776027   -0.1042610554    0.0697875870   -0.5507367175
  0.670698362580        0.4029398459   -0.6693363925    4.4367087469    0.3607235582   -0.3221826873    2.3829417009
  0.261676016932        0.7642242406   -1.1890625097   -4.6165274816    0.5292104996   -0.9322329464   -2.6845687172
  0.102094088279        0.1339560499    1.7251753417    1.9872318266    0.2908674950    1.4007589785    1.1993554925
  2  2  2  2  1
  0.360360339654        1.0000000000    0.0000000000
  0.105416902516        0.0000000000    1.0000000000
  3 3 3 1 1
      5.515000E-01           1.0000000

 Br ccGRB-Q-q7 
   4
  1  0  1  6  4  4
   4.06447244573        0.0436811995   -0.0083342796    0.0197546517   -0.6502979957   -0.0143422003    0.0046434867   -0.0305685013   -0.2331267243
   1.87802190296       -0.4104282869    0.2543026321   -0.4240107472    3.7720086775   -0.1084434854    0.1091910309   -0.0261043322    1.3584279414
  0.867754995294        0.0761446484    0.1431515226    0.0874091880   -9.3780530459    0.1814935448   -0.2272149878   -0.0110366353   -4.4162116559
  0.400953114907        0.6874867767   -1.6504514449    3.5718373843   11.0676374850    0.4401026276   -0.4273422649    2.2022642710    5.5434266772
  0.185263583875        0.4118089235    0.3407761971   -5.8887853189   -7.3808901788    0.3728654527   -0.5266908310   -3.6353052050   -3.7339067024
  0.856025161901E-01    0.0681000829    1.2082993711    3.0843989038    2.3916664743    0.1907803511    1.3527359738    1.9139681649    1.2530541268
  2  2  2  3  1
  0.691999292063        1.0000000000    0.0000000000    0.0000000000
  0.246388192073        0.0000000000    1.0000000000    0.0000000000
  0.877271723961E-01    0.0000000000    0.0000000000    1.0000000000
  3 3 3 2 2
      0.8255000              1.0000000              0.00000000
      0.3409000              0.00000000             1.0000000
  4 4 4 1 1
      0.6582000              1.0000000

Br aug-cc-D
    3
1 0 0 1 1
      0.0569460              1.0000000
1 1 1 1 1
      0.0410490              1.0000000
1 2 2 1 1
      0.1719000              1.0000000

Br aug-cc-T
    4
1 0 0 1 1
      0.0455930              1.0000000
1 1 1 1 1
      0.0351420              1.0000000
1 2 2 1 1
      0.1047000              1.0000000
1 3 3 1 1
      0.2580000              1.0000000

Br aug-cc-Q
     5
1 0 0 1 1
      0.0442700              1.0000000
1 1 1 1 1
      0.0305130              1.0000000
1 2 2 1 1
      0.0829000              1.0000000
1 3 3 1 1
      0.1748000              1.0000000
1 4 4 1 1
      0.3110000              1.0000000

