#
# Generated with CP2K Atom Code
#
 Br ccGRB-VAL-0
   1
  1  0  1  6  1  1
   4.06447244573        0.0436811995   -0.0143422003
   1.87802190296       -0.4104282869   -0.1084434854
  0.867754995294        0.0761446484    0.1814935448
  0.400953114907        0.6874867767    0.4401026276
  0.185263583875        0.4118089235    0.3728654527
  0.856025161901E-01    0.0681000829    0.1907803511

 Br ccGRB-VAL-1
   1
  1  0  1  6  2  2
   4.06447244573        0.0436811995   -0.0083342796   -0.0143422003    0.0046434867
   1.87802190296       -0.4104282869    0.2543026321   -0.1084434854    0.1091910309
  0.867754995294        0.0761446484    0.1431515226    0.1814935448   -0.2272149878
  0.400953114907        0.6874867767   -1.6504514449    0.4401026276   -0.4273422649
  0.185263583875        0.4118089235    0.3407761971    0.3728654527   -0.5266908310
  0.856025161901E-01    0.0681000829    1.2082993711    0.1907803511    1.3527359738

 Br ccGRB-VAL-2
   1
  1  0  1  6  3  3
   4.06447244573        0.0436811995   -0.0083342796    0.0197546517   -0.0143422003    0.0046434867   -0.0305685013
   1.87802190296       -0.4104282869    0.2543026321   -0.4240107472   -0.1084434854    0.1091910309   -0.0261043322
  0.867754995294        0.0761446484    0.1431515226    0.0874091880    0.1814935448   -0.2272149878   -0.0110366353
  0.400953114907        0.6874867767   -1.6504514449    3.5718373843    0.4401026276   -0.4273422649    2.2022642710
  0.185263583875        0.4118089235    0.3407761971   -5.8887853189    0.3728654527   -0.5266908310   -3.6353052050
  0.856025161901E-01    0.0681000829    1.2082993711    3.0843989038    0.1907803511    1.3527359738    1.9139681649

 Br ccGRB-VAL-3
   1
  1  0  1  6  4  4
   4.06447244573        0.0436811995   -0.0083342796    0.0197546517   -0.6502979957   -0.0143422003    0.0046434867   -0.0305685013   -0.2331267243
   1.87802190296       -0.4104282869    0.2543026321   -0.4240107472    3.7720086775   -0.1084434854    0.1091910309   -0.0261043322    1.3584279414
  0.867754995294        0.0761446484    0.1431515226    0.0874091880   -9.3780530459    0.1814935448   -0.2272149878   -0.0110366353   -4.4162116559
  0.400953114907        0.6874867767   -1.6504514449    3.5718373843   11.0676374850    0.4401026276   -0.4273422649    2.2022642710    5.5434266772
  0.185263583875        0.4118089235    0.3407761971   -5.8887853189   -7.3808901788    0.3728654527   -0.5266908310   -3.6353052050   -3.7339067024
  0.856025161901E-01    0.0681000829    1.2082993711    3.0843989038    2.3916664743    0.1907803511    1.3527359738    1.9139681649    1.2530541268

 Br ccGRB-POL-1
   1
  2  2  2  3  1
  0.691999292063        0.0979798925
  0.246388192073        0.4427040811
  0.877271723961E-01    0.6086318275

 Br ccGRB-POL-2
   1
  3  2  3  3  2  1
  0.691999292063        0.0979798925   -0.1132433344    0.0781159322
  0.246388192073        0.4427040811   -1.0833820642    0.5144494974
  0.877271723961E-01    0.6086318275    1.1258866610    0.5801740444

 Br ccGRB-POL-3
   1
  4  2  4  3  3  2  1
  0.691999292063        0.0979798925   -0.1132433344    1.3815772689    0.0781159322    0.1223146291   -0.0646878630
  0.246388192073        0.4427040811   -1.0833820642   -1.3287657354    0.5144494974    0.9696223084   -0.5660025701
  0.877271723961E-01    0.6086318275    1.1258866610    0.5414114768    0.5801740444   -1.0368298410   -0.5634507786

