  BASIS_TYPE GAUSSIAN
  S_EXPONENTS           3.10953001 \
                        2.04299398 \
                        0.88043533 \
                        0.44005492 \
                        0.19459296 \
                        0.07754389
  P_EXPONENTS           3.10953001 \
                        2.04299398 \
                        0.88043533 \
                        0.44005492 \
                        0.19459296 \
                        0.07754389
  D_EXPONENTS           0.84178014 \
                        0.26579050 \
                        0.04735108

  ORBITAL COEFFICENTS (Quickstep normalization)
  L Quantum Number:  0
        3.10953001  ************  0.12241879  0.04607416  0.01125910  0.00000000  0.00000000
        2.04299398    0.00000000 -0.46849762  0.14054882  0.01038323  0.00000000  0.00000000
        0.88043533    0.00000000 -0.00243145 -0.14446869  0.00505557  0.00000000  0.00000000
        0.44005492    0.00000000  0.69410501 -0.34079651  0.00000000  0.00000000  0.00000000
        0.19459296    0.00000000  0.48255909 -0.22628882  0.00000000  0.00000000  0.00000000
        0.07754389    0.00000000  0.04434772 -0.04552341  0.00000000  0.00000000  0.00000000
  L Quantum Number:  1
        3.10953001    0.06012171  0.02262772  0.00552951  0.00000000  0.00000000  0.00000000
        2.04299398   -0.28386018  0.08515777  0.00629114  0.00000000  0.00000000  0.00000000
        0.88043533   -0.00224412 -0.13333853  0.00466608  0.00000000  0.00000000  0.00000000
        0.44005492    0.90615475 -0.44491017  0.00000000  0.00000000  0.00000000  0.00000000
        0.19459296    0.94736552 -0.44425280  0.00000000  0.00000000  0.00000000  0.00000000
        0.07754389    0.13792027 -0.14157666  0.00000000  0.00000000  0.00000000  0.00000000
  L Quantum Number:  2
        0.84178014    0.14121034  0.03450743  0.00000000  0.00000000  0.00000000  0.00000000
        0.26579050    2.36357350  0.17461213  0.00000000  0.00000000  0.00000000  0.00000000
        0.04735108  -26.45179534  0.92566022  0.00000000  0.00000000  0.00000000  0.00000000
