Ca admm-dz
    4
1 0 0 2 1
        6.11977001   -0.89060837
        5.50539796    1.15912770
1 0 0 1 1
        0.60171748    1.00000000
1 0 0 1 1
        0.05335149    1.00000000
2 1 1 3 1
        6.85541545   -0.02912840 -0.01606082
        1.15278942    0.59478751  1.26035360
        0.37542325    0.50243986 -1.28399010

Ca admm-dzp
    5
1 0 0 2 1
        6.11977001   -0.89060837 
        5.50539796    1.15912770  
1 0 0 1 1
        0.60171748    1.00000000
1 0 0 1 1
        0.05335149    1.00000000
2 1 1 3 1
        6.85541545   -0.02912840 -0.01606082
        1.15278942    0.59478751  1.26035360
        0.37542325    0.50243986 -1.28399010
2 2 2 1 1
      0.10202800      1.0000000

Ca admm-tzp
    7
1 0 0 2 1
        6.88418032   -0.09834650
        4.04180367    0.43575969
1 0 0 1 1
        0.82781441    1.00000000
1 0 0 1 1
        0.32871136    1.00000000
1 0 0 1 1
        0.05512047    1.00000000
2 1 1 2 1
        6.83443709   -0.02928554
        1.15447816    0.59412863
2 1 1 1 1
        0.37675857    1.00000000
2 2 2 1 1
      0.10202800      1.0000000

Ca admm-tz2p
    9
1 0 0 2 1
        6.88418032   -0.09834650 
        4.04180367    0.43575969  
1 0 0 1 1
        0.82781441    1.00000000
1 0 0 1 1
        0.32871136    1.00000000
1 0 0 1 1
        0.05512047    1.00000000
2 1 1 2 1
        6.83443709   -0.02928554 
        1.15447816    0.59412863  
2 1 1 1 1
        0.37675857    1.00000000
2 2 2 1 1
      3.46940000      1.00000000
2 2 2 1 1
      0.15552959      1.00000000
3 3 3 1 1
      0.12801489      1.0000000

