Ni admm-dz
    7
1 0 0 2 1
        8.43396636    0.36599359 
        2.19565137   -0.73031643
1 0 0 1 1
        0.89854864    1.00000000
1 0 0 1 1
        0.09371429    1.00000000
2 1 1 2 1
        2.69400172    0.65668373 
        0.93369527    0.40055698
2 1 1 1 1
        0.30417043    1.00000000
2 2 2 2 1
        6.99485282   -0.32939329 
        2.15183813   -0.51438590 
2 2 2 1 1
        0.54987274    1.00000000

Ni admm-dzp
    8
1 0 0 2 1
        8.43396636    0.36599359  
        2.19565137   -0.73031643 
1 0 0 1 1
        0.89854864    1.00000000
1 0 0 1 1
        0.09371429    1.00000000
2 1 1 2 1
        2.69400172    0.65668373 
        0.93369527    0.40055698 
2 1 1 1 1
        0.30417043    1.00000000
2 2 2 2 1
        6.99485282   -0.32939329 
        2.15183813   -0.51438590 
2 2 2 1 1
        0.54987274    1.00000000
3 3 3 2 1
      4.345500E+00    4.174290E-01
      1.068000E+00    7.714830E-01

Ni admm-tzp
   11
1 0 0 2 1
        8.40108101    0.36950090 
        2.21255479   -0.73211199
1 0 0 1 1
        0.90557124    1.00000000
1 0 0 1 1
        0.15740853    1.00000000
1 0 0 1 1
        0.05463343    1.00000000
2 1 1 2 1
        2.01730881   -0.53998890 
        1.82208867    0.99132350
2 1 1 1 1
        1.64522916    1.00000000
2 1 1 1 1
        0.42288247    1.00000000
2 2 2 2 1
        7.91775683    0.24414559 
        3.07412746    0.40146300 
2 2 2 1 1
        1.05503877    1.00000000
2 2 2 1 1
        0.30869685    1.00000000
3 3 3 2 1
      4.345500E+00    4.174290E-01
      1.068000E+00    7.714830E-01

Ni admm-tz2p
   13
1 0 0 2 1
        8.40108101    0.36950090 
        2.21255479   -0.73211199  
1 0 0 1 1
        0.90557124    1.00000000
1 0 0 1 1
        0.15740853    1.00000000
1 0 0 1 1
        0.05463343    1.00000000
2 1 1 2 1
        2.01730881   -0.53998890 
        1.82208867    0.99132350
2 1 1 1 1
        1.64522916    1.00000000
2 1 1 1 1
        0.42288247    1.00000000
2 2 2 2 1
        7.91775683    0.24414559 
        3.07412746    0.40146300 
2 2 2 1 1
        1.05503877    1.00000000
2 2 2 1 1
        0.30869685    1.00000000
3 3 3 1 1
      4.504600E+00    1.00000000
3 3 3 1 1
      1.128600E+00    1.00000000
4 4 4 1 1
      2.977100E+00    1.00000000
