PD TZV2P-MOLOPT-PBE0-GTH-Q18
 1
 2 0 3 7 4 3 3 2
         5.91136229189224     1.48066647982194E-01     3.99732324544326E-01     1.47652006850396E-01     6.81150566312874E-02     4.69534198748513E-02     1.18824694299812E-01    -4.65029725001472E-02     1.23924838117514E-01     2.02230218939686E-02    -2.63591869000301E-02     2.23179400111164E-02    -2.20254986927911E-01
         4.81048566091512    -3.11643963365600E-01    -7.06893978942903E-01    -2.27952604759292E-01    -2.13430572790674E-01    -1.38604970685900E-01    -2.97186987953669E-01     6.36396929277135E-02    -1.17693646448683E-01    -9.43977370618297E-02     1.23404102230224E-02    -3.82176738850699E-02     2.52807289071752E-01
         2.00656176423331     1.91924232522354E-01    -3.74161681598155E-01    -2.91474651913090E-01     5.31265409567895E-01     3.05713519861188E-01     4.96317981215095E-01     4.88666507862404E-03    -7.39738149464280E-02     5.78280838197058E-01     3.86207535475139E-02     8.05067454239329E-02    -1.67727005466740E-03
         0.93323690266727     4.60219701622677E-01     4.19744579214500E-03    -2.80112573964796E-01     5.19403342535367E-01     3.81942969485553E-01     5.96208237216585E-01     1.98424700208776E-01    -5.16883376623055E-01     6.21701760607344E-01     2.96697745755230E-01     2.53196763714746E-01     4.79901105018877E-01
         0.40702874162784     4.16659686457953E-02     7.03611873270254E-02     7.84259506737735E-02     2.70541335664015E-03    -6.31970863781268E-02     2.59422261735211E-01    -5.75113059011146E-01     5.38181443114526E-01     4.94283581059652E-01    -5.51901697567645E-01     5.94903882188191E-01     5.62990120847705E-01
         0.15963047988074    -4.24438428967520E-01    -1.54452879936326E-01     6.69407997082701E-01     5.75240000248176E-01    -7.11988029079612E-01     3.99924081855640E-01    -3.35612129033188E-01     5.50002029434287E-01     1.59224917377363E-01     4.62358087153174E-01     7.21982802668424E-01    -5.59225390502200E-01
         0.06746872772252    -6.71143196445087E-01     4.14359746981327E-01    -5.55480217251799E-01     2.58605075107111E-01    -4.77830540064679E-01     2.61773956843221E-01     7.14843122709337E-01     3.25589913328888E-01    -9.45816239748200E-03     6.25508839319393E-01     2.28651668156098E-01    -1.66064499330685E-01
PD TZVP-MOLOPT-PBE0-GTH-q18
 1
 2 0 3 7 4 3 3 1
         5.91136229189224     1.48066647982194E-01     3.99732324544326E-01     1.47652006850396E-01     6.81150566312874E-02     4.69534198748513E-02     1.18824694299812E-01    -4.65029725001472E-02     1.23924838117514E-01     2.02230218939686E-02    -2.63591869000301E-02     2.23179400111164E-02
         4.81048566091512    -3.11643963365600E-01    -7.06893978942903E-01    -2.27952604759292E-01    -2.13430572790674E-01    -1.38604970685900E-01    -2.97186987953669E-01     6.36396929277135E-02    -1.17693646448683E-01    -9.43977370618297E-02     1.23404102230224E-02    -3.82176738850699E-02
         2.00656176423331     1.91924232522354E-01    -3.74161681598155E-01    -2.91474651913090E-01     5.31265409567895E-01     3.05713519861188E-01     4.96317981215095E-01     4.88666507862404E-03    -7.39738149464280E-02     5.78280838197058E-01     3.86207535475139E-02     8.05067454239329E-02
         0.93323690266727     4.60219701622677E-01     4.19744579214500E-03    -2.80112573964796E-01     5.19403342535367E-01     3.81942969485553E-01     5.96208237216585E-01     1.98424700208776E-01    -5.16883376623055E-01     6.21701760607344E-01     2.96697745755230E-01     2.53196763714746E-01
         0.40702874162784     4.16659686457953E-02     7.03611873270254E-02     7.84259506737735E-02     2.70541335664015E-03    -6.31970863781268E-02     2.59422261735211E-01    -5.75113059011146E-01     5.38181443114526E-01     4.94283581059652E-01    -5.51901697567645E-01     5.94903882188191E-01
         0.15963047988074    -4.24438428967520E-01    -1.54452879936326E-01     6.69407997082701E-01     5.75240000248176E-01    -7.11988029079612E-01     3.99924081855640E-01    -3.35612129033188E-01     5.50002029434287E-01     1.59224917377363E-01     4.62358087153174E-01     7.21982802668424E-01
         0.06746872772252    -6.71143196445087E-01     4.14359746981327E-01    -5.55480217251799E-01     2.58605075107111E-01    -4.77830540064679E-01     2.61773956843221E-01     7.14843122709337E-01     3.25589913328888E-01    -9.45816239748200E-03     6.25508839319393E-01     2.28651668156098E-01
PD DZVP-MOLOPT-PBE0-GTH-q18
 1
 2 0 3 7 3 2 2 1
         5.91136229189224     1.48066647982194E-01     3.99732324544326E-01     6.81150566312874E-02     4.69534198748513E-02     1.18824694299812E-01     1.23924838117514E-01     2.02230218939686E-02     2.23179400111164E-02
         4.81048566091512    -3.11643963365600E-01    -7.06893978942903E-01    -2.13430572790674E-01    -1.38604970685900E-01    -2.97186987953669E-01    -1.17693646448683E-01    -9.43977370618297E-02    -3.82176738850699E-02
         2.00656176423331     1.91924232522354E-01    -3.74161681598155E-01     5.31265409567895E-01     3.05713519861188E-01     4.96317981215095E-01    -7.39738149464280E-02     5.78280838197058E-01     8.05067454239329E-02
         0.93323690266727     4.60219701622677E-01     4.19744579214500E-03     5.19403342535367E-01     3.81942969485553E-01     5.96208237216585E-01    -5.16883376623055E-01     6.21701760607344E-01     2.53196763714746E-01
         0.40702874162784     4.16659686457953E-02     7.03611873270254E-02     2.70541335664015E-03    -6.31970863781268E-02     2.59422261735211E-01     5.38181443114526E-01     4.94283581059652E-01     5.94903882188191E-01
         0.15963047988074    -4.24438428967520E-01    -1.54452879936326E-01     5.75240000248176E-01    -7.11988029079612E-01     3.99924081855640E-01     5.50002029434287E-01     1.59224917377363E-01     7.21982802668424E-01
         0.06746872772252    -6.71143196445087E-01     4.14359746981327E-01     2.58605075107111E-01    -4.77830540064679E-01     2.61773956843221E-01     3.25589913328888E-01    -9.45816239748200E-03     2.28651668156098E-01
O TZV2P-MOLOPT-PBE0-GTH-Q6
 1
 2 0 3 5 3 3 2 1
        10.34082423621691    -1.29825249634708E-01     8.18793043945143E-02    -1.54163825083534E-01    -9.31315963557027E-02     6.07168741616306E-02     5.24249215362800E-02    -1.46443819746845E-04    -1.35615599706110E-01    -4.53627038333396E-02
         3.64864310376424    -1.27684551447027E-01     1.02649506262870E-01    -2.90598920673850E-01    -3.10412801135525E-01     1.66218217874094E-01     1.57277538743803E-01     4.82789843051162E-02    -2.03664714425298E-01    -7.75510089052828E-02
         1.25503633997207     5.26487514579900E-01    -3.65113179366377E-01     6.61471073309150E-01    -5.97863015525008E-01     4.26686208369503E-01     5.52189434348781E-01     7.18155124032992E-01    -6.65039106707507E-01     7.74070424398802E-02
         0.43936673910305     7.72667288737258E-01    -8.21060762059060E-02    -6.24492813862270E-01    -6.48920500304752E-01    -1.50379113770830E-02    -7.55332729990091E-01     6.93882202281484E-01     7.03924405563841E-01     9.92909576133937E-01
         0.14295518532255     3.04365270334762E-01     9.17992274956007E-01     2.53476876555698E-01    -3.41221918409427E-01    -8.86790677695403E-01     3.11568128998934E-01    -2.12090879301656E-02     4.83994939610748E-02     8.17248560335443E-03
O TZVP-MOLOPT-PBE0-GTH-q6
 1
 2 0 2 5 3 3 1
        10.34082423621691    -1.29825249634708E-01     8.18793043945143E-02    -1.54163825083534E-01    -9.31315963557027E-02     6.07168741616306E-02     5.24249215362800E-02    -1.46443819746845E-04
         3.64864310376424    -1.27684551447027E-01     1.02649506262870E-01    -2.90598920673850E-01    -3.10412801135525E-01     1.66218217874094E-01     1.57277538743803E-01     4.82789843051162E-02
         1.25503633997207     5.26487514579900E-01    -3.65113179366377E-01     6.61471073309150E-01    -5.97863015525008E-01     4.26686208369503E-01     5.52189434348781E-01     7.18155124032992E-01
         0.43936673910305     7.72667288737258E-01    -8.21060762059060E-02    -6.24492813862270E-01    -6.48920500304752E-01    -1.50379113770830E-02    -7.55332729990091E-01     6.93882202281484E-01
         0.14295518532255     3.04365270334762E-01     9.17992274956007E-01     2.53476876555698E-01    -3.41221918409427E-01    -8.86790677695403E-01     3.11568128998934E-01    -2.12090879301656E-02
O DZVP-MOLOPT-PBE0-GTH-q6
 1
 2 0 2 5 2 2 1
        10.34082423621691    -1.29825249634708E-01     8.18793043945143E-02    -9.31315963557027E-02     6.07168741616306E-02    -1.46443819746845E-04
         3.64864310376424    -1.27684551447027E-01     1.02649506262870E-01    -3.10412801135525E-01     1.66218217874094E-01     4.82789843051162E-02
         1.25503633997207     5.26487514579900E-01    -3.65113179366377E-01    -5.97863015525008E-01     4.26686208369503E-01     7.18155124032992E-01
         0.43936673910305     7.72667288737258E-01    -8.21060762059060E-02    -6.48920500304752E-01    -1.50379113770830E-02     6.93882202281484E-01
         0.14295518532255     3.04365270334762E-01     9.17992274956007E-01    -3.41221918409427E-01    -8.86790677695403E-01    -2.12090879301656E-02
C TZV2P-MOLOPT-PBE0-GTH-Q4
 1
 2 0 3 5 3 3 2 1
         5.37649556675185    -1.22404309942338E-01     1.51052142999233E-01    -2.91603005508096E-01    -1.02230399503479E-01     7.40025761345854E-02     8.94622998880541E-02    -3.33102657255285E-02     9.86374456561292E-02     7.95121951184048E-02
         1.95241253925289    -1.29373346346520E-01     2.06617207371748E-01    -1.01805179489666E-01    -3.09172408281985E-01     2.20213934213870E-01     3.39999059653624E-01     2.24862943378639E-01    -4.25828317504443E-02     4.21381944948773E-01
         0.69884308058897     4.93419910923422E-01    -4.42585619435647E-01     6.21910558850215E-01    -6.76608029554237E-01     4.84079784827656E-01     2.48477330781687E-01     7.92785845721874E-01    -5.17543483541305E-01     3.21750315531954E-01
         0.25544398452951     7.50469724701437E-01    -1.05635637414093E-01    -6.44963922243512E-01    -6.23090735983644E-01    -3.82982660790289E-01    -6.66883209981747E-01     5.31193096205402E-01     8.40388777086484E-01     8.41599833069726E-01
         0.08778128068034     4.02009584429917E-01     8.52907768337305E-01     3.19142896525367E-01    -2.18908374551020E-01    -7.51678445453038E-01     6.08212904060281E-01     1.94040151152179E-01    -1.19803183369898E-01    -6.55859949283386E-02
C TZVP-MOLOPT-PBE0-GTH-q4
 1
 2 0 2 5 3 3 1
         5.37649556675185    -1.22404309942338E-01     1.51052142999233E-01    -2.91603005508096E-01    -1.02230399503479E-01     7.40025761345854E-02     8.94622998880541E-02    -3.33102657255285E-02
         1.95241253925289    -1.29373346346520E-01     2.06617207371748E-01    -1.01805179489666E-01    -3.09172408281985E-01     2.20213934213870E-01     3.39999059653624E-01     2.24862943378639E-01
         0.69884308058897     4.93419910923422E-01    -4.42585619435647E-01     6.21910558850215E-01    -6.76608029554237E-01     4.84079784827656E-01     2.48477330781687E-01     7.92785845721874E-01
         0.25544398452951     7.50469724701437E-01    -1.05635637414093E-01    -6.44963922243512E-01    -6.23090735983644E-01    -3.82982660790289E-01    -6.66883209981747E-01     5.31193096205402E-01
         0.08778128068034     4.02009584429917E-01     8.52907768337305E-01     3.19142896525367E-01    -2.18908374551020E-01    -7.51678445453038E-01     6.08212904060281E-01     1.94040151152179E-01
C DZVP-MOLOPT-PBE0-GTH-q4
 1
 2 0 2 5 2 2 1
         5.37649556675185    -1.22404309942338E-01     1.51052142999233E-01    -1.02230399503479E-01     7.40025761345854E-02    -3.33102657255285E-02
         1.95241253925289    -1.29373346346520E-01     2.06617207371748E-01    -3.09172408281985E-01     2.20213934213870E-01     2.24862943378639E-01
         0.69884308058897     4.93419910923422E-01    -4.42585619435647E-01    -6.76608029554237E-01     4.84079784827656E-01     7.92785845721874E-01
         0.25544398452951     7.50469724701437E-01    -1.05635637414093E-01    -6.23090735983644E-01    -3.82982660790289E-01     5.31193096205402E-01
         0.08778128068034     4.02009584429917E-01     8.52907768337305E-01    -2.18908374551020E-01    -7.51678445453038E-01     1.94040151152179E-01
F TZV2P-MOLOPT-PBE0-GTH-Q7
 1
 2 0 3 5 3 3 2 1
        13.31501907729122     1.31813146289282E-01    -5.24225688764356E-02    -5.17923286744451E-01    -9.80506809064632E-02     4.64420401614479E-02     6.35659142568778E-02     4.89385522399914E-03     1.52535072278595E-01     5.41962851226601E-02
         4.62512020147175     1.34547810393351E-01    -5.37398783766778E-02    -2.73506612070950E-02    -3.12727206728056E-01     1.25929415842544E-01     1.88833971660508E-01     2.30296758923593E-02    -1.84322551941015E-01     3.68925101794283E-02
         1.62272294024072    -5.51865766775749E-01     1.65440705311574E-01    -7.34790083225985E-01    -5.86706702362430E-01     2.77907352966805E-01     6.51110127867809E-01     5.26472480151814E-01    -8.13967424463323E-01     8.50449987353287E-02
         0.55216173678272    -7.87309125215089E-01     1.14519053917377E-01     4.34902286738320E-01    -6.52997838515906E-01     1.82287680337408E-01    -7.27945836193775E-01     8.49582617686734E-01     5.11993820603493E-01     9.94034575948952E-01
         0.17330337957192    -2.00276553789357E-01    -9.76667117835106E-01    -4.41695026221844E-02    -3.49223175694863E-01    -9.33554296168889E-01     8.03216449515110E-02    -2.19496600587510E-02     1.34452996051777E-01    -1.90870474316679E-02
F TZVP-MOLOPT-PBE0-GTH-q7
 1
 2 0 2 5 3 3 1
        13.31501907729122     1.31813146289282E-01    -5.24225688764356E-02    -5.17923286744451E-01    -9.80506809064632E-02     4.64420401614479E-02     6.35659142568778E-02     4.89385522399914E-03
         4.62512020147175     1.34547810393351E-01    -5.37398783766778E-02    -2.73506612070950E-02    -3.12727206728056E-01     1.25929415842544E-01     1.88833971660508E-01     2.30296758923593E-02
         1.62272294024072    -5.51865766775749E-01     1.65440705311574E-01    -7.34790083225985E-01    -5.86706702362430E-01     2.77907352966805E-01     6.51110127867809E-01     5.26472480151814E-01
         0.55216173678272    -7.87309125215089E-01     1.14519053917377E-01     4.34902286738320E-01    -6.52997838515906E-01     1.82287680337408E-01    -7.27945836193775E-01     8.49582617686734E-01
         0.17330337957192    -2.00276553789357E-01    -9.76667117835106E-01    -4.41695026221844E-02    -3.49223175694863E-01    -9.33554296168889E-01     8.03216449515110E-02    -2.19496600587510E-02
F DZVP-MOLOPT-PBE0-GTH-q7
 1
 2 0 2 5 2 2 1
        13.31501907729122     1.31813146289282E-01    -5.24225688764356E-02    -9.80506809064632E-02     4.64420401614479E-02     4.89385522399914E-03
         4.62512020147175     1.34547810393351E-01    -5.37398783766778E-02    -3.12727206728056E-01     1.25929415842544E-01     2.30296758923593E-02
         1.62272294024072    -5.51865766775749E-01     1.65440705311574E-01    -5.86706702362430E-01     2.77907352966805E-01     5.26472480151814E-01
         0.55216173678272    -7.87309125215089E-01     1.14519053917377E-01    -6.52997838515906E-01     1.82287680337408E-01     8.49582617686734E-01
         0.17330337957192    -2.00276553789357E-01    -9.76667117835106E-01    -3.49223175694863E-01    -9.33554296168889E-01    -2.19496600587510E-02
