PD DZVP-MOLOPT-PBE0-GTH-Q18
 1
 2 0 3 7 3 2 2 1
         5.91136229189224     2.08073604777386E-01     2.89271332030660E-01    -2.61648337998550E-02     6.39801663908083E-02     1.10261255731982E-01     1.30377040923231E-01    -1.78992730100243E-02     1.01934416188182E-01
         4.81048566091512    -3.96595070752285E-01    -5.88690412025333E-01     6.76837572932188E-02    -1.77648303909202E-01    -2.75474402088818E-01    -1.52326961564604E-01    -5.16065447105749E-02    -1.29792502912419E-01
         2.00656176423331     7.62436152576390E-02     1.82590360452513E-01    -1.17030732636102E-01     3.65574996054851E-01     4.54172910895948E-01     1.14640608151334E-01     5.63411904181095E-01     1.13602204085149E-01
         0.93323690266727     1.44451522282002E-01     5.09848495722016E-01    -3.09136314544733E-01     4.40573741742016E-01     5.53078321585540E-01    -2.72533603332450E-01     7.15425532302865E-01     2.44587761464382E-01
         0.40702874162784     3.57354768449654E-02     4.72914705815787E-02    -3.51854657634845E-02     1.75402655900956E-03     2.41788614975755E-01     4.72166125578014E-01     4.00431632578311E-01     6.37463205025309E-01
         0.15963047988074     5.87158338250925E-01    -7.56624758160986E-02     7.61752020377982E-01    -7.00106404802887E-01     5.15043548608991E-01     7.84984738829018E-01    -7.02603141490130E-02     6.64615355621289E-01
         0.06746872772252    -6.53227720791048E-01     5.18188839611662E-01     5.51333564703189E-01    -3.82681674657319E-01     2.75782623062080E-01     1.82316756388729E-01    -4.96760547074079E-02     2.27951175614849E-01
C DZVP-MOLOPT-PBE0-GTH-Q4
 1
 2 0 2 5 2 2 1
         5.37649556675185    -1.22404309942338E-01     1.51052142999233E-01    -1.02230399503479E-01     7.40025761345854E-02    -3.33102657255285E-02
         1.95241253925289    -1.29373346346520E-01     2.06617207371748E-01    -3.09172408281985E-01     2.20213934213870E-01     2.24862943378639E-01
         0.69884308058897     4.93419910923422E-01    -4.42585619435647E-01    -6.76608029554237E-01     4.84079784827656E-01     7.92785845721874E-01
         0.25544398452951     7.50469724701437E-01    -1.05635637414093E-01    -6.23090735983644E-01    -3.82982660790289E-01     5.31193096205402E-01
         0.08778128068034     4.02009584429917E-01     8.52907768337305E-01    -2.18908374551020E-01    -7.51678445453038E-01     1.94040151152179E-01
O DZVP-MOLOPT-PBE0-GTH-Q6
 1
 2 0 2 5 2 2 1
        10.34082423621691    -1.29825249634708E-01     8.18793043945143E-02    -9.31315963557027E-02     6.07168741616306E-02    -1.46443819746845E-04
         3.64864310376424    -1.27684551447027E-01     1.02649506262870E-01    -3.10412801135525E-01     1.66218217874094E-01     4.82789843051162E-02
         1.25503633997207     5.26487514579900E-01    -3.65113179366377E-01    -5.97863015525008E-01     4.26686208369503E-01     7.18155124032992E-01
         0.43936673910305     7.72667288737258E-01    -8.21060762059060E-02    -6.48920500304752E-01    -1.50379113770830E-02     6.93882202281484E-01
         0.14295518532255     3.04365270334762E-01     9.17992274956007E-01    -3.41221918409427E-01    -8.86790677695403E-01    -2.12090879301656E-02
F DZVP-MOLOPT-PBE0-GTH-Q7
 1
 2 0 2 5 2 2 1
        13.31501907729122     1.31813146289282E-01    -5.24225688764356E-02    -9.80506809064632E-02     4.64420401614479E-02     4.89385522399914E-03
         4.62512020147175     1.34547810393351E-01    -5.37398783766778E-02    -3.12727206728056E-01     1.25929415842544E-01     2.30296758923593E-02
         1.62272294024072    -5.51865766775749E-01     1.65440705311574E-01    -5.86706702362430E-01     2.77907352966805E-01     5.26472480151814E-01
         0.55216173678272    -7.87309125215089E-01     1.14519053917377E-01    -6.52997838515906E-01     1.82287680337408E-01     8.49582617686734E-01
         0.17330337957192    -2.00276553789357E-01    -9.76667117835106E-01    -3.49223175694863E-01    -9.33554296168889E-01    -2.19496600587510E-02
