PD TZV2P-MOLOPT-PBE0-GTH-Q18
 1
 2 0 3 6 3 3 3 2
         2.88267974367423    -1.35574548356134E-01    -1.32923462095988E-01     5.04824269333758E-01    -7.63118633866031E-01    -3.04773004831653E-02     1.90435666284418E-02    -7.29323963942720E-01     8.89767546827299E-02    -3.41609824459610E-02     8.62402282751416E-02     6.60486746885147E-02
         2.83475975051257    -6.13583089907923E-01    -3.31065382259996E-02    -9.93029156438061E-02     4.41868626153134E-01     2.07039901877055E-02    -1.61589156284209E-02     6.21241384775583E-01     1.75099480522176E-01    -9.97972173976782E-02    -3.29629075647213E-02    -2.52452527326787E-02
         2.46180433787078     7.34274449255598E-01     9.95450027257594E-02    -1.32478647348048E-01     4.27547734965643E-01    -1.18012247761895E-02     3.78132724063618E-02     2.08230768671021E-01    -3.44032953095906E-01     1.73450065228313E-01    -9.72291516445644E-02    -7.44647449995580E-02
         0.82359506274218     2.40701005907547E-01    -1.01697899293877E-01     5.19912265248152E-01     1.97434746748378E-01    -7.72783878954537E-02     1.38059489366978E-01     1.67858689333915E-01    -3.17091344161630E-01     1.60248143606391E-01    -3.12915587804648E-01    -2.39652193381681E-01
         0.28322045016088    -5.67106326761315E-04     1.49634686664505E-01    -6.27745333730231E-01     1.26744567385265E-02     5.04705650621872E-01    -8.46849050298774E-01     1.02032745974314E-01     7.30571314125637E-01    -3.76949392213774E-01    -7.17218954567475E-01    -5.49295408397224E-01
         0.08675402764754    -8.96608662292157E-02     9.68810146834489E-01     2.31014779738361E-01    -2.15378995382702E-02     8.58954869032117E-01     5.11598135111435E-01     1.40862913398858E-02     4.56928080408301E-01     8.89392098981475E-01    -6.08032374089093E-01     7.93912231962439E-01
PD TZVP-MOLOPT-PBE0-GTH-q18
 1
 2 0 3 6 3 3 3 1
         2.88267974367423    -1.35574548356134E-01    -1.32923462095988E-01     5.04824269333758E-01    -7.63118633866031E-01    -3.04773004831653E-02     1.90435666284418E-02    -7.29323963942720E-01     8.89767546827299E-02    -3.41609824459610E-02     8.62402282751416E-02
         2.83475975051257    -6.13583089907923E-01    -3.31065382259996E-02    -9.93029156438061E-02     4.41868626153134E-01     2.07039901877055E-02    -1.61589156284209E-02     6.21241384775583E-01     1.75099480522176E-01    -9.97972173976782E-02    -3.29629075647213E-02
         2.46180433787078     7.34274449255598E-01     9.95450027257594E-02    -1.32478647348048E-01     4.27547734965643E-01    -1.18012247761895E-02     3.78132724063618E-02     2.08230768671021E-01    -3.44032953095906E-01     1.73450065228313E-01    -9.72291516445644E-02
         0.82359506274218     2.40701005907547E-01    -1.01697899293877E-01     5.19912265248152E-01     1.97434746748378E-01    -7.72783878954537E-02     1.38059489366978E-01     1.67858689333915E-01    -3.17091344161630E-01     1.60248143606391E-01    -3.12915587804648E-01
         0.28322045016088    -5.67106326761315E-04     1.49634686664505E-01    -6.27745333730231E-01     1.26744567385265E-02     5.04705650621872E-01    -8.46849050298774E-01     1.02032745974314E-01     7.30571314125637E-01    -3.76949392213774E-01    -7.17218954567475E-01
         0.08675402764754    -8.96608662292157E-02     9.68810146834489E-01     2.31014779738361E-01    -2.15378995382702E-02     8.58954869032117E-01     5.11598135111435E-01     1.40862913398858E-02     4.56928080408301E-01     8.89392098981475E-01    -6.08032374089093E-01
PD DZVP-MOLOPT-PBE0-GTH-q18
 1
 2 0 3 6 2 2 2 1
         2.88267974367423    -1.35574548356134E-01    -1.32923462095988E-01    -7.63118633866031E-01    -3.04773004831653E-02    -7.29323963942720E-01     8.89767546827299E-02     8.62402282751416E-02
         2.83475975051257    -6.13583089907923E-01    -3.31065382259996E-02     4.41868626153134E-01     2.07039901877055E-02     6.21241384775583E-01     1.75099480522176E-01    -3.29629075647213E-02
         2.46180433787078     7.34274449255598E-01     9.95450027257594E-02     4.27547734965643E-01    -1.18012247761895E-02     2.08230768671021E-01    -3.44032953095906E-01    -9.72291516445644E-02
         0.82359506274218     2.40701005907547E-01    -1.01697899293877E-01     1.97434746748378E-01    -7.72783878954537E-02     1.67858689333915E-01    -3.17091344161630E-01    -3.12915587804648E-01
         0.28322045016088    -5.67106326761315E-04     1.49634686664505E-01     1.26744567385265E-02     5.04705650621872E-01     1.02032745974314E-01     7.30571314125637E-01    -7.17218954567475E-01
         0.08675402764754    -8.96608662292157E-02     9.68810146834489E-01    -2.15378995382702E-02     8.58954869032117E-01     1.40862913398858E-02     4.56928080408301E-01    -6.08032374089093E-01
O TZV2P-MOLOPT-PBE0-GTH-Q6
 1
 2 0 3 5 3 3 2 1
        10.34082423621691    -1.29825249634708E-01     8.18793043945143E-02    -1.54163825083534E-01    -9.31315963557027E-02     6.07168741616306E-02     5.24249215362800E-02    -1.46443819746845E-04    -1.35615599706110E-01    -4.53627038333396E-02
         3.64864310376424    -1.27684551447027E-01     1.02649506262870E-01    -2.90598920673850E-01    -3.10412801135525E-01     1.66218217874094E-01     1.57277538743803E-01     4.82789843051162E-02    -2.03664714425298E-01    -7.75510089052828E-02
         1.25503633997207     5.26487514579900E-01    -3.65113179366377E-01     6.61471073309150E-01    -5.97863015525008E-01     4.26686208369503E-01     5.52189434348781E-01     7.18155124032992E-01    -6.65039106707507E-01     7.74070424398802E-02
         0.43936673910305     7.72667288737258E-01    -8.21060762059060E-02    -6.24492813862270E-01    -6.48920500304752E-01    -1.50379113770830E-02    -7.55332729990091E-01     6.93882202281484E-01     7.03924405563841E-01     9.92909576133937E-01
         0.14295518532255     3.04365270334762E-01     9.17992274956007E-01     2.53476876555698E-01    -3.41221918409427E-01    -8.86790677695403E-01     3.11568128998934E-01    -2.12090879301656E-02     4.83994939610748E-02     8.17248560335443E-03
O TZVP-MOLOPT-PBE0-GTH-q6
 1
 2 0 2 5 3 3 1
        10.34082423621691    -1.29825249634708E-01     8.18793043945143E-02    -1.54163825083534E-01    -9.31315963557027E-02     6.07168741616306E-02     5.24249215362800E-02    -1.46443819746845E-04
         3.64864310376424    -1.27684551447027E-01     1.02649506262870E-01    -2.90598920673850E-01    -3.10412801135525E-01     1.66218217874094E-01     1.57277538743803E-01     4.82789843051162E-02
         1.25503633997207     5.26487514579900E-01    -3.65113179366377E-01     6.61471073309150E-01    -5.97863015525008E-01     4.26686208369503E-01     5.52189434348781E-01     7.18155124032992E-01
         0.43936673910305     7.72667288737258E-01    -8.21060762059060E-02    -6.24492813862270E-01    -6.48920500304752E-01    -1.50379113770830E-02    -7.55332729990091E-01     6.93882202281484E-01
         0.14295518532255     3.04365270334762E-01     9.17992274956007E-01     2.53476876555698E-01    -3.41221918409427E-01    -8.86790677695403E-01     3.11568128998934E-01    -2.12090879301656E-02
O DZVP-MOLOPT-PBE0-GTH-q6
 1
 2 0 2 5 2 2 1
        10.34082423621691    -1.29825249634708E-01     8.18793043945143E-02    -9.31315963557027E-02     6.07168741616306E-02    -1.46443819746845E-04
         3.64864310376424    -1.27684551447027E-01     1.02649506262870E-01    -3.10412801135525E-01     1.66218217874094E-01     4.82789843051162E-02
         1.25503633997207     5.26487514579900E-01    -3.65113179366377E-01    -5.97863015525008E-01     4.26686208369503E-01     7.18155124032992E-01
         0.43936673910305     7.72667288737258E-01    -8.21060762059060E-02    -6.48920500304752E-01    -1.50379113770830E-02     6.93882202281484E-01
         0.14295518532255     3.04365270334762E-01     9.17992274956007E-01    -3.41221918409427E-01    -8.86790677695403E-01    -2.12090879301656E-02
C TZV2P-MOLOPT-PBE0-GTH-Q4
 1
 2 0 3 5 3 3 2 1
         5.37649556675185    -1.22404309942338E-01     1.51052142999233E-01    -2.91603005508096E-01    -1.02230399503479E-01     7.40025761345854E-02     8.94622998880541E-02    -3.33102657255285E-02     9.86374456561292E-02     7.95121951184048E-02
         1.95241253925289    -1.29373346346520E-01     2.06617207371748E-01    -1.01805179489666E-01    -3.09172408281985E-01     2.20213934213870E-01     3.39999059653624E-01     2.24862943378639E-01    -4.25828317504440E-02     4.21381944948773E-01
         0.69884308058897     4.93419910923422E-01    -4.42585619435647E-01     6.21910558850215E-01    -6.76608029554237E-01     4.84079784827656E-01     2.48477330781687E-01     7.92785845721874E-01    -5.17543483541305E-01     3.21750315531954E-01
         0.25544398452951     7.50469724701437E-01    -1.05635637414093E-01    -6.44963922243512E-01    -6.23090735983644E-01    -3.82982660790289E-01    -6.66883209981747E-01     5.31193096205402E-01     8.40388777086484E-01     8.41599833069726E-01
         0.08778128068034     4.02009584429917E-01     8.52907768337305E-01     3.19142896525367E-01    -2.18908374551020E-01    -7.51678445453038E-01     6.08212904060281E-01     1.94040151152179E-01    -1.19803183369898E-01    -6.55859949283386E-02
C TZVP-MOLOPT-PBE0-GTH-q4
 1
 2 0 2 5 3 3 1
         5.37649556675185    -1.22404309942338E-01     1.51052142999233E-01    -2.91603005508096E-01    -1.02230399503479E-01     7.40025761345854E-02     8.94622998880541E-02    -3.33102657255285E-02
         1.95241253925289    -1.29373346346520E-01     2.06617207371748E-01    -1.01805179489666E-01    -3.09172408281985E-01     2.20213934213870E-01     3.39999059653624E-01     2.24862943378639E-01
         0.69884308058897     4.93419910923422E-01    -4.42585619435647E-01     6.21910558850215E-01    -6.76608029554237E-01     4.84079784827656E-01     2.48477330781687E-01     7.92785845721874E-01
         0.25544398452951     7.50469724701437E-01    -1.05635637414093E-01    -6.44963922243512E-01    -6.23090735983644E-01    -3.82982660790289E-01    -6.66883209981747E-01     5.31193096205402E-01
         0.08778128068034     4.02009584429917E-01     8.52907768337305E-01     3.19142896525367E-01    -2.18908374551020E-01    -7.51678445453038E-01     6.08212904060281E-01     1.94040151152179E-01
C DZVP-MOLOPT-PBE0-GTH-q4
 1
 2 0 2 5 2 2 1
         5.37649556675185    -1.22404309942338E-01     1.51052142999233E-01    -1.02230399503479E-01     7.40025761345854E-02    -3.33102657255285E-02
         1.95241253925289    -1.29373346346520E-01     2.06617207371748E-01    -3.09172408281985E-01     2.20213934213870E-01     2.24862943378639E-01
         0.69884308058897     4.93419910923422E-01    -4.42585619435647E-01    -6.76608029554237E-01     4.84079784827656E-01     7.92785845721874E-01
         0.25544398452951     7.50469724701437E-01    -1.05635637414093E-01    -6.23090735983644E-01    -3.82982660790289E-01     5.31193096205402E-01
         0.08778128068034     4.02009584429917E-01     8.52907768337305E-01    -2.18908374551020E-01    -7.51678445453038E-01     1.94040151152179E-01
F TZV2P-MOLOPT-PBE0-GTH-Q7
 1
 2 0 3 5 3 3 2 1
        13.31501907729122     1.31813146289282E-01    -5.24225688764356E-02    -5.17923286744451E-01    -9.80506809064632E-02     4.64420401614479E-02     6.35659142568778E-02     4.89385522399914E-03     1.52535072278595E-01     5.41962851226601E-02
         4.62512020147175     1.34547810393351E-01    -5.37398783766778E-02    -2.73506612070950E-02    -3.12727206728056E-01     1.25929415842544E-01     1.88833971660508E-01     2.30296758923593E-02    -1.84322551941015E-01     3.68925101794283E-02
         1.62272294024072    -5.51865766775749E-01     1.65440705311574E-01    -7.34790083225985E-01    -5.86706702362430E-01     2.77907352966805E-01     6.51110127867809E-01     5.26472480151814E-01    -8.13967424463323E-01     8.50449987353287E-02
         0.55216173678272    -7.87309125215089E-01     1.14519053917377E-01     4.34902286738320E-01    -6.52997838515906E-01     1.82287680337408E-01    -7.27945836193775E-01     8.49582617686734E-01     5.11993820603493E-01     9.94034575948952E-01
         0.17330337957192    -2.00276553789357E-01    -9.76667117835106E-01    -4.41695026221844E-02    -3.49223175694863E-01    -9.33554296168888E-01     8.03216449515110E-02    -2.19496600587510E-02     1.34452996051777E-01    -1.90870474316679E-02
F TZVP-MOLOPT-PBE0-GTH-q7
 1
 2 0 2 5 3 3 1
        13.31501907729122     1.31813146289282E-01    -5.24225688764356E-02    -5.17923286744451E-01    -9.80506809064632E-02     4.64420401614479E-02     6.35659142568778E-02     4.89385522399914E-03
         4.62512020147175     1.34547810393351E-01    -5.37398783766778E-02    -2.73506612070950E-02    -3.12727206728056E-01     1.25929415842544E-01     1.88833971660508E-01     2.30296758923593E-02
         1.62272294024072    -5.51865766775749E-01     1.65440705311574E-01    -7.34790083225985E-01    -5.86706702362430E-01     2.77907352966805E-01     6.51110127867809E-01     5.26472480151814E-01
         0.55216173678272    -7.87309125215089E-01     1.14519053917377E-01     4.34902286738320E-01    -6.52997838515906E-01     1.82287680337408E-01    -7.27945836193775E-01     8.49582617686734E-01
         0.17330337957192    -2.00276553789357E-01    -9.76667117835106E-01    -4.41695026221844E-02    -3.49223175694863E-01    -9.33554296168888E-01     8.03216449515110E-02    -2.19496600587510E-02
F DZVP-MOLOPT-PBE0-GTH-q7
 1
 2 0 2 5 2 2 1
        13.31501907729122     1.31813146289282E-01    -5.24225688764356E-02    -9.80506809064632E-02     4.64420401614479E-02     4.89385522399914E-03
         4.62512020147175     1.34547810393351E-01    -5.37398783766778E-02    -3.12727206728056E-01     1.25929415842544E-01     2.30296758923593E-02
         1.62272294024072    -5.51865766775749E-01     1.65440705311574E-01    -5.86706702362430E-01     2.77907352966805E-01     5.26472480151814E-01
         0.55216173678272    -7.87309125215089E-01     1.14519053917377E-01    -6.52997838515906E-01     1.82287680337408E-01     8.49582617686734E-01
         0.17330337957192    -2.00276553789357E-01    -9.76667117835106E-01    -3.49223175694863E-01    -9.33554296168888E-01    -2.19496600587510E-02
