####################################################################################################
# Arsenium
####################################################################################################
 As ccGRB-D-q5 
   2
  1  0  1  4  2  2
   1.30833449961       -0.3972111935    0.3666649434   -0.0934953393    0.0537632912
  0.518984022819        0.3450917582   -0.4495058893    0.2967811498   -0.2150375377
  0.205868159880        0.7442415647   -1.4955763997    0.4745491649   -1.1506083765
  0.816628207974E-01    0.1875286104    1.8538635517    0.4020181585    1.4548271521
  2  2  2  1  1
  0.117022964379        1.0000000000


 As ccGRB-T-q5 
   3
  1  0  1  5  3  3
   3.70093289440        0.0302484989   -0.0253425646    0.2495425611   -0.0047959515    0.0088914808    0.0900249855
   1.42351160915       -0.4133883824    0.3772050652   -1.7587807090   -0.0813691262    0.0414708618   -0.5609625642
  0.547533651434        0.3028741777   -0.3918392787    4.5046965256    0.2555350453   -0.1856512501    2.3564596099
  0.210601092064        0.7719047354   -1.5119860115   -4.4338701771    0.5134405340   -1.1467979066   -2.5186840308
  0.810047379963E-01    0.1908398118    1.8263862525    1.8214969277    0.3944634154    1.4293393165    1.0767799809
  2  2  2  2  2
  0.294098327561        1.0000000000    0.0000000000
  0.859789936561E-01    0.0000000000    1.0000000000
  3 3 3 1 1
      4.158000E-01           1.0000000


 As ccGRB-Q-q5 
   4
  1  0  1  6  4  4
   3.46268548559        0.0494792332   -0.0194408832   -0.0495854902   -1.0053944168   -0.0027738480   -0.0089799027   -0.0365077310   -0.3783855068
   1.62901377749       -0.3501631245    0.2221588929    0.0471818188    5.0923513928   -0.0680724799    0.1029545706    0.1115464878    1.7700656054
  0.766366422333       -0.0351928251    0.2216978788   -1.5291516985  -11.0842268858    0.0574908887   -0.1908710783   -0.4987633220   -5.0043138774
  0.360535620628        0.5410655201   -1.0911037458    5.9712272517   11.8622467475    0.3765041824   -0.1573214869    3.0104674654    5.8910988400
  0.169613294573        0.5243566101   -0.8699090485   -7.3635562979   -7.2130014531    0.3449589484   -1.2193933852   -4.0448659102   -3.7705853300
  0.797942506919E-01    0.1526172724    1.8119933549    3.3107605206    2.1486709667    0.3701479884    1.6449055417    1.8812063458    1.2087954631
  2  2  2  3  3
  0.599209842345        1.0000000000    0.0000000000    0.0000000000
  0.212812601172        0.0000000000    1.0000000000    0.0000000000
  0.755815409180E-01    0.0000000000    0.0000000000    1.0000000000
  3 3 3 2 2
      2.640000E-01           1.000000E+00           0.000000E+00
      6.440000E-01           0.000000E+00           1.000000E+00
  4 4 4 1 1
      5.465000E-01           1.0000000

As aug-cc-D
    3
1 0 0 1 1
      0.0411520              1.0000000
1 1 1 1 1
      0.0312680              1.0000000
1 2 2 1 1
      0.1078000              1.0000000

As aug-cc-T
    4
1 0 0 1 1
      0.0334070              1.0000000
1 1 1 1 1
      0.0267990              1.0000000
1 2 2 1 1
      0.0700000              1.0000000
1 3 3 1 1
      0.1690000              1.0000000

As aug-cc-Q
     5
1 0 0 1 1
      0.0324990              1.0000000
1 1 1 1 1
      0.0236980              1.0000000
1 2 2 1 1
      0.0531000              1.0000000
1 3 3 1 1
      0.1132000              1.0000000
1 4 4 1 1
      0.2390000              1.0000000

