#
# Generated with CP2K Atom Code
#
 As ccGRB-VAL-0
   1
  1  0  1  6  1  1
   3.63140081615       -0.0318961168    0.0043664515
   1.43354364204        0.4117713795    0.0834482327
  0.565910368389       -0.2681482626   -0.2403093565
  0.223400624618       -0.7541084267   -0.4823804156
  0.881903599363E-01   -0.2440055293   -0.4456453081
  0.348143144138E-01    0.0051094451    0.0129534880

 As ccGRB-VAL-1
   1
  1  0  1  6  2  2
   3.63140081615       -0.0318961168    0.0182483893    0.0043664515   -0.0114193354
   1.43354364204        0.4117713795   -0.3390191012    0.0834482327   -0.0319778360
  0.565910368389       -0.2681482626    0.2191937931   -0.2403093565    0.1315181688
  0.223400624618       -0.7541084267    1.8071587178   -0.4823804156    1.2788086524
  0.881903599363E-01   -0.2440055293   -1.9842619473   -0.4456453081   -1.5146843677
  0.348143144138E-01    0.0051094451    0.0259115941    0.0129534880    0.0329346359

 As ccGRB-VAL-2
   1
  1  0  1  6  3  3
   3.63140081615       -0.0318961168    0.0182483893   -0.2804637267    0.0043664515   -0.0114193354   -0.1059117234
   1.43354364204        0.4117713795   -0.3390191012    1.8997899674    0.0834482327   -0.0319778360    0.6296906748
  0.565910368389       -0.2681482626    0.2191937931   -4.7040762125   -0.2403093565    0.1315181688   -2.4954512102
  0.223400624618       -0.7541084267    1.8071587178    4.4268943737   -0.4823804156    1.2788086524    2.6312954322
  0.881903599363E-01   -0.2440055293   -1.9842619473   -1.5765580417   -0.4456453081   -1.5146843677   -1.0875763064
  0.348143144138E-01    0.0051094451    0.0259115941   -0.1719958800    0.0129534880    0.0329346359   -0.0307127793

 As ccGRB-VAL-3
   1
  1  0  1  6  4  4
   3.63140081615       -0.0318961168    0.0182483893   -0.2804637267   -0.8640144753    0.0043664515   -0.0114193354   -0.1059117234   -0.5652034246
   1.43354364204        0.4117713795   -0.3390191012    1.8997899674    2.0959671637    0.0834482327   -0.0319778360    0.6296906748    2.4088938519
  0.565910368389       -0.2681482626    0.2191937931   -4.7040762125   -0.5482517166   -0.2403093565    0.1315181688   -2.4954512102   -2.1378080856
  0.223400624618       -0.7541084267    1.8071587178    4.4268943737   -1.9117833493   -0.4823804156    1.2788086524    2.6312954322    0.8544089556
  0.881903599363E-01   -0.2440055293   -1.9842619473   -1.5765580417    3.1911360202   -0.4456453081   -1.5146843677   -1.0875763064    0.1773910187
  0.348143144138E-01    0.0051094451    0.0259115941   -0.1719958800   -1.9949453466    0.0129534880    0.0329346359   -0.0307127793   -0.4287674502

