################################################################################################
# Titanium
################################################################################################
Ti ccGRB-D-q12
    2
  2  0  2  6  3  2  2
   6.11818847094       -0.1834668105    0.0503185747   -0.1031250326    0.1592846040   -0.1329309621   -0.1197407588    0.0768522814
   2.51262813080       -0.2515667857    0.0837493724    0.0396103389   -0.2794346868    0.2938864387   -0.2309870729    0.1575972008
   1.03189042863        1.0034418292   -0.4465266398    0.2304571428   -0.5940299337    0.7768711129   -0.3422342537    0.2312609176
  0.423778530392        0.2479753427   -0.1484440504    1.6517039077   -0.2855763420   -0.7261034340   -0.3182900465    0.1065976021
  0.174038093424        0.0696250911   -0.0864466005   -3.8781301707   -0.0303325799   -0.5540219017   -0.2446113244   -0.0352529422
  0.714742625935E-01   -0.0181084159    1.1773064058    2.2962943320    0.0000656345   -0.0388574679   -0.1377534439   -0.9169570875
   3 3 3 2 1
      1.227400E+00           3.581580E-01
      2.788000E-01           8.257940E-01

Ti ccGRB-T-q12
    3
  2  0  2  7  4  3  3
   6.33855091985        0.1193988289    0.0344044580   -0.0253060663    0.1700238470    0.1522377642    0.1339480550    0.1454931426   -0.1053844855    0.0679422849   -0.0807563538
   2.93899524699        0.4123025460    0.1178410072   -0.2443163623   -0.2470816182   -0.1561502908   -0.1405226760   -0.3283423015   -0.1761786315    0.1190945290   -0.1416400809
   1.36272362107       -0.7848056000   -0.2719496380    0.6769601743    0.6693065180   -0.4948719109   -0.9272663761   -0.7542100493   -0.2780340629    0.1976223212   -0.2815774116
  0.631853919912       -0.4460642104   -0.3218825344   -0.2373738040   -4.6535114792   -0.3976776758    0.2637170547    1.2057325094   -0.2949162448    0.1512586533   -0.0156534015
  0.292971641451       -0.2035768937   -0.0481774808    1.6597775329    8.8841037961   -0.1264376838    0.8271534775    0.2121356642   -0.2516235269    0.0561620587   -0.0588576401
  0.135842130578        0.0461702390    0.1011908172   -4.3902923852   -7.3956982533   -0.0058817970    0.1636164712   -0.7216636673   -0.1914198983   -0.2065556710    1.5347927343
  0.629859065828E-01   -0.0138539147    1.0304207193    2.8315958432    2.5732612364   -0.0010970730   -0.0505147139   -0.4666873325   -0.0952541725   -0.7847742464   -1.3670557680
   3 3 3 2 2
      1.248300E+00           1.000000E+00           0.000000E+00
      2.836000E-01           0.000000E+00           1.000000E+00
   4 4 4 1 1
      7.251000E-01           1.0000000

Ti ccGRB-Q-q12
    4
  2  0  2  8  5  4  4
   6.32801919043       -0.1231456395    0.0353283592   -0.0289884871    0.1576951832    0.2229134835   -0.1527100094    0.1114646256   -0.1675978202    0.1635576290   -0.1061953012    0.0671878600   -0.0802991310    0.0779588718
   2.91046784720       -0.4052765229    0.1161614999   -0.2238761129   -0.1983041304   -2.0093708194    0.1630461695   -0.0989434766    0.3751987139   -0.3415573589   -0.1793716696    0.1214209305   -0.1427381863    0.3055398419
   1.33862158674        0.8045859648   -0.2825579846    0.6383316303    0.4989109313    7.0794539442    0.5033258952   -0.8116529009    0.8506784702   -0.9487647633   -0.2830868829    0.1931112480   -0.2794585248    0.1034295169
  0.615676876211        0.4330499756   -0.3150808682   -0.1415141338   -4.2084093556  -10.0192212159    0.3927210769    0.1238390650   -1.2838100559    2.1563808268   -0.2954645331    0.1591759907   -0.0117682465    0.4656362353
  0.283170404285        0.1973045212   -0.0517986038    1.4179394879    8.2443542237    7.4341081589    0.1181271163    0.7869494211   -0.2135617647   -1.1019647482   -0.2556949078    0.0256222530   -0.0530894472   -2.3406130467
  0.130239547661       -0.0544016457    0.1667271620   -4.1467660852   -6.8120724801   -2.4634590835    0.0041542235    0.2442457116    0.6255662515   -1.2328975521   -0.1814692718   -0.1809575809    1.5471573414    2.6330691293
  0.599015275544E-01    0.0215581818    0.9918824066    2.7750580703    2.1739062103   -0.8180783234    0.0013067413    0.0197938825    0.5032989463    1.6422112234   -0.0971843267   -0.8282015147   -1.4419936328   -1.2270109650
  0.275507176415E-01   -0.0036490678   -0.0175102668   -0.0127925101    0.1717162750    0.9725499175   -0.0001270222   -0.0005349338   -0.0295881177   -0.0736082223    0.0051575920    0.0430121814    0.0701705451    0.0430166066
   1 3 3 3 3
      2.262600E+00           1.000000E+00           0.000000E+00           0.000000E+00
      6.418000E-01           0.000000E+00           1.000000E+00           0.000000E+00
      1.821000E-01           0.000000E+00           0.000000E+00           1.000000E+00
   1 4 4 2 2
      1.573200E+00           1.000000E+00           0.000000E+00
      4.002000E-01           0.000000E+00           1.000000E+00
   1 5 5 1 1
      8.721000E-01           1.0000000

Ti aug-cc-D
    4
1 0 0 1 1
      1.173000E-02           1.000000E+00
1 1 1 1 1
      1.176000E-02           1.000000E+00
1 2 2 1 1
      1.726000E-02           1.000000E+00
1 3 3 1 1
      8.266000E-02           1.000000E+00

Ti aug-cc-T
     5
1 0 0 1 1
      0.0117300              1.0000000
1 1 1 1 1
      0.0117600              1.0000000
1 2 2 1 1
      0.0172600              1.0000000
1 3 3 1 1
      0.0826600              1.0000000
1 4 4 1 1
      0.2114800              1.0000000

Ti aug-cc-Q
     6
1 0 0 1 1
      0.0111000              1.0000000
1 1 1 1 1
      0.0110300              1.0000000
1 2 2 1 1
      0.0127900              1.0000000
1 3 3 1 1
      0.0554100              1.0000000
1 4 4 1 1
      0.1256600              1.0000000
1 5 5 1 1
      0.2724200              1.0000000

