TL QZVPP-MOLOPT-PBE-Q21
 2
 1 0 2 11 2 2 1
      9675.50563525350299     7.30635874101371E-05    -1.81939770177200E-04     1.65890566583568E-05    -1.28427607371189E-04     5.03620368163116E-06
      1471.54971598717020    -1.18690592268344E-03     4.35662586331697E-03     3.84092241252879E-04    -1.71856086416638E-03     7.73964284317037E-05
       323.68525258316259     1.72474156011529E-03    -5.63275285616844E-03    -7.49396316397067E-04     3.23877380984429E-03    -2.12821823942681E-04
        33.95721169094364     1.51501075856112E-02    -7.12417554283474E-03     1.82821137427306E-02    -5.43564091168746E-02     1.06361649955271E-02
        21.23481341560871    -1.83524896441695E-01     2.32523153792586E-01    -6.82635407025618E-02     1.26776877899447E-01    -4.06692488650366E-02
        13.12337347690689     5.46670626294645E-01    -3.86028572796169E-01     1.99353016803349E-01    -2.03771642627202E-01     1.01286030475234E-01
         8.11577820605616    -2.95067442245244E-01    -4.51393408746219E-01    -2.52726381411865E-01    -1.29587145491630E-01    -1.62066609041137E-01
         5.15457095044713    -5.02569373268876E-01     4.28681265706481E-01    -1.36970922575254E-01     7.54964412244760E-01     3.11357611879740E-02
         1.77059830395421     5.48951306329012E-01     5.45359601241966E-01     4.71774349903336E-01     1.65626046149098E-01     5.41892898959383E-01
         0.76779462832187    -8.52457634178735E-02     9.00583346414733E-02     5.04162133751909E-01     4.76306477683387E-01     6.15989141363170E-01
         0.34758181496273    -1.37770740120600E-01    -3.22121395641413E-01     6.29191041571414E-01    -3.13644260587104E-01     5.36328644864346E-01
 1 0 4 6 5 4 3 4 1
         1.92648537547578     3.81074681077621E-01    -2.11321021336235E-01     2.29676965890675E-01     1.61002792262869E-02     8.40440703683822E-02    -2.50348904188693E-01     1.12749879452254E-01    -3.65753424877028E-01    -6.67275876297944E-02    -4.43727373477597E-02     3.60604573300519E-01     1.40219410644735E-01     9.42059194625594E-01    -3.55653806881298E-02     1.42370830315260E-01    -1.88942583155749E-01     7.17702698678920E-02
         0.90269574756808     8.88654060444721E-01     7.04207116697168E-02    -1.72977277984064E-01    -1.97648976488927E-01    -2.09689540306639E-01    -1.94607229856628E-02    -2.63963569766364E-01    -5.51014418316540E-02    -1.86776078869853E-01    -2.75991447651608E-01    -4.39758864658324E-02    -5.98792515561561E-01    -7.62420994595694E-02     9.32668152757673E-01     5.23358928855355E-02    -1.09090460701410E-01    -2.76231758365668E-01
         0.48082554662603    -1.61954628869812E-01     6.70672669544775E-01    -3.32999789424153E-01    -4.57146077579501E-01    -2.75029240024395E-01     7.96161063966592E-01     2.89448348342060E-01     3.64829218062008E-01    -1.93394325819595E-01    -3.51020065618999E-02    -6.01911063350300E-01     5.99925809700038E-01    -1.85586849620180E-01    -1.37247805764773E-01     9.41585763447569E-01     4.52156473001082E-02     8.14731333606922E-01
         0.17041245011496     1.05015808879663E-01     5.80155386701247E-01     7.88701333198842E-01     9.76258164191943E-02     7.54615981891218E-02    -4.71682190765236E-01     7.07079160091254E-01     4.70645885053007E-01     6.15335928079875E-02     7.81309074692423E-01     2.10987893253559E-01    -1.32457010639817E-01     1.53478431181593E-01     4.69775186935319E-02    -7.92364334736010E-02     9.43387921071704E-01    -4.47083367101272E-01
         0.06389172251708     1.58408751342407E-01     4.03662150967869E-01    -4.24810414202465E-01     7.02352526327759E-01     3.59808607230950E-01    -2.21160458389404E-01    -5.77743099339103E-01     7.12885682762693E-01     3.56831942633519E-02    -5.51343240651521E-01     4.07880495399268E-01     1.30664658692862E-01    -1.73220525888241E-01    -2.80606978126606E-01    -2.84933535163511E-01    -2.38568335894399E-01    -2.28016903468495E-01
         0.02465311436085     5.22024316275712E-02     3.25440438874180E-02    -6.26483190472657E-02    -4.98861960450877E-01     8.59167691091079E-01     1.77983789194059E-01    -9.07329556705931E-03    -1.93483627653796E-02     9.58228097456550E-01     7.87679562380164E-02     5.43001975423735E-01     4.76714747351806E-01     1.36777768341458E-01     1.70531806138638E-01     5.42422272190644E-02    -5.88208838611331E-02     5.36903405317544E-02
H QZVPP-MOLOPT-PBE-AE
 2
 1 0 0 4 1
       190.54117440353127     1.96600972886938E-02
        28.48589623081718     5.38615245148400E-01
         6.82683105625948     8.41690491707832E-01
         1.91976916792120    -3.26222996883324E-02
 1 0 3 4 3 3 2 1
         3.13044722440195    -3.66327628299461E-01     2.56023465069061E-01     1.80301571342015E-01     9.57864765395543E-01    -2.86990854469403E-01     7.09708425215968E-03     9.99207337838246E-01    -1.14391682399844E-02     5.85140484472903E-01
         0.96627664577475     8.95826280526715E-01     1.78507674168198E-01     3.15139388181339E-01     2.45050348375012E-01     8.29767518144689E-01     5.01170647875718E-01     1.62635846128724E-02     9.81329325317073E-01     6.84086073735301E-01
         0.31928820204257    -2.30012077387642E-01     6.10224429055026E-01     6.40105374762635E-01    -1.47922353363481E-01    -4.66731275488582E-01     8.51205422301253E-01    -4.48915950780499E-03     1.60295348734119E-01    -4.27324109791794E-01
         0.10666805621490    -1.01949929465328E-01    -7.28157360590113E-01     6.77084646545968E-01     2.37570063441528E-02     1.06226323308904E-01    -1.55650063115620E-01     3.60560573643188E-02    -1.05675455413839E-01    -8.38508338830758E-02
O QZVPP-MOLOPT-PBE-AE
 3
 1 0 0 8 1
    116506.38604434675653    -9.98096455193836E-05
     17504.60971368530591     2.33919295977431E-03
      3993.52399023383759     6.88020418607601E-03
      1133.09478918324885     4.13200618900893E-02
       369.82539210352701     1.15856592130636E-01
       133.78894948022503     3.83521465148008E-01
        52.21462909576736     4.11693815406844E-01
        21.67293595845605     8.17457382177472E-01
 1 0 1 5 2 1
       191.04192564330430    -5.10687570632457E-03     2.62695839052370E-02     1.26002594453494E-02
        45.06231751131436     7.10386627064769E-01    -6.24048153127724E-01     1.12036824182174E-01
        14.05235016622558     5.61186314944367E-01     2.63654168302179E-01     6.01861899721717E-01
         5.51919750076573     3.93930461642211E-01     7.34005739981864E-01     3.82904045403275E-01
         2.22318311118849     1.58787503341973E-01     3.99482759313346E-02     6.91690486537335E-01
 1 0 4 4 4 3 3 2 1
         4.07110969272635     8.35823185743741E-01     1.43707378138683E-01    -5.04975809725526E-01    -1.60459413041861E-01     1.72086536028372E-01     1.83573320585855E-01    -5.65096491463834E-01     5.87117703432284E-01    -6.86150954111257E-01     3.38448518372782E-01     7.96331496602706E-01    -4.06031379618403E-01     7.19190810290016E-01
         1.29660548931134    -3.21106263793023E-01     8.70808213615098E-01    -3.35156402976138E-01     1.62030885936799E-01     7.37714269017482E-01    -1.23907267761277E-01     5.94500398393531E-01     7.22514408166509E-01     6.34126435292987E-01    -1.48853997263073E-01     5.96617421514652E-01     6.47582903144410E-01     6.77717136798244E-01
         0.45442777800760     1.72702329034076E-01     4.19606306388715E-01     6.11297846324634E-01    -6.48397560346960E-01     6.52371782439809E-01     1.27228381173723E-01    -5.13977719496993E-01    -3.94104996625507E-02     3.37150724159123E-01     9.16679165386756E-01    -9.80648777410346E-02     6.03388801969736E-01     3.99419887891043E-02
         0.14870720086566     4.10443997485985E-01     2.12065537529809E-01     5.08905256619550E-01     7.26346592547186E-01    -2.39778831856476E-02     9.66830266380264E-01     2.51121754346111E-01     3.62922229719464E-01    -1.15801215165473E-01    -1.51639030780056E-01     1.69434240146108E-02    -2.27369426215928E-01    -1.47880689800770E-01
CL QZVPP-MOLOPT-PBE-AE
 3
 1 0 0 10 1
   1467458.93775052158162     5.00027973996311E-05
    219756.22561595341540     2.92119625382510E-04
     50010.78269045410707     1.28590722749441E-03
     14164.71914344428478     6.48940441751174E-03
      4620.77877126598923     1.97871266811614E-02
      1667.78852683964556     6.65018359892871E-02
       650.34523295930057     1.78047411514083E-01
       269.43766657761569     4.24217234215202E-01
       117.09536851846944     6.88319212568402E-01
        52.76000788002602     5.56504843396412E-01
 1 0 1 8 2 2
      2501.95646798690223    -3.82883357554072E-02     8.37909091563773E-02     4.17887012633053E-04     1.59916949870661E-03
       592.94635448432632    -4.07348538060098E-02     1.30718267465741E-01     3.99041739687339E-03    -2.59213449401013E-02
       192.18114183797039     2.20528820527411E-01    -1.98966788392605E-01     2.18359541428443E-02     3.32964376441369E-02
        72.87930898689872     7.33114974004280E-01    -3.92594344886566E-01     8.68350005331845E-02    -2.17375228769997E-01
        30.43574290352728     6.34280900802578E-01     5.37964084760841E-01     2.47733889523512E-01    -2.17956740087419E-01
        13.46035723428640     7.71650835004062E-03     6.98209154610030E-01     5.32066586940945E-01    -4.48983934995352E-01
         5.97563269106637     1.31312121901711E-02     1.06376827476728E-02     7.10008437176348E-01     6.90916424895068E-01
         3.08191027511841    -9.07739768895670E-02     7.18273987087124E-02     3.78665897473595E-01    -4.73822396122835E-01
 1 0 4 6 6 4 4 2 1
         9.78337990819075     8.91563859098250E-01     4.20492586467600E-01    -1.05500184052396E-01    -6.37580026009099E-03    -1.27727899356303E-01    -2.85396905660188E-02    -1.53857744271598E-02     1.06253051057092E-01    -1.15431250361608E-01    -2.24073346383234E-02     3.39725575429827E-02     1.01895475255016E-01     3.78215008137413E-02    -4.46426713878059E-02    -6.35534933198293E-02     3.84866238399188E-02    -6.11006722560778E-02
         4.33269446539561    -4.29731410091877E-01     7.82174610574314E-01    -3.34369761244485E-01    -2.72432075009675E-01    -1.25354633131214E-01    -4.23985492338584E-02     7.30865995598478E-02    -1.69780800664228E-01     9.20852072943818E-03     3.68926930660954E-02     9.84874476080405E-01    -1.38014851189017E-01    -4.74208272594507E-02     1.83642605819759E-02     4.69010615356294E-02    -6.41463169582076E-02    -1.95982450216892E-02
         1.89618722201134    -1.08607609504601E-01     3.85249243565499E-01     8.24406939689850E-01     3.51646048346057E-01    -1.90711290748148E-01     1.07175344599850E-02     9.91627029311956E-01     8.56131566559374E-02    -7.28575131920513E-02     2.31284362812144E-02     7.90619312155555E-02     7.33791834593761E-01    -6.62746105231222E-01     4.37386186866967E-02     6.43881756150717E-01    -4.40208755319482E-01     7.22168984314687E-01
         0.75937665037877    -8.64870311670285E-02     5.72642042507304E-02    -4.40832017733930E-01     8.81987013108728E-01    -1.10544464050763E-01     6.91864630354049E-02    -7.17104623334244E-02     9.75883878241501E-01     2.82742999161818E-02    -5.63192675837824E-03     1.32325112586378E-01     6.30921978952516E-01     7.45720946790107E-01     7.09504044527997E-02     7.55448939940310E-01     4.62184592162924E-01     6.65787803325587E-01
         0.29257745973674     3.21350778484430E-02     2.43787785919905E-01     5.55589531759151E-02     1.28047138769592E-01     9.55294229503361E-01     8.63997700254051E-02     6.90556986584205E-02    -6.16188331121305E-03     9.83715665542611E-01     1.12973648641345E-01    -3.38233190166359E-02    -5.85726486891373E-02    -1.98834428606854E-02     9.93139085193975E-01    -8.21528343028837E-02     7.63814987833132E-01     1.70005500533451E-01
         0.10605356801669     1.16840788925550E-02     1.61310253462363E-02    -3.26472144512038E-04    -8.82496986965603E-02    -8.24248737035741E-02     9.92482391084379E-01    -3.44438923863824E-02     1.29554489179424E-02    -1.13078139742878E-01     9.92374501940459E-01    -6.29554636350571E-02     1.75001307873770E-01     2.43581082505283E-02    -6.63137740448836E-02    -4.15371998214924E-02    -5.99362050420123E-02     4.66830318968192E-02
