NI DZVP-MOLOPT-PBE-GTH-Q18
 1
 2 0 3 6 3 2 2 1
        11.45702991280237    -1.33797020964160E-01     8.59956903831042E-02    -7.70532199250764E-02    -1.23036237737215E-01    -2.11707144030738E-02     1.05793684196847E-01     6.33252927425311E-02    -8.81392053324386E-02
         6.29136750311048    -3.21016547047051E-01    -1.89247081856302E-02    -1.26233942649201E-02     2.21986683025133E-01     1.85496821790001E-02     3.38173937949761E-01    -3.38076836535840E-01     1.05641008136935E-01
         2.40613969245749     7.97853201708753E-01    -7.22202848397338E-02     6.14153113044294E-03     8.48034868268765E-01     3.80764625757591E-02     5.05162668517460E-01    -4.15600147361563E-01    -3.70384848193550E-02
         0.83696716259001     4.65470744639992E-01     2.68208491598053E-02    -3.48857031851090E-01     4.62787688437703E-01     8.75832905459297E-03     5.09171792761971E-01    -2.42805239451299E-01     3.55016052214877E-01
         0.27954968702125     1.08546869111340E-01    -4.81827998708124E-01     8.08591431015581E-01    -1.89569543571480E-02     7.44125463410566E-01     5.28952427762404E-01     4.92218978620612E-01     6.74626272040785E-01
         0.08333163609933     1.18454908368601E-01     8.68419972608047E-01     4.67273369483010E-01    -4.34631829867333E-02     6.66302093285486E-01     2.83214012774347E-01     6.38542535929062E-01     6.31302308143714E-01

########################################################################################################
S DZVP-MOLOPT-PBE-GTH-Q6
 1
 2 0 2 4 2 2 1
 1.90928473004308  3.13525266390759E-01 -1.51675736920755E-01  2.14054427784196E-01  1.45259453005035E-01  7.24574522157166E-02
 1.19506924590343 -7.14378794138229E-02 -1.22108655812001E-01 -3.46925058611244E-01 -1.90735670677686E-01  3.77729399511775E-01
 0.37255650459583 -7.35868321394835E-01  5.84868049787620E-01 -8.25555992336665E-01 -3.16083367485666E-01  9.06091042409042E-01
 0.11964558871342 -5.95899614269892E-01 -7.87409240067043E-01 -3.90231994037637E-01  9.17938396649107E-01  1.76265258145152E-01
CL DZVP-MOLOPT-PBE-GTH-Q7
 1
 2 0 2 4 2 2 1
 1.99824811943664  4.80178625121655E-01  2.13595239647007E-01  3.37297835177395E-01  1.93550474567217E-01  9.49286028054555E-02
 1.50363082119869 -3.59931830134513E-01  5.82028670667737E-02 -4.88390621275333E-01 -2.19767298436887E-01  2.80669438798039E-01
 0.40650884550636 -5.66727788276184E-01 -6.12160145305852E-01 -6.58014497305072E-01 -3.61134655335744E-01  9.44637929647980E-01
 0.12853799110242 -5.64532709085914E-01  7.59110964460706E-01 -4.63380721190784E-01  8.85337398423952E-01  1.40969529915426E-01

##################################################################################
C DZVP-MOLOPT-PBE-GTH-Q4
 1
 2 0 2 5 2 2 1
         5.26168129831067    -1.61180329987319E-01     9.95867208365845E-02    -9.87196463656004E-02     8.04180361628404E-02    -7.94810431764520E-02
         1.93765185829818    -1.80818549742989E-01     2.07627108755464E-01    -2.33418997562279E-01     3.08840032955768E-01     2.69065919998737E-01
         0.75874037796781     4.91719768047513E-01    -4.16765369564797E-01    -5.45204647452669E-01     4.47360294645044E-01     5.09115674523642E-01
         0.29195902016920     8.01363369134776E-01     6.04318650540443E-02    -6.71299816524379E-01     5.57121483533108E-02     7.95876444290429E-01
         0.09607356854063     2.39486896539835E-01     8.77284494996048E-01    -4.33449480019086E-01    -8.33616036796648E-01     1.69316891799892E-01

O DZVP-MOLOPT-PBE-GTH-Q6
 1
 2 0 2 5 2 2 1
        10.34256722623639    -1.36612866576817E-01     5.36780510727691E-02    -9.23817206645146E-02     5.83443637080248E-02    -9.48473896502772E-02
         3.67715896642206    -1.53385468202307E-01     9.10278370989297E-02    -2.98264530995839E-01     1.75046650342809E-01     1.72754284852763E-01
         1.30046451996361     5.48080652961239E-01    -2.61157543615482E-01    -5.68590641449654E-01     3.64872626600995E-01     4.96868401181124E-01
         0.46645021946921     7.84467551986126E-01    -4.09115659592461E-02    -6.49258120291653E-01     1.42983044083434E-01     8.41501659783491E-01
         0.14793951916337     2.05007513424509E-01     9.58621708960114E-01    -3.97079920076698E-01    -9.01320376386329E-01    -7.84645029990108E-02

F DZVP-MOLOPT-PBE-GTH-Q7
 1
 2 0 2 5 2 2 1
        13.30428004732790     1.38300641201995E-01    -4.13429187269840E-02    -9.35306094799813E-02     5.06566246623838E-02    -3.27607844899301E-02
         4.80605774544240     1.37253664661734E-01    -3.39425431978004E-02    -2.95918398172795E-01     1.05639317967558E-01     1.33212173705781E-01
         1.70698523266130    -5.18315587577063E-01     1.04830293747595E-01    -5.65287543674134E-01     3.02725510725546E-01     2.66499630071583E-01
         0.58735472443375    -8.26234910698634E-01     4.59821538585407E-02    -6.52514099592094E-01     2.40459771924833E-01     9.50816701157307E-01
         0.17874874061685    -1.03533512436824E-01    -9.91985341560913E-01    -3.97944304537121E-01    -9.14773526135829E-01     7.81459899689756E-02

