NI DZVP-MOLOPT-PBE-GTH-Q18
 1
 2 0 3 6 3 2 2 1
        11.73669475001206    -1.35971797889358E-01     5.35104776328571E-02    -3.10976542726894E-02    -1.16246153450049E-01    -3.15428429830679E-02     8.72264314688087E-02    -2.27080993345816E-02    -5.70404200879970E-02
         6.03381109729921    -3.04403950302093E-01     4.34641787277732E-02    -1.13205372327987E-02     2.38604646967505E-01     3.06611507275364E-02     3.63031102235337E-01    -3.04161976055606E-01     6.26352364873358E-02
         2.29436668814689     8.30400535246415E-01    -9.89008048056319E-02    -7.55182134743395E-02     8.67092131457264E-01    -4.44877137289346E-02     4.76682252268735E-01    -5.02392066098909E-01     4.15457404927206E-03
         0.76967963004694     3.92751750824703E-01     6.94822823429904E-02    -3.36463951232298E-01     4.21503532702941E-01     5.26525374888731E-02     5.34128895335634E-01    -1.81353133833514E-01     4.32643802011483E-01
         0.23328055211468     1.41756529525045E-01    -4.50728482250142E-01     8.26815734872411E-01     6.30141742570458E-03     9.17232013456630E-01     5.55801103738812E-01     6.46862687234126E-01     8.15215260578975E-01
         0.05675177430974     1.57911382879225E-01     8.81749495315259E-01     4.43136018461245E-01    -9.76665678050022E-04     3.89870401551670E-01     1.97902640420168E-01     4.50834505312579E-01     3.75565409271185E-01
CL DZVP-MOLOPT-PBE-GTH-Q7
 1
 2 0 2 4 2 2 1
         1.99824811943664     4.80178625121655E-01     2.13595239646983E-01     3.37297835177395E-01     1.93550474567217E-01     9.49286028054555E-02
         1.50363082119869    -3.59931830134513E-01     5.82028670667577E-02    -4.88390621275333E-01    -2.19767298436887E-01     2.80669438798039E-01
         0.40650884550636    -5.66727788276184E-01    -6.12160145305862E-01    -6.58014497305072E-01    -3.61134655335744E-01     9.44637929647980E-01
         0.12853799110242    -5.64532709085914E-01     7.59110964460706E-01    -4.63380721190784E-01     8.85337398423951E-01     1.40969529915426E-01
S DZVP-MOLOPT-PBE-GTH-Q6
 1
 2 0 2 4 2 2 1
         1.90928473004308     3.13525266390759E-01    -1.51675736920755E-01     2.14054427784196E-01     1.45259453005035E-01     7.24574522157166E-02
         1.19506924590343    -7.14378794138230E-02    -1.22108655812001E-01    -3.46925058611244E-01    -1.90735670677686E-01     3.77729399511775E-01
         0.37255650459583    -7.35868321394836E-01     5.84868049787620E-01    -8.25555992336665E-01    -3.16083367485665E-01     9.06091042409042E-01
         0.11964558871342    -5.95899614269893E-01    -7.87409240067043E-01    -3.90231994037637E-01     9.17938396649107E-01     1.76265258145152E-01
C DZVP-MOLOPT-PBE-GTH-Q4
 1
 2 0 2 5 2 2 1
         5.26168129831067    -1.61180329987319E-01     9.95867208365846E-02    -9.87196463656005E-02     8.04180361628404E-02    -7.94810431764520E-02
         1.93765185829818    -1.80818549742989E-01     2.07627108755464E-01    -2.33418997562279E-01     3.08840032955768E-01     2.69065919998737E-01
         0.75874037796781     4.91719768047513E-01    -4.16765369564797E-01    -5.45204647452669E-01     4.47360294645044E-01     5.09115674523642E-01
         0.29195902016920     8.01363369134776E-01     6.04318650540439E-02    -6.71299816524380E-01     5.57121483533110E-02     7.95876444290429E-01
         0.09607356854063     2.39486896539835E-01     8.77284494996048E-01    -4.33449480019086E-01    -8.33616036796648E-01     1.69316891799892E-01
O DZVP-MOLOPT-PBE-GTH-Q6
 1
 2 0 2 5 2 2 1
        10.34256722623639    -1.36612866576817E-01     5.36780510727692E-02    -9.23817206645146E-02     5.83443637080248E-02    -9.48473896502772E-02
         3.67715896642206    -1.53385468202307E-01     9.10278370989298E-02    -2.98264530995839E-01     1.75046650342809E-01     1.72754284852763E-01
         1.30046451996361     5.48080652961239E-01    -2.61157543615482E-01    -5.68590641449654E-01     3.64872626600995E-01     4.96868401181124E-01
         0.46645021946921     7.84467551986126E-01    -4.09115659592465E-02    -6.49258120291653E-01     1.42983044083434E-01     8.41501659783491E-01
         0.14793951916337     2.05007513424509E-01     9.58621708960114E-01    -3.97079920076698E-01    -9.01320376386329E-01    -7.84645029990108E-02
F DZVP-MOLOPT-PBE-GTH-Q7
 1
 2 0 2 5 2 2 1
        13.30428004732790     1.38300641201995E-01    -4.13429187269840E-02    -9.35306094799813E-02     5.06566246623838E-02    -3.27607844899301E-02
         4.80605774544240     1.37253664661734E-01    -3.39425431978004E-02    -2.95918398172795E-01     1.05639317967558E-01     1.33212173705781E-01
         1.70698523266130    -5.18315587577063E-01     1.04830293747595E-01    -5.65287543674134E-01     3.02725510725546E-01     2.66499630071583E-01
         0.58735472443375    -8.26234910698634E-01     4.59821538585404E-02    -6.52514099592094E-01     2.40459771924833E-01     9.50816701157307E-01
         0.17874874061685    -1.03533512436824E-01    -9.91985341560913E-01    -3.97944304537121E-01    -9.14773526135829E-01     7.81459899689756E-02
