AU DZVP-MOLOPT-PBE-GTH-Q11
 1
 2 0 2 6 2 2 2
         6.33051865572909    -3.93037400161293E-02    -4.58369560153701E-02    -6.09400301750655E-03     3.20901146312970E-02    -1.91551058827038E-03     4.03435223577205E-03
         1.52792119276838    -8.47794028590961E-02    -1.65497274987409E-01     1.80489023959715E-01    -1.43696715737422E-01     2.48972512293893E-01    -2.76079856791555E-01
         0.67284518713306    -9.24682742887515E-01    -1.42869595798215E-01    -5.57313165900133E-01     5.14052715948531E-01     3.12600160802962E-01    -2.84333493581020E-01
         0.25627409963109     2.88787783501939E-01    -4.51628487065103E-01     6.99526161590353E-01     4.88015558744605E-01     2.25099386379931E-01    -2.86362236896425E-02
         0.06841721888224     2.07853520215399E-01     2.98395531390054E-01     3.54861151503813E-01     2.80802832622406E-01    -5.93744874975180E-01     5.45406063585509E-01
         0.06973540151564     9.81224954417986E-02    -8.10610708385459E-01     2.03777630950302E-01    -6.30128452991604E-01     6.61125894288904E-01     7.37990713763365E-01
CL DZVP-MOLOPT-PBE-GTH-Q7
 1
 2 0 2 6 2 2 1
         4.57703419411000     7.21135895027093E-02    -2.86501981275496E-02    -3.14143973154492E-02     1.30694510236074E-02     1.19732552345940E-02
         2.68500636732200    -4.02645997746755E-01     1.23776421983935E-01    -6.56162917839586E-02     6.51556057114691E-02     1.63404119437687E-01
         1.10786927011100    -1.54955239654872E-02     2.07706261063177E-01     2.80893214967083E-01    -1.35106639225920E-01     4.40407303332841E-01
         0.51501206505600     7.28207730231242E-01    -3.61247152892113E-01     6.93576634219807E-01    -5.25786127195440E-01     7.86982626145725E-01
         0.22510542096200     5.46475888696782E-01     5.01150354064931E-01     6.21699779496769E-01     3.94212190244509E-01     3.99814165446584E-01
         0.08968481344500     5.92733004742787E-02     7.47706820733367E-01     2.19653081738634E-01     7.38563355469819E-01    -2.03010689533438E-03
