AU DZVP-MOLOPT-PBE-GTH-Q11
 1
 2 0 2 6 2 2 2
         6.60694323008066    -1.92388752030537E-03     1.25279687537106E-03    -3.77087670762705E-03     1.28519122021064E-02    -1.02503244043511E-03     4.43279759869835E-03
         1.70942824283342     3.20066023767406E-01     4.67900208386854E-02     2.84109567073371E-02    -4.27530819521259E-01     1.57414397521764E-01    -1.72864412190529E-01
         1.18686018436770    -5.38131639502382E-01    -8.59795351862722E-02    -9.42921711499121E-02     4.22935548993216E-01     4.18378796965747E-01    -1.55729157847692E-01
         0.52048607715318    -3.27597144708687E-01    -9.86331438911009E-02     2.16642756344280E-01     5.13246641193796E-01     4.40039039877367E-01    -4.07470011057818E-01
         0.19302869931304     5.06115154308090E-01     5.91274529960646E-01     7.10526441915968E-01     3.70778837429217E-01    -4.41478777200618E-01     4.70581029779139E-01
         0.05882264344725     4.94465306175695E-01    -7.94407060092640E-01     6.62197610951181E-01    -4.87112602103417E-01     6.41592527758937E-01     7.47240496225992E-01
CL DZVP-MOLOPT-PBE-GTH-Q7
 1
 2 0 2 6 2 2 1
         4.57703419411000     7.21135895027093E-02    -2.86501981275422E-02    -3.14143973154492E-02     1.30694510236074E-02     1.19732552345940E-02
         2.68500636732200    -4.02645997746755E-01     1.23776421983936E-01    -6.56162917839586E-02     6.51556057114691E-02     1.63404119437687E-01
         1.10786927011100    -1.54955239654872E-02     2.07706261063177E-01     2.80893214967083E-01    -1.35106639225920E-01     4.40407303332841E-01
         0.51501206505600     7.28207730231242E-01    -3.61247152892113E-01     6.93576634219807E-01    -5.25786127195440E-01     7.86982626145725E-01
         0.22510542096200     5.46475888696782E-01     5.01150354064931E-01     6.21699779496769E-01     3.94212190244509E-01     3.99814165446584E-01
         0.08968481344500     5.92733004742787E-02     7.47706820733367E-01     2.19653081738634E-01     7.38563355469819E-01    -2.03010689533438E-03
