SC TZV2P-MOLOPT-PBE-GTH-Q11
 1
 2 0 3 6 4 3 3 2
         7.68617053468943     8.06930183293552E-03    -2.62951516575970E-04    -5.72827528962816E-03     7.73771492523287E-02    -1.27751553534965E-01     3.62892038278951E-02     1.31492444515884E-02     7.89318488556833E-02    -2.65687554159233E-02     4.60141729168331E-02     3.90229330021353E-03     1.15083326387595E-03
         3.41166750466188     4.32428743503191E-01     7.45801572865523E-02    -2.37178571728918E-01     5.10321771137725E-01     8.49556349410204E-02    -3.17062163358727E-02    -2.32050318218028E-02     2.76937681684459E-01    -8.88026931882877E-02     1.93775190547760E-01    -1.63868040320223E-02    -7.71390547312593E-03
         1.38844133752688    -4.75038713109880E-01     3.11859431297560E-02     3.42441231893845E-01    -4.01826700435277E-01     6.56837025444604E-01    -2.42507939356112E-01     2.78844199440825E-01     4.76654608336185E-01    -1.48062549247170E-01     4.06089828758515E-01    -8.22888525622259E-02    -1.80829585816978E-01
         0.53810669356660    -2.87392584435197E-01     3.54410272839069E-01     5.97818351346859E-01     6.44535555919368E-01     6.24779690005724E-01    -2.94570324713192E-01    -1.47807646300879E-01     6.70737613813119E-01    -2.95227273814604E-01     7.08273493354344E-02    -6.12669841727760E-01    -6.27422879933814E-01
         0.18489466702874    -4.54734749778551E-01    -7.85950296349761E-01    -1.62690555086824E-01     3.84072919418368E-01     3.00145103158436E-01     5.25971961035273E-01    -7.65097947935381E-01     4.88836649065298E-01     5.54382645431792E-01    -6.50088827875924E-01    -7.71028622173001E-01     3.90074888557601E-01
         0.05098319348379    -5.45802435834236E-01     5.00140638341437E-01    -6.65276270997491E-01     9.58210791992007E-02     2.54146529924411E-01     7.58583897063157E-01     5.60635858705783E-01     3.20226794355580E-02     7.58278579196742E-01     6.06459334873215E-01    -1.51971439197939E-01     6.49170195858332E-01
SC TZVP-MOLOPT-PBE-GTH-q11
 1
 2 0 3 6 4 3 3 1
         7.68617053468943     8.06930183293552E-03    -2.62951516575970E-04    -5.72827528962816E-03     7.73771492523287E-02    -1.27751553534965E-01     3.62892038278951E-02     1.31492444515884E-02     7.89318488556833E-02    -2.65687554159233E-02     4.60141729168331E-02     3.90229330021353E-03
         3.41166750466188     4.32428743503191E-01     7.45801572865523E-02    -2.37178571728918E-01     5.10321771137725E-01     8.49556349410204E-02    -3.17062163358727E-02    -2.32050318218028E-02     2.76937681684459E-01    -8.88026931882877E-02     1.93775190547760E-01    -1.63868040320223E-02
         1.38844133752688    -4.75038713109880E-01     3.11859431297560E-02     3.42441231893845E-01    -4.01826700435277E-01     6.56837025444604E-01    -2.42507939356112E-01     2.78844199440825E-01     4.76654608336185E-01    -1.48062549247170E-01     4.06089828758515E-01    -8.22888525622259E-02
         0.53810669356660    -2.87392584435197E-01     3.54410272839069E-01     5.97818351346859E-01     6.44535555919368E-01     6.24779690005724E-01    -2.94570324713192E-01    -1.47807646300879E-01     6.70737613813119E-01    -2.95227273814604E-01     7.08273493354344E-02    -6.12669841727760E-01
         0.18489466702874    -4.54734749778551E-01    -7.85950296349761E-01    -1.62690555086824E-01     3.84072919418368E-01     3.00145103158436E-01     5.25971961035273E-01    -7.65097947935381E-01     4.88836649065298E-01     5.54382645431792E-01    -6.50088827875924E-01    -7.71028622173001E-01
         0.05098319348379    -5.45802435834236E-01     5.00140638341437E-01    -6.65276270997491E-01     9.58210791992007E-02     2.54146529924411E-01     7.58583897063157E-01     5.60635858705783E-01     3.20226794355580E-02     7.58278579196742E-01     6.06459334873215E-01    -1.51971439197939E-01
SC DZVP-MOLOPT-PBE-GTH-q11
 1
 2 0 3 6 3 2 2 1
         7.68617053468943     8.06930183293552E-03    -2.62951516575970E-04    -5.72827528962816E-03    -1.27751553534965E-01     3.62892038278951E-02     7.89318488556833E-02    -2.65687554159233E-02     3.90229330021353E-03
         3.41166750466188     4.32428743503191E-01     7.45801572865523E-02    -2.37178571728918E-01     8.49556349410204E-02    -3.17062163358727E-02     2.76937681684459E-01    -8.88026931882877E-02    -1.63868040320223E-02
         1.38844133752688    -4.75038713109880E-01     3.11859431297560E-02     3.42441231893845E-01     6.56837025444604E-01    -2.42507939356112E-01     4.76654608336185E-01    -1.48062549247170E-01    -8.22888525622259E-02
         0.53810669356660    -2.87392584435197E-01     3.54410272839069E-01     5.97818351346859E-01     6.24779690005724E-01    -2.94570324713192E-01     6.70737613813119E-01    -2.95227273814604E-01    -6.12669841727760E-01
         0.18489466702874    -4.54734749778551E-01    -7.85950296349761E-01    -1.62690555086824E-01     3.00145103158436E-01     5.25971961035273E-01     4.88836649065298E-01     5.54382645431792E-01    -7.71028622173001E-01
         0.05098319348379    -5.45802435834236E-01     5.00140638341437E-01    -6.65276270997491E-01     2.54146529924411E-01     7.58583897063157E-01     3.20226794355580E-02     7.58278579196742E-01    -1.51971439197939E-01
CL TZV2P-MOLOPT-PBE-GTH-Q7
 1
 2 0 3 4 3 3 2 1
         1.99824811943664     4.33846894941631E-01     3.07041170622732E-01     1.75957585523759E-02     3.45339975324402E-01     1.79965250304009E-01    -3.72667358036020E-01     9.05635141754461E-02    -2.17425270215822E-01    -1.43769165568981E-01
         1.50363082119869    -3.38194302379175E-01    -3.89997660747775E-02    -9.17322433894228E-01    -4.97369383451272E-01    -2.01781984518266E-01    -8.34831128966391E-01     2.85556761650639E-01     9.18680132432251E-01     4.08136672326571E-01
         0.40650884550636    -5.13548002397481E-01    -6.29188376955880E-01     3.25113335470044E-01    -6.70835040884209E-01    -3.34082727506389E-01     4.03493031418158E-01     9.41536415237722E-01    -2.84903780503556E-01     9.00979681734397E-01
         0.12853799110242    -6.58536206158268E-01     7.12970352884578E-01     2.29153356193791E-01    -4.28187278851352E-01     9.02931487206409E-01     3.70054044720497E-02     1.54158245180379E-01     1.66081010355251E-01     3.14721596903698E-02
CL TZVP-MOLOPT-PBE-GTH-q7
 1
 2 0 2 4 3 3 1
         1.99824811943664     4.33846894941631E-01     3.07041170622732E-01     1.75957585523759E-02     3.45339975324402E-01     1.79965250304009E-01    -3.72667358036020E-01     9.05635141754461E-02
         1.50363082119869    -3.38194302379175E-01    -3.89997660747775E-02    -9.17322433894228E-01    -4.97369383451272E-01    -2.01781984518266E-01    -8.34831128966391E-01     2.85556761650639E-01
         0.40650884550636    -5.13548002397481E-01    -6.29188376955880E-01     3.25113335470044E-01    -6.70835040884209E-01    -3.34082727506389E-01     4.03493031418158E-01     9.41536415237722E-01
         0.12853799110242    -6.58536206158268E-01     7.12970352884578E-01     2.29153356193791E-01    -4.28187278851352E-01     9.02931487206409E-01     3.70054044720497E-02     1.54158245180379E-01
CL DZVP-MOLOPT-PBE-GTH-q7
 1
 2 0 2 4 2 2 1
         1.99824811943664     4.33846894941631E-01     3.07041170622732E-01     3.45339975324402E-01     1.79965250304009E-01     9.05635141754461E-02
         1.50363082119869    -3.38194302379175E-01    -3.89997660747775E-02    -4.97369383451272E-01    -2.01781984518266E-01     2.85556761650639E-01
         0.40650884550636    -5.13548002397481E-01    -6.29188376955880E-01    -6.70835040884209E-01    -3.34082727506389E-01     9.41536415237722E-01
         0.12853799110242    -6.58536206158268E-01     7.12970352884578E-01    -4.28187278851352E-01     9.02931487206409E-01     1.54158245180379E-01
O TZV2P-MOLOPT-PBE-GTH-Q6
 1
 2 0 3 5 3 3 2 1
        10.34256722623639    -1.36598767253985E-01     5.35898017733314E-02    -1.18707008771107E-01    -9.23673397522993E-02     5.82948619873808E-02     9.18414097966573E-02    -9.48396929864874E-02     1.47739306049945E-01    -6.27421636348332E-05
         3.67715896642206    -1.53365311059511E-01     9.09944842814309E-02    -2.82507973527509E-01    -2.98268574244154E-01     1.75273022378177E-01     2.27281538167357E-01     1.72695668110757E-01    -2.69128753144972E-01     1.08668748395417E-04
         1.30046451996361     5.48021970885945E-01    -2.61169567089594E-01     6.98682645593308E-01    -5.68604037326135E-01     3.64979965319240E-01     5.95584075165259E-01     4.96837623369842E-01    -7.73936715688092E-01     3.17226823696088E-04
         0.46645021946921     7.84538402757388E-01    -4.08365744734643E-02    -6.15550727563364E-01    -6.49207117094457E-01     1.42847181972710E-01    -7.45101990481658E-01     8.41535542399250E-01     5.40201745515093E-01     9.99999938769363E-01
         0.14793951916337     2.04917720496501E-01     9.58629734771334E-01     1.97579739611495E-01    -3.97144432185278E-01    -9.01257668045223E-01     1.73236517641798E-01    -7.84343402663362E-02     1.22257293978271E-01     7.79931889816245E-05
O TZVP-MOLOPT-PBE-GTH-q6
 1
 2 0 2 5 3 3 1
        10.34256722623639    -1.36598767253985E-01     5.35898017733314E-02    -1.18707008771107E-01    -9.23673397522993E-02     5.82948619873808E-02     9.18414097966573E-02    -9.48396929864874E-02
         3.67715896642206    -1.53365311059511E-01     9.09944842814309E-02    -2.82507973527509E-01    -2.98268574244154E-01     1.75273022378177E-01     2.27281538167357E-01     1.72695668110757E-01
         1.30046451996361     5.48021970885945E-01    -2.61169567089594E-01     6.98682645593308E-01    -5.68604037326135E-01     3.64979965319240E-01     5.95584075165259E-01     4.96837623369842E-01
         0.46645021946921     7.84538402757388E-01    -4.08365744734643E-02    -6.15550727563364E-01    -6.49207117094457E-01     1.42847181972710E-01    -7.45101990481658E-01     8.41535542399250E-01
         0.14793951916337     2.04917720496501E-01     9.58629734771334E-01     1.97579739611495E-01    -3.97144432185278E-01    -9.01257668045223E-01     1.73236517641798E-01    -7.84343402663362E-02
O DZVP-MOLOPT-PBE-GTH-q6
 1
 2 0 2 5 2 2 1
        10.34256722623639    -1.36598767253985E-01     5.35898017733314E-02    -9.23673397522993E-02     5.82948619873808E-02    -9.48396929864874E-02
         3.67715896642206    -1.53365311059511E-01     9.09944842814309E-02    -2.98268574244154E-01     1.75273022378177E-01     1.72695668110757E-01
         1.30046451996361     5.48021970885945E-01    -2.61169567089594E-01    -5.68604037326135E-01     3.64979965319240E-01     4.96837623369842E-01
         0.46645021946921     7.84538402757388E-01    -4.08365744734643E-02    -6.49207117094457E-01     1.42847181972710E-01     8.41535542399250E-01
         0.14793951916337     2.04917720496501E-01     9.58629734771334E-01    -3.97144432185278E-01    -9.01257668045223E-01    -7.84343402663362E-02
H TZV2P-MOLOPT-PBE-GTH-Q1
 1
 2 0 2 5 3 2 1
         9.42354063693337     1.73389254674243E-02    -1.21441381781897E-01     8.48842952201243E-01    -8.76722314909129E-02     1.38509912982294E-01     1.01583846424117E-05
         2.22615949373757     1.93701953472634E-01    -1.18295700700916E-01     4.34966851840939E-01     2.94035801652179E-01    -4.64264354132394E-01    -5.41805899933135E-06
         0.63906011750762     5.93968178416321E-01    -1.91886640436410E-01     8.47731161618519E-02     4.09268475073086E-01    -6.46177309023364E-01    -2.13029117448260E-05
         0.31891311049636     2.87977189530933E-01     9.48793640784133E-01     1.29845157344792E-01     1.56986057354678E-01    -2.47870371773730E-01     1.00804100896023E-05
         0.16139156624546     7.25568643357183E-01    -1.85008817130971E-01    -2.57338753762772E-01     8.44814311123899E-01     5.35059601902204E-01     9.99999999656012E-01
H TZVP-MOLOPT-PBE-GTH-q1
 1
 2 0 1 5 3 1
         9.42354063693337     1.73389254674243E-02    -1.21441381781897E-01     8.48842952201243E-01    -8.76722314909129E-02
         2.22615949373757     1.93701953472634E-01    -1.18295700700916E-01     4.34966851840939E-01     2.94035801652179E-01
         0.63906011750762     5.93968178416321E-01    -1.91886640436410E-01     8.47731161618519E-02     4.09268475073086E-01
         0.31891311049636     2.87977189530933E-01     9.48793640784133E-01     1.29845157344792E-01     1.56986057354678E-01
         0.16139156624546     7.25568643357183E-01    -1.85008817130971E-01    -2.57338753762772E-01     8.44814311123899E-01
H DZVP-MOLOPT-PBE-GTH-q1
 1
 2 0 1 5 2 1
         9.42354063693337     1.73389254674243E-02    -1.21441381781897E-01    -8.76722314909129E-02
         2.22615949373757     1.93701953472634E-01    -1.18295700700916E-01     2.94035801652179E-01
         0.63906011750762     5.93968178416321E-01    -1.91886640436410E-01     4.09268475073086E-01
         0.31891311049636     2.87977189530933E-01     9.48793640784133E-01     1.56986057354678E-01
         0.16139156624546     7.25568643357183E-01    -1.85008817130971E-01     8.44814311123899E-01
F TZV2P-MOLOPT-PBE-GTH-Q7
 1
 2 0 3 5 3 3 2 1
        13.30428004732790     1.38292090777636E-01    -4.13851185732434E-02    -3.68601172475513E-01    -9.35531482386367E-02     5.06296345689289E-02     1.31156005847365E-01    -3.26022751966033E-02     1.00541308351024E-01     9.72064409635608E-05
         4.80605774544240     1.37268979809070E-01    -3.39565337061055E-02    -2.68712697428403E-01    -2.95910126104609E-01     1.05677150923709E-01    -3.03933997040743E-01     1.33191225710905E-01    -4.08920622745241E-01     5.04092340544058E-06
         1.70698523266130    -5.18264453672791E-01     1.04861752881122E-01     6.94838249064691E-01    -5.65276724858415E-01     3.02716360438154E-01     7.47866109869779E-01     2.66499643835383E-01    -8.18034852203344E-01     5.83002400834836E-05
         0.58735472443375    -8.26267224974586E-01     4.59440905301858E-02    -5.51244775686392E-01    -6.52493507471700E-01     2.40526134346493E-01    -5.71224059806739E-01     9.50822081343244E-01     3.09737546860849E-01     9.99999990598423E-01
         0.17874874061685    -1.03522721189923E-01    -9.91981541717081E-01     7.24959778581021E-02    -3.97994287350983E-01    -9.14756231842929E-01     6.94376178966045E-02     7.81824693351836E-02    -2.39910404638869E-01    -7.70047573235798E-05
F TZVP-MOLOPT-PBE-GTH-q7
 1
 2 0 2 5 3 3 1
        13.30428004732790     1.38292090777636E-01    -4.13851185732434E-02    -3.68601172475513E-01    -9.35531482386367E-02     5.06296345689289E-02     1.31156005847365E-01    -3.26022751966033E-02
         4.80605774544240     1.37268979809070E-01    -3.39565337061055E-02    -2.68712697428403E-01    -2.95910126104609E-01     1.05677150923709E-01    -3.03933997040743E-01     1.33191225710905E-01
         1.70698523266130    -5.18264453672791E-01     1.04861752881122E-01     6.94838249064691E-01    -5.65276724858415E-01     3.02716360438154E-01     7.47866109869779E-01     2.66499643835383E-01
         0.58735472443375    -8.26267224974586E-01     4.59440905301858E-02    -5.51244775686392E-01    -6.52493507471700E-01     2.40526134346493E-01    -5.71224059806739E-01     9.50822081343244E-01
         0.17874874061685    -1.03522721189923E-01    -9.91981541717081E-01     7.24959778581021E-02    -3.97994287350983E-01    -9.14756231842929E-01     6.94376178966045E-02     7.81824693351836E-02
F DZVP-MOLOPT-PBE-GTH-q7
 1
 2 0 2 5 2 2 1
        13.30428004732790     1.38292090777636E-01    -4.13851185732434E-02    -9.35531482386367E-02     5.06296345689289E-02    -3.26022751966033E-02
         4.80605774544240     1.37268979809070E-01    -3.39565337061055E-02    -2.95910126104609E-01     1.05677150923709E-01     1.33191225710905E-01
         1.70698523266130    -5.18264453672791E-01     1.04861752881122E-01    -5.65276724858415E-01     3.02716360438154E-01     2.66499643835383E-01
         0.58735472443375    -8.26267224974586E-01     4.59440905301858E-02    -6.52493507471700E-01     2.40526134346493E-01     9.50822081343244E-01
         0.17874874061685    -1.03522721189923E-01    -9.91981541717081E-01    -3.97994287350983E-01    -9.14756231842929E-01     7.81824693351836E-02
