SC DZVP-MOLOPT-PBE-GTH-Q11
 1
 2 0 3 6 3 2 2 1
         7.68617053468943     8.34170095709998E-03     3.33346641681636E-03    -4.08651325803378E-03    -1.27690888373597E-01     3.60980915799218E-02     8.06837362465608E-02    -2.37676389499209E-02     4.20989733740317E-03
         3.41166750466188     4.39409296980595E-01     2.07302353281628E-01    -1.15096210595031E-01     8.44022165823086E-02    -3.29021004521890E-02     2.79634502999435E-01    -6.44291831010246E-02    -1.78181839721101E-02
         1.38844133752688    -5.16578142000553E-01    -1.64111902180199E-01     2.32881569887995E-01     6.63726188808656E-01    -2.26317454027712E-01     4.85366459279472E-01    -1.23996000131304E-01    -6.27851838294690E-02
         0.53810669356660    -4.31643136854000E-01     1.13016140750720E-01     6.10775748476410E-01     6.18757548599498E-01    -3.08660912691350E-01     6.88590206052906E-01    -2.74326056908379E-01    -5.93092744734551E-01
         0.18489466702874    -2.64149407151468E-01    -7.41527561045611E-01    -4.67764122122771E-01     3.05318655068205E-01     5.44329595797770E-01     4.53334454090219E-01     6.04342177694357E-01    -7.64383789599686E-01
         0.05098319348379    -5.32828492169652E-01     6.06173353116009E-01    -5.83654048431392E-01     2.44864174738514E-01     7.44868123688828E-01    -6.74392369488304E-03     7.34455388989598E-01    -2.44297417334495E-01
H DZVP-MOLOPT-PBE-GTH-Q1
 1
 2 0 1 5 2 1
         9.42354063693337     1.73378201014863E-02    -1.21445159969598E-01    -8.76671027046430E-02
         2.22615949373757     1.93709872716504E-01    -1.18321991639862E-01     2.94039390163616E-01
         0.63906011750762     5.93969954529689E-01    -1.91879319676876E-01     4.09265411017209E-01
         0.31891311049636     2.87972643705189E-01     9.48793006176853E-01     1.56988630151590E-01
         0.16139156624546     7.25566905805197E-01    -1.85000371687637E-01     8.44814600657224E-01
F DZVP-MOLOPT-PBE-GTH-Q7
 1
 2 0 2 5 2 2 1
        13.30428004732790     1.38300641201995E-01    -4.13429187269840E-02    -9.35306094799813E-02     5.06566246623838E-02    -3.27607844899301E-02
         4.80605774544240     1.37253664661734E-01    -3.39425431978004E-02    -2.95918398172795E-01     1.05639317967558E-01     1.33212173705781E-01
         1.70698523266130    -5.18315587577063E-01     1.04830293747595E-01    -5.65287543674134E-01     3.02725510725546E-01     2.66499630071583E-01
         0.58735472443375    -8.26234910698634E-01     4.59821538585404E-02    -6.52514099592094E-01     2.40459771924833E-01     9.50816701157307E-01
         0.17874874061685    -1.03533512436824E-01    -9.91985341560913E-01    -3.97944304537121E-01    -9.14773526135829E-01     7.81459899689756E-02
CL DZVP-MOLOPT-PBE-GTH-Q7
 1
 2 0 2 4 2 2 1
         1.99824811943664     4.80178625121655E-01     2.13595239646808E-01     3.37297835177395E-01     1.93550474567217E-01     9.49286028054555E-02
         1.50363082119869    -3.59931830134513E-01     5.82028670666379E-02    -4.88390621275333E-01    -2.19767298436887E-01     2.80669438798039E-01
         0.40650884550636    -5.66727788276184E-01    -6.12160145305935E-01    -6.58014497305072E-01    -3.61134655335744E-01     9.44637929647980E-01
         0.12853799110242    -5.64532709085914E-01     7.59110964460706E-01    -4.63380721190784E-01     8.85337398423951E-01     1.40969529915426E-01
O DZVP-MOLOPT-PBE-GTH-Q6
 1
 2 0 2 5 2 2 1
        10.34256722623639    -1.36612866576817E-01     5.36780510727693E-02    -9.23817206645146E-02     5.83443637080248E-02    -9.48473896502772E-02
         3.67715896642206    -1.53385468202307E-01     9.10278370989298E-02    -2.98264530995839E-01     1.75046650342809E-01     1.72754284852763E-01
         1.30046451996361     5.48080652961239E-01    -2.61157543615482E-01    -5.68590641449654E-01     3.64872626600995E-01     4.96868401181124E-01
         0.46645021946921     7.84467551986126E-01    -4.09115659592467E-02    -6.49258120291653E-01     1.42983044083434E-01     8.41501659783491E-01
         0.14793951916337     2.05007513424509E-01     9.58621708960114E-01    -3.97079920076698E-01    -9.01320376386329E-01    -7.84645029990108E-02
