CA TZV2P-MOLOPT-PBE-GTH-Q10
 1
 2 0 2 6 4 3 2
         9.79125362187315    -1.12653695586957E-02     2.04493070683206E-02     3.62283554436808E-02   0.00 -1.16640759376851E-02     3.67824927022638E-03   0.00   -4.41712357192736E-03 0.00 
         3.44709760414526     2.50106849655313E-02    -3.41646205085456E-01    -3.92894849861940E-01   0.00 -1.43568943195200E-01     6.54104754360021E-03   0.00    7.86595435200679E-02 0.00 
         1.83871973182204    -6.00570664610287E-02     1.48494332355729E-01     2.11270177365045E-01   0.00  4.54746492615182E-01    -9.68787718661686E-02   0.00    3.02123613577423E-01 0.50 
         0.68597627400877     6.35024941691174E-01     6.68573250391774E-01     1.54167179120866E-01   0.00  7.60119755850584E-01    -3.10498057250159E-01   0.00    4.30391610400422E-01 0.50 
         0.24723511439051    -6.65947142162043E-01     2.73614303251942E-01     5.23201671557000E-01   0.50  3.76036197708303E-01     1.77305733239769E-01   0.50    7.21352099907305E-01 0.00 
         0.05478691422624     3.85873597348517E-01    -5.82197691137547E-01     7.08645572293956E-01   0.50  2.30807864067181E-01     9.28822815258769E-01   0.50    4.43766489279822E-01 0.00 

######################################################################################################################################
CL TZV2P-MOLOPT-PBE-GTH-Q7
 1
 2 0 3 4 3 3 2 1
         1.99824811943664     4.33846894941631E-01     3.07041170622732E-01     1.75957585523757E-02     3.45339975324402E-01     1.79965250304009E-01    -3.72667358036020E-01     9.05635141754461E-02    -2.17425270215822E-01    -1.43769165568981E-01
         1.50363082119869    -3.38194302379175E-01    -3.89997660747777E-02    -9.17322433894228E-01    -4.97369383451272E-01    -2.01781984518266E-01    -8.34831128966391E-01     2.85556761650639E-01     9.18680132432250E-01     4.08136672326571E-01
         0.40650884550636    -5.13548002397481E-01    -6.29188376955880E-01     3.25113335470044E-01    -6.70835040884209E-01    -3.34082727506389E-01     4.03493031418157E-01     9.41536415237722E-01    -2.84903780503556E-01     9.00979681734397E-01
         0.12853799110242    -6.58536206158268E-01     7.12970352884578E-01     2.29153356193791E-01    -4.28187278851352E-01     9.02931487206409E-01     3.70054044720501E-02     1.54158245180379E-01     1.66081010355251E-01     3.14721596903698E-02

##########################################################################################################################
H TZV2P-MOLOPT-PBE-GTH-Q1
 1
 2 0 2 5 3 2 1
         9.42354063693337     1.73389254674243E-02    -1.21441381781897E-01     8.48842952201243E-01    -8.76722314909129E-02     1.38509912982294E-01     1.01583846424117E-05
         2.22615949373757     1.93701953472634E-01    -1.18295700700916E-01     4.34966851840939E-01     2.94035801652179E-01    -4.64264354132394E-01    -5.41805899933135E-06
         0.63906011750762     5.93968178416321E-01    -1.91886640436410E-01     8.47731161618520E-02     4.09268475073086E-01    -6.46177309023364E-01    -2.13029117448260E-05
         0.31891311049636     2.87977189530933E-01     9.48793640784133E-01     1.29845157344792E-01     1.56986057354678E-01    -2.47870371773730E-01     1.00804100896023E-05
         0.16139156624546     7.25568643357183E-01    -1.85008817130971E-01    -2.57338753762772E-01     8.44814311123899E-01     5.35059601902204E-01     9.99999999656012E-01

F TZV2P-MOLOPT-PBE-GTH-Q7
 1
 2 0 3 5 3 3 2 1
        13.30428004732790     1.38292090777636E-01    -4.13851185732434E-02    -3.68601172475513E-01    -9.35531482386367E-02     5.06296345689289E-02     1.31156005847365E-01    -3.26022751966033E-02     1.00541308351024E-01     9.72064409635608E-05
         4.80605774544240     1.37268979809070E-01    -3.39565337061055E-02    -2.68712697428403E-01    -2.95910126104609E-01     1.05677150923709E-01    -3.03933997040743E-01     1.33191225710905E-01    -4.08920622745241E-01     5.04092340544058E-06
         1.70698523266130    -5.18264453672791E-01     1.04861752881122E-01     6.94838249064691E-01    -5.65276724858415E-01     3.02716360438154E-01     7.47866109869779E-01     2.66499643835383E-01    -8.18034852203344E-01     5.83002400834836E-05
         0.58735472443375    -8.26267224974586E-01     4.59440905301857E-02    -5.51244775686392E-01    -6.52493507471700E-01     2.40526134346493E-01    -5.71224059806739E-01     9.50822081343244E-01     3.09737546860849E-01     9.99999990598423E-01
         0.17874874061685    -1.03522721189923E-01    -9.91981541717081E-01     7.24959778581022E-02    -3.97994287350983E-01    -9.14756231842929E-01     6.94376178966044E-02     7.81824693351836E-02    -2.39910404638869E-01    -7.70047573235798E-05
