CA DZVP-MOLOPT-PBE-GTH-Q10
 1
 2 0 2 6 3 2 1
         9.79125362187315    -1.12653695586957E-02     2.04493070683206E-02     3.62283554436808E-02    -1.16640759376851E-02     3.67824927022638E-03    -4.41712357192736E-03
         3.44709760414526     2.50106849655313E-02    -3.41646205085456E-01    -3.92894849861940E-01    -1.43568943195200E-01     6.54104754360021E-03     7.86595435200679E-02
         1.83871973182204    -6.00570664610287E-02     1.48494332355729E-01     2.11270177365045E-01     4.54746492615182E-01    -9.68787718661686E-02     3.02123613577423E-01
         0.68597627400877     6.35024941691174E-01     6.68573250391774E-01     1.54167179120866E-01     7.60119755850584E-01    -3.10498057250159E-01     4.30391610400422E-01
         0.24723511439051    -6.65947142162043E-01     2.73614303251942E-01     5.23201671557000E-01     3.76036197708303E-01     1.77305733239769E-01     7.21352099907305E-01
         0.05478691422624     3.85873597348517E-01    -5.82197691137547E-01     7.08645572293956E-01     2.30807864067181E-01     9.28822815258769E-01     4.43766489279822E-01
H DZVP-MOLOPT-PBE-GTH-Q1
 1
 2 0 1 5 2 1
         9.42354063693337     1.73378201014863E-02    -1.21445159969598E-01    -8.76671027046430E-02
         2.22615949373757     1.93709872716504E-01    -1.18321991639862E-01     2.94039390163616E-01
         0.63906011750762     5.93969954529689E-01    -1.91879319676876E-01     4.09265411017209E-01
         0.31891311049636     2.87972643705189E-01     9.48793006176853E-01     1.56988630151590E-01
         0.16139156624546     7.25566905805197E-01    -1.85000371687637E-01     8.44814600657224E-01
F DZVP-MOLOPT-PBE-GTH-Q7
 1
 2 0 2 5 2 2 1
        13.30428004732790     1.38300641201995E-01    -4.13429187269840E-02    -9.35306094799813E-02     5.06566246623838E-02    -3.27607844899301E-02
         4.80605774544240     1.37253664661734E-01    -3.39425431978004E-02    -2.95918398172795E-01     1.05639317967558E-01     1.33212173705781E-01
         1.70698523266130    -5.18315587577063E-01     1.04830293747595E-01    -5.65287543674134E-01     3.02725510725546E-01     2.66499630071583E-01
         0.58735472443375    -8.26234910698634E-01     4.59821538585404E-02    -6.52514099592094E-01     2.40459771924833E-01     9.50816701157307E-01
         0.17874874061685    -1.03533512436824E-01    -9.91985341560913E-01    -3.97944304537121E-01    -9.14773526135829E-01     7.81459899689756E-02
CL DZVP-MOLOPT-PBE-GTH-Q7
 1
 2 0 2 4 2 2 1
         1.99824811943664     4.80178625121655E-01     2.13595239647007E-01     3.37297835177395E-01     1.93550474567217E-01     9.49286028054555E-02
         1.50363082119869    -3.59931830134513E-01     5.82028670667737E-02    -4.88390621275333E-01    -2.19767298436887E-01     2.80669438798039E-01
         0.40650884550636    -5.66727788276184E-01    -6.12160145305852E-01    -6.58014497305072E-01    -3.61134655335744E-01     9.44637929647980E-01
         0.12853799110242    -5.64532709085914E-01     7.59110964460706E-01    -4.63380721190784E-01     8.85337398423951E-01     1.40969529915426E-01
