CA TZV2P-MOLOPT-PBE-GTH-Q10
 1
 2 0 2 6 4 3 2
         4.58553607334990    -3.18744280275524E-01     2.58685911486201E-01    -1.27314954437831E-01     2.33211220678738E-01     2.10176263734485E-01     1.44555516732446E-01    -3.07141106475854E-02    -2.35053376656597E-01    -3.32094529604122E-01
         3.94481725430262     5.75084655321393E-01    -4.05151148649329E-01     1.59347995311181E-01     6.61927492188598E-01    -1.84399013354621E-01    -1.49167525093027E-01    -3.06309435069303E-02     2.86059924585535E-01     4.74630720515961E-01
         1.19602056583277    -3.20084928615604E-01     1.55829830151759E-01    -1.38913496466621E-02     3.13053032202091E-01    -5.56159499295361E-01    -3.57646761334962E-01    -3.07493423398564E-01     5.86982296871489E-02     3.08314193875628E-01
         0.47231367069055    -5.43594514766355E-01    -3.71811110208669E-02     5.01078265876995E-01     4.58535549242326E-01    -5.10333308175485E-01    -4.06625306311823E-01     1.15973992603055E-01     2.54692170117193E-01     4.10792317759847E-01
         0.16954707770420     1.53254838453592E-02     2.34807105191796E-01    -7.60906566216316E-01     4.37468640474211E-01    -3.33502836969605E-01     2.52565712849635E-01     8.69997966602136E-01    -1.12177596001961E-01     5.51492419414923E-01
         0.04844813918037     4.11698305242436E-01     8.29538665956120E-01     3.57977538578042E-01     8.84797114948249E-02    -4.90759947102326E-01     7.74472702621610E-01    -3.64992814205279E-01    -8.84320209503469E-01     3.10623636257297E-01
CA TZVP-MOLOPT-PBE-GTH-q10
 1
 2 0 2 6 4 2 1
         4.58553607334990    -3.18744280275524E-01     2.58685911486201E-01    -1.27314954437831E-01     2.33211220678738E-01     2.10176263734485E-01     1.44555516732446E-01    -3.32094529604122E-01
         3.94481725430262     5.75084655321393E-01    -4.05151148649329E-01     1.59347995311181E-01     6.61927492188598E-01    -1.84399013354621E-01    -1.49167525093027E-01     4.74630720515961E-01
         1.19602056583277    -3.20084928615604E-01     1.55829830151759E-01    -1.38913496466621E-02     3.13053032202091E-01    -5.56159499295361E-01    -3.57646761334962E-01     3.08314193875628E-01
         0.47231367069055    -5.43594514766355E-01    -3.71811110208669E-02     5.01078265876995E-01     4.58535549242326E-01    -5.10333308175485E-01    -4.06625306311823E-01     4.10792317759847E-01
         0.16954707770420     1.53254838453592E-02     2.34807105191796E-01    -7.60906566216316E-01     4.37468640474211E-01    -3.33502836969605E-01     2.52565712849635E-01     5.51492419414923E-01
         0.04844813918037     4.11698305242436E-01     8.29538665956120E-01     3.57977538578042E-01     8.84797114948249E-02    -4.90759947102326E-01     7.74472702621610E-01     3.10623636257297E-01
CA DZVP-MOLOPT-PBE-GTH-q10
 1
 2 0 2 6 3 2 1
         4.58553607334990    -3.18744280275524E-01     2.58685911486201E-01    -1.27314954437831E-01     2.10176263734485E-01     1.44555516732446E-01    -3.32094529604122E-01
         3.94481725430262     5.75084655321393E-01    -4.05151148649329E-01     1.59347995311181E-01    -1.84399013354621E-01    -1.49167525093027E-01     4.74630720515961E-01
         1.19602056583277    -3.20084928615604E-01     1.55829830151759E-01    -1.38913496466621E-02    -5.56159499295361E-01    -3.57646761334962E-01     3.08314193875628E-01
         0.47231367069055    -5.43594514766355E-01    -3.71811110208669E-02     5.01078265876995E-01    -5.10333308175485E-01    -4.06625306311823E-01     4.10792317759847E-01
         0.16954707770420     1.53254838453592E-02     2.34807105191796E-01    -7.60906566216316E-01    -3.33502836969605E-01     2.52565712849635E-01     5.51492419414923E-01
         0.04844813918037     4.11698305242436E-01     8.29538665956120E-01     3.57977538578042E-01    -4.90759947102326E-01     7.74472702621610E-01     3.10623636257297E-01
CL TZV2P-MOLOPT-PBE-GTH-Q7
 1
 2 0 3 4 3 3 2 1
         1.99824811943664     4.33846894941631E-01     3.07041170622732E-01     1.75957585523759E-02     3.45339975324402E-01     1.79965250304009E-01    -3.72667358036020E-01     9.05635141754461E-02    -2.17425270215822E-01    -1.43769165568981E-01
         1.50363082119869    -3.38194302379175E-01    -3.89997660747777E-02    -9.17322433894228E-01    -4.97369383451272E-01    -2.01781984518266E-01    -8.34831128966391E-01     2.85556761650639E-01     9.18680132432251E-01     4.08136672326571E-01
         0.40650884550636    -5.13548002397481E-01    -6.29188376955880E-01     3.25113335470044E-01    -6.70835040884209E-01    -3.34082727506389E-01     4.03493031418158E-01     9.41536415237722E-01    -2.84903780503556E-01     9.00979681734397E-01
         0.12853799110242    -6.58536206158268E-01     7.12970352884578E-01     2.29153356193791E-01    -4.28187278851352E-01     9.02931487206409E-01     3.70054044720497E-02     1.54158245180379E-01     1.66081010355251E-01     3.14721596903698E-02
CL TZVP-MOLOPT-PBE-GTH-q7
 1
 2 0 2 4 3 3 1
         1.99824811943664     4.33846894941631E-01     3.07041170622732E-01     1.75957585523759E-02     3.45339975324402E-01     1.79965250304009E-01    -3.72667358036020E-01     9.05635141754461E-02
         1.50363082119869    -3.38194302379175E-01    -3.89997660747777E-02    -9.17322433894228E-01    -4.97369383451272E-01    -2.01781984518266E-01    -8.34831128966391E-01     2.85556761650639E-01
         0.40650884550636    -5.13548002397481E-01    -6.29188376955880E-01     3.25113335470044E-01    -6.70835040884209E-01    -3.34082727506389E-01     4.03493031418158E-01     9.41536415237722E-01
         0.12853799110242    -6.58536206158268E-01     7.12970352884578E-01     2.29153356193791E-01    -4.28187278851352E-01     9.02931487206409E-01     3.70054044720497E-02     1.54158245180379E-01
CL DZVP-MOLOPT-PBE-GTH-q7
 1
 2 0 2 4 2 2 1
         1.99824811943664     4.33846894941631E-01     3.07041170622732E-01     3.45339975324402E-01     1.79965250304009E-01     9.05635141754461E-02
         1.50363082119869    -3.38194302379175E-01    -3.89997660747777E-02    -4.97369383451272E-01    -2.01781984518266E-01     2.85556761650639E-01
         0.40650884550636    -5.13548002397481E-01    -6.29188376955880E-01    -6.70835040884209E-01    -3.34082727506389E-01     9.41536415237722E-01
         0.12853799110242    -6.58536206158268E-01     7.12970352884578E-01    -4.28187278851352E-01     9.02931487206409E-01     1.54158245180379E-01
H TZV2P-MOLOPT-PBE-GTH-Q1
 1
 2 0 2 5 3 2 1
         9.42354063693337     1.73389254674243E-02    -1.21441381781897E-01     8.48842952201243E-01    -8.76722314909129E-02     1.38509912982294E-01     1.01583846424117E-05
         2.22615949373757     1.93701953472634E-01    -1.18295700700916E-01     4.34966851840939E-01     2.94035801652179E-01    -4.64264354132394E-01    -5.41805899933135E-06
         0.63906011750762     5.93968178416321E-01    -1.91886640436410E-01     8.47731161618519E-02     4.09268475073086E-01    -6.46177309023364E-01    -2.13029117448260E-05
         0.31891311049636     2.87977189530933E-01     9.48793640784133E-01     1.29845157344792E-01     1.56986057354678E-01    -2.47870371773730E-01     1.00804100896023E-05
         0.16139156624546     7.25568643357183E-01    -1.85008817130971E-01    -2.57338753762772E-01     8.44814311123899E-01     5.35059601902204E-01     9.99999999656012E-01
H TZVP-MOLOPT-PBE-GTH-q1
 1
 2 0 1 5 3 1
         9.42354063693337     1.73389254674243E-02    -1.21441381781897E-01     8.48842952201243E-01    -8.76722314909129E-02
         2.22615949373757     1.93701953472634E-01    -1.18295700700916E-01     4.34966851840939E-01     2.94035801652179E-01
         0.63906011750762     5.93968178416321E-01    -1.91886640436410E-01     8.47731161618519E-02     4.09268475073086E-01
         0.31891311049636     2.87977189530933E-01     9.48793640784133E-01     1.29845157344792E-01     1.56986057354678E-01
         0.16139156624546     7.25568643357183E-01    -1.85008817130971E-01    -2.57338753762772E-01     8.44814311123899E-01
H DZVP-MOLOPT-PBE-GTH-q1
 1
 2 0 1 5 2 1
         9.42354063693337     1.73389254674243E-02    -1.21441381781897E-01    -8.76722314909129E-02
         2.22615949373757     1.93701953472634E-01    -1.18295700700916E-01     2.94035801652179E-01
         0.63906011750762     5.93968178416321E-01    -1.91886640436410E-01     4.09268475073086E-01
         0.31891311049636     2.87977189530933E-01     9.48793640784133E-01     1.56986057354678E-01
         0.16139156624546     7.25568643357183E-01    -1.85008817130971E-01     8.44814311123899E-01
F TZV2P-MOLOPT-PBE-GTH-Q7
 1
 2 0 3 5 3 3 2 1
        13.30428004732790     1.38292090777636E-01    -4.13851185732434E-02    -3.68601172475513E-01    -9.35531482386367E-02     5.06296345689289E-02     1.31156005847365E-01    -3.26022751966033E-02     1.00541308351024E-01     9.72064409635608E-05
         4.80605774544240     1.37268979809070E-01    -3.39565337061055E-02    -2.68712697428403E-01    -2.95910126104609E-01     1.05677150923709E-01    -3.03933997040743E-01     1.33191225710905E-01    -4.08920622745241E-01     5.04092340544058E-06
         1.70698523266130    -5.18264453672791E-01     1.04861752881122E-01     6.94838249064691E-01    -5.65276724858415E-01     3.02716360438154E-01     7.47866109869779E-01     2.66499643835383E-01    -8.18034852203344E-01     5.83002400834836E-05
         0.58735472443375    -8.26267224974586E-01     4.59440905301858E-02    -5.51244775686392E-01    -6.52493507471700E-01     2.40526134346493E-01    -5.71224059806739E-01     9.50822081343244E-01     3.09737546860849E-01     9.99999990598423E-01
         0.17874874061685    -1.03522721189923E-01    -9.91981541717081E-01     7.24959778581021E-02    -3.97994287350983E-01    -9.14756231842929E-01     6.94376178966044E-02     7.81824693351836E-02    -2.39910404638869E-01    -7.70047573235798E-05
F TZVP-MOLOPT-PBE-GTH-q7
 1
 2 0 2 5 3 3 1
        13.30428004732790     1.38292090777636E-01    -4.13851185732434E-02    -3.68601172475513E-01    -9.35531482386367E-02     5.06296345689289E-02     1.31156005847365E-01    -3.26022751966033E-02
         4.80605774544240     1.37268979809070E-01    -3.39565337061055E-02    -2.68712697428403E-01    -2.95910126104609E-01     1.05677150923709E-01    -3.03933997040743E-01     1.33191225710905E-01
         1.70698523266130    -5.18264453672791E-01     1.04861752881122E-01     6.94838249064691E-01    -5.65276724858415E-01     3.02716360438154E-01     7.47866109869779E-01     2.66499643835383E-01
         0.58735472443375    -8.26267224974586E-01     4.59440905301858E-02    -5.51244775686392E-01    -6.52493507471700E-01     2.40526134346493E-01    -5.71224059806739E-01     9.50822081343244E-01
         0.17874874061685    -1.03522721189923E-01    -9.91981541717081E-01     7.24959778581021E-02    -3.97994287350983E-01    -9.14756231842929E-01     6.94376178966044E-02     7.81824693351836E-02
F DZVP-MOLOPT-PBE-GTH-q7
 1
 2 0 2 5 2 2 1
        13.30428004732790     1.38292090777636E-01    -4.13851185732434E-02    -9.35531482386367E-02     5.06296345689289E-02    -3.26022751966033E-02
         4.80605774544240     1.37268979809070E-01    -3.39565337061055E-02    -2.95910126104609E-01     1.05677150923709E-01     1.33191225710905E-01
         1.70698523266130    -5.18264453672791E-01     1.04861752881122E-01    -5.65276724858415E-01     3.02716360438154E-01     2.66499643835383E-01
         0.58735472443375    -8.26267224974586E-01     4.59440905301858E-02    -6.52493507471700E-01     2.40526134346493E-01     9.50822081343244E-01
         0.17874874061685    -1.03522721189923E-01    -9.91981541717081E-01    -3.97994287350983E-01    -9.14756231842929E-01     7.81824693351836E-02
