Nb admm-dz
    7
1 0 0 2 1
        1.81024428    4.26934026  
        1.62324038   -4.31397126 
1 0 0 1 1
        0.49419990    1.00000000
1 0 0 1 1
        0.06485798    1.00000000
2 1 1 2 1
        2.99197407   -0.12604152 
        1.01669894    0.70641316
2 1 1 1 1
        0.37503067    1.00000000
2 2 2 2 1
        1.14899722   -0.36066869 
        0.39240988   -0.51874667
2 2 2 1 1
        0.11726940    1.00000000

Nb admm-dzp
    8
1 0 0 2 1
        1.81024428    4.26934026  
        1.62324038   -4.31397126 
1 0 0 1 1
        0.49419990    1.00000000
1 0 0 1 1
        0.06485798    1.00000000
2 1 1 2 1
        2.99197407   -0.12604152 
        1.01669894    0.70641316  
2 1 1 1 1
        0.37503067    1.00000000
2 2 2 2 1
        1.14899722   -0.36066869 
        0.39240988   -0.51874667 
2 2 2 1 1
        0.11726940    1.00000000
3 3 3 1 1
      0.4690000       1.0000000

Nb admm-tzp
   11
1 0 0 2 1
        3.94221759    1.02764825 
        3.53285280   -1.48805172
1 0 0 1 1
        0.82731310    1.00000000
1 0 0 1 1
        0.36809419    1.00000000
1 0 0 1 1
        0.06382294    1.00000000
2 1 1 2 1
        4.90477625    0.23281461 
        4.40192657   -0.32940084
2 1 1 1 1
        0.96573188    1.00000000
2 1 1 1 1
        0.36128119    1.00000000
2 2 2 2 1
        1.20689507   -0.31521853 
        0.47339609   -0.43692566
2 2 2 1 1
        0.18099265    1.00000000
2 2 2 1 1
        0.06525854    1.00000000
3 3 3 1 1
      0.4690000       1.0000000

Nb admm-tz2p
   13
1 0 0 2 1
        3.94221759    1.02764825 
        3.53285280   -1.48805172  
1 0 0 1 1
        0.82731310    1.00000000
1 0 0 1 1
        0.36809419    1.00000000
1 0 0 1 1
        0.06382294    1.00000000
2 1 1 2 1
        4.90477625    0.23281461 
        4.40192657   -0.32940084  
2 1 1 1 1
        0.96573188    1.00000000
2 1 1 1 1
        0.36128119    1.00000000
2 2 2 2 1
        1.20689507   -0.31521853 
        0.47339609   -0.43692566 
2 2 2 1 1
        0.18099265    1.00000000
2 2 2 1 1
        0.06525854    1.00000000
3 3 3 1 1
      0.9895000       1.0000000
3 3 3 1 1
      0.2652000       1.0000000
4 4 4 1 1
      0.5906000       1.0000000
