
PT SVP-MOLOPT-PBE-Q18
 1
 1 0 3 7 6 3 2 1
        16.64755431747028    -5.28616492532735E-01    -3.25388477359287E-01    -1.82479035409811E-01     1.48773478900506E-01     4.17018512493768E-01     2.16436321638477E-01    -5.14095030050249E-02    -2.96155591503878E-01     3.34594987921659E-01     2.83949882923132E-02    -2.17857413891040E-01    -7.05996820481217E-03
        13.56384930855936     6.90141534154150E-01     8.82274404424864E-02    -1.23703472431478E-01     2.56783579426258E-01     6.06813779523785E-01    -1.64755097946981E-01     8.20506595978974E-02     3.95840319892391E-01    -4.27754320833829E-01    -3.39632725659775E-02     2.87604114397303E-01     1.36497626822340E-02
         4.62015272773856    -3.12366946580361E-01     7.96357257303660E-01     2.03168014530209E-01    -2.42476355914018E-01     2.47320014500881E-01    -2.54999138464676E-01    -1.90654568854804E-01    -2.92767853368408E-01     5.81902576775888E-02    -1.10705586255934E-01    -1.58013827259215E-01    -2.08949018374056E-02
         2.23476517321156     3.18860591520944E-01    -4.38170171890160E-02     4.56289328468192E-01    -1.10231538355677E-01    -4.19103083528249E-01     9.74072860674514E-02     2.40894575878243E-01     4.35023261754067E-01    -2.27803800481283E-01     2.80265539043616E-01     1.33810025838900E-01    -1.85336790455267E-02
         0.91653360364370    -1.92411851815805E-01    -9.05816705541433E-02     6.51558968545997E-01     6.69761527536311E-01     7.35917562584215E-02    -2.23664447479207E-01     8.81666745553066E-01     9.55294021154789E-03     4.00403105788898E-01     7.45792145588254E-01    -3.41362417858648E-01     4.43536151340421E-01
         0.32043442994176     8.54875215866764E-02    -6.46534238426122E-03     4.57584494850456E-01    -2.91291711059334E-01     3.90033821836896E-01     6.96730783132087E-01    -2.12784054767471E-01     1.57755743003546E-01     5.47009979706065E-01     5.82707267186814E-01     2.20294056213354E-01     8.95608356320640E-01
         0.09546506496391    -2.63371116582742E-02    -4.91921340873413E-01     2.60785351816255E-01    -5.54573264220005E-01     2.52023578770019E-01    -5.62173253676572E-01    -2.71352329583026E-01     6.75030309999557E-01     4.36175644024250E-01     1.07154271493735E-01     8.13566688382154E-01    -1.20457954771476E-02


PT TZVPP-MOLOPT-PBE-Q18
 2
 1 0 1 5 2 1
        29.93082979762177     5.16579993422888E-01     5.16156410736595E-02    -8.73857062320192E-02
        26.88540837407967    -5.84405748358461E-01    -3.93686838695534E-02     1.05281024194409E-01
        14.29682665930563     5.90884043326208E-01     3.48961601744255E-02    -6.31490191373651E-05
         6.22921844418639    -1.83398944718448E-01     7.30978107510387E-01    -1.11958411235975E-01
         1.01198399168461    -9.39995005275477E-02    -6.78409313521379E-01     9.84248421109541E-01
 1 0 4 6 4 3 3 2 1
         8.17632245305749     4.59041518537255E-01     2.63254195832115E-01     3.80986836161250E-01     2.51377603414016E-01     2.51716356071720E-02     2.11823817154594E-02     3.17162574725186E-02    -6.23979336270643E-02    -7.49934828104012E-02     2.37555509843749E-01    -4.79130167319654E-02     1.36991443887488E-01     7.53876213350863E-02
         5.32062968557116    -3.32450266792572E-01    -8.70902785886894E-02    -2.16126519012817E-01    -1.22186248545689E-01    -1.94417275310676E-01    -1.22183765214474E-01    -1.32109663308440E-01    -6.39157693398968E-02     1.61343998945938E-01    -1.70852169655967E-01     1.32655983571629E-01    -2.29440865344320E-01    -1.31372512549242E-01
         1.63482202119631     7.98053418872808E-01    -3.87487108638434E-01    -1.69605023451750E-01    -2.23591981149215E-01     3.94762616705877E-01     1.26735039434036E-01     3.51235478703740E-01     5.50742324847958E-01     1.94647786586631E-01    -1.38842729150891E-01     2.80819070883577E-01     9.95868815816992E-02     2.08073293544635E-01
         0.64283434355040     1.42826613901423E-01     7.57214741678921E-01     1.09023271867684E-01     9.68399900226870E-02     6.97021630845839E-01     5.53573444756897E-01    -1.84879791414384E-01     8.11428461250098E-01    -6.05546875846063E-03    -5.68178447669809E-02     7.60768838285136E-01     4.79550006558327E-01     7.93893632542438E-01
         0.22776888792854     4.23635016150937E-02    -1.64560316365188E-01    -3.74294705333382E-01     9.04231522213949E-01     2.25123244163066E-02    -4.47008932222224E-02     9.02202795985437E-01     1.40031610634237E-01     2.14322595360395E-02     9.42857305604090E-01    -3.73407519790697E-01     8.21988237757052E-01     5.50898965244340E-01
         0.07685693728000    -1.40265238339165E-01    -4.15345626741237E-01     7.92079474687885E-01     2.11834411040737E-01    -5.65141424473151E-01     8.12477036849440E-01     1.00121586158312E-01    -1.03340041737495E-01     9.64344502896304E-01     5.37721695088500E-02     4.27837563961390E-01    -1.14192008597221E-01     2.58926837418857E-03


PT QZVPP-MOLOPT-PBE-Q18
 2
 1 0 2 6 2 1 1
        23.60314296647343     3.33800278432353E-01     1.72925507952730E-01     1.18209740586320E-01     5.88050686674915E-02
        20.88846894535915    -4.24934737696963E-01     8.74862390318926E-02    -2.70542712826431E-01    -1.20980830021974E-01
        15.65950558259051     6.34196948339295E-01     2.71555132536592E-01     2.82298534170427E-01     1.12486532701778E-01
         7.69500442337193    -1.42841632781059E-01     4.84585703936442E-02    -2.21088373815897E-01    -1.45366243670398E-01
         4.65109219411150     1.14250862166750E-02     8.67194733441233E-01    -3.90052636011577E-01    -1.85366388447767E-01
         1.37662588209076     5.34104679705584E-01    -3.66504840240305E-01     7.95059436442409E-01     9.55908123127912E-01
 1 0 4 6 5 4 3 4 2
         2.08339933659362     2.76958384592556E-01    -2.85134481935107E-01    -3.47808114405048E-01    -1.36197637245265E-01     2.47302914797483E-01     2.08593399380025E-01     3.18168535882437E-02    -1.98870382670771E-02    -1.73696780821456E-01     2.05569365495304E-01     3.33665545080122E-01    -7.83715795404480E-02     1.22658200402189E-01    -3.08151459190937E-01     4.67377005299845E-01     6.31150035824066E-01     1.28144625116311E-01    -1.60266671771824E-01
         0.72727130407157     7.49530057001858E-01     1.63622280169990E-01    -4.05410861343998E-01     2.47926044991811E-01    -3.70062239949553E-01     5.94107129717428E-01    -6.15304941813094E-01     1.94101603374782E-01    -4.16935895021745E-01     7.63541167088315E-01     3.73364813464681E-02     3.01731949901613E-01     9.06867452395191E-01     3.97942826708434E-01     7.08501263126253E-02    -8.90855740325076E-02     5.44812229460530E-01     4.35983694006693E-01
         0.32710120263741     2.21032019280305E-01     6.00339883323094E-01     5.79157385285068E-01     2.56522457519520E-01    -8.94089003041173E-03     2.87030405458974E-01     2.64537804145844E-01    -7.63456762990568E-01    -1.05960623878635E-01     5.95475743537500E-01    -1.99874231644055E-01    -5.37835905818911E-01    -3.87762199630548E-01     8.55250112084309E-01     2.04241223010555E-01     2.02142375698175E-01     3.34364475902154E-01     4.26026879701209E-01
         0.25658882685722     4.09249416156303E-01    -1.41161645619031E-01     4.10467069933565E-01    -7.82453365319121E-01    -1.47088964711076E-01     1.87379934279282E-01     6.11627689906917E-01     6.01894397323444E-01    -1.54774378267198E-01    -1.53785246307062E-02     8.85391871379860E-01    -3.08531626365255E-01     1.10649523198658E-02    -1.28580417706435E-02     7.10514402787344E-01     1.06229802304367E-02     2.41684431612003E-01    -7.33664391785920E-01
         0.11586514458675     2.87270257387973E-01    -6.57709724452698E-01     4.48428051661270E-01     4.82965897218550E-01     1.92542843248167E-01     6.96327704986156E-01     2.57989358898539E-01    -1.32088963925158E-02     4.56815391194587E-01     1.41094006607574E-01     2.51697862493407E-01     7.18624956723251E-01     1.09781748669540E-01     8.21007014806253E-02    -4.61819698069512E-01     7.42327070893353E-01     7.18316104359104E-01    -2.53796679902083E-01
         0.03241401499313     2.50268471652977E-01     2.81086124349227E-01    -9.83734675180130E-02    -9.32189993313322E-02     8.62036749423009E-01     3.39933227894326E-02    -3.31300960185861E-01     1.28885623119903E-01     7.43055061325653E-01     3.27769268512364E-03     7.28030373466981E-03    -4.39849002246493E-02     3.52146095384319E-03    -9.12445956086646E-02     1.29291791109549E-01     4.11038299382764E-02     2.38662245331842E-02     7.59708809925337E-03
