PT TZVPP-MOLOPT-PBE-Q18
 2
 1 0 1 5 2 1
        29.93082979762177     5.16579993422888E-01     5.16156410736595E-02    -8.73857062320192E-02
        26.88540837407967    -5.84405748358461E-01    -3.93686838695534E-02     1.05281024194409E-01
        14.29682665930563     5.90884043326208E-01     3.48961601744255E-02    -6.31490191373651E-05
         6.22921844418639    -1.83398944718448E-01     7.30978107510387E-01    -1.11958411235975E-01
         1.01198399168461    -9.39995005275477E-02    -6.78409313521379E-01     9.84248421109541E-01
 1 0 4 6 4 3 3 2 1
         8.17632245305749     4.59041518537255E-01     2.63254195832115E-01     3.80986836161250E-01     2.51377603414016E-01     2.51716356071720E-02     2.11823817154594E-02     3.17162574725186E-02    -6.23979336270643E-02    -7.49934828104012E-02     2.37555509843749E-01    -4.79130167319654E-02     1.36991443887488E-01     7.53876213350863E-02
         5.32062968557116    -3.32450266792572E-01    -8.70902785886894E-02    -2.16126519012817E-01    -1.22186248545689E-01    -1.94417275310676E-01    -1.22183765214474E-01    -1.32109663308440E-01    -6.39157693398968E-02     1.61343998945938E-01    -1.70852169655967E-01     1.32655983571629E-01    -2.29440865344320E-01    -1.31372512549242E-01
         1.63482202119631     7.98053418872808E-01    -3.87487108638434E-01    -1.69605023451750E-01    -2.23591981149215E-01     3.94762616705877E-01     1.26735039434036E-01     3.51235478703740E-01     5.50742324847958E-01     1.94647786586631E-01    -1.38842729150891E-01     2.80819070883577E-01     9.95868815816992E-02     2.08073293544635E-01
         0.64283434355040     1.42826613901423E-01     7.57214741678921E-01     1.09023271867684E-01     9.68399900226870E-02     6.97021630845839E-01     5.53573444756897E-01    -1.84879791414384E-01     8.11428461250098E-01    -6.05546875846063E-03    -5.68178447669809E-02     7.60768838285136E-01     4.79550006558327E-01     7.93893632542438E-01
         0.22776888792854     4.23635016150937E-02    -1.64560316365188E-01    -3.74294705333382E-01     9.04231522213949E-01     2.25123244163066E-02    -4.47008932222224E-02     9.02202795985437E-01     1.40031610634237E-01     2.14322595360395E-02     9.42857305604090E-01    -3.73407519790697E-01     8.21988237757052E-01     5.50898965244340E-01
         0.07685693728000    -1.40265238339165E-01    -4.15345626741237E-01     7.92079474687885E-01     2.11834411040737E-01    -5.65141424473151E-01     8.12477036849440E-01     1.00121586158312E-01    -1.03340041737495E-01     9.64344502896304E-01     5.37721695088500E-02     4.27837563961390E-01    -1.14192008597221E-01     2.58926837418857E-03
C TZVPP-MOLOPT-PBE-AE
 2
 1 0 0 6 1
     13575.36958405577388     4.58147950944622E-04
      2035.23751738363671     1.21337901046264E-02
       463.11111195382159     3.94772659786306E-02
       131.31855343946540     2.27675432947388E-01
        42.89959282566456     1.83999091958326E-01
        15.85510154272720     9.55302223434938E-01
 1 0 3 6 4 3 2 1
        34.41721150609357     9.02610706533540E-02     1.45960387814647E-01    -5.81350391534647E-01    -1.86791853710472E-01     2.24000414781332E-02     1.35113513652918E-02    -9.87851280080972E-02     2.98612069007889E-01    -2.24236690578969E-01     1.44118218013727E-02
         6.73967331854110     8.42948760302444E-01    -1.29849205041561E-01    -5.44525843040446E-02    -6.71931413988591E-02     1.91277633948411E-01    -1.66915456837718E-01     1.05142388826124E-01     1.25840321584798E-01    -1.04282075437448E-01    -2.31687139463439E-02
         2.44162428858657     4.59593591138479E-01    -1.00655279581068E-01    -1.37653511557023E-01    -1.93557517366443E-02     2.11051684448653E-01     1.99160136414799E-01    -1.81772636941788E-01     6.58919643733437E-01    -3.51581809254503E-01     1.16047272341388E-01
         0.80676393803573     8.72690243543751E-03     8.01077547688240E-01    -4.00910108714892E-01     7.51099749711393E-02     9.43473200180869E-01    -1.64395137159315E-01    -5.93836313870153E-02     6.64977833395214E-01     3.14836909427245E-01     7.81790432912519E-01
         0.28395954992898     1.42303776998465E-01     4.59233425841999E-01     5.88311261894914E-01    -6.15166888615124E-01     1.43785506703447E-01     9.46250030657811E-01    -5.39147063185988E-02     1.17179343018990E-01     8.44845722597378E-01     5.98727626814855E-01
         0.09709795396584     2.23019133348180E-01     3.14774025311408E-01     3.65074092396285E-01     7.59043760808618E-01     8.69042000524980E-02     9.93832585229523E-02     9.69387473501416E-01     6.99530662023376E-02     4.84439079059064E-02    -1.26954671295191E-01
O TZVPP-MOLOPT-PBE-AE
 2
 1 0 0 6 1
     27032.34110717467047     7.35264897360634E-04
      4052.43915960016602     8.66846509689763E-03
       922.34965292725667     3.34607178584762E-02
       261.27735857055188     1.68914563970243E-01
        85.30942400544160     3.28333881314405E-01
        31.08080221478707     9.28692322525900E-01
 1 0 3 6 4 3 2 1
        62.91495630413323     1.16332726109966E-01    -5.81371416541881E-02     1.11937556008261E-02     5.75105170781194E-02    -1.16673038976174E-01     1.57254063503839E-01    -3.81929188419382E-02     1.36166697203113E-01    -8.71583721921845E-02     3.21000644845466E-04
        12.30944986692977     8.69241308775708E-01    -1.42460076990705E-02    -1.06600413011436E-01    -2.47597695986788E-02     1.45932079266690E-01    -6.05243600472558E-02     1.73638156652357E-02    -3.58452443966721E-02     4.76694147153259E-02     4.38837435813283E-02
         4.39539910954103     4.65741956926282E-01    -6.40342096322616E-02    -3.00344470998385E-02    -3.98106989985229E-03     3.91422103647488E-01     5.26377359502661E-02    -3.09523103597808E-02     7.70731222820744E-01    -3.53322944888660E-01    -1.34769543790620E-01
         1.33540846189799     9.21608149605863E-03     9.33076668604289E-01    -3.27550581669708E-01    -1.21459202569881E-01     9.00080356671289E-01     4.50466786404856E-02    -1.97504472088648E-02     5.53665920222864E-01     3.94485051877056E-01     9.40647803425498E-01
         0.45443287552085     9.32917636734327E-02     2.31107250617785E-01     8.41720615852045E-01    -4.78471205438802E-01    -3.61150582409544E-02     9.80775789580233E-01    -6.12678902654526E-02     1.14853463706434E-01     8.35162106564474E-01     2.94962206933611E-01
         0.14893102365245     7.19887781862831E-02     2.61293155746377E-01     4.14519004469322E-01     8.67396456641546E-01     2.07610475621550E-02     6.99062044682833E-02     9.96563053096360E-01     2.57701109533086E-01    -1.10361865139449E-01     8.99460419695147E-02
