PO DZVP-MOLOPT-PBE-GTH-Q6
 1
 2 0 2 5 2 2 1
         1.53095741824455    -8.56669104097565E-02    -5.48217906208020E-01    -9.40483919233646E-02    -2.93935770740684E-01    -4.13131883229309E-01
         1.38187435895955     1.66229560832657E-01     7.07482419691922E-01     1.62305949725921E-01     4.05242553343227E-01     5.18127840656382E-01
         0.25777263318886    -1.25015517091964E-01    -3.88121263165525E-01    -3.14384210893654E-01    -6.95603815474213E-01    -6.50491561073514E-01
         0.10179823497645    -9.61246846714866E-01     2.12239191880323E-01    -7.39855312435926E-01     2.93752327104029E-02    -3.57228706635813E-01
         0.03336045249878    -1.59387997456472E-01     5.69400004262633E-02    -5.64436323477953E-01     5.14444033146336E-01    -1.00568225218536E-01
LI DZVP-MOLOPT-PBE-GTH-Q3
 1
 2 0 1 5 3 1
         7.13002679057289     4.55192406518897E-01     7.95670549627335E-02    -2.70911985755656E-02    -4.33560136355406E-02
         1.98345055482154     6.69094143675926E-01     2.36260965452838E-01     2.64320868175508E-02    -9.06362076474094E-03
         0.61054853394678     4.61085747485362E-01     3.02538761493955E-01     3.84777415196576E-02    -3.35245897627058E-01
         0.10464690341681     3.24274183687255E-01    -7.83136879919911E-01    -5.09320733865311E-01    -8.78694403049577E-01
         0.03818397374492     1.65405825792032E-01    -4.82718101039169E-01     8.58882567763869E-01    -3.36963560394657E-01
H DZVP-MOLOPT-PBE-GTH-Q1
 1
 2 0 1 5 2 1
         9.42354063693337     1.73378201014863E-02    -1.21445159969598E-01    -8.76671027046430E-02
         2.22615949373757     1.93709872716504E-01    -1.18321991639862E-01     2.94039390163616E-01
         0.63906011750762     5.93969954529689E-01    -1.91879319676876E-01     4.09265411017209E-01
         0.31891311049636     2.87972643705189E-01     9.48793006176853E-01     1.56988630151590E-01
         0.16139156624546     7.25566905805197E-01    -1.85000371687637E-01     8.44814600657224E-01
O DZVP-MOLOPT-PBE-GTH-Q6
 1
 2 0 2 5 2 2 1
        10.34256722623639    -1.36612866576817E-01     5.36780510727693E-02    -9.23817206645146E-02     5.83443637080248E-02    -9.48473896502772E-02
         3.67715896642206    -1.53385468202307E-01     9.10278370989298E-02    -2.98264530995839E-01     1.75046650342809E-01     1.72754284852763E-01
         1.30046451996361     5.48080652961239E-01    -2.61157543615482E-01    -5.68590641449654E-01     3.64872626600995E-01     4.96868401181124E-01
         0.46645021946921     7.84467551986126E-01    -4.09115659592467E-02    -6.49258120291653E-01     1.42983044083434E-01     8.41501659783491E-01
         0.14793951916337     2.05007513424509E-01     9.58621708960114E-01    -3.97079920076698E-01    -9.01320376386329E-01    -7.84645029990108E-02
