PO TZV2P-MOLOPT-PBE-GTH-Q6
 1
 2 0 2 5 3 3 2
         1.53095741824455    -1.25411093750227E-01    -5.36156445665451E-01     2.53530112158103E-02    -1.82319887413299E-01    -2.12615913248363E-01     2.57237959945384E-01    -4.07918844659870E-01     2.94268111824715E-01
         1.38187435895955     1.98300238941338E-01     6.97847878409069E-01    -3.92485353022563E-01     2.73334453456255E-01     3.06821803667200E-01    -3.30096137149141E-01     5.10882555805269E-01    -2.38497558601343E-01
         0.25777263318886    -8.86780793296112E-02    -4.03628760559145E-01    -6.93589673559363E-01    -4.57442916122138E-01    -6.21843205179908E-01     1.89084987128075E-01    -6.63167126897885E-01    -5.86431502527319E-01
         0.10179823497645    -9.55405451907233E-01     2.42783987459213E-01    -1.16989419926861E-01    -6.89452371547809E-01     1.45987722210122E-01    -6.92171149457075E-01    -3.44498110306764E-01     1.88411159254585E-01
         0.03336045249878    -1.55838677845160E-01     6.06989576042801E-02     5.92080495238644E-01    -4.55465850601501E-01     6.72795264076264E-01     5.56786439942999E-01    -1.18876592070540E-01     6.90742007421157E-01
PO TZVP-MOLOPT-PBE-GTH-q6
 1
 2 0 2 5 3 3 1
         1.53095741824455    -1.25411093750227E-01    -5.36156445665451E-01     2.53530112158103E-02    -1.82319887413299E-01    -2.12615913248363E-01     2.57237959945384E-01    -4.07918844659870E-01
         1.38187435895955     1.98300238941338E-01     6.97847878409069E-01    -3.92485353022563E-01     2.73334453456255E-01     3.06821803667200E-01    -3.30096137149141E-01     5.10882555805269E-01
         0.25777263318886    -8.86780793296112E-02    -4.03628760559145E-01    -6.93589673559363E-01    -4.57442916122138E-01    -6.21843205179908E-01     1.89084987128075E-01    -6.63167126897885E-01
         0.10179823497645    -9.55405451907233E-01     2.42783987459213E-01    -1.16989419926861E-01    -6.89452371547809E-01     1.45987722210122E-01    -6.92171149457075E-01    -3.44498110306764E-01
         0.03336045249878    -1.55838677845160E-01     6.06989576042801E-02     5.92080495238644E-01    -4.55465850601501E-01     6.72795264076264E-01     5.56786439942999E-01    -1.18876592070540E-01
PO DZVP-MOLOPT-PBE-GTH-q6
 1
 2 0 2 5 2 2 1
         1.53095741824455    -1.25411093750227E-01    -5.36156445665451E-01    -1.82319887413299E-01    -2.12615913248363E-01    -4.07918844659870E-01
         1.38187435895955     1.98300238941338E-01     6.97847878409069E-01     2.73334453456255E-01     3.06821803667200E-01     5.10882555805269E-01
         0.25777263318886    -8.86780793296112E-02    -4.03628760559145E-01    -4.57442916122138E-01    -6.21843205179908E-01    -6.63167126897885E-01
         0.10179823497645    -9.55405451907233E-01     2.42783987459213E-01    -6.89452371547809E-01     1.45987722210122E-01    -3.44498110306764E-01
         0.03336045249878    -1.55838677845160E-01     6.06989576042801E-02    -4.55465850601501E-01     6.72795264076264E-01    -1.18876592070540E-01
LI TZV2P-MOLOPT-PBE-GTH-Q3
 1
 2 0 2 5 4 2 1
         7.13002679057289     4.55192406518897E-01     7.95670549627335E-02    -2.70911985755656E-02    -3.03388407635803E-01    -4.33560136355406E-02    -1.07726975906649E-01    -1.10711375411734E-04
         1.98345055482154     6.69094143675926E-01     2.36260965452838E-01     2.64320868175508E-02    -4.41762535609484E-01    -9.06362076474094E-03    -2.81842157704846E-02    -1.07752772354147E-03
         0.61054853394678     4.61085747485362E-01     3.02538761493955E-01     3.84777415196576E-02     8.32961365194343E-01    -3.35245897627058E-01    -8.50150212490329E-01     9.83237423660622E-02
         0.10464690341681     3.24274183687255E-01    -7.83136879919911E-01    -5.09320733865311E-01     1.30506313040038E-01    -8.78694403049577E-01     4.35258720053057E-01     9.75591169348956E-01
         0.03818397374492     1.65405825792032E-01    -4.82718101039169E-01     8.58882567763869E-01     4.40999160357826E-02    -3.36963560394657E-01    -2.74581520616071E-01     1.96349531836632E-01
LI TZVP-MOLOPT-PBE-GTH-q3
 1
 2 0 1 5 4 1
         7.13002679057289     4.55192406518897E-01     7.95670549627335E-02    -2.70911985755656E-02    -3.03388407635803E-01    -4.33560136355406E-02
         1.98345055482154     6.69094143675926E-01     2.36260965452838E-01     2.64320868175508E-02    -4.41762535609484E-01    -9.06362076474094E-03
         0.61054853394678     4.61085747485362E-01     3.02538761493955E-01     3.84777415196576E-02     8.32961365194343E-01    -3.35245897627058E-01
         0.10464690341681     3.24274183687255E-01    -7.83136879919911E-01    -5.09320733865311E-01     1.30506313040038E-01    -8.78694403049577E-01
         0.03818397374492     1.65405825792032E-01    -4.82718101039169E-01     8.58882567763869E-01     4.40999160357826E-02    -3.36963560394657E-01
LI DZVP-MOLOPT-PBE-GTH-q3
 1
 2 0 1 5 3 1
         7.13002679057289     4.55192406518897E-01     7.95670549627335E-02    -2.70911985755656E-02    -4.33560136355406E-02
         1.98345055482154     6.69094143675926E-01     2.36260965452838E-01     2.64320868175508E-02    -9.06362076474094E-03
         0.61054853394678     4.61085747485362E-01     3.02538761493955E-01     3.84777415196576E-02    -3.35245897627058E-01
         0.10464690341681     3.24274183687255E-01    -7.83136879919911E-01    -5.09320733865311E-01    -8.78694403049577E-01
         0.03818397374492     1.65405825792032E-01    -4.82718101039169E-01     8.58882567763869E-01    -3.36963560394657E-01
H TZV2P-MOLOPT-PBE-GTH-Q1
 1
 2 0 2 5 3 2 1
         9.42354063693337     1.73389254674243E-02    -1.21441381781897E-01     8.48842952201243E-01    -8.76722314909129E-02     1.38509912982294E-01     1.01583846424117E-05
         2.22615949373757     1.93701953472634E-01    -1.18295700700916E-01     4.34966851840939E-01     2.94035801652179E-01    -4.64264354132394E-01    -5.41805899933135E-06
         0.63906011750762     5.93968178416321E-01    -1.91886640436410E-01     8.47731161618519E-02     4.09268475073086E-01    -6.46177309023364E-01    -2.13029117448260E-05
         0.31891311049636     2.87977189530933E-01     9.48793640784133E-01     1.29845157344792E-01     1.56986057354678E-01    -2.47870371773730E-01     1.00804100896023E-05
         0.16139156624546     7.25568643357183E-01    -1.85008817130971E-01    -2.57338753762772E-01     8.44814311123899E-01     5.35059601902204E-01     9.99999999656012E-01
H TZVP-MOLOPT-PBE-GTH-q1
 1
 2 0 1 5 3 1
         9.42354063693337     1.73389254674243E-02    -1.21441381781897E-01     8.48842952201243E-01    -8.76722314909129E-02
         2.22615949373757     1.93701953472634E-01    -1.18295700700916E-01     4.34966851840939E-01     2.94035801652179E-01
         0.63906011750762     5.93968178416321E-01    -1.91886640436410E-01     8.47731161618519E-02     4.09268475073086E-01
         0.31891311049636     2.87977189530933E-01     9.48793640784133E-01     1.29845157344792E-01     1.56986057354678E-01
         0.16139156624546     7.25568643357183E-01    -1.85008817130971E-01    -2.57338753762772E-01     8.44814311123899E-01
H DZVP-MOLOPT-PBE-GTH-q1
 1
 2 0 1 5 2 1
         9.42354063693337     1.73389254674243E-02    -1.21441381781897E-01    -8.76722314909129E-02
         2.22615949373757     1.93701953472634E-01    -1.18295700700916E-01     2.94035801652179E-01
         0.63906011750762     5.93968178416321E-01    -1.91886640436410E-01     4.09268475073086E-01
         0.31891311049636     2.87977189530933E-01     9.48793640784133E-01     1.56986057354678E-01
         0.16139156624546     7.25568643357183E-01    -1.85008817130971E-01     8.44814311123899E-01
O TZV2P-MOLOPT-PBE-GTH-Q6
 1
 2 0 3 5 3 3 2 1
        10.34256722623639    -1.36598767253985E-01     5.35898017733314E-02    -1.18707008771107E-01    -9.23673397522993E-02     5.82948619873808E-02     9.18414097966573E-02    -9.48396929864874E-02     1.47739306049945E-01    -6.27421636348332E-05
         3.67715896642206    -1.53365311059511E-01     9.09944842814309E-02    -2.82507973527509E-01    -2.98268574244154E-01     1.75273022378177E-01     2.27281538167357E-01     1.72695668110757E-01    -2.69128753144972E-01     1.08668748395417E-04
         1.30046451996361     5.48021970885945E-01    -2.61169567089594E-01     6.98682645593308E-01    -5.68604037326135E-01     3.64979965319240E-01     5.95584075165259E-01     4.96837623369842E-01    -7.73936715688092E-01     3.17226823696088E-04
         0.46645021946921     7.84538402757388E-01    -4.08365744734643E-02    -6.15550727563364E-01    -6.49207117094457E-01     1.42847181972710E-01    -7.45101990481658E-01     8.41535542399250E-01     5.40201745515093E-01     9.99999938769363E-01
         0.14793951916337     2.04917720496501E-01     9.58629734771334E-01     1.97579739611495E-01    -3.97144432185278E-01    -9.01257668045223E-01     1.73236517641798E-01    -7.84343402663362E-02     1.22257293978271E-01     7.79931889816245E-05
O TZVP-MOLOPT-PBE-GTH-q6
 1
 2 0 2 5 3 3 1
        10.34256722623639    -1.36598767253985E-01     5.35898017733314E-02    -1.18707008771107E-01    -9.23673397522993E-02     5.82948619873808E-02     9.18414097966573E-02    -9.48396929864874E-02
         3.67715896642206    -1.53365311059511E-01     9.09944842814309E-02    -2.82507973527509E-01    -2.98268574244154E-01     1.75273022378177E-01     2.27281538167357E-01     1.72695668110757E-01
         1.30046451996361     5.48021970885945E-01    -2.61169567089594E-01     6.98682645593308E-01    -5.68604037326135E-01     3.64979965319240E-01     5.95584075165259E-01     4.96837623369842E-01
         0.46645021946921     7.84538402757388E-01    -4.08365744734643E-02    -6.15550727563364E-01    -6.49207117094457E-01     1.42847181972710E-01    -7.45101990481658E-01     8.41535542399250E-01
         0.14793951916337     2.04917720496501E-01     9.58629734771334E-01     1.97579739611495E-01    -3.97144432185278E-01    -9.01257668045223E-01     1.73236517641798E-01    -7.84343402663362E-02
O DZVP-MOLOPT-PBE-GTH-q6
 1
 2 0 2 5 2 2 1
        10.34256722623639    -1.36598767253985E-01     5.35898017733314E-02    -9.23673397522993E-02     5.82948619873808E-02    -9.48396929864874E-02
         3.67715896642206    -1.53365311059511E-01     9.09944842814309E-02    -2.98268574244154E-01     1.75273022378177E-01     1.72695668110757E-01
         1.30046451996361     5.48021970885945E-01    -2.61169567089594E-01    -5.68604037326135E-01     3.64979965319240E-01     4.96837623369842E-01
         0.46645021946921     7.84538402757388E-01    -4.08365744734643E-02    -6.49207117094457E-01     1.42847181972710E-01     8.41535542399250E-01
         0.14793951916337     2.04917720496501E-01     9.58629734771334E-01    -3.97144432185278E-01    -9.01257668045223E-01    -7.84343402663362E-02
