#
# Generated with CP2K Atom Code
#
 Cl ccGRB-VAL-0
   1
  1  0  1  4  1  1
   2.42798544385       -0.3117498409   -0.0709168593
  0.932840269619        0.1569212177    0.3295675942
  0.358400405911        0.8111924910    0.4921924974
  0.137698655537        0.2295040855    0.3482338184

 Cl ccGRB-VAL-1
   1
  1  0  1  4  2  2
   2.42798544385       -0.3117498409    0.2751481590   -0.0709168593    0.0276048307
  0.932840269619        0.1569212177   -0.1686450417    0.3295675942   -0.2438601680
  0.358400405911        0.8111924910   -1.7548381612    0.4921924974   -1.0098637425
  0.137698655537        0.2295040855    1.8987700582    0.3482338184    1.4027674513

