CA SVP-MOLOPT-PBE-AE
 4
 1 0 0 6 1
     35138.80716151116212     2.97122233897138E-03
      5276.36601966199123     2.12185600593729E-02
      1200.54781237452130     1.08280951206506E-01
       338.73392793875371     3.61820992113358E-01
       108.87085997490978     7.56951668138722E-01
        36.27717546571434     5.32846996726776E-01
 1 0 0 8 4
        72.98864328779729    -1.39015452896556E-01     4.44168077408152E-03    -1.23097939486339E-03     2.78865356962555E-02
         8.32396309258465     7.72566322015616E-01    -8.07360767629714E-02     1.59019059955202E-02    -1.32816542739003E-01
         5.32835312043113     1.03568100336774E-01    -1.29951795381548E-01     4.15654021347402E-02     1.55548465987939E-02
         3.14740452348911     5.73421869341739E-01    -1.17577720995480E-01     1.36347732269230E-02    -6.56971867952053E-02
         0.90831323859814     7.51793470281233E-02     7.05524893531309E-01    -2.31366140734125E-01    -3.46590341220846E-01
         0.37344541962365    -3.11134463111571E-02     3.68286939582133E-01    -6.34591794981192E-02    -4.71605260063491E-01
         0.08956607976788     1.13456272268540E-01     4.92285142682709E-01     7.58145099763201E-01     4.04908580126628E-01
         0.03084101503696     1.57431521044808E-01     2.94965524795987E-01    -6.04558246609981E-01     6.85956769256567E-01
 1 1 1 5 1
       413.08259373363370     1.47501555389659E-02
        96.96732492584155     1.08195032391353E-01
        29.16191803665029     4.31136783891345E-01
         9.79367279390992     7.86619661995337E-01
         3.48894542172811     4.28283607923043E-01
 1 1 2 4 2 2
         1.71057478922552     5.18226112387488E-01     4.39766982090033E-02     5.38213669994059E-01    -4.54542931812003E-02
         0.62153308207451     7.99737799054650E-01    -2.82731122082634E-01     3.91476310209504E-01    -1.93483412302428E-01
         0.21933078819112     2.93905289660861E-01     4.83394476440700E-01     7.46292064105985E-01     1.19967763412787E-01
         0.04687141922656     7.40326273499697E-02     8.27320338664021E-01     1.09772049587638E-02     9.72679706859838E-01

CA TZVPP-MOLOPT-PBE-AE
 3
 1 0 0 8 1
    172517.31654662784422     4.37238945388310E-04
     25861.48174473772451     3.25680624158561E-03
      5885.59413186472375     1.71096527875273E-02
      1665.98188230118990     6.88611898863902E-02
       542.27858225386558     2.22517030010118E-01
       194.55357858197993     5.25310368020594E-01
        75.17295661096003     7.28950918128117E-01
        29.60548276854531     3.71645457270567E-01
 1 0 1 6 1 1
       837.01205928719378    -3.84419964684781E-03     4.94959861457128E-03
       197.94509676170037    -3.31866963511387E-02     3.85465386141921E-02
        63.08768256299149    -1.47846970578598E-01     1.77075596708318E-01
        23.15497230611802    -1.54883241032355E-02     4.86637212027887E-01
         9.26426836272873     6.86270088195582E-01     7.33366652544452E-01
         3.88323923996681     7.11209263486918E-01     4.38738504909568E-01
 1 0 2 6 4 4 3
        13.42281271978960    -2.46946917798526E-01     7.77238007511940E-02     1.08042142177138E-01    -4.69226295834840E-02    -1.06866655305494E-01     3.10604589192618E-02     2.37235602170430E-02    -4.33672857351697E-03     1.59964860597814E-01     3.90941098510316E-02    -8.85264040332037E-02
         3.94404361065455    -2.27275588458849E-01    -5.57252116414076E-02    -2.37298646049348E-01     2.79253212805694E-02     1.61608013173324E-01    -8.30493420776882E-02    -2.67406251948735E-02    -7.89970503664940E-02     2.54997204887985E-01     3.67274165012124E-01    -2.43867312763439E-01
         1.45577689524303     9.23264764443973E-01    -1.68133251750551E-01    -3.59158850390125E-02     8.47651066339156E-02     9.62718071072279E-01     3.17016937158647E-02    -1.46406540445167E-02    -1.77760959785805E-01     8.75157440699687E-01     1.18718258845074E-01    -1.51436079100551E-01
         0.55735882567338     1.63644404225703E-01     8.81015832109319E-01     3.81398250351461E-01    -1.00364690900397E-01    -1.02622598525216E-02     9.36368348330118E-01     3.36260133596254E-01    -2.50538155606865E-02    -7.40470929282852E-02     7.89777036905607E-01     1.94202475407792E-01
         0.19654150434826    -2.96411941879940E-02    -4.27897768396819E-01     7.98268022517642E-01    -3.75077731952868E-01    -1.29765073612093E-02    -3.35105151885974E-01     9.20905405860790E-01    -1.97480300215336E-01     3.47394877192882E-02     2.31879315551388E-01     7.67818688893313E-01
         0.05245718636482    -8.53645710434405E-02    -5.74414886109455E-02     3.84746456973165E-01     9.16011432120391E-01     1.88049408327390E-01    -4.52980210686789E-02     1.93313576642118E-01     9.60476724000855E-01     3.69861215705406E-01    -4.14694499966441E-01     5.31506145809040E-01

CA QZVPP-MOLOPT-PBE-AE
 4
 1 0 0 11 1
   2433075.35365915019065     1.65816830140134E-05
    364160.34114880941343     1.41878481500787E-04
     82898.59205052912876     5.66509285411529E-04
     23499.91435683210875     2.81198862948584E-03
      7671.25734432267473     7.80830334232148E-03
      2770.17371535699203     2.34831154326179E-02
      1080.52392056845201     8.56175513192656E-02
       447.86521406090418     1.81053019200686E-01
       194.98829212787351     4.25470161925227E-01
        88.11471402725554     7.59300424900027E-01
        40.83678325672921     4.49117768824151E-01
 1 0 1 9 1 1
      4064.27519123369257     2.93615568520084E-02     2.49624949435622E-04
       962.86681085819805     3.94144243052095E-02     3.06783886953397E-03
       312.29104027485670     1.85554603391885E-01     1.65292266670434E-02
       118.62358306919353    -5.66192641906369E-01     6.71261987190313E-02
        49.78984956476704    -7.24718633661582E-01     2.02563584660035E-01
        22.35948562771160     2.56702978808153E-01     4.43150555048773E-01
        10.25327735306807     8.08122821484041E-02     6.77466955308703E-01
         4.75282892435561    -1.17063966317278E-01     5.30921451003301E-01
         2.20742857918439     1.76724840036215E-01     1.30222506589008E-01
 1 0 2 5 4 1 1
        31.42391607860136     6.67543505704823E-01    -2.81869159695465E-01     6.04437221495103E-01    -3.15511727595178E-01    -5.17407677823044E-03     2.27517131027291E-02
        10.05732027207802     6.94158395296667E-01     2.82824151024667E-01    -6.55876219553643E-01    -1.23859476989310E-02    -3.82266774443579E-02     4.84526610693167E-02
         1.59680201718282     1.40320675557484E-01     7.05446728786296E-01     4.46583086950086E-01     5.31393854631979E-01     4.84863351987465E-01     5.07914701784665E-01
         0.71527886344542     1.76621333625850E-01    -5.85002202406578E-01    -7.02585805126734E-02     7.85020382216415E-01     7.19251756080371E-01     8.59062490750915E-01
         0.32010327587298     1.47121727660425E-01    -2.60309898758267E-02     1.04550566606489E-02     4.07738741557051E-02     4.96081033033757E-01     3.41905232779844E-02
 1 0 3 6 5 4 3 3
         4.26016910277568     6.99918593197660E-01     4.36453865932878E-01     1.42819167513564E-01     6.08819637615052E-02    -5.40462861683853E-01    -2.11503296991371E-01     1.33167382494824E-01     7.42943917334224E-02    -3.43512265095640E-01     9.66249014344435E-02     2.93788872022489E-01    -9.82635428108990E-02     9.84480655227569E-01    -1.83502742474523E-02     6.44849209583766E-02
         0.81129131682100     2.35821657970290E-01    -8.10770227043954E-02    -8.88920862702571E-02    -1.13356869172732E-01     1.00647734614232E-01     1.50164359406288E-01    -2.03633623036150E-01    -2.36020048607704E-02    -1.05668621404105E-01    -4.11928777079830E-02    -6.39487598029440E-02     1.46036074546491E-01     3.56290567247130E-03     9.78395198944812E-01     7.45680075662047E-02
         0.26924622585014    -4.33881085895308E-01     7.17014694284584E-01    -4.43320716993536E-01    -2.62263772742564E-01    -1.41544957518368E-01     9.29964173780623E-01    -1.32715165800952E-01    -1.31744142074200E-01     2.59840836043876E-02     9.76592004307805E-01    -1.06089292153377E-01    -1.53474016838426E-01    -4.33945370644902E-02    -1.40058749767799E-02     4.94712889758339E-01
         0.12558978636155    -3.45767487884589E-01     3.49333199360033E-01     8.17752469983603E-01     2.06468501774719E-01     5.08641846544308E-02     2.05834846105941E-01     9.56409357066142E-01     4.55819624595108E-02    -1.83046085439481E-02     8.42354870539990E-02     9.46415701812919E-01     7.18084068871805E-02    -6.83345830436811E-02    -9.51680797574724E-02     8.54696801066638E-01
         0.04762825183218    -3.52200849654867E-02     1.14179907102585E-01    -3.26264418459837E-01     9.31434296888894E-01     5.52407636804007E-02     1.31721081643905E-01    -7.53657112360910E-02     9.86801748762976E-01     5.28167122200381E-02     1.53433826759742E-01    -5.05673419311923E-02     9.47637879453596E-01    -1.02591378689800E-01    -1.63722824183483E-01    -1.17613644497909E-01
         0.01577273631477     3.81383929613801E-01     3.92114437531378E-01    -2.26619443342291E-04    -6.67999143766650E-02     8.19814763471659E-01    -9.03616555265917E-02     5.27980289526197E-02    -2.66713908395982E-02     9.31146406208485E-01     6.78032145080131E-02     9.16406993576770E-03     2.05644035570684E-01     1.17078832918664E-01    -7.96731511839413E-02     3.46536116144832E-02
