CA SVP-MOLOPT-PBE-AE
 4
 1 0 0 6 1
     35138.80716151116212     2.97122233897138E-03
      5276.36601966199123     2.12185600593729E-02
      1200.54781237452130     1.08280951206506E-01
       338.73392793875371     3.61820992113358E-01
       108.87085997490978     7.56951668138722E-01
        36.27717546571434     5.32846996726776E-01
 1 0 0 8 4
        72.98864328779729    -1.39015452896556E-01     4.44168077408152E-03    -1.23097939486339E-03     2.78865356962555E-02
         8.32396309258465     7.72566322015616E-01    -8.07360767629714E-02     1.59019059955202E-02    -1.32816542739003E-01
         5.32835312043113     1.03568100336774E-01    -1.29951795381548E-01     4.15654021347402E-02     1.55548465987939E-02
         3.14740452348911     5.73421869341739E-01    -1.17577720995480E-01     1.36347732269230E-02    -6.56971867952053E-02
         0.90831323859814     7.51793470281233E-02     7.05524893531309E-01    -2.31366140734125E-01    -3.46590341220846E-01
         0.37344541962365    -3.11134463111571E-02     3.68286939582133E-01    -6.34591794981192E-02    -4.71605260063491E-01
         0.08956607976788     1.13456272268540E-01     4.92285142682709E-01     7.58145099763201E-01     4.04908580126628E-01
         0.03084101503696     1.57431521044808E-01     2.94965524795987E-01    -6.04558246609981E-01     6.85956769256567E-01
 1 1 1 5 1
       413.08259373363370     1.47501555389659E-02
        96.96732492584155     1.08195032391353E-01
        29.16191803665029     4.31136783891345E-01
         9.79367279390992     7.86619661995337E-01
         3.48894542172811     4.28283607923043E-01
 1 1 2 4 2 2
         1.71057478922552     5.18226112387488E-01     4.39766982090033E-02     5.38213669994059E-01    -4.54542931812003E-02
         0.62153308207451     7.99737799054650E-01    -2.82731122082634E-01     3.91476310209504E-01    -1.93483412302428E-01
         0.21933078819112     2.93905289660861E-01     4.83394476440700E-01     7.46292064105985E-01     1.19967763412787E-01
         0.04687141922656     7.40326273499697E-02     8.27320338664021E-01     1.09772049587638E-02     9.72679706859838E-01
H SVP-MOLOPT-PBE-AE
 1
 2 0 1 4 2 1
        12.24885489931877     9.13601065893484E-02    -2.92233653979741E-02    -2.98536765580705E-02
         1.44668572118719     5.46801357436806E-01    -1.89238960127749E-01     5.05674686289909E-01
         0.37494771895490     8.27248429081306E-01     2.01024168753657E-02     8.56401740098416E-01
         0.11192006491493     9.12230399173390E-02     9.81290224001215E-01     9.98895850325395E-02
F SVP-MOLOPT-PBE-AE
 2
 1 0 0 7 3
      2894.85760373222138    -1.89225166552882E-02    -1.69242373474079E-02     1.56429205622782E-01
       435.72006333230098    -5.47718508603712E-02     4.35884037952142E-03    -7.98432634961778E-02
        98.52635730461387    -2.73685193620500E-01     1.03734081139359E-01    -3.50907504362976E-02
        25.52164954648142    -7.37742492792940E-01     9.09854482000018E-02     1.19033433504314E-02
         7.74033527583515    -5.97666004055640E-01     7.53553007481536E-02    -4.08316440936959E-03
         1.29027540045465     1.18958584280118E-01     8.03005387331711E-01    -5.67628929674378E-01
         0.39691722964189     7.82215741311875E-02     5.74594975519432E-01     8.03469123562649E-01
 2 1 2 4 2 1
        20.86106496273842    -1.10459850494974E-01    -4.27931460741902E-02     1.87770753897563E-02
         3.47280160970880    -5.28022336274227E-01    -8.76852813264224E-03     1.42075306386988E-01
         0.85628499813330    -8.26328796839365E-01    -1.81029642926015E-01     9.03974169721402E-01
         0.22140677163303    -1.61776862802262E-01     9.82507062542321E-01     4.02855717635176E-01
CL SVP-MOLOPT-PBE-AE
 3
 1 0 0 5 1
     10449.73865986333476     7.92960573941961E-03
      1571.78177464848341     6.21680867531297E-02
       357.17329535888280     2.69577117620510E-01
       100.08667457398440     7.19173472798793E-01
        30.61002596530858     6.37330325671244E-01
 1 0 0 5 3
        51.91245118574216    -1.18096328736624E-01    -6.40377047377502E-02     3.89634888740843E-02
         5.60412729707609     7.74483936348342E-01    -1.94653261999477E-01     5.74322043222265E-01
         2.19075124977087     6.12385827448821E-01     3.85229430631324E-01    -6.60064309823226E-01
         0.56484358945251    -5.02206802462349E-02     5.97599003556938E-01     4.62892544090272E-01
         0.20200153999791    -9.32167961943450E-02     6.72668563772758E-01     1.36680784044379E-01
 1 1 2 7 3 1
       307.66262352364191    -1.41860191757227E-02     4.53707609941391E-03    -4.23704216636409E-03     5.12444630001981E-03
        72.14728379673939    -8.85277776059412E-02    -4.94482703050064E-03    -1.47096881368273E-02    -3.60621072277412E-03
        22.55518606717056    -3.78386770918235E-01    -9.49655880135036E-04     2.33703317780398E-03     7.21261594348665E-03
         7.24782137179115    -7.68325377362051E-01    -8.89706781187266E-02    -6.32538811770098E-02    -8.30729065003500E-03
         2.47105439082271    -5.07191220590418E-01     1.39408082259565E-01     2.81680450029172E-02     2.51018124766366E-01
         0.54359214040661     1.77332693550757E-03     9.86199274331532E-01    -1.36123356582732E-02     8.60344615069135E-01
         0.15406764967487    -3.48579490965011E-02     3.82859289817821E-03     9.97386797034735E-01     4.43437421456475E-01
