CA QZVPP-MOLOPT-PBE-AE
 4
 1 0 0 11 1
   2433075.35365915019065     1.65816830140134E-05
    364160.34114880941343     1.41878481500787E-04
     82898.59205052912876     5.66509285411529E-04
     23499.91435683210875     2.81198862948584E-03
      7671.25734432267473     7.80830334232148E-03
      2770.17371535699203     2.34831154326179E-02
      1080.52392056845201     8.56175513192656E-02
       447.86521406090418     1.81053019200686E-01
       194.98829212787351     4.25470161925227E-01
        88.11471402725554     7.59300424900027E-01
        40.83678325672921     4.49117768824151E-01
 1 0 1 9 1 1
      4064.27519123369257     2.93615568520084E-02     2.49624949435622E-04
       962.86681085819805     3.94144243052095E-02     3.06783886953397E-03
       312.29104027485670     1.85554603391885E-01     1.65292266670434E-02
       118.62358306919353    -5.66192641906369E-01     6.71261987190313E-02
        49.78984956476704    -7.24718633661582E-01     2.02563584660035E-01
        22.35948562771160     2.56702978808153E-01     4.43150555048773E-01
        10.25327735306807     8.08122821484041E-02     6.77466955308703E-01
         4.75282892435561    -1.17063966317278E-01     5.30921451003301E-01
         2.20742857918439     1.76724840036215E-01     1.30222506589008E-01
 1 0 2 5 4 1 1
        31.42391607860136     6.67543505704823E-01    -2.81869159695465E-01     6.04437221495103E-01    -3.15511727595178E-01    -5.17407677823044E-03     2.27517131027291E-02
        10.05732027207802     6.94158395296667E-01     2.82824151024667E-01    -6.55876219553643E-01    -1.23859476989310E-02    -3.82266774443579E-02     4.84526610693167E-02
         1.59680201718282     1.40320675557484E-01     7.05446728786296E-01     4.46583086950086E-01     5.31393854631979E-01     4.84863351987465E-01     5.07914701784665E-01
         0.71527886344542     1.76621333625850E-01    -5.85002202406578E-01    -7.02585805126734E-02     7.85020382216415E-01     7.19251756080371E-01     8.59062490750915E-01
         0.32010327587298     1.47121727660425E-01    -2.60309898758267E-02     1.04550566606489E-02     4.07738741557051E-02     4.96081033033757E-01     3.41905232779844E-02
 1 0 3 6 5 4 3 3
         4.26016910277568     6.99918593197660E-01     4.36453865932878E-01     1.42819167513564E-01     6.08819637615052E-02    -5.40462861683853E-01    -2.11503296991371E-01     1.33167382494824E-01     7.42943917334224E-02    -3.43512265095640E-01     9.66249014344435E-02     2.93788872022489E-01    -9.82635428108990E-02     9.84480655227569E-01    -1.83502742474523E-02     6.44849209583766E-02
         0.81129131682100     2.35821657970290E-01    -8.10770227043954E-02    -8.88920862702571E-02    -1.13356869172732E-01     1.00647734614232E-01     1.50164359406288E-01    -2.03633623036150E-01    -2.36020048607704E-02    -1.05668621404105E-01    -4.11928777079830E-02    -6.39487598029440E-02     1.46036074546491E-01     3.56290567247130E-03     9.78395198944812E-01     7.45680075662047E-02
         0.26924622585014    -4.33881085895308E-01     7.17014694284584E-01    -4.43320716993536E-01    -2.62263772742564E-01    -1.41544957518368E-01     9.29964173780623E-01    -1.32715165800952E-01    -1.31744142074200E-01     2.59840836043876E-02     9.76592004307805E-01    -1.06089292153377E-01    -1.53474016838426E-01    -4.33945370644902E-02    -1.40058749767799E-02     4.94712889758339E-01
         0.12558978636155    -3.45767487884589E-01     3.49333199360033E-01     8.17752469983603E-01     2.06468501774719E-01     5.08641846544308E-02     2.05834846105941E-01     9.56409357066142E-01     4.55819624595108E-02    -1.83046085439481E-02     8.42354870539990E-02     9.46415701812919E-01     7.18084068871805E-02    -6.83345830436811E-02    -9.51680797574724E-02     8.54696801066638E-01
         0.04762825183218    -3.52200849654867E-02     1.14179907102585E-01    -3.26264418459837E-01     9.31434296888894E-01     5.52407636804007E-02     1.31721081643905E-01    -7.53657112360910E-02     9.86801748762976E-01     5.28167122200381E-02     1.53433826759742E-01    -5.05673419311923E-02     9.47637879453596E-01    -1.02591378689800E-01    -1.63722824183483E-01    -1.17613644497909E-01
         0.01577273631477     3.81383929613801E-01     3.92114437531378E-01    -2.26619443342291E-04    -6.67999143766650E-02     8.19814763471659E-01    -9.03616555265917E-02     5.27980289526197E-02    -2.66713908395982E-02     9.31146406208485E-01     6.78032145080131E-02     9.16406993576770E-03     2.05644035570684E-01     1.17078832918664E-01    -7.96731511839413E-02     3.46536116144832E-02
H QZVPP-MOLOPT-PBE-AE
 2
 1 0 0 4 1
       190.54117440353127     1.96600972886938E-02
        28.48589623081718     5.38615245148400E-01
         6.82683105625948     8.41690491707832E-01
         1.91976916792120    -3.26222996883324E-02
 1 0 3 4 3 3 2 1
         3.13044722440195    -3.66327628299461E-01     2.56023465069061E-01     1.80301571342015E-01     9.57864765395543E-01    -2.86990854469403E-01     7.09708425215968E-03     9.99207337838246E-01    -1.14391682399844E-02     5.85140484472903E-01
         0.96627664577475     8.95826280526715E-01     1.78507674168198E-01     3.15139388181339E-01     2.45050348375012E-01     8.29767518144689E-01     5.01170647875718E-01     1.62635846128724E-02     9.81329325317073E-01     6.84086073735301E-01
         0.31928820204257    -2.30012077387642E-01     6.10224429055026E-01     6.40105374762635E-01    -1.47922353363481E-01    -4.66731275488582E-01     8.51205422301253E-01    -4.48915950780499E-03     1.60295348734119E-01    -4.27324109791794E-01
         0.10666805621490    -1.01949929465328E-01    -7.28157360590113E-01     6.77084646545968E-01     2.37570063441528E-02     1.06226323308904E-01    -1.55650063115620E-01     3.60560573643188E-02    -1.05675455413839E-01    -8.38508338830758E-02
F QZVPP-MOLOPT-PBE-AE
 3
 1 0 0 8 1
    132536.04395257573924     2.19133884152562E-04
     19758.15592578060023     2.13098802939830E-03
      4485.33885808192372     9.36952235670608E-03
      1273.60032301696378     4.57116768597223E-02
       418.75079369228018     1.29815698472524E-01
       152.24712142839283     3.88984269444136E-01
        59.93506405237581     3.48051089779771E-01
        24.88806979770636     8.41734891149259E-01
 1 0 1 5 2 1
       240.82710880865446    -5.22362746235088E-02     7.61618022060436E-02     2.22155163398913E-02
        56.74054074501728     8.36915891686098E-01    -3.52431037520191E-01     9.17502257704855E-02
        18.02568816680041     5.06654331012575E-01     3.90319004241376E-01     6.94833984744179E-01
         7.22835931546723     1.13647744824332E-01     8.46604124895882E-01     5.19336475096237E-01
         2.54051853711273     1.65011335426585E-01     3.00711541924844E-02     4.88450331337750E-01
 1 0 4 4 4 3 3 2 1
         4.64152109972176     7.99092172965100E-01     3.57185510151160E-01    -4.75225254357118E-01     8.96167845059311E-02     2.14101203990999E-03     4.09061558167189E-01    -4.32260580718334E-01     5.23415929943841E-01    -8.45844703511436E-01    -9.90960844591549E-02     6.49830793177351E-01    -6.47812475723957E-01     7.18812892465629E-01
         1.55189089466188    -5.65383503262805E-01     6.20688611440661E-01    -5.16124369070663E-01    -1.69418940846506E-01     9.01357430415779E-01    -3.23634717094166E-01     1.52228377872265E-01     8.31684066132871E-01     4.84322390964955E-01     2.69070652276370E-01     7.59749389285090E-01     5.45754817250953E-01     6.81802537410497E-01
         0.54311529853246     1.47999793272877E-01     6.59726542294831E-01     7.03321697890184E-01    -2.19534826074957E-01     3.64587678140232E-01     2.81361980784028E-01    -7.13536840615867E-01    -1.67858516623561E-01    -2.20433972029506E-01     9.41600143248362E-01     1.96681952393344E-02     4.63299478087506E-01    -2.42238812327185E-02
         0.17933709925335    -1.41029268364327E-01     2.27870683409749E-01     1.14521537491829E-01     9.56593181325010E-01     2.33722107747691E-01     8.05459277239079E-01     5.29945741006902E-01     7.84913805373263E-02     3.72481291736264E-02    -1.76550617000047E-01     1.06755709662101E-02    -2.60469325156765E-01    -1.33665736760872E-01
CL QZVPP-MOLOPT-PBE-AE
 3
 1 0 0 10 1
   1467458.93775052158162     5.00027973996311E-05
    219756.22561595341540     2.92119625382510E-04
     50010.78269045410707     1.28590722749441E-03
     14164.71914344428478     6.48940441751174E-03
      4620.77877126598923     1.97871266811614E-02
      1667.78852683964556     6.65018359892871E-02
       650.34523295930057     1.78047411514083E-01
       269.43766657761569     4.24217234215202E-01
       117.09536851846944     6.88319212568402E-01
        52.76000788002602     5.56504843396412E-01
 1 0 1 8 2 2
      2501.95646798690223    -3.82883357554072E-02     8.37909091563773E-02     4.17887012633053E-04     1.59916949870661E-03
       592.94635448432632    -4.07348538060098E-02     1.30718267465741E-01     3.99041739687339E-03    -2.59213449401013E-02
       192.18114183797039     2.20528820527411E-01    -1.98966788392605E-01     2.18359541428443E-02     3.32964376441369E-02
        72.87930898689872     7.33114974004280E-01    -3.92594344886566E-01     8.68350005331845E-02    -2.17375228769997E-01
        30.43574290352728     6.34280900802578E-01     5.37964084760841E-01     2.47733889523512E-01    -2.17956740087419E-01
        13.46035723428640     7.71650835004062E-03     6.98209154610030E-01     5.32066586940945E-01    -4.48983934995352E-01
         5.97563269106637     1.31312121901711E-02     1.06376827476728E-02     7.10008437176348E-01     6.90916424895068E-01
         3.08191027511841    -9.07739768895670E-02     7.18273987087124E-02     3.78665897473595E-01    -4.73822396122835E-01
 1 0 4 6 6 4 4 2 1
         9.78337990819075     8.91563859098250E-01     4.20492586467600E-01    -1.05500184052396E-01    -6.37580026009099E-03    -1.27727899356303E-01    -2.85396905660188E-02    -1.53857744271598E-02     1.06253051057092E-01    -1.15431250361608E-01    -2.24073346383234E-02     3.39725575429827E-02     1.01895475255016E-01     3.78215008137413E-02    -4.46426713878059E-02    -6.35534933198293E-02     3.84866238399188E-02    -6.11006722560778E-02
         4.33269446539561    -4.29731410091877E-01     7.82174610574314E-01    -3.34369761244485E-01    -2.72432075009675E-01    -1.25354633131214E-01    -4.23985492338584E-02     7.30865995598478E-02    -1.69780800664228E-01     9.20852072943818E-03     3.68926930660954E-02     9.84874476080405E-01    -1.38014851189017E-01    -4.74208272594507E-02     1.83642605819759E-02     4.69010615356294E-02    -6.41463169582076E-02    -1.95982450216892E-02
         1.89618722201134    -1.08607609504601E-01     3.85249243565499E-01     8.24406939689850E-01     3.51646048346057E-01    -1.90711290748148E-01     1.07175344599850E-02     9.91627029311956E-01     8.56131566559374E-02    -7.28575131920513E-02     2.31284362812144E-02     7.90619312155555E-02     7.33791834593761E-01    -6.62746105231222E-01     4.37386186866967E-02     6.43881756150717E-01    -4.40208755319482E-01     7.22168984314687E-01
         0.75937665037877    -8.64870311670285E-02     5.72642042507304E-02    -4.40832017733930E-01     8.81987013108728E-01    -1.10544464050763E-01     6.91864630354049E-02    -7.17104623334244E-02     9.75883878241501E-01     2.82742999161818E-02    -5.63192675837824E-03     1.32325112586378E-01     6.30921978952516E-01     7.45720946790107E-01     7.09504044527997E-02     7.55448939940310E-01     4.62184592162924E-01     6.65787803325587E-01
         0.29257745973674     3.21350778484430E-02     2.43787785919905E-01     5.55589531759151E-02     1.28047138769592E-01     9.55294229503361E-01     8.63997700254051E-02     6.90556986584205E-02    -6.16188331121305E-03     9.83715665542611E-01     1.12973648641345E-01    -3.38233190166359E-02    -5.85726486891373E-02    -1.98834428606854E-02     9.93139085193975E-01    -8.21528343028837E-02     7.63814987833132E-01     1.70005500533451E-01
         0.10605356801669     1.16840788925550E-02     1.61310253462363E-02    -3.26472144512038E-04    -8.82496986965603E-02    -8.24248737035741E-02     9.92482391084379E-01    -3.44438923863824E-02     1.29554489179424E-02    -1.13078139742878E-01     9.92374501940459E-01    -6.29554636350571E-02     1.75001307873770E-01     2.43581082505283E-02    -6.63137740448836E-02    -4.15371998214924E-02    -5.99362050420123E-02     4.66830318968192E-02
