CA TZVPP-MOLOPT-PBE-AE
 3
 1 0 0 8 1
    172517.31654662784422     4.37238945388310E-04
     25861.48174473772451     3.25680624158561E-03
      5885.59413186472375     1.71096527875273E-02
      1665.98188230118990     6.88611898863902E-02
       542.27858225386558     2.22517030010118E-01
       194.55357858197993     5.25310368020594E-01
        75.17295661096003     7.28950918128117E-01
        29.60548276854531     3.71645457270567E-01
 1 0 1 6 1 1
       837.01205928719378    -3.84419964684781E-03     4.94959861457128E-03
       197.94509676170037    -3.31866963511387E-02     3.85465386141921E-02
        63.08768256299149    -1.47846970578598E-01     1.77075596708318E-01
        23.15497230611802    -1.54883241032355E-02     4.86637212027887E-01
         9.26426836272873     6.86270088195582E-01     7.33366652544452E-01
         3.88323923996681     7.11209263486918E-01     4.38738504909568E-01
 1 0 2 6 4 4 3
        13.42281271978960    -2.46946917798526E-01     7.77238007511940E-02     1.08042142177138E-01    -4.69226295834840E-02    -1.06866655305494E-01     3.10604589192618E-02     2.37235602170430E-02    -4.33672857351697E-03     1.59964860597814E-01     3.90941098510316E-02    -8.85264040332037E-02
         3.94404361065455    -2.27275588458849E-01    -5.57252116414076E-02    -2.37298646049348E-01     2.79253212805694E-02     1.61608013173324E-01    -8.30493420776882E-02    -2.67406251948735E-02    -7.89970503664940E-02     2.54997204887985E-01     3.67274165012124E-01    -2.43867312763439E-01
         1.45577689524303     9.23264764443973E-01    -1.68133251750551E-01    -3.59158850390125E-02     8.47651066339156E-02     9.62718071072279E-01     3.17016937158647E-02    -1.46406540445167E-02    -1.77760959785805E-01     8.75157440699687E-01     1.18718258845074E-01    -1.51436079100551E-01
         0.55735882567338     1.63644404225703E-01     8.81015832109319E-01     3.81398250351461E-01    -1.00364690900397E-01    -1.02622598525216E-02     9.36368348330118E-01     3.36260133596254E-01    -2.50538155606865E-02    -7.40470929282852E-02     7.89777036905607E-01     1.94202475407792E-01
         0.19654150434826    -2.96411941879940E-02    -4.27897768396819E-01     7.98268022517642E-01    -3.75077731952868E-01    -1.29765073612093E-02    -3.35105151885974E-01     9.20905405860790E-01    -1.97480300215336E-01     3.47394877192882E-02     2.31879315551388E-01     7.67818688893313E-01
         0.05245718636482    -8.53645710434405E-02    -5.74414886109455E-02     3.84746456973165E-01     9.16011432120391E-01     1.88049408327390E-01    -4.52980210686789E-02     1.93313576642118E-01     9.60476724000855E-01     3.69861215705406E-01    -4.14694499966441E-01     5.31506145809040E-01
H TZVPP-MOLOPT-PBE-AE
 1
 1 0 2 5 3 2 1
        34.17773832674855    -4.67038702307212E-01     3.25930727691839E-01    -1.51283436822271E-01    -1.00054440080746E-01     7.49322156514700E-02     1.29694886730211E-02
         4.94770130521271    -8.38132979846024E-02     2.28656356488893E-01    -2.28133785557746E-02     1.35570007424312E-01    -4.78523016653350E-02    -4.42398660674758E-02
         1.06512662518152     8.14717082181122E-01     2.11440298046549E-01     2.96545250287854E-01     9.76472815332876E-01     6.34720246090092E-02     9.35175251752971E-01
         0.29382327136550    -1.33307568322592E-01     8.19165770735029E-01     3.66068869122815E-01    -2.64980945419224E-02     9.79893619096044E-01     2.87655408521357E-01
         0.09137129667664    -3.05475612542697E-01    -3.54606643763996E-01     8.68704419864991E-01     1.31941555275947E-01    -1.66958430843673E-01    -2.01435451376045E-01
F TZVPP-MOLOPT-PBE-AE
 2
 1 0 0 6 1
     35479.02878767263610     6.72585320603450E-04
      5318.56312951047130     8.20097950478645E-03
      1210.53207767191157     3.41581776414553E-02
       342.85143677005027     1.67981165419731E-01
       112.04698837680320     3.40179960458393E-01
        40.78491787387953     9.24567700620738E-01
 1 0 3 6 4 3 2 1
        79.87901815644609     1.16918239284466E-01    -1.68147951461107E-02    -2.12818697913285E-02    -7.26226478740949E-03    -2.45424567087636E-01     2.14619427519455E-01     6.35891870315225E-02     1.01451133211560E-01    -3.43565246327839E-02    -1.31870850864618E-02
        16.19635642859436     8.53271420269594E-01     1.38508493185086E-02     1.47303644984199E-01    -9.44612873543678E-02    -1.04048621424425E-01     1.57592183640012E-01     5.70164828779390E-02     5.65110690465166E-02     4.45853785965381E-03     1.05680763536942E-01
         5.77801148801512     4.75828101997680E-01     9.06865843095588E-03     4.56280442532806E-02    -3.42227538288093E-02     3.85471543429814E-01     1.08618595980577E-01    -3.86557846134089E-02     7.78219890128867E-01    -1.58938198405914E-01    -1.90738906372033E-01
         1.80048565891898     5.42202862380103E-03     9.84951172129337E-01    -1.65338157360220E-01    -4.82246452283408E-02     8.82036252116551E-01     2.29685585491659E-02     9.54990517737228E-02     5.96805252189064E-01     2.06883586435839E-01     7.91345089335059E-01
         0.61342852936985    -1.78123417267227E-01     1.16155230853301E-01     8.34960810060312E-01    -5.05012861636734E-01     2.35771402740000E-03     9.52591193174218E-01     7.86110613461027E-02     2.14870962580005E-02     9.58447372992515E-01     5.67195057415070E-01
         0.19458219035665     9.39552285204502E-03     1.25786831338083E-01     5.01268928973589E-01     8.55856016509765E-01    -4.85679584923393E-02    -9.66833470619191E-02     9.87882330256585E-01     1.55723360184243E-01    -1.10073678097833E-01    -6.58715646571095E-02
CL TZVPP-MOLOPT-PBE-AE
 3
 1 0 0 7 1
     69508.00450217274192     8.54639670881115E-04
     10426.07404861877149     6.36610882195957E-03
      2373.21372557596396     3.32269466123591E-02
       671.48082610673112     1.29170911439118E-01
       218.35953271185565     3.78680461942424E-01
        77.68193958237838     7.12972790189941E-01
        28.63569494373375     5.74839539435266E-01
 1 0 1 5 1 1
       666.45268090401123     1.43814656418117E-03     5.81778333606563E-03
       157.54073854080110     2.68716178613030E-02     4.29983499959330E-02
        50.27147981024441     2.23252919385808E-01     2.08198314680469E-01
        18.56181800307728     1.26049949313096E-01     5.59198731644810E-01
         7.67698456608668    -9.66201527711407E-01     8.01291167794660E-01
 1 0 3 5 3 4 3 1
         7.92291630827550    -3.55714849236007E-02    -2.05335282550433E-02    -6.21248979322774E-03     1.19403838140099E-01     1.05841381548266E-01    -1.46122271692274E-02     1.83454633514421E-02    -6.37399836508334E-02     8.49429480795528E-02     1.55420574128900E-02     9.92703827764435E-03
         3.21359254353200     9.59549625721583E-01    -2.59950857602373E-02    -1.29366285576508E-01     9.67663531581177E-01     2.77689868599939E-03     2.12406118864057E-01    -7.59992235115861E-02     9.93189642383517E-01     9.67974271551950E-02     3.26871756359324E-02     7.10821712077589E-02
         1.26147295769703     2.42813469124242E-01     1.04956178351874E-01    -5.23619012807165E-02    -7.82419592685200E-03     9.92946336504231E-01    -1.67130180932944E-02     4.83191202193001E-02    -8.82726077217294E-02     9.57739641027515E-01    -9.19882652581050E-02     1.80157385026295E-01
         0.41296442360435    -1.45904199321127E-02     9.89285109716447E-01    -9.35576426318929E-02    -2.17443131180686E-01     2.49858269018969E-02     9.66832988440939E-01    -1.25324606656001E-01    -3.65554258774248E-02     3.24811484808539E-02     9.74023579148050E-01     9.80783981908141E-01
         0.13005620364658     1.37214882924396E-01     9.59260238559098E-02     9.85764154311841E-01     4.50253233824506E-02    -4.71505255802842E-02     1.40088439832982E-01     9.87849466056346E-01    -1.95754006656028E-02     2.55136647045343E-01     2.03730752020278E-01    -2.13278292454652E-02
