##################################################################################
Mg DZVP-MOLOPT-PBE-GTH-q10
 1
 2 0 1 7 3 2
     30.653047963189  0.054377184080 -0.008503364657 -0.017403499711  0.041949376018  0.005685482959
     12.924389070531  0.180093043263 -0.033268853396  0.019979586563  0.154513485142  0.031145413254
      4.968377097667 -0.183378978769  0.039287763681 -0.035277033496  0.347080006586  0.054939424515
      1.851827556019 -0.641604001295  0.169148911336 -0.203352520214  0.456042413582  0.123275320202
      0.673565331978 -0.382610049904  0.233823708921 -0.348027990301  0.275294822235 -0.070548883335
      0.168626419621 -0.012877428759 -0.474103906013  2.122888539507  0.029266033687 -0.608144728127
      0.059428253135 -0.011565253116 -0.681875195374 -1.871583263111 -0.006397458869 -0.561501656268

##################################################################################
CL DZVP-MOLOPT-PBE-GTH-q7
 1
 2 0 2 4 2 2 1
         1.99824811943664     4.33846894941631E-01     3.07041170622732E-01     3.45339975324402E-01     1.79965250304009E-01     9.05635141754461E-02
         1.50363082119869    -3.38194302379175E-01    -3.89997660747777E-02    -4.97369383451272E-01    -2.01781984518266E-01     2.85556761650639E-01
         0.40650884550636    -5.13548002397481E-01    -6.29188376955880E-01    -6.70835040884209E-01    -3.34082727506389E-01     9.41536415237722E-01
         0.12853799110242    -6.58536206158268E-01     7.12970352884578E-01    -4.28187278851352E-01     9.02931487206409E-01     1.54158245180379E-01

H DZVP-MOLOPT-PBE-GTH-q1
 1
 2 0 1 5 2 1
         9.42354063693337     1.73389254674243E-02    -1.21441381781897E-01    -8.76722314909129E-02
         2.22615949373757     1.93701953472634E-01    -1.18295700700916E-01     2.94035801652179E-01
         0.63906011750762     5.93968178416321E-01    -1.91886640436410E-01     4.09268475073086E-01
         0.16139156624546     7.25568643357183E-01    -1.85008817130971E-01     8.44814311123899E-01
         0.31891311049636     2.87977189530933E-01     9.48793640784133E-01     1.56986057354678E-01

F DZVP-MOLOPT-PBE-GTH-q7
 1
 2 0 2 5 2 2 1
        13.30428004732790     1.38292090777636E-01    -4.13851185732434E-02    -9.35531482386367E-02     5.06296345689289E-02    -3.26022751966033E-02
         4.80605774544240     1.37268979809070E-01    -3.39565337061055E-02    -2.95910126104609E-01     1.05677150923709E-01     1.33191225710905E-01
         1.70698523266130    -5.18264453672791E-01     1.04861752881122E-01    -5.65276724858415E-01     3.02716360438154E-01     2.66499643835383E-01
         0.58735472443375    -8.26267224974586E-01     4.59440905301857E-02    -6.52493507471700E-01     2.40526134346493E-01     9.50822081343244E-01
         0.17874874061685    -1.03522721189923E-01    -9.91981541717081E-01    -3.97994287350983E-01    -9.14756231842929E-01     7.81824693351836E-02
##################################################################################
