MG TZV2P-MOLOPT-PBE-GTH-Q10
 1
 2 0 2 7 4 3 1
        30.66511264805410     5.05101591298220E-02     5.44261196570683E-02    -4.14857279921781E-03    -1.35986943997645E-02     5.91514290824296E-02     2.14896934322602E-02    -4.89966324771166E-03     2.94766736709816E-02
        12.27585863903791     1.61416482178386E-01     1.70214301970214E-01    -2.26251016492683E-02    -8.79901837750851E-02     2.50962587524142E-01     9.51077890202922E-02    -3.23248541118298E-02    -1.81204445279745E-02
         4.27200977614451    -2.58213242998081E-01    -2.58731881434535E-01     3.18864254767536E-02     1.14042748465575E-01     5.69067736629913E-01     2.18121129839253E-01    -7.19052368919082E-02     3.98433437491067E-02
         1.49576890730141    -6.57888920467221E-01    -5.09953517184983E-01    -1.73036739689866E-01    -4.04280699972015E-01     6.28246455329401E-01     2.68063885726018E-01    -1.75835058955786E-01     7.24857428581497E-02
         0.53746463134226    -3.10558327844975E-01    -1.19925280981795E-01     2.26984011540388E-02     8.94505353006247E-01     3.22159879581595E-01    -2.10623670200191E-02     5.47882442984300E-01     4.49231629673533E-01
         0.15046849346346     3.39744820628441E-01    -5.89253733403952E-01     7.22930512848367E-01    -1.92217707949762E-02     2.79327587309031E-01    -7.60228489881509E-01     4.01804904833289E-01     8.70375357253968E-01
         0.05346306902009     5.09929911296646E-01    -5.28647403658451E-01    -6.67359492990663E-01     1.22942536142210E-01     1.82143628902392E-01    -5.40986734864146E-01    -7.07969217676665E-01     1.80551324078459E-01
MG TZVP-MOLOPT-PBE-GTH-q10
 1
 2 0 1 7 4 2
        30.66511264805410     5.05101591298220E-02     5.44261196570683E-02    -4.14857279921781E-03    -1.35986943997645E-02     5.91514290824296E-02     2.14896934322602E-02
        12.27585863903791     1.61416482178386E-01     1.70214301970214E-01    -2.26251016492683E-02    -8.79901837750851E-02     2.50962587524142E-01     9.51077890202922E-02
         4.27200977614451    -2.58213242998081E-01    -2.58731881434535E-01     3.18864254767536E-02     1.14042748465575E-01     5.69067736629913E-01     2.18121129839253E-01
         1.49576890730141    -6.57888920467221E-01    -5.09953517184983E-01    -1.73036739689866E-01    -4.04280699972015E-01     6.28246455329401E-01     2.68063885726018E-01
         0.53746463134226    -3.10558327844975E-01    -1.19925280981795E-01     2.26984011540388E-02     8.94505353006247E-01     3.22159879581595E-01    -2.10623670200191E-02
         0.15046849346346     3.39744820628441E-01    -5.89253733403952E-01     7.22930512848367E-01    -1.92217707949762E-02     2.79327587309031E-01    -7.60228489881509E-01
         0.05346306902009     5.09929911296646E-01    -5.28647403658451E-01    -6.67359492990663E-01     1.22942536142210E-01     1.82143628902392E-01    -5.40986734864146E-01
MG DZVP-MOLOPT-PBE-GTH-q10
 1
 2 0 1 7 3 2
        30.66511264805410     5.05101591298220E-02     5.44261196570683E-02    -4.14857279921781E-03     5.91514290824296E-02     2.14896934322602E-02
        12.27585863903791     1.61416482178386E-01     1.70214301970214E-01    -2.26251016492683E-02     2.50962587524142E-01     9.51077890202922E-02
         4.27200977614451    -2.58213242998081E-01    -2.58731881434535E-01     3.18864254767536E-02     5.69067736629913E-01     2.18121129839253E-01
         1.49576890730141    -6.57888920467221E-01    -5.09953517184983E-01    -1.73036739689866E-01     6.28246455329401E-01     2.68063885726018E-01
         0.53746463134226    -3.10558327844975E-01    -1.19925280981795E-01     2.26984011540388E-02     3.22159879581595E-01    -2.10623670200191E-02
         0.15046849346346     3.39744820628441E-01    -5.89253733403952E-01     7.22930512848367E-01     2.79327587309031E-01    -7.60228489881509E-01
         0.05346306902009     5.09929911296646E-01    -5.28647403658451E-01    -6.67359492990663E-01     1.82143628902392E-01    -5.40986734864146E-01
CL TZV2P-MOLOPT-PBE-GTH-Q7
 1
 2 0 3 4 3 3 2 1
         1.99824811943664     4.33846894941631E-01     3.07041170622732E-01     1.75957585523759E-02     3.45339975324402E-01     1.79965250304009E-01    -3.72667358036020E-01     9.05635141754461E-02    -2.17425270215822E-01    -1.43769165568981E-01
         1.50363082119869    -3.38194302379175E-01    -3.89997660747776E-02    -9.17322433894229E-01    -4.97369383451272E-01    -2.01781984518266E-01    -8.34831128966391E-01     2.85556761650639E-01     9.18680132432251E-01     4.08136672326571E-01
         0.40650884550636    -5.13548002397481E-01    -6.29188376955880E-01     3.25113335470044E-01    -6.70835040884209E-01    -3.34082727506389E-01     4.03493031418158E-01     9.41536415237722E-01    -2.84903780503556E-01     9.00979681734397E-01
         0.12853799110242    -6.58536206158268E-01     7.12970352884578E-01     2.29153356193791E-01    -4.28187278851352E-01     9.02931487206409E-01     3.70054044720498E-02     1.54158245180379E-01     1.66081010355251E-01     3.14721596903698E-02
CL TZVP-MOLOPT-PBE-GTH-q7
 1
 2 0 2 4 3 3 1
         1.99824811943664     4.33846894941631E-01     3.07041170622732E-01     1.75957585523759E-02     3.45339975324402E-01     1.79965250304009E-01    -3.72667358036020E-01     9.05635141754461E-02
         1.50363082119869    -3.38194302379175E-01    -3.89997660747776E-02    -9.17322433894229E-01    -4.97369383451272E-01    -2.01781984518266E-01    -8.34831128966391E-01     2.85556761650639E-01
         0.40650884550636    -5.13548002397481E-01    -6.29188376955880E-01     3.25113335470044E-01    -6.70835040884209E-01    -3.34082727506389E-01     4.03493031418158E-01     9.41536415237722E-01
         0.12853799110242    -6.58536206158268E-01     7.12970352884578E-01     2.29153356193791E-01    -4.28187278851352E-01     9.02931487206409E-01     3.70054044720498E-02     1.54158245180379E-01
CL DZVP-MOLOPT-PBE-GTH-q7
 1
 2 0 2 4 2 2 1
         1.99824811943664     4.33846894941631E-01     3.07041170622732E-01     3.45339975324402E-01     1.79965250304009E-01     9.05635141754461E-02
         1.50363082119869    -3.38194302379175E-01    -3.89997660747776E-02    -4.97369383451272E-01    -2.01781984518266E-01     2.85556761650639E-01
         0.40650884550636    -5.13548002397481E-01    -6.29188376955880E-01    -6.70835040884209E-01    -3.34082727506389E-01     9.41536415237722E-01
         0.12853799110242    -6.58536206158268E-01     7.12970352884578E-01    -4.28187278851352E-01     9.02931487206409E-01     1.54158245180379E-01
H TZV2P-MOLOPT-PBE-GTH-Q1
 1
 2 0 2 5 3 2 1
         9.42354063693337     1.73389254674243E-02    -1.21441381781897E-01     8.48842952201243E-01    -8.76722314909129E-02     1.38509912982294E-01     1.01583846424117E-05
         2.22615949373757     1.93701953472634E-01    -1.18295700700916E-01     4.34966851840939E-01     2.94035801652179E-01    -4.64264354132394E-01    -5.41805899933135E-06
         0.63906011750762     5.93968178416321E-01    -1.91886640436410E-01     8.47731161618519E-02     4.09268475073086E-01    -6.46177309023364E-01    -2.13029117448260E-05
         0.16139156624546     7.25568643357183E-01    -1.85008817130971E-01    -2.57338753762772E-01     8.44814311123899E-01     5.35059601902204E-01     9.99999999656012E-01
         0.31891311049636     2.87977189530933E-01     9.48793640784133E-01     1.29845157344792E-01     1.56986057354678E-01    -2.47870371773730E-01     1.00804100896023E-05
H TZVP-MOLOPT-PBE-GTH-q1
 1
 2 0 1 5 3 1
         9.42354063693337     1.73389254674243E-02    -1.21441381781897E-01     8.48842952201243E-01    -8.76722314909129E-02
         2.22615949373757     1.93701953472634E-01    -1.18295700700916E-01     4.34966851840939E-01     2.94035801652179E-01
         0.63906011750762     5.93968178416321E-01    -1.91886640436410E-01     8.47731161618519E-02     4.09268475073086E-01
         0.16139156624546     7.25568643357183E-01    -1.85008817130971E-01    -2.57338753762772E-01     8.44814311123899E-01
         0.31891311049636     2.87977189530933E-01     9.48793640784133E-01     1.29845157344792E-01     1.56986057354678E-01
H DZVP-MOLOPT-PBE-GTH-q1
 1
 2 0 1 5 2 1
         9.42354063693337     1.73389254674243E-02    -1.21441381781897E-01    -8.76722314909129E-02
         2.22615949373757     1.93701953472634E-01    -1.18295700700916E-01     2.94035801652179E-01
         0.63906011750762     5.93968178416321E-01    -1.91886640436410E-01     4.09268475073086E-01
         0.16139156624546     7.25568643357183E-01    -1.85008817130971E-01     8.44814311123899E-01
         0.31891311049636     2.87977189530933E-01     9.48793640784133E-01     1.56986057354678E-01
F TZV2P-MOLOPT-PBE-GTH-Q7
 1
 2 0 3 5 3 3 2 1
        13.30428004732790     1.38292090777636E-01    -4.13851185732434E-02    -3.68601172475513E-01    -9.35531482386367E-02     5.06296345689289E-02     1.31156005847365E-01    -3.26022751966033E-02     1.00541308351024E-01     9.72064409635608E-05
         4.80605774544240     1.37268979809070E-01    -3.39565337061055E-02    -2.68712697428403E-01    -2.95910126104609E-01     1.05677150923709E-01    -3.03933997040743E-01     1.33191225710905E-01    -4.08920622745241E-01     5.04092340544058E-06
         1.70698523266130    -5.18264453672791E-01     1.04861752881122E-01     6.94838249064691E-01    -5.65276724858415E-01     3.02716360438154E-01     7.47866109869779E-01     2.66499643835383E-01    -8.18034852203344E-01     5.83002400834836E-05
         0.58735472443375    -8.26267224974586E-01     4.59440905301858E-02    -5.51244775686392E-01    -6.52493507471700E-01     2.40526134346493E-01    -5.71224059806739E-01     9.50822081343244E-01     3.09737546860849E-01     9.99999990598423E-01
         0.17874874061685    -1.03522721189923E-01    -9.91981541717081E-01     7.24959778581020E-02    -3.97994287350983E-01    -9.14756231842929E-01     6.94376178966044E-02     7.81824693351836E-02    -2.39910404638869E-01    -7.70047573235798E-05
F TZVP-MOLOPT-PBE-GTH-q7
 1
 2 0 2 5 3 3 1
        13.30428004732790     1.38292090777636E-01    -4.13851185732434E-02    -3.68601172475513E-01    -9.35531482386367E-02     5.06296345689289E-02     1.31156005847365E-01    -3.26022751966033E-02
         4.80605774544240     1.37268979809070E-01    -3.39565337061055E-02    -2.68712697428403E-01    -2.95910126104609E-01     1.05677150923709E-01    -3.03933997040743E-01     1.33191225710905E-01
         1.70698523266130    -5.18264453672791E-01     1.04861752881122E-01     6.94838249064691E-01    -5.65276724858415E-01     3.02716360438154E-01     7.47866109869779E-01     2.66499643835383E-01
         0.58735472443375    -8.26267224974586E-01     4.59440905301858E-02    -5.51244775686392E-01    -6.52493507471700E-01     2.40526134346493E-01    -5.71224059806739E-01     9.50822081343244E-01
         0.17874874061685    -1.03522721189923E-01    -9.91981541717081E-01     7.24959778581020E-02    -3.97994287350983E-01    -9.14756231842929E-01     6.94376178966044E-02     7.81824693351836E-02
F DZVP-MOLOPT-PBE-GTH-q7
 1
 2 0 2 5 2 2 1
        13.30428004732790     1.38292090777636E-01    -4.13851185732434E-02    -9.35531482386367E-02     5.06296345689289E-02    -3.26022751966033E-02
         4.80605774544240     1.37268979809070E-01    -3.39565337061055E-02    -2.95910126104609E-01     1.05677150923709E-01     1.33191225710905E-01
         1.70698523266130    -5.18264453672791E-01     1.04861752881122E-01    -5.65276724858415E-01     3.02716360438154E-01     2.66499643835383E-01
         0.58735472443375    -8.26267224974586E-01     4.59440905301858E-02    -6.52493507471700E-01     2.40526134346493E-01     9.50822081343244E-01
         0.17874874061685    -1.03522721189923E-01    -9.91981541717081E-01    -3.97994287350983E-01    -9.14756231842929E-01     7.81824693351836E-02
