################################################################################################
# Zironium 
################################################################################################
Zr ccGRB-D-q12
    2
  2  0  2  6  3  2  2
   7.23155068227       -0.0931684399    0.0314970186   -0.0204354186   -0.0161071143   -0.0276913134   -0.0032946569    0.0025603388
   2.80846566254        0.6828014405   -0.2707926651    0.2696632969    0.1895092011    0.2653484742    0.0014758818   -0.0019263534
   1.09070374035       -0.6601608436    0.3442992099   -0.1069028217   -0.5905533712   -1.0795992671    0.2716121640   -0.2280963702
  0.423588817579       -0.7678759110    0.4674691436   -2.1423079305   -0.5410556346    0.1846008804    0.4197581213   -0.3138342880
  0.164506162160        0.0228870336   -0.0125390471    3.9305157966   -0.0580395589    1.0582500798    0.3692492255   -0.1885367225
  0.638880826536E-01   -0.0178451189   -1.1617957707   -2.1719632992   -0.0048447597   -0.1642923227    0.2028093804    1.0370671344
  3 3 3 1 1
      0.3272000              1.0000000

Zr ccGRB-T-q12
    4
  2  0  2  7  4  3  3
   7.28149364715       -0.0917403630   -0.0307308903    0.0214077671   -0.2575297347   -0.0156133344    0.0238897195   -0.0150264636   -0.0033819473    0.0025431925   -0.0095105455
   2.80379045287        0.6810223501    0.2685540673   -0.2730694223    1.8033888482    0.1876924487   -0.2190794509    0.2071106050    0.0023062895   -0.0022864418    0.0323268668
   1.07961927656       -0.6753530688   -0.3482709677    0.1512494708   -4.6024644998   -0.6006767497    0.8381733503   -1.1891348098    0.2762049137   -0.2300048063    0.2855612579
  0.415715012201       -0.7602046150   -0.4759639728    2.0000168084    4.9110479687   -0.5359352475    0.0302427559    1.1118643867    0.4255330610   -0.3100600117    0.7846085138
  0.160073995640        0.0346755114    0.0649762761   -3.7578327048   -2.4753754301   -0.0512120170   -0.9795406539    0.3828033549    0.3647815119   -0.1808342832   -1.7539123503
  0.616376203121E-01   -0.0250746557    1.1340649815    2.0591040277   -0.0139663276   -0.0056872574   -0.0887871759   -1.1750716642    0.2021153100    1.0557418220    1.0475524409
  0.237340001576E-01    0.0038795492   -0.0088441263    0.0542178727    0.6286412066    0.0004640322   -0.0008339551    0.0472470305   -0.0062920153   -0.0307253072   -0.0199293371
  3 3 3 1 1
      0.7395000              1.0000000
  3 3 3 1 1
      0.1931000              1.0000000
  4 4 4 1 1
      0.4195000              1.0000000

Zr ccGRB-Q-q12
    6
  2  0  2  8  5  4  4
   6.68428931774       -0.1210485341   -0.0405101308    0.0652118831    0.0149989422    0.6163408063    0.0277409286   -0.0319544600    0.0215268625   -0.0768513889    0.0018392276   -0.0008022636   -0.0023773272   -0.0253804993
   3.01300300928        0.6561081512    0.2531303248   -0.3996776713    0.0689611811   -3.5182116484   -0.2104613181    0.2216816654   -0.2278966725    0.4992357040    0.0106878218   -0.0106662285    0.0295120879    0.0845502443
   1.35813797135       -0.2578480223   -0.1294233016    0.4325262713    1.1983318338    7.9526020659    0.3611694459   -0.4493801938    0.7908111535   -1.5035346093   -0.1705843560    0.1500253409   -0.2667941073    0.0650108271
  0.612192800190       -0.9131983030   -0.5217396891    0.0746511246   -5.7424383276   -8.3782664416    0.6020148668   -0.7216430138    0.2443302594    0.8086016592   -0.3387552826    0.2533199755   -0.2309619727    1.5056485093
  0.275951363197       -0.1788553180   -0.1310940255    1.8231071543    8.9396532161    4.4821557336    0.2159668008    0.7732425903   -1.5529043584    1.6119635174   -0.3380090043    0.2551056110   -0.5501586909   -3.0036264317
  0.124387537434       -0.0228849360    0.1418857940   -4.5503135157   -6.6090683429    0.0686289523    0.0258875728    0.5419529748    0.5833353064   -3.2287696925   -0.2865216098   -0.0326512289    2.0412276021    2.5004802185
  0.560687915782E-01    0.0070483160    1.0695271573    2.8803005296    2.0148921734   -2.3533963973   -0.0019350523    0.0570061481    0.8216884003    2.1724997342   -0.1463717838   -0.9904545115   -1.5028435281   -1.0340621472
  0.252735077315E-01   -0.0010370393   -0.0303865280   -0.0494033682    0.1416337126    1.5428361957    0.0002029416   -0.0041575812   -0.0504932548   -0.1262998944    0.0090809059    0.0605301216    0.0861085574    0.0331789031
  3 3 3 2 2
      1.3601000              1.0000000              0.00000000
      0.4291000              0.00000000             1.0000000
  3 3 3 1 1
      0.1354000              1.0000000
  4 4 4 1 1
      0.8169000              1.0000000
  4 4 4 1 1
      0.2490000              1.0000000
  5 5 5 1 1
      0.5010000              1.0000000

Zr aug-cc-D
    4
1 0 0 1 1
      0.0118000              1.0000000
1 1 1 1 1
      0.0114000              1.0000000
1 2 2 1 1
      0.0159000              1.0000000
1 3 3 1 1
      0.0891000              1.0000000

Zr aug-cc-T
     5
1 0 0 1 1
      0.0110000              1.0000000
1 1 1 1 1
      0.0101000              1.0000000
1 2 2 1 1
      0.0133000              1.0000000
1 3 3 1 1
      0.0618000              1.0000000
1 4 4 1 1
      0.1333000              1.0000000

Zr aug-cc-Q
     6
1 0 0 1 1
      0.0103000              1.0000000
1 1 1 1 1
      0.0093000              1.0000000
1 2 2 1 1
      0.0117000              1.0000000
1 3 3 1 1
      0.0454000              1.0000000
1 4 4 1 1
      0.0851000              1.0000000
1 5 5 1 1
      0.1681000              1.0000000



