NB TZVPP-MOLOPT-PBE-Q13
 1
 1 0 4 7 6 4 3 2 1
        11.98468630428456    -3.66555343521049E-01    -2.22793459549866E-01     5.30874787131944E-02    -5.40071877635066E-02    -8.28417961819909E-02    -5.09635344315312E-02     1.26756733299361E-02     1.07111279170756E-02     8.46882735798920E-03     2.58924313134308E-01     1.76782718378890E-03    -6.74744727303773E-02     4.00280481209171E-02     2.46047843166751E-02     1.93798755220656E-02     5.49035497165880E-02
        10.78127479592119     8.58652114188620E-01    -9.38007008859847E-02     1.99426866282261E-01    -1.83176064514261E-01     2.10796310481486E-01     1.56993648549183E-01    -8.97305050192437E-02     8.12334654922603E-02    -9.97330541139828E-02    -1.90955154126910E-01    -1.19904472358305E-02     7.69829897137081E-02    -3.13504964765602E-02    -4.41372501458817E-02    -8.69364492938404E-03    -5.41565504980436E-02
         3.97659826662277     4.40951016813314E-02     6.40653074119780E-01    -3.52364151650988E-01    -5.75647475457579E-01    -3.74374398465055E-02    -3.32744475290101E-01     1.83842527009531E-02    -2.08069769053215E-01     1.41170655071645E-01    -1.55665286105078E-01     4.08339176198280E-03     1.94812387569018E-02    -1.04700725159714E-02     7.42728119457852E-02    -3.72060929988782E-02     1.25024562601640E-03
         1.61151721758561    -2.65917040646757E-01     3.20706850204909E-01     8.06145814555884E-01    -2.01824204515808E-01     3.64235117418831E-01     1.35491983878006E-02     5.34192450496164E-01    -6.22723592249970E-01    -2.97110313385360E-01    -4.37866544332425E-01     2.36791408053507E-01    -3.61436520778824E-01    -8.26472343867048E-02     8.12731082462570E-02     1.41633248142815E-02    -2.25021217287866E-02
         0.61942793210948     2.10985248451783E-01     3.43144814441212E-01     3.60706666771025E-01     3.68583560706652E-01    -7.20295919586224E-01    -2.10000422942378E-01     7.42627168818692E-01     6.24924103028454E-01    -1.68972332046451E-01     5.83551229815517E-02     9.02753824935906E-01    -2.47132092476451E-01    -6.31994817693707E-02     9.52988991770786E-01     2.79532071060498E-01     5.25429584798947E-01
         0.19844722624235     5.71536040089744E-02     3.65834861131797E-01    -1.83182258051498E-01     6.70510591633822E-01     5.35401150792091E-01    -2.28351787153334E-01     3.69037935796480E-01    -1.91284155318891E-01     8.61258819786610E-01     1.73095181721001E-01     8.25790880535986E-02    -2.55568505665190E-02     9.93079013085920E-01    -2.74189843297019E-01     9.55537737235130E-01     8.25941532200671E-01
         0.05627338283999    -8.89728437304770E-02     4.20347176094247E-01    -1.40406680026679E-01     7.73849650351460E-02    -9.56700872127981E-02     8.74990588251283E-01     1.35661707698091E-01    -3.67544462701205E-01    -3.33855509239451E-01     8.04467696631307E-01    -3.49259909989275E-01    -8.92623948740803E-01     1.65714584880372E-02    -4.42340413754488E-02     8.23006792484189E-02    -1.87853923233619E-01
O TZVPP-MOLOPT-PBE-AE
 2
 1 0 0 6 1
     27032.34110717467047     7.35264897360634E-04
      4052.43915960016602     8.66846509689763E-03
       922.34965292725667     3.34607178584762E-02
       261.27735857055188     1.68914563970243E-01
        85.30942400544160     3.28333881314405E-01
        31.08080221478707     9.28692322525900E-01
 1 0 3 6 4 3 2 1
        62.91495630413323     1.16332726109966E-01    -5.81371416541881E-02     1.11937556008261E-02     5.75105170781195E-02    -1.16673038976174E-01     1.57254063503839E-01    -3.81929188419382E-02     1.36166697203113E-01    -8.71583721921845E-02     3.21000644845466E-04
        12.30944986692977     8.69241308775708E-01    -1.42460076990705E-02    -1.06600413011436E-01    -2.47597695986788E-02     1.45932079266690E-01    -6.05243600472558E-02     1.73638156652357E-02    -3.58452443966721E-02     4.76694147153259E-02     4.38837435813283E-02
         4.39539910954103     4.65741956926282E-01    -6.40342096322616E-02    -3.00344470998384E-02    -3.98106989985228E-03     3.91422103647488E-01     5.26377359502661E-02    -3.09523103597808E-02     7.70731222820744E-01    -3.53322944888660E-01    -1.34769543790620E-01
         1.33540846189799     9.21608149605863E-03     9.33076668604289E-01    -3.27550581669708E-01    -1.21459202569881E-01     9.00080356671289E-01     4.50466786404856E-02    -1.97504472088648E-02     5.53665920222864E-01     3.94485051877056E-01     9.40647803425498E-01
         0.45443287552085     9.32917636734327E-02     2.31107250617785E-01     8.41720615852045E-01    -4.78471205438802E-01    -3.61150582409544E-02     9.80775789580233E-01    -6.12678902654526E-02     1.14853463706434E-01     8.35162106564474E-01     2.94962206933611E-01
         0.14893102365245     7.19887781862831E-02     2.61293155746377E-01     4.14519004469322E-01     8.67396456641546E-01     2.07610475621550E-02     6.99062044682833E-02     9.96563053096360E-01     2.57701109533086E-01    -1.10361865139449E-01     8.99460419695147E-02
F TZVPP-MOLOPT-PBE-AE
 2
 1 0 0 6 1
     35479.02878767263610     6.72585320603450E-04
      5318.56312951047130     8.20097950478645E-03
      1210.53207767191157     3.41581776414553E-02
       342.85143677005027     1.67981165419731E-01
       112.04698837680320     3.40179960458393E-01
        40.78491787387953     9.24567700620738E-01
 1 0 3 6 4 3 2 1
        79.87901815644609     1.16918239284466E-01    -1.68147951461107E-02    -2.12818697913285E-02    -7.26226478740949E-03    -2.45424567087636E-01     2.14619427519455E-01     6.35891870315225E-02     1.01451133211560E-01    -3.43565246327839E-02    -1.31870850864618E-02
        16.19635642859436     8.53271420269594E-01     1.38508493185086E-02     1.47303644984199E-01    -9.44612873543678E-02    -1.04048621424425E-01     1.57592183640012E-01     5.70164828779390E-02     5.65110690465166E-02     4.45853785965381E-03     1.05680763536942E-01
         5.77801148801512     4.75828101997680E-01     9.06865843095588E-03     4.56280442532806E-02    -3.42227538288093E-02     3.85471543429814E-01     1.08618595980577E-01    -3.86557846134089E-02     7.78219890128867E-01    -1.58938198405914E-01    -1.90738906372033E-01
         1.80048565891898     5.42202862380103E-03     9.84951172129337E-01    -1.65338157360220E-01    -4.82246452283408E-02     8.82036252116551E-01     2.29685585491659E-02     9.54990517737228E-02     5.96805252189064E-01     2.06883586435839E-01     7.91345089335059E-01
         0.61342852936985    -1.78123417267227E-01     1.16155230853301E-01     8.34960810060312E-01    -5.05012861636734E-01     2.35771402740000E-03     9.52591193174218E-01     7.86110613461027E-02     2.14870962580005E-02     9.58447372992515E-01     5.67195057415070E-01
         0.19458219035665     9.39552285204502E-03     1.25786831338083E-01     5.01268928973589E-01     8.55856016509765E-01    -4.85679584923393E-02    -9.66833470619191E-02     9.87882330256585E-01     1.55723360184243E-01    -1.10073678097833E-01    -6.58715646571095E-02
