B admm-dz
    4
1 0 0 2 1
        2.72444118     -0.14958117
        0.38186495      0.34241433
1 0 0 1 1
        0.13991512      1.00000000  
1 1 1 2 1
        2.60643820     -0.08294808
        0.63350142      0.25487687
1 1 1 1 1
        0.15347686      1.00000000  

B admm-dzp
    5
1 0 0 2 1
        2.72444118     -0.14958117
        0.38186495      0.34241433
1 0 0 1 1
        0.13991512      1.00000000  
1 1 1 2 1
        2.60643820     -0.08294808
        0.63350142      0.25487687
1 1 1 1 1
        0.15347686      1.00000000  
1 2 2 1 1
        0.34300000      1.00000000

B admm-tzp
    7
1 0 0 2 1
        4.03581713      0.06910112
        1.44969103      0.13905814
1 0 0 1 1
        0.47356027      1.00000000
1 0 0 1 1
        0.14249066      1.00000000
1 1 1 2 1
        4.31688617      0.02738426
        1.84277663      0.07410419
1 1 1 1 1
        0.58456773      1.00000000
1 1 1 1 1
        0.15222439      1.00000000
1 2 2 1 1
        0.34300000      1.0000000

B admm-tz2p
    9
1 0 0 2 1
        4.03581713      0.06910112
        1.44969103      0.13905814
1 0 0 1 1
        0.47356027      1.00000000
1 0 0 1 1
        0.14249066      1.00000000
1 1 1 2 1
        4.31688617      0.02738426
        1.84277663      0.07410419
1 1 1 1 1
        0.58456773      1.00000000
1 1 1 1 1
        0.15222439      1.00000000
1 2 2 1 1
        0.66100000      1.00000000
1 2 2 1 1
        0.19900000      1.00000000
1 3 3 1 1
        0.49000000      1.00000000

