CR SVP-MOLOPT-PBE-AE
 4
 1 0 0 6 1
     51528.29128594447684     2.93536213992749E-03
      7737.22408074610212     2.07547042918945E-02
      1760.33698950376174     1.06756022564537E-01
       496.93823781435606     3.56148764305449E-01
       160.70951898972862     7.51220732559057E-01
        53.93364727435224     5.44967197363474E-01
 1 0 0 8 4
       107.29386653332040    -1.25784350395237E-01    -2.14054541788046E-02     7.90091996330008E-03     7.17748983895344E-02
        12.55516900358344     7.06158270209539E-01     3.97651493012283E-02    -9.86183418512278E-02    -3.51097217796516E-01
         8.44843535992434     1.12574435506914E-01    -1.08515045088318E-01     1.21416132492891E-01    -4.48979991634345E-02
         4.94279575951994     5.31750548922868E-01    -2.13583141184432E-02    -1.38970441401533E-01    -1.99973630067156E-01
         1.52522603910052    -1.89145051602647E-01     6.56344855479846E-01    -3.69765474644954E-01    -2.94287818457090E-01
         0.62189197537222    -2.26100139636042E-01     3.61632056950357E-01    -5.24531757336510E-02    -4.21398507656137E-01
         0.17958627586346     2.07519225110540E-01     5.55140055801620E-01     7.78568759181415E-01     1.87123199278091E-01
         0.06480906999449     2.45205612336186E-01     3.40561376781802E-01    -4.58813886716759E-01     7.28269668811273E-01
 1 1 1 5 1
       640.55961815279340     1.42853042147842E-02
       150.75878084670867     1.03285747019847E-01
        46.36707741651579     4.16760417428838E-01
        15.91552370063599     7.86191825896088E-01
         5.80084266035326     4.44230966845805E-01
 1 1 3 5 2 2 1
         9.52645216420881     3.95437703751962E-03    -1.83705962775764E-02     2.40689054241260E-01    -9.47982209640988E-02     6.77736048382735E-03
         2.79726460476080     5.76467265290391E-01    -1.00622146083025E-01     5.41307041908031E-01    -1.11962753351403E-01     7.09582240902808E-02
         1.02516083647256     7.37315661084914E-01    -2.97571039760718E-01     5.96402152394549E-01    -2.72653381805284E-01     2.60064957165581E-01
         0.36834949103584     3.00957844166895E-01     3.98332432483788E-01     5.16105980828801E-01     1.79449122331175E-01     9.61945699245712E-01
         0.12254430765986     1.82920329390132E-01     8.61580207779477E-01     1.64300196960062E-01     9.33775018432560E-01     4.41099487187195E-02

CR TZVPP-MOLOPT-PBE-AE
 4
 1 0 0 8 1
    254477.63328806313802     4.04909797422280E-04
     38131.83113944743673     3.20847214052194E-03
      8675.15825125655101     1.66474868157416E-02
      2455.05248489799351     6.70008643900223E-02
       799.10896735760434     2.18238354653820E-01
       286.94686988496039     5.16383536499997E-01
       111.18606155860770     7.31397994844605E-01
        43.65481368464273     3.82099887510229E-01
 1 0 1 6 1 1
      1306.44148326726736    -1.61789024479521E-03     4.31804391310481E-03
       309.30148601122744    -2.61623926809368E-02     3.64815083301955E-02
        98.98988062872212    -1.30018532787473E-01     1.63385054760885E-01
        36.75560155250297    -5.57353730903616E-02     4.77062436474705E-01
        14.32921188382601     6.77439762351611E-01     7.56803777603753E-01
         5.82018688306305     7.21371630537013E-01     4.14264712275869E-01
 1 0 2 4 1 1 1
        43.70315979950860     1.59790298840905E-02    -1.16028737024675E-02     3.72399216287122E-02
        12.18884750650457    -2.38240289163717E-01    -5.38803916872177E-02     2.11113964295712E-01
         4.36515507951861    -2.72697655865096E-01     2.72530273073310E-01     5.64396223866414E-01
         1.71520285220089     9.31999047053608E-01     9.60567294348534E-01     7.97183156371087E-01
 1 0 4 4 3 3 3 2 1
         2.15504978639742    -2.03026337494354E-01    -1.13216256259526E-01     1.52261816370847E-02    -1.53682964095915E-01     7.88382978391267E-02    -7.02332780405329E-02     2.71457590955088E-02     1.47291757721821E-01    -7.27691202880288E-02     9.97759062605231E-01    -6.49351037475849E-02     1.70162020603191E-01
         0.64228961650875     7.84056657534424E-01    -4.39908019860794E-01    -4.21376426386607E-01     9.42927661490808E-01    -2.82935186495730E-01     3.26508919236961E-02     9.87540498979979E-01    -1.55184146462073E-01    -2.54367817835653E-02     3.36891199422649E-02     6.65469969003220E-01     9.32856851724542E-01
         0.21292557703268     4.94607884437082E-01     8.40011210073462E-01     9.97366110897304E-02     2.84973154623481E-01     9.50169334031965E-01     1.24295708925869E-01     1.53347451154410E-01     9.76588111027329E-01     2.97215486156837E-02     5.73282636805179E-02     7.42986965658134E-01     3.14435936677829E-01
         0.06404322131020     3.15275284017396E-01    -2.96722396073586E-01     9.01256167294706E-01    -7.78413314769958E-02    -1.04453050226919E-01     9.89217763010190E-01     2.26148150987032E-02    -2.23311485178967E-02     9.96581283595516E-01     7.44085815105075E-03    -3.00586346706312E-02     4.41930159680413E-02

CR QZVPP-MOLOPT-PBE-AE
 4
 1 0 0 11 1
   3637838.61571754934266     1.63547094855554E-05
    544864.47965578897856     1.85233393792362E-04
    123997.53263300676190     7.51612438407672E-04
     35116.67359546823718     3.81378279644054E-03
     11455.71646996172240     1.14638125173885E-02
      4136.01903428571313     3.84992658670011E-02
      1613.23945265885595     1.07547931476398E-01
       668.74070015316533     2.68291233191304E-01
       291.05032419179747     5.18899385794261E-01
       131.59919752059113     7.00779886547944E-01
        60.86790853544361     3.93033685262385E-01
 1 0 1 9 1 1
      6395.89498835887298     1.04705461961555E-02     3.16004912515060E-04
      1515.19282124784399     4.38155923143925E-02     2.77790726331377E-03
       491.74104018683619     1.39482798645483E-01     1.55161737922071E-02
       187.30851143012094     4.33203160395181E-01     6.29772569781952E-02
        78.82440416398529     8.68291072246969E-01     1.96811792066753E-01
        35.29887493796495     1.08094977578520E-01     4.43603901390262E-01
        16.46433267181992     3.83668148658817E-02     6.66975175451272E-01
         7.89082384489937    -1.44472530955420E-01     5.40681847332909E-01
         3.74966944568527     5.37763631443660E-02     1.51898812693564E-01
 1 0 2 6 5 1 1
       118.14411102381275    -9.68852647862700E-02     8.92293453305380E-02    -5.01063788804545E-02     2.24724254739741E-02    -2.91756668180894E-02    -2.42605187672014E-03     3.09038650352322E-03
        35.16558309930569     9.83942976947247E-01     1.32097133247132E-02    -9.99201361163521E-02    -6.52882734723799E-02     9.24126747885505E-02    -1.65989815805538E-02     3.69360812289476E-02
        12.94498375695167    -2.10030087818294E-02     9.57699361185495E-01    -1.54366742699756E-01    -1.89338005037576E-01    -1.16592673950882E-01    -5.43931584102326E-02     1.15233880096576E-01
         5.65102284432795     1.22217273973053E-01     1.84956707238347E-01     9.21535901659360E-01     2.63763764291988E-01    -1.76373444019460E-01     1.13768744227019E-01     3.62866202695683E-01
         2.51610820183421     7.15628055932498E-02     2.79362851271204E-02    -3.36243020188917E-01     7.64657118346990E-01    -5.42430696750845E-01     6.12224082375299E-01     7.21683100490175E-01
         1.12064601738421    -4.43851326889186E-02     1.99213808285222E-01    -3.72617668576183E-02     5.52369187497367E-01     8.07264624427601E-01     7.80383443057110E-01     5.76930628152726E-01
 1 0 4 5 4 4 4 3 2
         3.39083831501534    -1.66547792910405E-01    -3.80419607614170E-01    -2.42349718994849E-01    -7.73988073519909E-02    -7.84788103825062E-02     1.34838578043545E-01     4.02370800196313E-03    -2.55728722308787E-02     7.10218656692841E-01    -6.98138114970391E-01    -7.50626105999007E-02    -3.84470927552525E-02     9.87047074668019E-01    -1.52574170482137E-01    -9.22227018880810E-03     6.87177171089145E-01    -4.63650625685560E-01
         0.48895709341945     8.21031757822175E-01     4.32420345011216E-01     7.55372811741292E-02    -5.19951871948017E-02     9.73582776688270E-01    -1.98156112907083E-01    -2.22564810430880E-02    -4.08533634040846E-02     7.02575622433407E-01     7.08738851728504E-01     1.83539841221998E-02     5.88770972347611E-02     1.47914040239166E-01     9.82860694687974E-01     5.62791507488317E-02     7.20697021831339E-01     5.03921198769956E-01
         0.16544136691448    -5.35419664603471E-01     8.05997098714263E-01     7.62621314502226E-03     1.07513488892998E-02     2.11580143093108E-01     9.67422260416543E-01     7.60687390174394E-02     1.66497389856194E-02     3.92719555379733E-02    -6.80232397121603E-02     9.94893544021577E-01     5.07341595719265E-02     1.62549644419520E-02    -3.33902328168235E-02     9.66421884837283E-01    -7.66100393512576E-02     7.04107940745681E-01
         0.03985546741819    -1.01104705388790E-01    -1.35698408050990E-01     9.67104242169162E-01    -4.31673897714643E-04     4.31532814823428E-03    -7.77387084768061E-02     9.95779019424268E-01    -4.82730223494579E-02    -1.69423923593764E-02    -6.27887138207677E-02    -5.68201566289650E-02     9.94107562868475E-01     5.31267347455979E-02     7.63753235124624E-02    -2.07761050715534E-01    -4.18458430966125E-02    -1.66362309408424E-01
         0.00804446447498     3.56694074558930E-02    -1.57539290235911E-02    -1.45587948476430E-02     9.95585328981787E-01     3.45380116476990E-02    -2.45677846712737E-02     4.61101967490195E-02     9.97531720001623E-01    -1.21500328020750E-02     4.15069723293056E-02    -3.14172185531449E-02    -6.50500344358726E-02     2.77999150303405E-02     6.13015468806953E-02    -1.40041755332778E-01     2.76254510097123E-02     8.74477702335052E-02
