CR SVP-MOLOPT-PBE-AE
 4
 1 0 0 6 1
     51528.29128594447684     2.93536213992749E-03
      7737.22408074610212     2.07547042918945E-02
      1760.33698950376174     1.06756022564537E-01
       496.93823781435606     3.56148764305449E-01
       160.70951898972862     7.51220732559057E-01
        53.93364727435224     5.44967197363474E-01
 1 0 0 8 4
       107.29386653332040    -1.25784350395237E-01    -2.14054541788046E-02     7.90091996330008E-03     7.17748983895344E-02
        12.55516900358344     7.06158270209539E-01     3.97651493012283E-02    -9.86183418512278E-02    -3.51097217796516E-01
         8.44843535992434     1.12574435506914E-01    -1.08515045088318E-01     1.21416132492891E-01    -4.48979991634345E-02
         4.94279575951994     5.31750548922868E-01    -2.13583141184432E-02    -1.38970441401533E-01    -1.99973630067156E-01
         1.52522603910052    -1.89145051602647E-01     6.56344855479846E-01    -3.69765474644954E-01    -2.94287818457090E-01
         0.62189197537222    -2.26100139636042E-01     3.61632056950357E-01    -5.24531757336510E-02    -4.21398507656137E-01
         0.17958627586346     2.07519225110540E-01     5.55140055801620E-01     7.78568759181415E-01     1.87123199278091E-01
         0.06480906999449     2.45205612336186E-01     3.40561376781802E-01    -4.58813886716759E-01     7.28269668811273E-01
 1 1 1 5 1
       640.55961815279340     1.42853042147842E-02
       150.75878084670867     1.03285747019847E-01
        46.36707741651579     4.16760417428838E-01
        15.91552370063599     7.86191825896088E-01
         5.80084266035326     4.44230966845805E-01
 1 1 3 5 2 2 1
         9.52645216420881     3.95437703751962E-03    -1.83705962775764E-02     2.40689054241260E-01    -9.47982209640988E-02     6.77736048382735E-03
         2.79726460476080     5.76467265290391E-01    -1.00622146083025E-01     5.41307041908031E-01    -1.11962753351403E-01     7.09582240902808E-02
         1.02516083647256     7.37315661084914E-01    -2.97571039760718E-01     5.96402152394549E-01    -2.72653381805284E-01     2.60064957165581E-01
         0.36834949103584     3.00957844166895E-01     3.98332432483788E-01     5.16105980828801E-01     1.79449122331175E-01     9.61945699245712E-01
         0.12254430765986     1.82920329390132E-01     8.61580207779477E-01     1.64300196960062E-01     9.33775018432560E-01     4.41099487187195E-02
C SVP-MOLOPT-PBE-AE
 2
 1 0 0 7 3
      1238.39426419178358    -4.78406537374023E-03     1.27146911459613E-03    -5.36949721028131E-02
       186.27092160057330     7.27577956373038E-02    -3.87014813631117E-03     3.12678868824760E-02
        40.80523427140306     2.82729712730794E-01     3.91219182986007E-02    -1.20909941390461E-01
        10.50190712188572     7.36614416920618E-01    -1.03553210085742E-02    -1.50059003947046E-01
         3.17652800649052     5.70205094939138E-01    -6.02785487184621E-02    -1.16302283183318E-01
         0.52377208128119    -9.67834489581362E-02     8.18843449080152E-01    -5.58118156557381E-01
         0.16127813865472     1.94024843588592E-01     5.69392264276621E-01     7.96228706387491E-01
 2 1 2 4 2 1
         4.14554558811762     2.38798494806177E-01    -1.02514582239433E-01     4.69156263784244E-02
         0.93752931792561     7.23206993243051E-01    -3.26894283377303E-01     7.30958288976847E-01
         0.30089930346209     6.40598750295380E-01     2.69762855262236E-01     6.78270396676493E-01
         0.09693513829087     9.78783169177316E-02     8.99921602054468E-01     5.87211441464886E-02
O SVP-MOLOPT-PBE-AE
 2
 1 0 0 7 3
      2266.11882679815517    -6.53195164418799E-03     4.31511781018852E-03    -1.50255386286268E-02
       340.90332514956907    -6.49692043203330E-02    -8.38643395903431E-03     2.78970138112306E-02
        76.92814265988143    -2.68398557546813E-01     9.66356731438743E-02    -1.03149893654597E-01
        19.69260394517260    -7.46654382968193E-01     7.27513962145946E-02    -4.77845342576543E-02
         5.94653840051691    -5.84020787076508E-01     6.76448442348491E-02    -6.55152912382769E-02
         0.94188304160944     1.58317373375200E-01     7.83140450398519E-01    -5.91846167956205E-01
         0.29333843489112    -7.81743877443225E-03     6.06131205686227E-01     7.94668854066698E-01
 2 1 2 4 2 1
        16.36868614237306     1.01723539743118E-01    -2.55855611750852E-02     8.33706707858758E-03
         2.90797745788635     5.10732722414240E-01    -9.49942456369113E-02     1.82905409616553E-01
         0.75006795444374     8.35859133120747E-01    -1.43391921218567E-01     8.94419927848460E-01
         0.19193642427748     1.73620037138872E-01     9.84764047518226E-01     4.08030755106872E-01
F SVP-MOLOPT-PBE-AE
 2
 1 0 0 7 3
      2894.85760373222138    -1.89225166552882E-02    -1.69242373474079E-02     1.56429205622782E-01
       435.72006333230098    -5.47718508603712E-02     4.35884037952142E-03    -7.98432634961778E-02
        98.52635730461387    -2.73685193620500E-01     1.03734081139359E-01    -3.50907504362976E-02
        25.52164954648142    -7.37742492792940E-01     9.09854482000018E-02     1.19033433504314E-02
         7.74033527583515    -5.97666004055640E-01     7.53553007481536E-02    -4.08316440936959E-03
         1.29027540045465     1.18958584280118E-01     8.03005387331711E-01    -5.67628929674378E-01
         0.39691722964189     7.82215741311875E-02     5.74594975519432E-01     8.03469123562649E-01
 2 1 2 4 2 1
        20.86106496273842    -1.10459850494974E-01    -4.27931460741902E-02     1.87770753897563E-02
         3.47280160970880    -5.28022336274227E-01    -8.76852813264224E-03     1.42075306386988E-01
         0.85628499813330    -8.26328796839365E-01    -1.81029642926015E-01     9.03974169721402E-01
         0.22140677163303    -1.61776862802262E-01     9.82507062542321E-01     4.02855717635176E-01
CL SVP-MOLOPT-PBE-AE
 3
 1 0 0 5 1
     10449.73865986333476     7.92960573941961E-03
      1571.78177464848341     6.21680867531297E-02
       357.17329535888280     2.69577117620510E-01
       100.08667457398440     7.19173472798793E-01
        30.61002596530858     6.37330325671244E-01
 1 0 0 5 3
        51.91245118574216    -1.18096328736624E-01    -6.40377047377502E-02     3.89634888740843E-02
         5.60412729707609     7.74483936348342E-01    -1.94653261999477E-01     5.74322043222265E-01
         2.19075124977087     6.12385827448821E-01     3.85229430631324E-01    -6.60064309823226E-01
         0.56484358945251    -5.02206802462349E-02     5.97599003556938E-01     4.62892544090272E-01
         0.20200153999791    -9.32167961943450E-02     6.72668563772758E-01     1.36680784044379E-01
 1 1 2 7 3 1
       307.66262352364191    -1.41860191757227E-02     4.53707609941391E-03    -4.23704216636409E-03     5.12444630001981E-03
        72.14728379673939    -8.85277776059412E-02    -4.94482703050064E-03    -1.47096881368273E-02    -3.60621072277412E-03
        22.55518606717056    -3.78386770918235E-01    -9.49655880135036E-04     2.33703317780398E-03     7.21261594348665E-03
         7.24782137179115    -7.68325377362051E-01    -8.89706781187266E-02    -6.32538811770098E-02    -8.30729065003500E-03
         2.47105439082271    -5.07191220590418E-01     1.39408082259565E-01     2.81680450029172E-02     2.51018124766366E-01
         0.54359214040661     1.77332693550757E-03     9.86199274331532E-01    -1.36123356582732E-02     8.60344615069135E-01
         0.15406764967487    -3.48579490965011E-02     3.82859289817821E-03     9.97386797034735E-01     4.43437421456475E-01
