IR DZVP-MOLOPT-PBE0-GTH-Q17
 1
 2 0 3 6 3 2 2 1
         3.46534573496886     5.00290995788782E-01    -4.42224997571339E-01     3.04871474773377E-01     6.14506885337020E-01     3.03702180237454E-01    -1.47855755759590E-01     8.95581969804950E-02     4.75855828339899E-02
         3.32660055418720    -3.36559526257039E-02     7.64642353424124E-01     5.78640886242617E-02    -5.24332370638259E-01    -2.30059101086180E-01     1.75993474389967E-01    -8.73538437315409E-02    -3.90627185840238E-02
         1.53361506031295    -5.84620858202462E-01    -4.12361848383326E-01    -4.02374991370104E-01    -1.75901302195592E-01    -3.41033315410538E-01     4.44784524889496E-01    -1.44350305124185E-01    -7.14921492069721E-02
         0.73836048172648    -5.35611390185083E-01    -1.28653256441870E-01     6.68023102509812E-01    -9.89612752839681E-02    -4.29904120196306E-01     7.16939263950679E-01    -4.37880138072417E-01    -3.61955975285249E-01
         0.16159284154741    -4.37474735208426E-02     3.05949864271688E-02    -5.23060837717846E-01    -4.01801836523821E-01     5.91153888626988E-01     1.81769936690621E-01     7.11266637815562E-02    -3.92147106699199E-01
         0.34766820906860    -3.43513094080398E-01     1.79524692684201E-01     1.48162046409225E-01    -3.81152902416350E-01     4.51944245351087E-01     4.49766028954033E-01     8.75621840254382E-01    -8.40420791977266E-01
F DZVP-MOLOPT-PBE0-GTH-Q7
 1
 2 0 2 5 2 2 1
        13.31501907729122     1.31813146289282E-01    -5.24225688764356E-02    -9.80506809064632E-02     4.64420401614479E-02     4.89385522399914E-03
         4.62512020147175     1.34547810393351E-01    -5.37398783766778E-02    -3.12727206728056E-01     1.25929415842544E-01     2.30296758923593E-02
         1.62272294024072    -5.51865766775749E-01     1.65440705311574E-01    -5.86706702362430E-01     2.77907352966805E-01     5.26472480151814E-01
         0.55216173678272    -7.87309125215089E-01     1.14519053917377E-01    -6.52997838515906E-01     1.82287680337408E-01     8.49582617686734E-01
         0.17330337957192    -2.00276553789357E-01    -9.76667117835106E-01    -3.49223175694863E-01    -9.33554296168888E-01    -2.19496600587510E-02
