IR TZV2P-MOLOPT-PBE0-GTH-Q17
 1
 2 0 3 6 4 3 3 2
         3.46534573496886     4.96248145924294E-01    -4.46416717651009E-01     3.08219449674187E-01    -2.36792479303080E-01     6.35957171410229E-01     2.60870855472870E-01     2.56609557133684E-01    -1.43644250828845E-01     5.45262408892168E-02     2.14885078669152E-02     5.66349338870508E-02     5.22423655366589E-02
         3.32660055418720     2.47660342452413E-02     7.29650829320479E-01    -9.24840772915803E-02    -4.89237179272934E-01    -5.54424254749244E-01    -1.72724695080614E-01     6.35154754484836E-02     1.72155042237478E-01    -5.43312835200611E-02     2.26670023859444E-02    -4.81781855881616E-02    -5.35341823550220E-02
         1.53361506031295    -4.97463102544280E-01    -4.79985799128218E-01    -5.29794526742787E-01    -2.69329065395185E-01    -1.62145871513862E-01    -3.81808677340770E-01     2.26658984571091E-01     4.37103518211775E-01    -1.21767476417111E-01    -6.24360047159458E-01    -7.20410583472535E-02    -4.59230016673706E-02
         0.73836048172648    -6.00473407110594E-01    -5.86673994859073E-02     7.00638221715885E-01    -3.58452753584861E-01    -1.18042923802482E-01    -4.28018084317952E-01     3.50282602272874E-02     6.98586524064485E-01    -5.03375749873378E-01     4.21189368917923E-01    -3.45025750058590E-01    -7.20898825333866E-01
         0.16159284154741    -5.53123219822993E-02     4.07802358728315E-02    -3.51695460303442E-01    -3.25626083612152E-01    -3.66222364135312E-01     6.15750943006539E-01    -4.94909054112839E-01     1.81209885264662E-01     3.87440831923861E-02    -6.29494100543448E-01    -4.08259600410259E-01    -4.45243997511612E-01
         0.34766820906860    -3.76864852714344E-01     1.81191949900097E-01     3.43745719421459E-02     6.30489837994842E-01    -3.37384033967170E-01     4.40438424827810E-01     7.95349654819812E-01     4.87656980756750E-01     8.51093081178292E-01     1.88509085815632E-01    -8.38786482412904E-01     5.23792488293508E-01
IR TZVP-MOLOPT-PBE0-GTH-q17
 1
 2 0 3 6 4 3 3 1
         3.46534573496886     4.96248145924294E-01    -4.46416717651009E-01     3.08219449674187E-01    -2.36792479303080E-01     6.35957171410229E-01     2.60870855472870E-01     2.56609557133684E-01    -1.43644250828845E-01     5.45262408892168E-02     2.14885078669152E-02     5.66349338870508E-02
         3.32660055418720     2.47660342452413E-02     7.29650829320479E-01    -9.24840772915803E-02    -4.89237179272934E-01    -5.54424254749244E-01    -1.72724695080614E-01     6.35154754484836E-02     1.72155042237478E-01    -5.43312835200611E-02     2.26670023859444E-02    -4.81781855881616E-02
         1.53361506031295    -4.97463102544280E-01    -4.79985799128218E-01    -5.29794526742787E-01    -2.69329065395185E-01    -1.62145871513862E-01    -3.81808677340770E-01     2.26658984571091E-01     4.37103518211775E-01    -1.21767476417111E-01    -6.24360047159458E-01    -7.20410583472535E-02
         0.73836048172648    -6.00473407110594E-01    -5.86673994859073E-02     7.00638221715885E-01    -3.58452753584861E-01    -1.18042923802482E-01    -4.28018084317952E-01     3.50282602272874E-02     6.98586524064485E-01    -5.03375749873378E-01     4.21189368917923E-01    -3.45025750058590E-01
         0.16159284154741    -5.53123219822993E-02     4.07802358728315E-02    -3.51695460303442E-01    -3.25626083612152E-01    -3.66222364135312E-01     6.15750943006539E-01    -4.94909054112839E-01     1.81209885264662E-01     3.87440831923861E-02    -6.29494100543448E-01    -4.08259600410259E-01
         0.34766820906860    -3.76864852714344E-01     1.81191949900097E-01     3.43745719421459E-02     6.30489837994842E-01    -3.37384033967170E-01     4.40438424827810E-01     7.95349654819812E-01     4.87656980756750E-01     8.51093081178292E-01     1.88509085815632E-01    -8.38786482412904E-01
IR DZVP-MOLOPT-PBE0-GTH-q17
 1
 2 0 3 6 3 2 2 1
         3.46534573496886     4.96248145924294E-01    -4.46416717651009E-01     3.08219449674187E-01     6.35957171410229E-01     2.60870855472870E-01    -1.43644250828845E-01     5.45262408892168E-02     5.66349338870508E-02
         3.32660055418720     2.47660342452413E-02     7.29650829320479E-01    -9.24840772915803E-02    -5.54424254749244E-01    -1.72724695080614E-01     1.72155042237478E-01    -5.43312835200611E-02    -4.81781855881616E-02
         1.53361506031295    -4.97463102544280E-01    -4.79985799128218E-01    -5.29794526742787E-01    -1.62145871513862E-01    -3.81808677340770E-01     4.37103518211775E-01    -1.21767476417111E-01    -7.20410583472535E-02
         0.73836048172648    -6.00473407110594E-01    -5.86673994859073E-02     7.00638221715885E-01    -1.18042923802482E-01    -4.28018084317952E-01     6.98586524064485E-01    -5.03375749873378E-01    -3.45025750058590E-01
         0.16159284154741    -5.53123219822993E-02     4.07802358728315E-02    -3.51695460303442E-01    -3.66222364135312E-01     6.15750943006539E-01     1.81209885264662E-01     3.87440831923861E-02    -4.08259600410259E-01
         0.34766820906860    -3.76864852714344E-01     1.81191949900097E-01     3.43745719421459E-02    -3.37384033967170E-01     4.40438424827810E-01     4.87656980756750E-01     8.51093081178292E-01    -8.38786482412904E-01
F TZV2P-MOLOPT-PBE0-GTH-Q7
 1
 2 0 3 5 3 3 2 1
        13.31501907729122     1.31813146289282E-01    -5.24225688764356E-02    -5.17923286744451E-01    -9.80506809064632E-02     4.64420401614479E-02     6.35659142568778E-02     4.89385522399914E-03     1.52535072278595E-01     5.41962851226601E-02
         4.62512020147175     1.34547810393351E-01    -5.37398783766778E-02    -2.73506612070950E-02    -3.12727206728056E-01     1.25929415842544E-01     1.88833971660508E-01     2.30296758923593E-02    -1.84322551941015E-01     3.68925101794283E-02
         1.62272294024072    -5.51865766775749E-01     1.65440705311574E-01    -7.34790083225985E-01    -5.86706702362430E-01     2.77907352966805E-01     6.51110127867809E-01     5.26472480151814E-01    -8.13967424463323E-01     8.50449987353287E-02
         0.55216173678272    -7.87309125215089E-01     1.14519053917377E-01     4.34902286738320E-01    -6.52997838515906E-01     1.82287680337408E-01    -7.27945836193775E-01     8.49582617686734E-01     5.11993820603493E-01     9.94034575948952E-01
         0.17330337957192    -2.00276553789357E-01    -9.76667117835106E-01    -4.41695026221844E-02    -3.49223175694863E-01    -9.33554296168888E-01     8.03216449515110E-02    -2.19496600587510E-02     1.34452996051777E-01    -1.90870474316679E-02
F TZVP-MOLOPT-PBE0-GTH-q7
 1
 2 0 2 5 3 3 1
        13.31501907729122     1.31813146289282E-01    -5.24225688764356E-02    -5.17923286744451E-01    -9.80506809064632E-02     4.64420401614479E-02     6.35659142568778E-02     4.89385522399914E-03
         4.62512020147175     1.34547810393351E-01    -5.37398783766778E-02    -2.73506612070950E-02    -3.12727206728056E-01     1.25929415842544E-01     1.88833971660508E-01     2.30296758923593E-02
         1.62272294024072    -5.51865766775749E-01     1.65440705311574E-01    -7.34790083225985E-01    -5.86706702362430E-01     2.77907352966805E-01     6.51110127867809E-01     5.26472480151814E-01
         0.55216173678272    -7.87309125215089E-01     1.14519053917377E-01     4.34902286738320E-01    -6.52997838515906E-01     1.82287680337408E-01    -7.27945836193775E-01     8.49582617686734E-01
         0.17330337957192    -2.00276553789357E-01    -9.76667117835106E-01    -4.41695026221844E-02    -3.49223175694863E-01    -9.33554296168888E-01     8.03216449515110E-02    -2.19496600587510E-02
F DZVP-MOLOPT-PBE0-GTH-q7
 1
 2 0 2 5 2 2 1
        13.31501907729122     1.31813146289282E-01    -5.24225688764356E-02    -9.80506809064632E-02     4.64420401614479E-02     4.89385522399914E-03
         4.62512020147175     1.34547810393351E-01    -5.37398783766778E-02    -3.12727206728056E-01     1.25929415842544E-01     2.30296758923593E-02
         1.62272294024072    -5.51865766775749E-01     1.65440705311574E-01    -5.86706702362430E-01     2.77907352966805E-01     5.26472480151814E-01
         0.55216173678272    -7.87309125215089E-01     1.14519053917377E-01    -6.52997838515906E-01     1.82287680337408E-01     8.49582617686734E-01
         0.17330337957192    -2.00276553789357E-01    -9.76667117835106E-01    -3.49223175694863E-01    -9.33554296168888E-01    -2.19496600587510E-02
