IR TZV2P-MOLOPT-PBE0-GTH-Q17
 1
 2 0 3 6 4 3 3 2
         3.46534573496886     5.00290995788782E-01    -4.42224997571339E-01     3.04871474773377E-01     2.26496235718953E-01     6.14506885337020E-01     3.03702180237454E-01     1.20226468143196E-01    -1.47855755759590E-01     8.95581969804950E-02    -6.76965681690732E-02     4.75855828339899E-02     7.37947495371384E-02
         3.32660055418720    -3.36559526257039E-02     7.64642353424124E-01     5.78640886242615E-02    -1.73003898534727E-01    -5.24332370638259E-01    -2.30059101086180E-01    -1.18877813565578E-01     1.75993474389967E-01    -8.73538437315410E-02    -1.51480279262251E-02    -3.90627185840238E-02    -6.05776658069790E-02
         1.53361506031295    -5.84620858202462E-01    -4.12361848383326E-01    -4.02374991370104E-01    -7.38357575829484E-02    -1.75901302195592E-01    -3.41033315410538E-01     1.07973925578576E-01     4.44784524889496E-01    -1.44350305124185E-01    -4.18340003398988E-01    -7.14921492069721E-02    -1.10868564182676E-01
         0.73836048172648    -5.35611390185083E-01    -1.28653256441870E-01     6.68023102509812E-01    -2.85618762485067E-01    -9.89612752839681E-02    -4.29904120196306E-01     1.94135291662621E-01     7.16939263950679E-01    -4.37880138072417E-01     3.46260902951356E-01    -3.61955975285249E-01    -5.61313930583332E-01
         0.16159284154741    -4.37474735208426E-02     3.05949864271688E-02    -5.23060837717846E-01     6.26231810098791E-02    -4.01801836523821E-01     5.91153888626988E-01    -5.21150570998702E-01     1.81769936690621E-01     7.11266637815561E-02    -8.18098911185605E-01    -3.92147106699199E-01    -6.08133720281145E-01
         0.34766820906860    -3.43513094080398E-01     1.79524692684201E-01     1.48162046409225E-01     9.09844847716239E-01    -3.81152902416350E-01     4.51944245351087E-01     8.06516499566890E-01     4.49766028954033E-01     8.75621840254382E-01     1.76059399261869E-01    -8.40420791977266E-01     5.41934398624322E-01
IR TZVP-MOLOPT-PBE0-GTH-q17
 1
 2 0 3 6 4 3 3 1
         3.46534573496886     5.00290995788782E-01    -4.42224997571339E-01     3.04871474773377E-01     2.26496235718953E-01     6.14506885337020E-01     3.03702180237454E-01     1.20226468143196E-01    -1.47855755759590E-01     8.95581969804950E-02    -6.76965681690732E-02     4.75855828339899E-02
         3.32660055418720    -3.36559526257039E-02     7.64642353424124E-01     5.78640886242615E-02    -1.73003898534727E-01    -5.24332370638259E-01    -2.30059101086180E-01    -1.18877813565578E-01     1.75993474389967E-01    -8.73538437315410E-02    -1.51480279262251E-02    -3.90627185840238E-02
         1.53361506031295    -5.84620858202462E-01    -4.12361848383326E-01    -4.02374991370104E-01    -7.38357575829484E-02    -1.75901302195592E-01    -3.41033315410538E-01     1.07973925578576E-01     4.44784524889496E-01    -1.44350305124185E-01    -4.18340003398988E-01    -7.14921492069721E-02
         0.73836048172648    -5.35611390185083E-01    -1.28653256441870E-01     6.68023102509812E-01    -2.85618762485067E-01    -9.89612752839681E-02    -4.29904120196306E-01     1.94135291662621E-01     7.16939263950679E-01    -4.37880138072417E-01     3.46260902951356E-01    -3.61955975285249E-01
         0.16159284154741    -4.37474735208426E-02     3.05949864271688E-02    -5.23060837717846E-01     6.26231810098791E-02    -4.01801836523821E-01     5.91153888626988E-01    -5.21150570998702E-01     1.81769936690621E-01     7.11266637815561E-02    -8.18098911185605E-01    -3.92147106699199E-01
         0.34766820906860    -3.43513094080398E-01     1.79524692684201E-01     1.48162046409225E-01     9.09844847716239E-01    -3.81152902416350E-01     4.51944245351087E-01     8.06516499566890E-01     4.49766028954033E-01     8.75621840254382E-01     1.76059399261869E-01    -8.40420791977266E-01
IR DZVP-MOLOPT-PBE0-GTH-q17
 1
 2 0 3 6 3 2 2 1
         3.46534573496886     5.00290995788782E-01    -4.42224997571339E-01     3.04871474773377E-01     6.14506885337020E-01     3.03702180237454E-01    -1.47855755759590E-01     8.95581969804950E-02     4.75855828339899E-02
         3.32660055418720    -3.36559526257039E-02     7.64642353424124E-01     5.78640886242615E-02    -5.24332370638259E-01    -2.30059101086180E-01     1.75993474389967E-01    -8.73538437315410E-02    -3.90627185840238E-02
         1.53361506031295    -5.84620858202462E-01    -4.12361848383326E-01    -4.02374991370104E-01    -1.75901302195592E-01    -3.41033315410538E-01     4.44784524889496E-01    -1.44350305124185E-01    -7.14921492069721E-02
         0.73836048172648    -5.35611390185083E-01    -1.28653256441870E-01     6.68023102509812E-01    -9.89612752839681E-02    -4.29904120196306E-01     7.16939263950679E-01    -4.37880138072417E-01    -3.61955975285249E-01
         0.16159284154741    -4.37474735208426E-02     3.05949864271688E-02    -5.23060837717846E-01    -4.01801836523821E-01     5.91153888626988E-01     1.81769936690621E-01     7.11266637815561E-02    -3.92147106699199E-01
         0.34766820906860    -3.43513094080398E-01     1.79524692684201E-01     1.48162046409225E-01    -3.81152902416350E-01     4.51944245351087E-01     4.49766028954033E-01     8.75621840254382E-01    -8.40420791977266E-01
F TZV2P-MOLOPT-PBE0-GTH-Q7
 1
 2 0 3 5 3 3 2 1
        13.31501907729122     1.31813146289282E-01    -5.24225688764356E-02    -5.17923286744451E-01    -9.80506809064632E-02     4.64420401614479E-02     6.35659142568778E-02     4.89385522399914E-03     1.52535072278595E-01     5.41962851226601E-02
         4.62512020147175     1.34547810393351E-01    -5.37398783766778E-02    -2.73506612070950E-02    -3.12727206728056E-01     1.25929415842544E-01     1.88833971660508E-01     2.30296758923593E-02    -1.84322551941015E-01     3.68925101794283E-02
         1.62272294024072    -5.51865766775749E-01     1.65440705311574E-01    -7.34790083225985E-01    -5.86706702362430E-01     2.77907352966805E-01     6.51110127867809E-01     5.26472480151814E-01    -8.13967424463323E-01     8.50449987353287E-02
         0.55216173678272    -7.87309125215089E-01     1.14519053917377E-01     4.34902286738320E-01    -6.52997838515906E-01     1.82287680337408E-01    -7.27945836193775E-01     8.49582617686734E-01     5.11993820603493E-01     9.94034575948952E-01
         0.17330337957192    -2.00276553789357E-01    -9.76667117835106E-01    -4.41695026221844E-02    -3.49223175694863E-01    -9.33554296168888E-01     8.03216449515110E-02    -2.19496600587510E-02     1.34452996051777E-01    -1.90870474316679E-02
F TZVP-MOLOPT-PBE0-GTH-q7
 1
 2 0 2 5 3 3 1
        13.31501907729122     1.31813146289282E-01    -5.24225688764356E-02    -5.17923286744451E-01    -9.80506809064632E-02     4.64420401614479E-02     6.35659142568778E-02     4.89385522399914E-03
         4.62512020147175     1.34547810393351E-01    -5.37398783766778E-02    -2.73506612070950E-02    -3.12727206728056E-01     1.25929415842544E-01     1.88833971660508E-01     2.30296758923593E-02
         1.62272294024072    -5.51865766775749E-01     1.65440705311574E-01    -7.34790083225985E-01    -5.86706702362430E-01     2.77907352966805E-01     6.51110127867809E-01     5.26472480151814E-01
         0.55216173678272    -7.87309125215089E-01     1.14519053917377E-01     4.34902286738320E-01    -6.52997838515906E-01     1.82287680337408E-01    -7.27945836193775E-01     8.49582617686734E-01
         0.17330337957192    -2.00276553789357E-01    -9.76667117835106E-01    -4.41695026221844E-02    -3.49223175694863E-01    -9.33554296168888E-01     8.03216449515110E-02    -2.19496600587510E-02
F DZVP-MOLOPT-PBE0-GTH-q7
 1
 2 0 2 5 2 2 1
        13.31501907729122     1.31813146289282E-01    -5.24225688764356E-02    -9.80506809064632E-02     4.64420401614479E-02     4.89385522399914E-03
         4.62512020147175     1.34547810393351E-01    -5.37398783766778E-02    -3.12727206728056E-01     1.25929415842544E-01     2.30296758923593E-02
         1.62272294024072    -5.51865766775749E-01     1.65440705311574E-01    -5.86706702362430E-01     2.77907352966805E-01     5.26472480151814E-01
         0.55216173678272    -7.87309125215089E-01     1.14519053917377E-01    -6.52997838515906E-01     1.82287680337408E-01     8.49582617686734E-01
         0.17330337957192    -2.00276553789357E-01    -9.76667117835106E-01    -3.49223175694863E-01    -9.33554296168888E-01    -2.19496600587510E-02
