################################################################################################
# Iridium
################################################################################################
Ir ccGRB-D-q17
    2
  2  0  2  7  3  2  2
   7.75735785721       -0.0287322806    0.0249531683   -0.0351258859    0.0091169205   -0.0846720925    0.0000577110   -0.0015885347
   3.55218529964        0.7023023398   -0.2220769258    0.2515541807    0.2331488880    0.5454870394   -0.0040894019    0.0095342975
   1.62658738133       -0.7625683026    0.2437022380   -0.3830202367   -0.5689201014   -1.6523432397   -0.2495713802    0.0763588233
  0.744833471771       -0.7089204468    0.6547097496   -0.2108556459   -0.5349136601    1.4212605696   -0.4293968244    0.2193293408
  0.341067997353       -0.0210969000   -0.2086823021   -1.1235120241   -0.1185619316    0.6203572607   -0.3181828755    0.2682964148
  0.156179043004       -0.0214226707   -0.3596371670    3.9455739825   -0.0061407826   -1.5052980612   -0.1746964633   -0.3317067538
  0.715162186511E-01    0.0060067724   -0.7392964647   -2.7981162158   -0.0000237278    0.0238683922   -0.0411463649   -0.7967249768
  3 3 3 1 1
      0.7127000              1.0000000

Ir ccGRB-T-q17
    4
  2  0  2  8  4  3  3
   7.04248988075       -0.0405634042   -0.0294483769    0.0105424762    0.2373660661   -0.0066360183    0.0941723355    0.0189807359   -0.0000242525   -0.0008005404    0.0017069373
   3.60631543422        0.7153822979    0.2148706880   -0.0977584804   -1.2827582557   -0.2486128452   -0.5372843190   -0.2770146009   -0.0000802261    0.0036834488   -0.0050091271
   1.84672058196       -0.5124247283   -0.1029347018   -0.1523821726    4.1148937784    0.4182301991    1.0890286178    0.5149923216   -0.1671971213    0.0631500530   -0.0947351402
  0.945667945598       -0.8123129609   -0.5985524824    1.0262995948  -10.3670529513    0.5451763826    0.4023772136    0.9547096929   -0.3619324533    0.1201520933   -0.1841774018
  0.484257267756       -0.1573241246   -0.1567355246   -0.5949169782   18.7486320368    0.2418278551   -2.5477516434   -0.6899050609   -0.3156234004    0.2933439624   -0.5173442618
  0.247978270244       -0.0368610420    0.2916830482    1.1619327915  -22.2928894348    0.0337162778    1.6609239715   -1.2402694059   -0.2378854710    0.0413722407    0.5365239366
  0.126984614600        0.0128682992    0.3855788012   -4.1640627288   15.7025513922    0.0029225676    0.3264442678    0.4772188539   -0.1032572953   -0.4278371164    1.3714184452
  0.650262312469E-01   -0.0034726636    0.6053208673    3.1924012697   -5.0529060172   -0.0002164051    0.1564717446    0.1294981786   -0.0314810327   -0.6579719189   -1.4759611446
  3 3 3 1 1
      1.1759000              1.0000000
  3 3 3 1 1
      0.3847000              1.0000000
  4 4 4 1 1
      0.9577000              1.0000000

Ir ccGRB-Q-q17
    6
  2  0  2  9  5  4  4
   7.10161978566       -0.0393371639   -0.0291281350    0.0124972643   -0.0463460529   -0.2342277745    0.0068556678   -0.0942158998   -0.0169297306   -0.3244816158   -0.0000258904   -0.0004517171    0.0027150351   -0.0170480741
   3.60083892794        0.7146924241    0.2163926084   -0.1102470777    0.2828621702    1.2364387178    0.2475840509    0.5448259290    0.2688427537    1.6471532615   -0.0003509344    0.0023381980   -0.0099302037    0.0712280427
   1.82578642286       -0.5348707218   -0.1165378798   -0.1037172390   -0.2613852251   -4.7613619974   -0.4317592650   -1.1568284311   -0.5192861116   -3.8974300490   -0.1740310266    0.0688374910   -0.0825120535   -0.0525249413
  0.925755394400       -0.8093922125   -0.6043709926    0.9421574328   -0.2826068285   13.5404716428   -0.5473627132   -0.2495379750   -0.9764373414    3.7604730450   -0.3692258866    0.1142806044   -0.2211921976    0.5515460230
  0.469399399365       -0.1390754066   -0.1323555001   -0.4373412830   -3.1567431081  -21.4492490646   -0.2303374734    2.4669768462    0.8302929124   -0.0902780941   -0.3158722030    0.3208394467   -0.4539981743    0.6790814564
  0.238006494434       -0.0381356292    0.3057365951    0.7657561911    9.5077343279   20.2447983538   -0.0290597384   -1.7826908035    1.1158744983   -4.3881922441   -0.2361005858   -0.0309667678    0.5373632876   -3.3785611824
  0.120679940088        0.0169288948    0.4234362261   -3.7089643312   -9.6279224501  -11.7493421642   -0.0026106492   -0.1973943697   -0.4795313461    5.8501962945   -0.0929160777   -0.4001687642    1.3521466080    3.9281009665
  0.611901283378E-01   -0.0067312640    0.5597914827    3.0590619281    3.5141724386    3.6166245393    0.0003485862   -0.1937653016   -0.1091101334   -3.1623201200   -0.0310897011   -0.6832119353   -1.5739185883   -1.9606125287
  0.310261324564E-01    0.0012858402   -0.0125184346   -0.0305894720    0.1306277273   -0.2189648944   -0.0000656574    0.0197909430    0.0007324928    0.3344014475    0.0020922790    0.0432874040    0.0928857528    0.1096200886
  3 3 3 2 2
      1.5196000              1.0000000              0.00000000
      0.6298000              0.00000000             1.0000000
  3 3 3 1 1
      0.2610000              1.0000000
  4 4 4 1 1
      1.5403000              1.0000000
  4 4 4 1 1
      0.5442000              1.0000000
  5 5 5 1 1
      1.0330000              1.0000000

Ir aug-cc-D
    4
1 0 0 1 1
      0.0177000              1.0000000
1 1 1 1 1
      0.0148000              1.0000000
1 2 2 1 1
      0.0351000              1.0000000
1 3 3 1 1
      0.2898000              1.0000000

Ir aug-cc-T
     5
1 0 0 1 1
      0.0160000              1.0000000
1 1 1 1 1
      0.0128000              1.0000000
1 2 2 1 1
      0.0271000              1.0000000
1 3 3 1 1
      0.1452000              1.0000000
1 4 4 1 1
      0.4000000              1.0000000

Ir aug-cc-Q
     6
1 0 0 1 1
      0.0149000              1.0000000
1 1 1 1 1
      0.0115000              1.0000000
1 2 2 1 1
      0.0224000              1.0000000
1 3 3 1 1
      0.1001000              1.0000000
1 4 4 1 1
      0.2285000              1.0000000
1 5 5 1 1
      0.4491000              1.0000000


