##################################################################################
Na MIN-MOLOPT-GTH-q9
 1
 2 0 1 7 2 1
     23.518800761960  0.037798268053  0.005040470618  -0.041235150854 
     11.135656103275  0.180415272016  0.031210048356  -0.102704065658 
      4.647813820246 -0.084235489885 -0.021214584887  -0.276507156374 
      1.866708259982 -0.502007239468 -0.088006426680  -0.405087985600 
      0.734683697196 -0.487454712994 -0.241562643580  -0.345669762598 
      0.275672995860 -0.088909855778  0.046069503612  -0.128294724774 
      0.049895108245 -0.000245624853  1.008694292400  -0.002074313963 
##################################################################################

AL MIN-MOLOPT-GTH-Q3
 1
 2 0 1 3 1 1
         0.84001675186054    -4.19428046997215E-01    -5.67580596329876E-02
         0.23878039729766     8.19030362707625E-01     8.01390294441982E-01
         0.07081333112567     3.91496332492551E-01     5.95442792080727E-01
SI MIN-MOLOPT-GTH-Q4
 1
 2 0 1 3 1 1
         1.10526163933211    -4.13659957892827E-01    -5.27063473348804E-02
         0.29979649362332     8.94782822682069E-01     9.51440965880725E-01
         0.08661166504766     1.68074803195522E-01     3.03285557510686E-01
P MIN-MOLOPT-GTH-Q5
 1
 2 0 1 3 1 1
         1.39058828607847    -4.10568604414086E-01    -6.50194761803356E-02
         0.42409218659121     7.41600072366799E-01     8.31770816939130E-01
         0.12887239926709     5.30530634115532E-01     5.51298263924028E-01
S MIN-MOLOPT-GTH-Q6
 1
 2 0 1 3 1 1
         1.71951265987907    -4.02490218600848E-01    -6.29022484114593E-02
         0.57203640740397     6.20521652301765E-01     6.53605186863724E-01
         0.17298649360109     6.73018946951220E-01     7.54217188116009E-01
CL MIN-MOLOPT-GTH-Q7
 1
 2 0 1 3 1 1
         2.06467322959481    -4.02780695716728E-01    -5.36889735779413E-02
         0.67433812268939     6.53855493588996E-01     6.77679408497966E-01
         0.19524792919988     6.40500354926865E-01     7.33394923226221E-01
H MIN-MOLOPT-GTH-Q1
 1
 2 0 0 5 1
         9.20615083781485     7.29263139537206E-02
         2.01621463400799     2.89472727993684E-01
         0.66954923948640     6.72005614213010E-01
         0.29272886996043     4.89486712140604E-01
         0.12050748759679     4.68720071668576E-01
B MIN-MOLOPT-GTH-Q3
 1
 2 0 1 5 1 1
         3.63436195935267    -1.72327783284139E-01    -1.04534284598355E-01
         1.34227832165187    -2.21980528767505E-01    -3.14196542716795E-01
         0.51502034718595     4.28647435140195E-01    -5.98863326944382E-01
         0.24714418781135     8.04438383948430E-01    -6.14292393111284E-01
         0.09184892320816     3.00279940613162E-01    -3.92887626803188E-01
C MIN-MOLOPT-GTH-Q4
 1
 2 0 1 5 1 1
         5.49430104482108    -1.52402111098929E-01    -1.01860398543462E-01
         1.97666592954939    -1.90998757311266E-01    -3.11603122666900E-01
         0.72176900446247     4.93671165746559E-01    -6.21039698592568E-01
         0.30750401266359     8.29729380738331E-01    -6.38097177476941E-01
         0.11017513576272     9.01720915148426E-02    -3.15704985739563E-01
N MIN-MOLOPT-GTH-Q5
 1
 2 0 1 5 1 1
         7.65604492172203    -1.30192181571908E-01    -9.17380676728602E-02
         2.90919712223981    -1.33636283095682E-01    -2.90034423501632E-01
         0.99181318339850     4.40711723627685E-01    -6.21357378157536E-01
         0.36699248384667     8.66188292996726E-01    -6.73185217822380E-01
         0.12811965192980     1.43813620462221E-01    -2.61152888627243E-01
O MIN-MOLOPT-GTH-Q6
 1
 2 0 1 5 1 1
        10.16582115493238    -1.34822910597680E-01    -9.57342589941093E-02
         3.68176320165495    -1.25254608150622E-01    -3.05260759468661E-01
         1.31799445531248     4.59808959317191E-01    -5.64658984671750E-01
         0.48256111322547     8.37365312296860E-01    -6.70206201084973E-01
         0.16356793146910     2.31363611245650E-01    -3.60048190441478E-01
F MIN-MOLOPT-GTH-Q7
 1
 2 0 1 5 1 1
        13.64603269120305    -1.20762943766213E-01    -9.02266830095643E-02
         4.91030790186796    -1.39279536201424E-01    -2.94224394924285E-01
         1.73317052284862     4.82151533157389E-01    -5.74811012940633E-01
         0.57580157175989     8.38935777729895E-01    -6.85129194211821E-01
         0.17901001959425     1.72436023287334E-01    -3.24779059893574E-01
