#
# Generated with CP2K Atom Code
#
 Nb ccGRB-VAL-0
   1
  2  0  2  6  2  1  1
   6.97363301857       -0.0450152401    0.0167275799    0.0006378859    0.0092516051
   2.75317371481        0.6221849194   -0.2603732548   -0.1543963648   -0.0232773567
   1.08694642861       -0.7663571425    0.4299517414    0.6685111629   -0.3493981472
  0.429123862509       -0.6808301200    0.4106467352    0.4613965224   -0.4194590217
  0.169417079378        0.0431335591   -0.0974822960    0.0436005309   -0.3327026761
  0.668854596366E-01   -0.0199849406   -1.1000565729    0.0023280036   -0.1351985857

 Nb ccGRB-VAL-1
   1
  2  0  2  6  3  2  2
   6.97363301857       -0.0450152401    0.0167275799   -0.0020079275    0.0006378859   -0.0101765695    0.0092516051   -0.0067691268
   2.75317371481        0.6221849194   -0.2603732548    0.2530113113   -0.1543963648    0.2014093588   -0.0232773567    0.0130018789
   1.08694642861       -0.7663571425    0.4299517414   -0.2570042260    0.6685111629   -0.9533444881   -0.3493981472    0.2693246000
  0.429123862509       -0.6808301200    0.4106467352   -1.8985068931    0.4613965224    0.1814820519   -0.4194590217    0.2857129411
  0.169417079378        0.0431335591   -0.0974822960    3.8728552509    0.0436005309    0.9165252293   -0.3327026761    0.0098175566
  0.668854596366E-01   -0.0199849406   -1.1000565729   -2.2301631414    0.0023280036    0.0533533462   -0.1351985857   -0.9602172659

 Nb ccGRB-POL-1
   1
  3  3  3  1  1
  0.271128742574        1.0000000000

 Nb ccGRB-EXT
   1
  2  0  2  1  3  2  1
  0.165917999940E-01    1.0000000000    8.5617954495  492.8486547619    8.5617954495  492.8486547619  492.8486547619

