KR TZV2P-MOLOPT-PBE-GTH-Q18
 2
 2 0 3 5 3 3 2 1
         1.79645239899803    -2.93290769383446E-01    -2.80099172068232E-01  0.00   4.39990065526036E-03    -9.09989618711634E-02  0.00  -2.30635306178667E-01  0.00  0.00
         0.89512262639079     3.40108746948025E-01     2.11149628326942E-01  0.00  -3.22267322957116E-01     4.38667586926659E-01  0.00   4.62658042940407E-01  0.00  0.00
         0.36965419064452     5.67586435655022E-01     6.00787135723899E-01  0.00  -6.23551750193052E-01     5.42695551558238E-01  0.00   8.36185269336788E-01  1.00  1.00
         0.14117093680074     6.87868386783516E-01    -7.11976246739580E-01  0.00  -6.82266806019253E-01    -5.81378392948448E-01  0.00   1.82105964147088E-01  0.00  0.00
         0.05248099087143    -5.46743575013118E-02     9.54197562949038E-02  1.00  -2.04498493059844E-01    -4.08375610988085E-01  1.00   1.96597053041945E-02  0.00  0.00
 2 2 2 4 1
         7.35459885458127     5.23148951055313E-01
         3.98723185430514     6.99824742228391E-01
         1.86653214504825     4.66460223556305E-01
         0.83420337461746     1.37751098051862E-01
XE TZV2P-MOLOPT-PBE-GTH-Q18
 2
 2 0 3 5 3 3 2 1
         1.91350510339867     2.57044703023663E-01     2.02461382608436E-01  0.00   9.89076690752652E-02     4.31848591543257E-02  0.00  -2.81543873608109E-01  0.00  0.00
         1.52596371903213    -5.79616587054061E-01    -1.15423024003480E-01  0.00  -1.26384669766883E-01     4.19691876311933E-02  0.00   1.17353037072500E-01  0.00  0.00
         0.55553729555201     3.08428649095579E-01    -5.54593260440659E-01  0.00   4.47758488694515E-01    -4.37192573611885E-01  0.00  -2.10133259164907E-01  1.00  1.00
         0.23707699937005     6.34512681313123E-01    -2.89388230754036E-01  0.00   6.81284282323375E-01    -3.76435871470650E-01  0.00   9.28239037381780E-01  0.00  0.00
         0.09008749186184     3.16603945536355E-01     7.44558715923077E-01  1.00   5.56424523818947E-01     8.14574946507777E-01  1.00   3.43163925388659E-02  0.00  0.00
 2 2 2 4 1
         6.95211171296525    -2.06620216907456E-03
         2.62044232536315     5.43081710136785E-01
         1.43701944625600     7.86046145627570E-01
         0.64196899849011     2.95278586876092E-01
RN TZV2P-MOLOPT-PBE-GTH-Q18
 2
 2 0 3 5 3 3 2 1
         2.51219015492742     3.26963239294461E-01     6.04103233691774E-02   0.00 -2.69475538751902E-02     9.04896458565249E-02   0.00 -8.85866006302322E-03  0.00  0.00
         1.57805979171312    -8.51292664602631E-01    -2.16431680042118E-01   0.00  1.37757389218660E-01    -2.26726195601983E-01   0.00 -3.25829003054609E-01  0.00  0.00
         0.39478167200574     1.94126420711221E-01    -8.89453789077001E-01   0.00 -5.36369984865767E-01     2.80531731429063E-01   0.00  8.03515426267154E-02  1.00  1.00
         0.17782627226675     3.33755023695714E-01    -2.29327238260881E-01   0.00 -5.72200740937925E-01     5.02501085608740E-01   0.00  9.41014225226923E-01  0.00  0.00
         0.07148783682165    -1.38990489903266E-01    -3.25252049329101E-01   1.00 -6.04309757045994E-01    -7.80513589147596E-01   1.00 -4.23419700581890E-02  0.00  0.00
 2 2 2 4 1
        12.21367796729815    -1.03398316319094E-03
         2.19882495314123     6.11871951537270E-01
         1.14339110517610     7.29030202441375E-01
         0.52346330417596     3.06800602556577E-01
