HE TZV2P-MOLOPT-PBE-GTH-Q2
 1
 2 0 2 5 3 2 1
        13.01500369293916    -7.96084622010495E-02     8.63909786157572E-02    -3.99656875390798E-01     1.08028326279977E-01     8.99621040275600E-01     1.89633938368441E-01
         4.03273332916049    -2.45486864287292E-01     2.10001413596999E-01    -7.72395652108714E-02    -3.02949446814424E-02     2.29396099247985E-02     1.83417579705008E-02
         1.27884932187946    -5.38047734903174E-01     4.26991629840921E-01     6.76389171830359E-01     5.63751052753347E-01    -1.72887755554193E-01     1.05760135147548E-01
         0.42620485937574    -6.83483380945984E-01     1.12323579992667E-01    -5.80652607366431E-01     8.13709612604769E-01     4.34796518304126E-02     9.70686974132870E-01
         0.14605599318013    -4.20420973721088E-01    -8.68042375995837E-01     1.99119736108970E-01    -8.64494876907055E-02     3.97963694381893E-01    -1.01410755818953E-01
HE TZVP-MOLOPT-PBE-GTH-q2
 1
 2 0 1 5 3 1
        13.01500369293916    -7.96084622010495E-02     8.63909786157572E-02    -3.99656875390798E-01     1.08028326279977E-01
         4.03273332916049    -2.45486864287292E-01     2.10001413596999E-01    -7.72395652108714E-02    -3.02949446814424E-02
         1.27884932187946    -5.38047734903174E-01     4.26991629840921E-01     6.76389171830359E-01     5.63751052753347E-01
         0.42620485937574    -6.83483380945984E-01     1.12323579992667E-01    -5.80652607366431E-01     8.13709612604769E-01
         0.14605599318013    -4.20420973721088E-01    -8.68042375995837E-01     1.99119736108970E-01    -8.64494876907055E-02
HE DZVP-MOLOPT-PBE-GTH-q2
 1
 2 0 1 5 2 1
        13.01500369293916    -7.96084622010495E-02     8.63909786157572E-02     1.08028326279977E-01
         4.03273332916049    -2.45486864287292E-01     2.10001413596999E-01    -3.02949446814424E-02
         1.27884932187946    -5.38047734903174E-01     4.26991629840921E-01     5.63751052753347E-01
         0.42620485937574    -6.83483380945984E-01     1.12323579992667E-01     8.13709612604769E-01
         0.14605599318013    -4.20420973721088E-01    -8.68042375995837E-01    -8.64494876907055E-02
NE TZV2P-MOLOPT-PBE-GTH-Q8
 1
 2 0 3 5 3 3 2 1
        16.32668927804775    -3.21366904365913E-02    -2.86286826789186E-01     5.41839435336706E-01    -1.73400342789884E-01     3.78514953764470E-01     2.70850873161983E-01    -1.66128499961787E-02    -2.22136591047935E-01     1.60830650447904E-01
         5.41305177983800     5.44564638333750E-03    -1.67460746131507E-01     3.96824794850713E-01    -4.62257234453643E-01     5.97449893015067E-01     2.58332011718695E-01     2.10350035640901E-02    -1.85068446870247E-01     2.07186897239449E-02
         1.80537925358827    -4.53014966362899E-01     4.92481704460843E-01     6.24394474737802E-01    -6.62002560636009E-01     4.68088603544370E-02    -2.85632204916505E-01     2.75995731426048E-01    -7.72720935624758E-01     9.84439241418307E-02
         0.58906964755768    -6.01688440961972E-01     4.03302321528831E-01    -3.86047009852419E-01    -5.30932000456837E-01    -5.39488203559328E-01    -2.59083303259643E-01     9.31591100970195E-01     3.42535992205796E-01     9.76548302214308E-01
         0.18226186709541    -6.57028186858998E-01    -6.96279943365351E-01    -1.00196579814887E-01    -1.90037867063092E-01    -4.54468331048064E-01     8.43323462092317E-01    -2.35044503589859E-01     4.49417906387170E-01    -1.01815740504778E-01
NE TZVP-MOLOPT-PBE-GTH-q8
 1
 2 0 2 5 3 3 1
        16.32668927804775    -3.21366904365913E-02    -2.86286826789186E-01     5.41839435336706E-01    -1.73400342789884E-01     3.78514953764470E-01     2.70850873161983E-01    -1.66128499961787E-02
         5.41305177983800     5.44564638333750E-03    -1.67460746131507E-01     3.96824794850713E-01    -4.62257234453643E-01     5.97449893015067E-01     2.58332011718695E-01     2.10350035640901E-02
         1.80537925358827    -4.53014966362899E-01     4.92481704460843E-01     6.24394474737802E-01    -6.62002560636009E-01     4.68088603544370E-02    -2.85632204916505E-01     2.75995731426048E-01
         0.58906964755768    -6.01688440961972E-01     4.03302321528831E-01    -3.86047009852419E-01    -5.30932000456837E-01    -5.39488203559328E-01    -2.59083303259643E-01     9.31591100970195E-01
         0.18226186709541    -6.57028186858998E-01    -6.96279943365351E-01    -1.00196579814887E-01    -1.90037867063092E-01    -4.54468331048064E-01     8.43323462092317E-01    -2.35044503589859E-01
NE DZVP-MOLOPT-PBE-GTH-q8
 1
 2 0 2 5 2 2 1
        16.32668927804775    -3.21366904365913E-02    -2.86286826789186E-01    -1.73400342789884E-01     3.78514953764470E-01    -1.66128499961787E-02
         5.41305177983800     5.44564638333750E-03    -1.67460746131507E-01    -4.62257234453643E-01     5.97449893015067E-01     2.10350035640901E-02
         1.80537925358827    -4.53014966362899E-01     4.92481704460843E-01    -6.62002560636009E-01     4.68088603544370E-02     2.75995731426048E-01
         0.58906964755768    -6.01688440961972E-01     4.03302321528831E-01    -5.30932000456837E-01    -5.39488203559328E-01     9.31591100970195E-01
         0.18226186709541    -6.57028186858998E-01    -6.96279943365351E-01    -1.90037867063092E-01    -4.54468331048064E-01    -2.35044503589859E-01
AR TZV2P-MOLOPT-PBE-GTH-Q8
 1
 2 0 3 5 3 3 2 1
         4.71662662638022     1.82919800332946E-01     2.40428072883343E-01     4.27690585670006E-01     9.89404873337723E-03     1.37920034239185E-01     3.84830533917295E-01    -6.05705467605777E-02    -1.55142523399148E-01     5.37104340088329E-02
         2.81819132938890    -4.75529780232649E-01     3.05635987369658E-02     8.11000555309563E-01    -2.03360375058761E-01     6.74725625926408E-01     5.62351774351659E-01     2.03845175768169E-01    -6.77012365250932E-01    -2.96722105051234E-01
         1.01830728051710     1.71009404105839E-01    -3.85261028546826E-01     2.36558545621793E-01    -5.49478929230473E-01     4.95898688022014E-02    -4.63361100651431E-01     2.60824100459628E-01    -4.68698181639911E-01     1.39636719004416E-01
         0.38324200185074     6.63854446378969E-01    -5.14450753216894E-01     2.83986954863441E-01    -7.96314226035679E-01    -6.91691732561333E-02     7.51193554221537E-02     9.39487390949614E-01     2.98218228221202E-01     9.41566045858422E-01
         0.12646451451319     5.20062335194813E-01     7.26756197496423E-01     1.50832112554055E-01    -1.50010750949898E-01    -7.20055459153615E-01     5.61533182361047E-01    -6.41294319893879E-02     4.57135600904952E-01     5.50104503232289E-02
AR TZVP-MOLOPT-PBE-GTH-q8
 1
 2 0 2 5 3 3 1
         4.71662662638022     1.82919800332946E-01     2.40428072883343E-01     4.27690585670006E-01     9.89404873337723E-03     1.37920034239185E-01     3.84830533917295E-01    -6.05705467605777E-02
         2.81819132938890    -4.75529780232649E-01     3.05635987369658E-02     8.11000555309563E-01    -2.03360375058761E-01     6.74725625926408E-01     5.62351774351659E-01     2.03845175768169E-01
         1.01830728051710     1.71009404105839E-01    -3.85261028546826E-01     2.36558545621793E-01    -5.49478929230473E-01     4.95898688022014E-02    -4.63361100651431E-01     2.60824100459628E-01
         0.38324200185074     6.63854446378969E-01    -5.14450753216894E-01     2.83986954863441E-01    -7.96314226035679E-01    -6.91691732561333E-02     7.51193554221537E-02     9.39487390949614E-01
         0.12646451451319     5.20062335194813E-01     7.26756197496423E-01     1.50832112554055E-01    -1.50010750949898E-01    -7.20055459153615E-01     5.61533182361047E-01    -6.41294319893879E-02
AR DZVP-MOLOPT-PBE-GTH-q8
 1
 2 0 2 5 2 2 1
         4.71662662638022     1.82919800332946E-01     2.40428072883343E-01     9.89404873337723E-03     1.37920034239185E-01    -6.05705467605777E-02
         2.81819132938890    -4.75529780232649E-01     3.05635987369658E-02    -2.03360375058761E-01     6.74725625926408E-01     2.03845175768169E-01
         1.01830728051710     1.71009404105839E-01    -3.85261028546826E-01    -5.49478929230473E-01     4.95898688022014E-02     2.60824100459628E-01
         0.38324200185074     6.63854446378969E-01    -5.14450753216894E-01    -7.96314226035679E-01    -6.91691732561333E-02     9.39487390949614E-01
         0.12646451451319     5.20062335194813E-01     7.26756197496423E-01    -1.50010750949898E-01    -7.20055459153615E-01    -6.41294319893879E-02
