CU TZV2P-MOLOPT-PBE-GTH-Q11
 1
 2 0 3 6 3 3 3 2
         5.66855211121182     7.35329433281720E-03    -1.02489190343051E-02    -1.16307350109563E-02     8.84545860829462E-05     6.85984249120393E-03    -1.27953162245781E-02     4.61725237669165E-01    -1.23118896268798E-01     6.39417646546822E-02    -1.80611703827634E-03    -8.10359600240977E-04
         2.49289586864896    -7.13846056339926E-02     4.85660792997585E-02     3.40765728797110E-02    -4.10044797047693E-03    -2.99217349664335E-02     6.43538070749892E-02     6.03698196457737E-01    -2.24966535985148E-01     1.36747489887684E-01    -1.14321392138322E-03    -5.12931530287841E-04
         0.92031936392706     5.24202183140462E-01    -3.11907312438210E-01    -1.80997920075279E-01    -8.48194547784760E-02     4.57828031132171E-01    -6.45332749331039E-01     5.01040261957267E-01    -2.48776749708887E-01     1.65039601858129E-01    -2.45696960744232E-01    -1.10238089043848E-01
         0.34839806900614    -3.05587840773877E-01     4.95702398427500E-01     5.91359483962626E-01     3.54932960086343E-01    -5.63176896928690E-01     2.17545292017516E-01     3.80843957752071E-01     6.62782490120246E-01    -5.82044634152111E-01    -7.31996657373616E-01    -3.28428615685457E-01
         0.13206837570391    -7.33314789590035E-01    -1.08328827501798E-01    -5.89880562049733E-01     5.65009221816832E-01    -3.51286665457453E-01    -6.54500691629816E-01     1.49054811093581E-01     1.62860407379899E-01    -1.47623921878070E-01    -4.86039539447155E-01    -2.18073800612385E-01
         0.05101856451598    -2.98207527187679E-01    -8.01744423973725E-01     5.17955740730469E-01     7.39983791511405E-01     5.90661144553109E-01     3.21781603911125E-01     6.36984420878345E-02     6.37603154297983E-01     7.67726986698296E-01    -4.09359126161945E-01     9.12373336868153E-01
CU TZVP-MOLOPT-PBE-GTH-q11
 1
 2 0 3 6 3 3 3 1
         5.66855211121182     7.35329433281720E-03    -1.02489190343051E-02    -1.16307350109563E-02     8.84545860829462E-05     6.85984249120393E-03    -1.27953162245781E-02     4.61725237669165E-01    -1.23118896268798E-01     6.39417646546822E-02    -1.80611703827634E-03
         2.49289586864896    -7.13846056339926E-02     4.85660792997585E-02     3.40765728797110E-02    -4.10044797047693E-03    -2.99217349664335E-02     6.43538070749892E-02     6.03698196457737E-01    -2.24966535985148E-01     1.36747489887684E-01    -1.14321392138322E-03
         0.92031936392706     5.24202183140462E-01    -3.11907312438210E-01    -1.80997920075279E-01    -8.48194547784760E-02     4.57828031132171E-01    -6.45332749331039E-01     5.01040261957267E-01    -2.48776749708887E-01     1.65039601858129E-01    -2.45696960744232E-01
         0.34839806900614    -3.05587840773877E-01     4.95702398427500E-01     5.91359483962626E-01     3.54932960086343E-01    -5.63176896928690E-01     2.17545292017516E-01     3.80843957752071E-01     6.62782490120246E-01    -5.82044634152111E-01    -7.31996657373616E-01
         0.13206837570391    -7.33314789590035E-01    -1.08328827501798E-01    -5.89880562049733E-01     5.65009221816832E-01    -3.51286665457453E-01    -6.54500691629816E-01     1.49054811093581E-01     1.62860407379899E-01    -1.47623921878070E-01    -4.86039539447155E-01
         0.05101856451598    -2.98207527187679E-01    -8.01744423973725E-01     5.17955740730469E-01     7.39983791511405E-01     5.90661144553109E-01     3.21781603911125E-01     6.36984420878345E-02     6.37603154297983E-01     7.67726986698296E-01    -4.09359126161945E-01
CU DZVP-MOLOPT-PBE-GTH-q11
 1
 2 0 3 6 2 2 2 1
         5.66855211121182     7.35329433281720E-03    -1.02489190343051E-02     8.84545860829462E-05     6.85984249120393E-03     4.61725237669165E-01    -1.23118896268798E-01    -1.80611703827634E-03
         2.49289586864896    -7.13846056339926E-02     4.85660792997585E-02    -4.10044797047693E-03    -2.99217349664335E-02     6.03698196457737E-01    -2.24966535985148E-01    -1.14321392138322E-03
         0.92031936392706     5.24202183140462E-01    -3.11907312438210E-01    -8.48194547784760E-02     4.57828031132171E-01     5.01040261957267E-01    -2.48776749708887E-01    -2.45696960744232E-01
         0.34839806900614    -3.05587840773877E-01     4.95702398427500E-01     3.54932960086343E-01    -5.63176896928690E-01     3.80843957752071E-01     6.62782490120246E-01    -7.31996657373616E-01
         0.13206837570391    -7.33314789590035E-01    -1.08328827501798E-01     5.65009221816832E-01    -3.51286665457453E-01     1.49054811093581E-01     1.62860407379899E-01    -4.86039539447155E-01
         0.05101856451598    -2.98207527187679E-01    -8.01744423973725E-01     7.39983791511405E-01     5.90661144553109E-01     6.36984420878345E-02     6.37603154297983E-01    -4.09359126161945E-01
S TZV2P-MOLOPT-PBE-GTH-Q6
 1
 2 0 3 4 3 3 2 1
         1.90928473004308     3.15669989593405E-01    -1.65456324788273E-01     3.10548000189879E-01     2.12914054759076E-01     1.55419933935669E-01    -7.11939992762134E-01     7.69801068642102E-02    -1.88997576689492E-01    -1.06596717424030E-01
         1.19506924590343    -6.18859553620396E-02    -9.38673161414144E-02    -9.35734177878882E-01    -3.46018377109546E-01    -2.07811881091118E-01     5.31802271666964E-01     3.74453729277594E-01     9.11097678000808E-01     4.72918833714747E-01
         0.37255650459583    -7.61235407877732E-01     5.43670742015259E-01     1.15196623983730E-01    -8.19216679563436E-01    -3.21721314227605E-01    -4.50938487460970E-01     8.99702285348994E-01    -3.66075556598411E-01     8.72423546594614E-01
         0.11964558871342    -5.63065928637358E-01    -8.17456577332731E-01     1.21207366732185E-01    -4.04750441523642E-01     9.10579080686826E-01     8.35599849337092E-02     2.10699467287116E-01     1.30239782017599E-02     6.21455702329570E-02
S TZVP-MOLOPT-PBE-GTH-q6
 1
 2 0 2 4 3 3 1
         1.90928473004308     3.15669989593405E-01    -1.65456324788273E-01     3.10548000189879E-01     2.12914054759076E-01     1.55419933935669E-01    -7.11939992762134E-01     7.69801068642102E-02
         1.19506924590343    -6.18859553620396E-02    -9.38673161414144E-02    -9.35734177878882E-01    -3.46018377109546E-01    -2.07811881091118E-01     5.31802271666964E-01     3.74453729277594E-01
         0.37255650459583    -7.61235407877732E-01     5.43670742015259E-01     1.15196623983730E-01    -8.19216679563436E-01    -3.21721314227605E-01    -4.50938487460970E-01     8.99702285348994E-01
         0.11964558871342    -5.63065928637358E-01    -8.17456577332731E-01     1.21207366732185E-01    -4.04750441523642E-01     9.10579080686826E-01     8.35599849337092E-02     2.10699467287116E-01
S DZVP-MOLOPT-PBE-GTH-q6
 1
 2 0 2 4 2 2 1
         1.90928473004308     3.15669989593405E-01    -1.65456324788273E-01     2.12914054759076E-01     1.55419933935669E-01     7.69801068642102E-02
         1.19506924590343    -6.18859553620396E-02    -9.38673161414144E-02    -3.46018377109546E-01    -2.07811881091118E-01     3.74453729277594E-01
         0.37255650459583    -7.61235407877732E-01     5.43670742015259E-01    -8.19216679563436E-01    -3.21721314227605E-01     8.99702285348994E-01
         0.11964558871342    -5.63065928637358E-01    -8.17456577332731E-01    -4.04750441523642E-01     9.10579080686826E-01     2.10699467287116E-01
CL TZV2P-MOLOPT-PBE-GTH-Q7
 1
 2 0 3 4 3 3 2 1
         1.99824811943664     4.33846894941631E-01     3.07041170622732E-01     1.75957585523759E-02     3.45339975324402E-01     1.79965250304009E-01    -3.72667358036020E-01     9.05635141754461E-02    -2.17425270215822E-01    -1.43769165568981E-01
         1.50363082119869    -3.38194302379175E-01    -3.89997660747777E-02    -9.17322433894228E-01    -4.97369383451272E-01    -2.01781984518266E-01    -8.34831128966391E-01     2.85556761650639E-01     9.18680132432251E-01     4.08136672326571E-01
         0.40650884550636    -5.13548002397481E-01    -6.29188376955880E-01     3.25113335470044E-01    -6.70835040884209E-01    -3.34082727506389E-01     4.03493031418158E-01     9.41536415237722E-01    -2.84903780503556E-01     9.00979681734397E-01
         0.12853799110242    -6.58536206158268E-01     7.12970352884578E-01     2.29153356193791E-01    -4.28187278851352E-01     9.02931487206409E-01     3.70054044720497E-02     1.54158245180379E-01     1.66081010355251E-01     3.14721596903698E-02
CL TZVP-MOLOPT-PBE-GTH-q7
 1
 2 0 2 4 3 3 1
         1.99824811943664     4.33846894941631E-01     3.07041170622732E-01     1.75957585523759E-02     3.45339975324402E-01     1.79965250304009E-01    -3.72667358036020E-01     9.05635141754461E-02
         1.50363082119869    -3.38194302379175E-01    -3.89997660747777E-02    -9.17322433894228E-01    -4.97369383451272E-01    -2.01781984518266E-01    -8.34831128966391E-01     2.85556761650639E-01
         0.40650884550636    -5.13548002397481E-01    -6.29188376955880E-01     3.25113335470044E-01    -6.70835040884209E-01    -3.34082727506389E-01     4.03493031418158E-01     9.41536415237722E-01
         0.12853799110242    -6.58536206158268E-01     7.12970352884578E-01     2.29153356193791E-01    -4.28187278851352E-01     9.02931487206409E-01     3.70054044720497E-02     1.54158245180379E-01
CL DZVP-MOLOPT-PBE-GTH-q7
 1
 2 0 2 4 2 2 1
         1.99824811943664     4.33846894941631E-01     3.07041170622732E-01     3.45339975324402E-01     1.79965250304009E-01     9.05635141754461E-02
         1.50363082119869    -3.38194302379175E-01    -3.89997660747777E-02    -4.97369383451272E-01    -2.01781984518266E-01     2.85556761650639E-01
         0.40650884550636    -5.13548002397481E-01    -6.29188376955880E-01    -6.70835040884209E-01    -3.34082727506389E-01     9.41536415237722E-01
         0.12853799110242    -6.58536206158268E-01     7.12970352884578E-01    -4.28187278851352E-01     9.02931487206409E-01     1.54158245180379E-01
O TZV2P-MOLOPT-PBE-GTH-Q6
 1
 2 0 3 5 3 3 2 1
        10.34256722623639    -1.36598767253985E-01     5.35898017733314E-02    -1.18707008771107E-01    -9.23673397522993E-02     5.82948619873808E-02     9.18414097966573E-02    -9.48396929864874E-02     1.47739306049945E-01    -6.27421636348332E-05
         3.67715896642206    -1.53365311059511E-01     9.09944842814309E-02    -2.82507973527509E-01    -2.98268574244154E-01     1.75273022378177E-01     2.27281538167357E-01     1.72695668110757E-01    -2.69128753144972E-01     1.08668748395417E-04
         1.30046451996361     5.48021970885945E-01    -2.61169567089594E-01     6.98682645593308E-01    -5.68604037326135E-01     3.64979965319240E-01     5.95584075165259E-01     4.96837623369842E-01    -7.73936715688092E-01     3.17226823696088E-04
         0.46645021946921     7.84538402757388E-01    -4.08365744734644E-02    -6.15550727563364E-01    -6.49207117094457E-01     1.42847181972710E-01    -7.45101990481658E-01     8.41535542399250E-01     5.40201745515093E-01     9.99999938769363E-01
         0.14793951916337     2.04917720496501E-01     9.58629734771334E-01     1.97579739611495E-01    -3.97144432185278E-01    -9.01257668045223E-01     1.73236517641798E-01    -7.84343402663362E-02     1.22257293978271E-01     7.79931889816245E-05
O TZVP-MOLOPT-PBE-GTH-q6
 1
 2 0 2 5 3 3 1
        10.34256722623639    -1.36598767253985E-01     5.35898017733314E-02    -1.18707008771107E-01    -9.23673397522993E-02     5.82948619873808E-02     9.18414097966573E-02    -9.48396929864874E-02
         3.67715896642206    -1.53365311059511E-01     9.09944842814309E-02    -2.82507973527509E-01    -2.98268574244154E-01     1.75273022378177E-01     2.27281538167357E-01     1.72695668110757E-01
         1.30046451996361     5.48021970885945E-01    -2.61169567089594E-01     6.98682645593308E-01    -5.68604037326135E-01     3.64979965319240E-01     5.95584075165259E-01     4.96837623369842E-01
         0.46645021946921     7.84538402757388E-01    -4.08365744734644E-02    -6.15550727563364E-01    -6.49207117094457E-01     1.42847181972710E-01    -7.45101990481658E-01     8.41535542399250E-01
         0.14793951916337     2.04917720496501E-01     9.58629734771334E-01     1.97579739611495E-01    -3.97144432185278E-01    -9.01257668045223E-01     1.73236517641798E-01    -7.84343402663362E-02
O DZVP-MOLOPT-PBE-GTH-q6
 1
 2 0 2 5 2 2 1
        10.34256722623639    -1.36598767253985E-01     5.35898017733314E-02    -9.23673397522993E-02     5.82948619873808E-02    -9.48396929864874E-02
         3.67715896642206    -1.53365311059511E-01     9.09944842814309E-02    -2.98268574244154E-01     1.75273022378177E-01     1.72695668110757E-01
         1.30046451996361     5.48021970885945E-01    -2.61169567089594E-01    -5.68604037326135E-01     3.64979965319240E-01     4.96837623369842E-01
         0.46645021946921     7.84538402757388E-01    -4.08365744734644E-02    -6.49207117094457E-01     1.42847181972710E-01     8.41535542399250E-01
         0.14793951916337     2.04917720496501E-01     9.58629734771334E-01    -3.97144432185278E-01    -9.01257668045223E-01    -7.84343402663362E-02
N TZV2P-MOLOPT-PBE-GTH-Q5
 1
 2 0 3 5 3 3 2 1
         7.77707451136406    -1.52230843201055E-01     4.67957235185032E-02    -2.52265720902059E-01    -9.67369808121485E-02     5.60212424750194E-02     1.10119411375113E-01    -2.57052508990082E-02     3.75423630314391E-02    -3.26322928098585E-06
         2.85082134435768    -1.76782811772387E-01     6.06655031885266E-02    -3.49750972257708E-01    -2.98537356634858E-01     1.49940530586822E-01     2.13502237900097E-01     1.53156724042298E-01    -2.26529519550677E-01     5.84652934205863E-05
         1.05583952627190     4.83412005475574E-01    -1.37561487417828E-01     7.09479975675812E-01    -5.77391825277201E-01     3.27672241589988E-01     6.18079618116643E-01     5.16991380239588E-01    -7.64668730228305E-01    -1.16676676487472E-04
         0.41439259860883     8.35995374110473E-01    -3.37017466369497E-02    -5.45658788229975E-01    -6.71795743779048E-01     1.13865817707018E-01    -7.28793255055536E-01     8.28422876395642E-01     5.60103085014083E-01     9.99999990347349E-01
         0.13462511143859     1.14009540250447E-01     9.86950295828658E-01     1.13714178557458E-01    -3.41799008161579E-01    -9.24145516316669E-01     1.70670696677520E-01     1.49391126172833E-01    -2.21000486241306E-01    -4.75711644394771E-05
N TZVP-MOLOPT-PBE-GTH-q5
 1
 2 0 2 5 3 3 1
         7.77707451136406    -1.52230843201055E-01     4.67957235185032E-02    -2.52265720902059E-01    -9.67369808121485E-02     5.60212424750194E-02     1.10119411375113E-01    -2.57052508990082E-02
         2.85082134435768    -1.76782811772387E-01     6.06655031885266E-02    -3.49750972257708E-01    -2.98537356634858E-01     1.49940530586822E-01     2.13502237900097E-01     1.53156724042298E-01
         1.05583952627190     4.83412005475574E-01    -1.37561487417828E-01     7.09479975675812E-01    -5.77391825277201E-01     3.27672241589988E-01     6.18079618116643E-01     5.16991380239588E-01
         0.41439259860883     8.35995374110473E-01    -3.37017466369497E-02    -5.45658788229975E-01    -6.71795743779048E-01     1.13865817707018E-01    -7.28793255055536E-01     8.28422876395642E-01
         0.13462511143859     1.14009540250447E-01     9.86950295828658E-01     1.13714178557458E-01    -3.41799008161579E-01    -9.24145516316669E-01     1.70670696677520E-01     1.49391126172833E-01
N DZVP-MOLOPT-PBE-GTH-q5
 1
 2 0 2 5 2 2 1
         7.77707451136406    -1.52230843201055E-01     4.67957235185032E-02    -9.67369808121485E-02     5.60212424750194E-02    -2.57052508990082E-02
         2.85082134435768    -1.76782811772387E-01     6.06655031885266E-02    -2.98537356634858E-01     1.49940530586822E-01     1.53156724042298E-01
         1.05583952627190     4.83412005475574E-01    -1.37561487417828E-01    -5.77391825277201E-01     3.27672241589988E-01     5.16991380239588E-01
         0.41439259860883     8.35995374110473E-01    -3.37017466369497E-02    -6.71795743779048E-01     1.13865817707018E-01     8.28422876395642E-01
         0.13462511143859     1.14009540250447E-01     9.86950295828658E-01    -3.41799008161579E-01    -9.24145516316669E-01     1.49391126172833E-01
H TZV2P-MOLOPT-PBE-GTH-Q1
 1
 2 0 2 5 3 2 1
         9.42354063693337     1.73389254674243E-02    -1.21441381781897E-01     8.48842952201243E-01    -8.76722314909129E-02     1.38509912982294E-01     1.01583846424117E-05
         2.22615949373757     1.93701953472634E-01    -1.18295700700916E-01     4.34966851840939E-01     2.94035801652179E-01    -4.64264354132394E-01    -5.41805899933135E-06
         0.63906011750762     5.93968178416321E-01    -1.91886640436410E-01     8.47731161618519E-02     4.09268475073086E-01    -6.46177309023364E-01    -2.13029117448260E-05
         0.31891311049636     2.87977189530933E-01     9.48793640784133E-01     1.29845157344792E-01     1.56986057354678E-01    -2.47870371773730E-01     1.00804100896023E-05
         0.16139156624546     7.25568643357183E-01    -1.85008817130971E-01    -2.57338753762772E-01     8.44814311123899E-01     5.35059601902204E-01     9.99999999656012E-01
H TZVP-MOLOPT-PBE-GTH-q1
 1
 2 0 1 5 3 1
         9.42354063693337     1.73389254674243E-02    -1.21441381781897E-01     8.48842952201243E-01    -8.76722314909129E-02
         2.22615949373757     1.93701953472634E-01    -1.18295700700916E-01     4.34966851840939E-01     2.94035801652179E-01
         0.63906011750762     5.93968178416321E-01    -1.91886640436410E-01     8.47731161618519E-02     4.09268475073086E-01
         0.31891311049636     2.87977189530933E-01     9.48793640784133E-01     1.29845157344792E-01     1.56986057354678E-01
         0.16139156624546     7.25568643357183E-01    -1.85008817130971E-01    -2.57338753762772E-01     8.44814311123899E-01
H DZVP-MOLOPT-PBE-GTH-q1
 1
 2 0 1 5 2 1
         9.42354063693337     1.73389254674243E-02    -1.21441381781897E-01    -8.76722314909129E-02
         2.22615949373757     1.93701953472634E-01    -1.18295700700916E-01     2.94035801652179E-01
         0.63906011750762     5.93968178416321E-01    -1.91886640436410E-01     4.09268475073086E-01
         0.31891311049636     2.87977189530933E-01     9.48793640784133E-01     1.56986057354678E-01
         0.16139156624546     7.25568643357183E-01    -1.85008817130971E-01     8.44814311123899E-01
C TZV2P-MOLOPT-PBE-GTH-Q4
 1
 2 0 3 5 3 3 2 1
         5.26168129831067    -1.61141917378974E-01     9.96686652890171E-02    -1.17238307580140E-01    -9.87481588337120E-02     8.04369823930186E-02     7.08590015603763E-02    -7.94823942452603E-02     1.04464800757986E-01    -1.15487166610279E-05
         1.93765185829818    -1.80855958455182E-01     2.07650729566158E-01    -3.33811408541760E-01    -2.33439340416087E-01     3.08796108490828E-01     4.56576584711807E-01     2.69082041591327E-01    -3.53701545984790E-01     9.95236583846123E-02
         0.75874037796781     4.91788265416699E-01    -4.16657014983378E-01     5.95870904155683E-01    -5.45250710497427E-01     4.47197164192854E-01     3.99065341940114E-01     5.09051672136440E-01    -6.69295761141920E-01    -1.83046665174320E-05
         0.29195902016920     8.01306792979118E-01     6.03691230508770E-02    -5.88930355080236E-01    -6.71258492279101E-01     5.58623031841720E-02    -7.14283704651730E-01     7.95918282332624E-01     6.05404067152161E-01     9.95035195799905E-01
         0.09607356854063     2.39533150688254E-01     8.77325385770500E-01     4.15841346199326E-01    -4.33438086372545E-01    -8.33707955260866E-01     3.42143926326319E-01     1.69286404775650E-01    -2.22511620738430E-01    -8.52958759292650E-06
C TZVP-MOLOPT-PBE-GTH-q4
 1
 2 0 2 5 3 3 1
         5.26168129831067    -1.61141917378974E-01     9.96686652890171E-02    -1.17238307580140E-01    -9.87481588337120E-02     8.04369823930186E-02     7.08590015603763E-02    -7.94823942452603E-02
         1.93765185829818    -1.80855958455182E-01     2.07650729566158E-01    -3.33811408541760E-01    -2.33439340416087E-01     3.08796108490828E-01     4.56576584711807E-01     2.69082041591327E-01
         0.75874037796781     4.91788265416699E-01    -4.16657014983378E-01     5.95870904155683E-01    -5.45250710497427E-01     4.47197164192854E-01     3.99065341940114E-01     5.09051672136440E-01
         0.29195902016920     8.01306792979118E-01     6.03691230508770E-02    -5.88930355080236E-01    -6.71258492279101E-01     5.58623031841720E-02    -7.14283704651730E-01     7.95918282332624E-01
         0.09607356854063     2.39533150688254E-01     8.77325385770500E-01     4.15841346199326E-01    -4.33438086372545E-01    -8.33707955260866E-01     3.42143926326319E-01     1.69286404775650E-01
C DZVP-MOLOPT-PBE-GTH-q4
 1
 2 0 2 5 2 2 1
         5.26168129831067    -1.61141917378974E-01     9.96686652890171E-02    -9.87481588337120E-02     8.04369823930186E-02    -7.94823942452603E-02
         1.93765185829818    -1.80855958455182E-01     2.07650729566158E-01    -2.33439340416087E-01     3.08796108490828E-01     2.69082041591327E-01
         0.75874037796781     4.91788265416699E-01    -4.16657014983378E-01    -5.45250710497427E-01     4.47197164192854E-01     5.09051672136440E-01
         0.29195902016920     8.01306792979118E-01     6.03691230508770E-02    -6.71258492279101E-01     5.58623031841720E-02     7.95918282332624E-01
         0.09607356854063     2.39533150688254E-01     8.77325385770500E-01    -4.33438086372545E-01    -8.33707955260866E-01     1.69286404775650E-01
F TZV2P-MOLOPT-PBE-GTH-Q7
 1
 2 0 3 5 3 3 2 1
        13.30428004732790     1.38292090777636E-01    -4.13851185732434E-02    -3.68601172475513E-01    -9.35531482386367E-02     5.06296345689289E-02     1.31156005847365E-01    -3.26022751966033E-02     1.00541308351024E-01     9.72064409635608E-05
         4.80605774544240     1.37268979809070E-01    -3.39565337061055E-02    -2.68712697428403E-01    -2.95910126104609E-01     1.05677150923709E-01    -3.03933997040743E-01     1.33191225710905E-01    -4.08920622745241E-01     5.04092340544058E-06
         1.70698523266130    -5.18264453672791E-01     1.04861752881122E-01     6.94838249064691E-01    -5.65276724858415E-01     3.02716360438154E-01     7.47866109869779E-01     2.66499643835383E-01    -8.18034852203344E-01     5.83002400834836E-05
         0.58735472443375    -8.26267224974586E-01     4.59440905301858E-02    -5.51244775686392E-01    -6.52493507471700E-01     2.40526134346493E-01    -5.71224059806739E-01     9.50822081343244E-01     3.09737546860849E-01     9.99999990598423E-01
         0.17874874061685    -1.03522721189923E-01    -9.91981541717081E-01     7.24959778581021E-02    -3.97994287350983E-01    -9.14756231842929E-01     6.94376178966044E-02     7.81824693351836E-02    -2.39910404638869E-01    -7.70047573235798E-05
F TZVP-MOLOPT-PBE-GTH-q7
 1
 2 0 2 5 3 3 1
        13.30428004732790     1.38292090777636E-01    -4.13851185732434E-02    -3.68601172475513E-01    -9.35531482386367E-02     5.06296345689289E-02     1.31156005847365E-01    -3.26022751966033E-02
         4.80605774544240     1.37268979809070E-01    -3.39565337061055E-02    -2.68712697428403E-01    -2.95910126104609E-01     1.05677150923709E-01    -3.03933997040743E-01     1.33191225710905E-01
         1.70698523266130    -5.18264453672791E-01     1.04861752881122E-01     6.94838249064691E-01    -5.65276724858415E-01     3.02716360438154E-01     7.47866109869779E-01     2.66499643835383E-01
         0.58735472443375    -8.26267224974586E-01     4.59440905301858E-02    -5.51244775686392E-01    -6.52493507471700E-01     2.40526134346493E-01    -5.71224059806739E-01     9.50822081343244E-01
         0.17874874061685    -1.03522721189923E-01    -9.91981541717081E-01     7.24959778581021E-02    -3.97994287350983E-01    -9.14756231842929E-01     6.94376178966044E-02     7.81824693351836E-02
F DZVP-MOLOPT-PBE-GTH-q7
 1
 2 0 2 5 2 2 1
        13.30428004732790     1.38292090777636E-01    -4.13851185732434E-02    -9.35531482386367E-02     5.06296345689289E-02    -3.26022751966033E-02
         4.80605774544240     1.37268979809070E-01    -3.39565337061055E-02    -2.95910126104609E-01     1.05677150923709E-01     1.33191225710905E-01
         1.70698523266130    -5.18264453672791E-01     1.04861752881122E-01    -5.65276724858415E-01     3.02716360438154E-01     2.66499643835383E-01
         0.58735472443375    -8.26267224974586E-01     4.59440905301858E-02    -6.52493507471700E-01     2.40526134346493E-01     9.50822081343244E-01
         0.17874874061685    -1.03522721189923E-01    -9.91981541717081E-01    -3.97994287350983E-01    -9.14756231842929E-01     7.81824693351836E-02
