#
# Generated with CP2K Atom Code
#
 Ar ccGRB-VAL-0
   1
  1  0  1  4  1  1
   2.93166558370       -0.3063806850   -0.0695543644
   1.11554667457        0.1462262147    0.3459663809
  0.424483744006        0.8266392664    0.5013794424
  0.161523003056        0.2182806719    0.3231079436

 Ar ccGRB-VAL-1
   1
  1  0  1  4  2  2
   2.93166558370       -0.3063806850    0.2716992266   -0.0695543644    0.0251988038
   1.11554667457        0.1462262147   -0.1783585664    0.3459663809   -0.2634825358
  0.424483744006        0.8266392664   -1.7158310654    0.5013794424   -0.9512201990
  0.161523003056        0.2182806719    1.8760115146    0.3231079436    1.3839628014

