IR QZVPP-MOLOPT-PBE-Q17
 2
 1 0 2 6 2 1 1
        23.44810750660176     3.56786600101125E-01     4.97794791295472E-02     7.16929358026674E-02    -1.11651054911189E-01
        20.60384626453147    -5.58933280061836E-01     9.02391726434019E-02    -3.09148173154478E-01     1.93573306194403E-01
        15.88347526331480     6.28260115425787E-01    -1.32371603989951E-01     4.37080678852776E-01    -9.22058793832522E-02
         8.08371804939248    -3.67275097429138E-01    -1.43274156407007E-02    -3.96179656042438E-01    -1.85879963912320E-03
         4.65498388038248     1.49159329866592E-01     9.34531404916114E-01    -5.48880607399132E-02    -2.83610090908218E-02
         1.67437451500513     9.19055760818759E-02    -3.13532186580463E-01     7.40457285122611E-01     9.69924580006404E-01
 1 0 4 6 5 4 3 4 2
         2.39148875248974     2.80781777515031E-01    -1.13803543730776E-01    -1.71434606664915E-01     1.24566988525993E-01     9.20318514753373E-02    -1.67573895184008E-01    -2.39828921877444E-02     6.93352806342682E-02    -1.68950213173379E-02    -7.86975451400384E-02     5.37851922267367E-02    -3.18298206841464E-02     4.33504108522029E-01     2.26915915029278E-02    -7.60762179330902E-02     6.03675824859490E-03     2.46225598315332E-01     2.93519185534326E-02
         0.96656574658981     8.47074134540235E-01    -3.74875498630982E-01    -5.32818460848960E-02    -1.93330953590728E-01    -1.69145271821913E-01     4.32704485019415E-01    -2.24955958151804E-01    -2.99790418227823E-01    -1.89473557846176E-01    -5.25820730794723E-01    -4.48615559034656E-01    -3.81332914314786E-02     8.33869742941417E-01    -2.04666965289064E-01    -1.47642927766060E-01    -2.14268046061320E-01     9.07520946270142E-01    -3.18399983905194E-01
         0.85709256665834     3.96976195963635E-01     8.73812476603224E-01     2.57403566885367E-01     1.49998491324624E-03    -1.02948003714103E-01     8.70305647813855E-01     1.50265410998031E-01    -1.43613272754617E-02     7.90913623770903E-02     8.35306126906391E-01    -1.40429628363989E-01     3.35831535949679E-02     1.76908286814840E-01     9.67530033275574E-01    -1.19548560826706E-01     5.58242674066246E-02     3.07924333219976E-01     9.25531413211798E-01
         0.22400177636446    -4.74385920587921E-02    -2.74581438399093E-01     9.34252955960519E-01    -8.96742704102963E-02    -1.02328846827988E-01    -4.56636071339536E-02     8.82739940748357E-01    -1.61908155695419E-01     3.28439060595851E-01    -1.32370454382285E-01     8.78110882229241E-01     4.53743159622260E-02     1.75378361705337E-01     8.92334578115185E-02     9.73238187433211E-01     2.60478052436013E-02     6.17794495439268E-03    -1.69749368723088E-01
         0.05458934462326     1.97598692110066E-01    -7.04657732346217E-02     1.57302737108740E-01     8.11693633836316E-01     4.83317985886767E-01     1.57077211717206E-01     7.15418979821387E-02     9.36929044540675E-01     3.06338700244642E-02    -4.46825483561985E-02    -5.09574772751421E-02     9.97151904013116E-01     1.52694583248246E-01    -9.84817302073875E-02    -5.79618767412464E-02     9.71959196451119E-01     1.22214596546044E-01    -7.17967585535185E-02
         0.03143616576437     6.88566678436058E-02     5.10732628893211E-02     6.27844522732480E-02    -5.29354255498624E-01     8.41578430980029E-01     2.22594299772326E-02    -3.76685409689051E-01    -3.25851329972246E-02     9.21275330729839E-01     8.02885341145059E-03    -4.95516577628423E-02    -5.84278772603938E-03    -1.77103620092227E-01     6.18134170431973E-02    -8.70055625593939E-02    -7.45201008554984E-02     7.73738794003725E-02     8.47460651823926E-02
F QZVPP-MOLOPT-PBE-AE
 3
 1 0 0 8 1
    132536.04395257573924     2.19133884152562E-04
     19758.15592578060023     2.13098802939830E-03
      4485.33885808192372     9.36952235670608E-03
      1273.60032301696378     4.57116768597223E-02
       418.75079369228018     1.29815698472524E-01
       152.24712142839283     3.88984269444136E-01
        59.93506405237581     3.48051089779771E-01
        24.88806979770636     8.41734891149259E-01
 1 0 1 5 2 1
       240.82710880865446    -5.22362746235088E-02     7.61618022060436E-02     2.22155163398913E-02
        56.74054074501728     8.36915891686098E-01    -3.52431037520191E-01     9.17502257704855E-02
        18.02568816680041     5.06654331012575E-01     3.90319004241376E-01     6.94833984744179E-01
         7.22835931546723     1.13647744824332E-01     8.46604124895882E-01     5.19336475096237E-01
         2.54051853711273     1.65011335426585E-01     3.00711541924844E-02     4.88450331337750E-01
 1 0 4 4 4 3 3 2 1
         4.64152109972176     7.99092172965100E-01     3.57185510151160E-01    -4.75225254357118E-01     8.96167845059311E-02     2.14101203990999E-03     4.09061558167189E-01    -4.32260580718334E-01     5.23415929943841E-01    -8.45844703511436E-01    -9.90960844591549E-02     6.49830793177351E-01    -6.47812475723957E-01     7.18812892465629E-01
         1.55189089466188    -5.65383503262805E-01     6.20688611440661E-01    -5.16124369070663E-01    -1.69418940846506E-01     9.01357430415779E-01    -3.23634717094166E-01     1.52228377872265E-01     8.31684066132871E-01     4.84322390964955E-01     2.69070652276370E-01     7.59749389285090E-01     5.45754817250953E-01     6.81802537410497E-01
         0.54311529853246     1.47999793272877E-01     6.59726542294831E-01     7.03321697890184E-01    -2.19534826074957E-01     3.64587678140232E-01     2.81361980784028E-01    -7.13536840615867E-01    -1.67858516623561E-01    -2.20433972029506E-01     9.41600143248362E-01     1.96681952393344E-02     4.63299478087506E-01    -2.42238812327185E-02
         0.17933709925335    -1.41029268364327E-01     2.27870683409749E-01     1.14521537491829E-01     9.56593181325010E-01     2.33722107747691E-01     8.05459277239079E-01     5.29945741006902E-01     7.84913805373263E-02     3.72481291736264E-02    -1.76550617000047E-01     1.06755709662101E-02    -2.60469325156765E-01    -1.33665736760872E-01
