IR SVP-MOLOPT-PBE-Q17
 1
 1 0 3 7 6 3 2 1
        15.10199299693367    -6.80221756149813E-01     4.67719320841683E-02    -1.44393467418370E-01    -2.35730129035144E-01    -1.83843613790363E-01    -3.00325744706289E-01     1.39731817350699E-01     2.26593802139127E-01     1.18501519221025E-02     2.04104493542779E-01     1.15110843882998E-01    -1.05026988596334E-01
        13.45844879176765     7.09473374730508E-01     1.82391987045167E-01    -1.35560590679291E-01    -3.40447544642499E-01    -1.91962843141110E-03    -2.72762109852554E-01    -1.43508868233613E-01    -2.73282394064393E-01    -4.18643631988252E-03    -2.41408565341746E-01    -1.23315696560845E-01     1.08542151716657E-01
         4.98297807191548    -9.93234323936978E-02     9.17318487569259E-01     1.11640784042792E-01     2.63138698645836E-01     2.33728232338252E-01     8.99382214417057E-02    -1.13186605946673E-01     2.56689904515908E-02     6.90247801102692E-02     3.04770224377288E-02    -6.85508320081047E-03    -2.98371062576977E-03
         1.04457929718199     2.32936030436993E-02     1.28476174881092E-01     7.98267941805756E-01    -2.61065618869147E-01    -4.90190695159082E-01    -1.48728177067956E-01     8.97987277072949E-01    -3.56351442666205E-01    -1.70714891375916E-01     7.89605638071697E-01     6.67905945034959E-02     2.38213112151652E-01
         0.50590829668728     1.07502618790013E-01    -2.68028100650427E-01     3.48822539368529E-01     6.78696134711082E-01    -3.74772390778611E-02     1.23124520114402E-01     1.13205439165930E-01     1.65654596846101E-01    -4.05384106287770E-01     4.98386200373227E-01    -6.15150071399335E-02     7.01365507626810E-01
         0.24729521799930    -1.07091030840129E-01    -1.60685435557042E-01     4.06412645934149E-01    -4.24926699177875E-01     7.06694728213053E-01     2.86347510083893E-01     3.07141323171349E-01     8.37670562971238E-01     1.39298067461757E-01    -1.66917781620985E-02     9.11149983964632E-01     6.51604380059327E-01
         0.05184641665213     2.26463001533104E-02     9.43787176431605E-02    -1.55660137795100E-01    -2.23469014821843E-01    -4.12868083229568E-01     8.41452185320529E-01     1.83130015429923E-01    -1.31123287941860E-01     8.84417225077783E-01    -1.64286114882937E-01     3.64768923484803E-01     6.27032713334600E-02
F SVP-MOLOPT-PBE-AE
 2
 1 0 0 7 3
      2894.85760373222138    -1.89225166552882E-02    -1.69242373474079E-02     1.56429205622782E-01
       435.72006333230098    -5.47718508603712E-02     4.35884037952142E-03    -7.98432634961778E-02
        98.52635730461387    -2.73685193620500E-01     1.03734081139359E-01    -3.50907504362976E-02
        25.52164954648142    -7.37742492792940E-01     9.09854482000018E-02     1.19033433504314E-02
         7.74033527583515    -5.97666004055640E-01     7.53553007481536E-02    -4.08316440936959E-03
         1.29027540045465     1.18958584280118E-01     8.03005387331711E-01    -5.67628929674378E-01
         0.39691722964189     7.82215741311875E-02     5.74594975519432E-01     8.03469123562649E-01
 2 1 2 4 2 1
        20.86106496273842    -1.10459850494974E-01    -4.27931460741902E-02     1.87770753897563E-02
         3.47280160970880    -5.28022336274227E-01    -8.76852813264224E-03     1.42075306386988E-01
         0.85628499813330    -8.26328796839365E-01    -1.81029642926015E-01     9.03974169721402E-01
         0.22140677163303    -1.61776862802262E-01     9.82507062542321E-01     4.02855717635176E-01
