MN DZVP-MOLOPT-SCAN-GTH-Q15
 1
 2 0 3 6 3 2 2 1
         7.74934170008713     1.81865371976741E-01     5.73130653681437E-02     1.02162073772013E-01    -1.40647795820457E-01     3.46114883812504E-02     2.45219998744358E-01    -7.95723952573633E-02    -2.92101465801469E-04
         3.81178048524725     2.38603487107126E-01     1.12454172453218E-01     8.88278352506432E-02     2.79100963411384E-01    -1.06921835124601E-01     3.77859004950317E-01    -9.46594623325827E-02    -3.85922740325182E-02
         1.68389571962191    -6.66228519306783E-01    -5.06597874820549E-01    -1.06011516267429E-01     7.06920519288251E-01    -3.89714769931522E-01     6.08905943882528E-01    -2.11773144076392E-01    -9.48878228966002E-02
         0.64810838266292    -1.94045751399537E-01    -4.50546398734018E-01     4.89730935115058E-02     4.80784539511007E-01    -1.32711764311971E-01     5.98578296976417E-01    -3.10293127992985E-02    -7.01439930744667E-01
         0.22096342602195    -3.53512328460872E-01     5.16718671295746E-01    -7.34596800201043E-01     3.24170670430905E-01     6.80218635850896E-01     2.60646648758816E-01     7.98146863586975E-01    -6.30663446485621E-01
         0.06411079341593    -5.50915785277872E-01     5.07383111844924E-01     6.54525218790131E-01     2.57572964735200E-01     5.95971777181766E-01    -9.51961017646962E-03     5.49416710198544E-01    -3.15836180561177E-01
F DZVP-MOLOPT-SCAN-GTH-Q7
 1
 2 0 2 5 2 2 1
        13.16645520019096     1.25688709752362E-01    -6.90191648196731E-02    -9.31572868763813E-02     5.00225599861602E-02    -1.02513605924922E-02
         4.67863609541364     1.25206371205048E-01    -7.54523660806367E-02    -2.93923292691458E-01     1.19602022797720E-01     4.04484470063397E-02
         1.68188350144516    -4.93940854057955E-01     2.15904735709196E-01    -5.53343548452151E-01     3.11861936412921E-01     4.51403790784568E-01
         0.58393450944632    -7.58234802751956E-01     3.05654861844976E-01    -6.44505933144035E-01     2.69615230808562E-01     8.90352206116421E-01
         0.18571155118612    -3.86817953873203E-01    -9.21685166349822E-01    -4.28198362261887E-01    -9.01799789070697E-01     4.20285554084608E-02
S DZVP-MOLOPT-SCAN-GTH-Q6
 1
 2 0 2 4 2 2 1
         1.88982592125518     3.26660680903398E-01    -1.40113335745630E-01     2.05757289488259E-01     1.31587103765163E-01     8.63181897573166E-02
         1.15800216982202    -7.89841314278472E-02    -1.32842309185549E-01    -3.49827240399351E-01    -1.70936424818098E-01     3.62126019596262E-01
         0.37325162853195    -7.39935765807641E-01     5.77184184804776E-01    -8.28100896626626E-01    -3.25058953530420E-01     9.02338526329730E-01
         0.12418523801761    -5.82708648479647E-01    -7.93460516250008E-01    -3.86695933135065E-01     9.20761776749454E-01     2.17253538404969E-01
O DZVP-MOLOPT-SCAN-GTH-Q6
 1
 2 0 2 5 2 2 1
        10.25781699497238    -1.37093335568261E-01     6.42341766590814E-02    -1.01541960662273E-01     5.12250917317880E-02    -1.55308630843787E-02
         3.64428735012608    -1.53382903419191E-01     6.95730187369108E-02    -2.97888826596963E-01     1.18416114723772E-01     1.12242705044625E-01
         1.40222472037927     4.52964005356058E-01    -1.60546208430784E-01    -5.48743422499672E-01     2.65706574607295E-01     4.02080210361362E-01
         0.52205700268808     8.05450964095097E-01    -2.63981031214717E-01    -6.95022929228448E-01     1.92118246587555E-01     9.01700430010169E-01
         0.16818943371335     3.22104729197730E-01     9.46346921445871E-01    -3.41723954857718E-01    -9.35865486749767E-01    -1.11481865840859E-01
