MN DZVP-MOLOPT-SCAN-GTH-Q15
 1
 2 0 3 6 3 2 2 1
         7.84483957911887     1.84547840357355E-01     5.34950135182283E-02     7.47665568141734E-02    -1.41644193234772E-01     1.73559764938431E-02     2.38423000487411E-01    -3.81899295219043E-02     5.20724047127872E-02
         3.84362830743163     2.37228597432717E-01     1.14637694722424E-01     9.37427116740569E-02     2.73084494087093E-01    -7.59800304299480E-02     3.76862718630841E-01    -9.47795760440489E-02    -1.02004736424756E-01
         1.68083261404695    -6.88387993660475E-01    -4.91597327895646E-01    -4.95888273545768E-02     7.10399487584923E-01    -4.20529320874721E-01     6.01640518399405E-01    -1.20438665925877E-01    -4.55987553880697E-02
         0.62762838600659    -1.99662112058069E-01    -4.36946093666132E-01     2.91505451921795E-02     5.04636603835451E-01    -4.52199661388644E-02     6.07151975327814E-01    -5.39846387190609E-02    -8.03498860721244E-01
         0.20915226996615    -3.88689442045788E-01     5.35309651223154E-01    -7.12067911586812E-01     3.08571924720631E-01     7.09097021099525E-01     2.61436415545533E-01     6.98184654180600E-01    -5.77395919960821E-01
         0.05908643708107    -4.94815335265888E-01     5.14636024992932E-01     6.89400282270859E-01     2.25432062925338E-01     5.58764229949121E-01    -4.66382916398509E-02     6.96187285467859E-01    -7.62088207077320E-02
F DZVP-MOLOPT-SCAN-GTH-Q7
 1
 2 0 2 5 2 2 1
        13.16645520019096     1.25688709752362E-01    -6.90191648196731E-02    -9.31572868763813E-02     5.00225599861602E-02    -1.02513605924922E-02
         4.67863609541364     1.25206371205048E-01    -7.54523660806367E-02    -2.93923292691458E-01     1.19602022797720E-01     4.04484470063397E-02
         1.68188350144516    -4.93940854057955E-01     2.15904735709196E-01    -5.53343548452151E-01     3.11861936412921E-01     4.51403790784568E-01
         0.58393450944632    -7.58234802751956E-01     3.05654861844976E-01    -6.44505933144035E-01     2.69615230808562E-01     8.90352206116421E-01
         0.18571155118612    -3.86817953873203E-01    -9.21685166349822E-01    -4.28198362261887E-01    -9.01799789070697E-01     4.20285554084608E-02
S DZVP-MOLOPT-SCAN-GTH-Q6
 1
 2 0 2 4 2 2 1
         1.88982592125518     3.26660680903398E-01    -1.40113335745630E-01     2.05757289488259E-01     1.31587103765163E-01     8.63181897573166E-02
         1.15800216982202    -7.89841314278472E-02    -1.32842309185549E-01    -3.49827240399351E-01    -1.70936424818098E-01     3.62126019596262E-01
         0.37325162853195    -7.39935765807641E-01     5.77184184804776E-01    -8.28100896626626E-01    -3.25058953530420E-01     9.02338526329730E-01
         0.12418523801761    -5.82708648479647E-01    -7.93460516250008E-01    -3.86695933135065E-01     9.20761776749454E-01     2.17253538404969E-01
O DZVP-MOLOPT-SCAN-GTH-Q6
 1
 2 0 2 5 2 2 1
        10.25781699497238    -1.37093335568261E-01     6.42341766590814E-02    -1.01541960662273E-01     5.12250917317880E-02    -1.55308630843787E-02
         3.64428735012608    -1.53382903419191E-01     6.95730187369108E-02    -2.97888826596963E-01     1.18416114723772E-01     1.12242705044625E-01
         1.40222472037927     4.52964005356058E-01    -1.60546208430784E-01    -5.48743422499672E-01     2.65706574607295E-01     4.02080210361362E-01
         0.52205700268808     8.05450964095097E-01    -2.63981031214717E-01    -6.95022929228448E-01     1.92118246587555E-01     9.01700430010169E-01
         0.16818943371335     3.22104729197730E-01     9.46346921445871E-01    -3.41723954857718E-01    -9.35865486749767E-01    -1.11481865840859E-01
