TA DZVP-MOLOPT-SCAN-GTH-Q13
 1
 2 0 3 6 3 2 2 1
         3.27193856145042     3.32754856666922E-01    -3.84811383156519E-02     5.60126497234801E-01     6.60213395056745E-01     1.43172605374554E-01    -2.52109715924391E-01    -7.21351903417445E-02    -2.64689758007194E-02
         3.13274316200609     1.22592214981649E-01     1.68363077768739E-01    -6.14815013245806E-01    -6.08946016382743E-01    -9.81522105972435E-02     2.81439969796122E-01     6.71625527454031E-02     4.00563473615864E-02
         1.01424654306962    -7.55857607150500E-01    -2.53468054035022E-01     2.20024399522589E-01    -2.25496108907484E-01    -4.29194566858878E-01     4.58724841547740E-01    -5.50830787593709E-02    -1.47537658089521E-01
         0.43559320642888    -3.18248786762484E-01    -2.46212373884260E-01     8.81025652029582E-02    -1.97232919223333E-01    -1.51498138685149E-01     7.28707405027155E-01    -1.96215653812519E-01    -8.67041308490702E-01
         0.16756841059230    -3.44428397725829E-01     3.80585131772182E-02    -4.41675816462010E-01    -2.99565023423580E-01     8.05150876101894E-01     3.21530435998842E-01     6.57041324060571E-01    -4.71628686438494E-01
         0.05534428098593    -2.88117025646550E-01     9.18617460177459E-01     2.38768677499859E-01    -1.17535098173656E-01     3.38290042849688E-01    -1.11388737624886E-01     7.19060272809677E-01    -4.16325990132858E-02
O DZVP-MOLOPT-SCAN-GTH-Q6
 1
 2 0 2 5 2 2 1
        10.25781699497238    -1.37093335568261E-01     6.42341766590814E-02    -1.01541960662273E-01     5.12250917317880E-02    -1.55308630843787E-02
         3.64428735012608    -1.53382903419191E-01     6.95730187369108E-02    -2.97888826596963E-01     1.18416114723772E-01     1.12242705044625E-01
         1.40222472037927     4.52964005356058E-01    -1.60546208430784E-01    -5.48743422499672E-01     2.65706574607295E-01     4.02080210361362E-01
         0.52205700268808     8.05450964095097E-01    -2.63981031214717E-01    -6.95022929228448E-01     1.92118246587555E-01     9.01700430010169E-01
         0.16818943371335     3.22104729197730E-01     9.46346921445871E-01    -3.41723954857718E-01    -9.35865486749767E-01    -1.11481865840859E-01
F DZVP-MOLOPT-SCAN-GTH-Q7
 1
 2 0 2 5 2 2 1
        13.16645520019096     1.25688709752362E-01    -6.90191648196731E-02    -9.31572868763813E-02     5.00225599861602E-02    -1.02513605924922E-02
         4.67863609541364     1.25206371205048E-01    -7.54523660806367E-02    -2.93923292691458E-01     1.19602022797720E-01     4.04484470063397E-02
         1.68188350144516    -4.93940854057955E-01     2.15904735709196E-01    -5.53343548452151E-01     3.11861936412921E-01     4.51403790784568E-01
         0.58393450944632    -7.58234802751956E-01     3.05654861844976E-01    -6.44505933144035E-01     2.69615230808562E-01     8.90352206116421E-01
         0.18571155118612    -3.86817953873203E-01    -9.21685166349822E-01    -4.28198362261887E-01    -9.01799789070697E-01     4.20285554084608E-02
