K  admm-dz
    4
1 0 0 2 1
        5.41727452   -0.83823555 
        4.87193987    1.08737764
1 0 0 1 1
        0.49377687    1.00000000
1 0 0 1 1
        0.04793675    1.00000000
2 1 1 3 1
        5.49584088   -0.02633482
        0.93646850    0.58747420
        0.28789481    0.51742341

K  admm-dzp
    5
1 0 0 2 1
        5.41727452   -0.83823555
        4.87193987    1.08737764
1 0 0 1 1
        0.49377687    1.00000000
1 0 0 1 1
        0.04793675    1.00000000
2 1 1 3 1
        5.49584088   -0.02633482
        0.93646850    0.58747420
        0.28789481    0.51742341
2 2 2 1 1
      0.06287033             1.0000000

K  admm-tzp
    7
1 0 0 2 1
        7.10554129    1.50287087
        6.38272877   -4.15124702
1 0 0 2 1
        5.73563378    1.00000000
1 0 0 2 1
        0.49156799    1.00000000
1 0 0 2 1
        0.04794443    1.00000000
2 1 1 2 1
        5.49358921   -0.02634638
        0.93659642    0.58737899
2 1 1 1 1
        0.28795285    1.00000000
2 2 2 1 1
      0.06287033             1.0000000

K  admm-tz2p
    9
1 0 0 2 1
        7.10554129    1.50287087
        6.38272877   -4.15124702
1 0 0 2 1
        5.73563378    1.00000000
1 0 0 2 1
        0.49156799    1.00000000
1 0 0 2 1
        0.04794443    1.00000000
2 1 1 2 1
        5.49358921   -0.02634638
        0.93659642    0.58737899
2 1 1 1 1
        0.28795285    1.00000000
2 2 2 1 1
      0.57805998      1.0000000 
2 2 2 1 1
      0.09192000      1.0000000
3 3 3 1 1
      0.45136500             1.0000000
