GA DZVP-MOLOPT-PBE-GTH-Q13
 1
 2 0 3 6 2 2 2 1
         6.93181143582740    -5.22491013021410E-03    -5.15083579440533E-05    -1.91955584722967E-03     4.32585274970346E-03    -4.99083390904399E-01    -9.55585978817957E-02    -3.84406054045301E-03
         3.01656447397946    -1.78089483319415E-02    -2.77258204986484E-02     2.16143742957667E-02    -3.20218420621381E-02    -6.45630947084634E-01    -1.69359946380454E-01     1.60513728624033E-02
         1.10154483600156     4.37628639937172E-01     2.82715868414029E-01     1.56752949772068E-01    -1.43998858227460E-01    -4.97398050613771E-01    -1.80417993920845E-01     6.75229743356388E-02
         0.40429913834530    -3.12242558535992E-01    -3.57226242889543E-01    -4.18685595787931E-01     5.19813889759065E-01    -2.82502860474942E-01     6.73378152503891E-01     8.92123889664056E-01
         0.15745703748705    -8.23442193061385E-01     9.23112998829227E-02    -7.82579895854377E-01     1.49951735368036E-01    -7.89639095034771E-02     6.19673745550316E-01     4.10927910432402E-01
         0.05692267130844    -1.80511092471728E-01     8.84969518840290E-01    -4.32699347528009E-01    -8.27966312437763E-01    -2.50691674171375E-02     3.03646872548591E-01     1.74417437439599E-01
H DZVP-MOLOPT-PBE-GTH-Q1
 1
 2 0 1 5 2 1
         9.42354063693337     1.73378201014863E-02    -1.21445159969598E-01    -8.76671027046430E-02
         2.22615949373757     1.93709872716504E-01    -1.18321991639862E-01     2.94039390163616E-01
         0.63906011750762     5.93969954529689E-01    -1.91879319676876E-01     4.09265411017209E-01
         0.31891311049636     2.87972643705189E-01     9.48793006176853E-01     1.56988630151590E-01
         0.16139156624546     7.25566905805197E-01    -1.85000371687637E-01     8.44814600657224E-01
C DZVP-MOLOPT-PBE-GTH-Q4
 1
 2 0 2 5 2 2 1
         5.26168129831067    -1.61180329987319E-01     9.95867208365846E-02    -9.87196463656005E-02     8.04180361628404E-02    -7.94810431764520E-02
         1.93765185829818    -1.80818549742989E-01     2.07627108755464E-01    -2.33418997562279E-01     3.08840032955768E-01     2.69065919998737E-01
         0.75874037796781     4.91719768047513E-01    -4.16765369564797E-01    -5.45204647452669E-01     4.47360294645044E-01     5.09115674523642E-01
         0.29195902016920     8.01363369134776E-01     6.04318650540438E-02    -6.71299816524380E-01     5.57121483533110E-02     7.95876444290429E-01
         0.09607356854063     2.39486896539835E-01     8.77284494996048E-01    -4.33449480019086E-01    -8.33616036796648E-01     1.69316891799892E-01
F DZVP-MOLOPT-PBE-GTH-Q7
 1
 2 0 2 5 2 2 1
        13.30428004732790     1.38300641201995E-01    -4.13429187269840E-02    -9.35306094799813E-02     5.06566246623838E-02    -3.27607844899301E-02
         4.80605774544240     1.37253664661734E-01    -3.39425431978004E-02    -2.95918398172795E-01     1.05639317967558E-01     1.33212173705781E-01
         1.70698523266130    -5.18315587577063E-01     1.04830293747595E-01    -5.65287543674134E-01     3.02725510725546E-01     2.66499630071583E-01
         0.58735472443375    -8.26234910698634E-01     4.59821538585404E-02    -6.52514099592094E-01     2.40459771924833E-01     9.50816701157307E-01
         0.17874874061685    -1.03533512436824E-01    -9.91985341560913E-01    -3.97944304537121E-01    -9.14773526135829E-01     7.81459899689756E-02
CL DZVP-MOLOPT-PBE-GTH-Q7
 1
 2 0 2 4 2 2 1
         1.99824811943664     4.80178625121655E-01     2.13595239646948E-01     3.37297835177395E-01     1.93550474567217E-01     9.49286028054555E-02
         1.50363082119869    -3.59931830134513E-01     5.82028670667340E-02    -4.88390621275333E-01    -2.19767298436887E-01     2.80669438798039E-01
         0.40650884550636    -5.66727788276184E-01    -6.12160145305876E-01    -6.58014497305072E-01    -3.61134655335744E-01     9.44637929647980E-01
         0.12853799110242    -5.64532709085914E-01     7.59110964460706E-01    -4.63380721190784E-01     8.85337398423951E-01     1.40969529915426E-01
