IR TZVPP-MOLOPT-PBE-Q17
 2
 1 0 1 5 2 1
        30.01608128454462     8.45529299028383E-01     7.09329986000273E-02    -6.00198142026996E-02
        27.11515948891081    -1.48295170312671E-01     5.47698602354916E-02     1.67884395566746E-01
        13.83634877664487     5.01771799373662E-01     8.44199339221481E-03    -5.07574979548236E-01
         4.99222303168837    -3.78137841799129E-03     8.63094078873113E-01     2.33019148191221E-01
         1.09716912702606     1.06299150876589E-01    -4.96956855150557E-01     8.10112441788859E-01
 1 0 4 6 4 3 3 2 1
         6.09611637177855     3.64837853469705E-01     3.09951972262499E-01     1.01106266963673E-01     7.89485618306838E-04    -1.60596975690496E-01     1.29842849146786E-02     5.25389102272802E-02    -2.04451437936083E-02    -4.06724644745181E-02    -6.29301479381821E-02    -4.54014993533194E-02     1.10848656804569E-02     3.42919836901272E-03
         1.39514661393736     3.11901193770393E-01    -5.37380260133121E-01    -2.71203941480662E-01    -1.01424682721867E-01     4.63989768129256E-01    -4.04211694279242E-02    -5.63791368721822E-02     3.88111146711181E-01     5.02043955797884E-02     2.74855731901550E-01    -9.56836178460429E-02     1.37260457713004E-01     9.89403785688479E-02
         0.70556238324367     6.75377419458278E-01     3.01410996601344E-01    -4.73894136460477E-01    -2.45540688587770E-01     4.94766574964519E-01    -6.80984905837507E-01    -5.75296702445238E-02     5.81696778376705E-01    -4.34064782460981E-01     5.42915606262834E-01     8.67577004888620E-01     6.94135627951496E-02     1.60260703898010E-01
         0.41763528969085     2.05029961091789E-01     5.27680867699791E-01     4.04960642074521E-01     3.40505611622995E-01     2.07056639103897E-01     6.47235895132479E-01    -2.95282399353707E-01     6.81949155116809E-01     4.41320743509451E-01    -5.34559832960864E-01     3.43238416519443E-01     5.81098391163574E-01     7.68090170552053E-01
         0.17799092209317     5.17966442220275E-01    -4.85922455908704E-01     5.94875939114414E-01     1.49520276056723E-01     6.67326534152547E-01     2.94224151945402E-01    -4.30246670717718E-02    -8.00595068958405E-03     7.24849823769555E-01     5.22813369919800E-01    -3.03559117317361E-01     7.98785152428393E-01     6.11870419985098E-01
         0.04454704169644     5.61231420580539E-02    -9.86707187816136E-02    -4.16869029513752E-01     8.89450277528903E-01     1.61031014985476E-01     1.70220268748710E-01     9.49583369449210E-01    -2.13217838158492E-01     2.95367175316839E-01     2.58164158657931E-01     1.61656244666217E-01    -2.20315648196302E-02     1.29471202161514E-02
F TZVPP-MOLOPT-PBE-AE
 2
 1 0 0 6 1
     35479.02878767263610     6.72585320603450E-04
      5318.56312951047130     8.20097950478645E-03
      1210.53207767191157     3.41581776414553E-02
       342.85143677005027     1.67981165419731E-01
       112.04698837680320     3.40179960458393E-01
        40.78491787387953     9.24567700620738E-01
 1 0 3 6 4 3 2 1
        79.87901815644609     1.16918239284466E-01    -1.68147951461107E-02    -2.12818697913285E-02    -7.26226478740871E-03    -2.45424567087636E-01     2.14619427519455E-01     6.35891870315225E-02     1.01451133211560E-01    -3.43565246327839E-02    -1.31870850864618E-02
        16.19635642859436     8.53271420269594E-01     1.38508493185373E-02     1.47303644984199E-01    -9.44612873543690E-02    -1.04048621424425E-01     1.57592183640012E-01     5.70164828779390E-02     5.65110690465166E-02     4.45853785965381E-03     1.05680763536942E-01
         5.77801148801512     4.75828101997680E-01     9.06865843090442E-03     4.56280442532805E-02    -3.42227538288074E-02     3.85471543429814E-01     1.08618595980577E-01    -3.86557846134089E-02     7.78219890128867E-01    -1.58938198405914E-01    -1.90738906372033E-01
         1.80048565891898     5.42202862380103E-03     9.84951172129337E-01    -1.65338157360222E-01    -4.82246452283399E-02     8.82036252116551E-01     2.29685585491659E-02     9.54990517737228E-02     5.96805252189064E-01     2.06883586435839E-01     7.91345089335059E-01
         0.61342852936985    -1.78123417267227E-01     1.16155230853301E-01     8.34960810060312E-01    -5.05012861636734E-01     2.35771402740000E-03     9.52591193174218E-01     7.86110613461027E-02     2.14870962580005E-02     9.58447372992515E-01     5.67195057415070E-01
         0.19458219035665     9.39552285204502E-03     1.25786831338083E-01     5.01268928973589E-01     8.55856016509765E-01    -4.85679584923393E-02    -9.66833470619191E-02     9.87882330256585E-01     1.55723360184243E-01    -1.10073678097833E-01    -6.58715646571095E-02
