#########################################################################################################
# Sodium
#########################################################################################################
 Na ccGRB-D-q9 
   2
  1  0  1  6  3  2
   17.3084612327       -0.1481230496    0.0271053510   -0.0595658056   -0.1054583705    0.0315794319
   5.53800431967       -0.0031835945    0.0052055451    0.0390347178   -0.2975520294    0.1104114393
   1.77193636294        0.6567938832   -0.1683923942    0.1268429063   -0.4798482820    0.1124679663
  0.566947639088        0.4381451695   -0.1317815027    1.1187597955   -0.3246078717    0.2826763907
  0.181400208377        0.0101646451   -0.1953810545   -2.6245123398   -0.0454137245   -0.9178061901
  0.580406960547E-01    0.0030482524    1.1846451780    1.4741009543    0.0000459679   -0.2848973931
1 2 2 1 1
      9.280000E-02           1.0000000

 Na ccGRB-T-q9 
   3
  1  0  1  7  4  3
   19.4075577904       -0.1101887766    0.0208724127   -0.0290396395    0.1143070033    0.0789388737   -0.0511862652   -0.0760457880
   7.30457774468       -0.1077185709    0.0179796756   -0.0568105932   -0.2697042073    0.2069513324   -0.0583258465   -0.0218746573
   2.74928234682        0.3879660289   -0.0704690080    0.2126947806    0.8521373583    0.3730202044   -0.3388091839   -0.5547050144
   1.03476938527        0.5762351971   -0.1931715615    0.0356948928   -3.3386501332    0.3897678436   -0.0285476193   -0.0469106139
  0.389464429484        0.2155455402   -0.0386341770    1.1697946388    5.1922340491    0.1859264446    0.1707559317    1.6369695396
  0.146585842210       -0.0090862327   -0.2095892829   -3.1253277827   -3.7285911608    0.0179057613    0.7790585780   -1.3683346326
  0.551716858071E-01    0.0040482839    1.2035305764    1.8859972279    1.2377011650    0.0006665996    0.0888217771    0.0747718553
1 2 2 2 2
      1.473000E-01           1.000000E+00           0.000000E+00
      6.230000E-02           0.000000E+00           1.000000E+00
1 3 3 1 1
      1.284000E-01           1.0000000


 Na ccGRB-Q-q9 
   4
  1  0  1  8  5  4
   19.2765932061        0.1125438218    0.0209802232   -0.0292622466    0.1052569238   -0.1796660739   -0.0804521921    0.0292756161   -0.0920268396   -0.0798076548
   7.17555814363        0.1032564424    0.0175561939   -0.0510675247   -0.2325601343    1.4793302735   -0.2123688349    0.0538595753   -0.0184085089    0.1505736403
   2.67104431380       -0.4067106571   -0.0759080948    0.2042020174    0.7261669613   -4.4160633996   -0.3809853479    0.1768215969   -0.7066527825   -0.9655355477
  0.994274951643       -0.5761263338   -0.1891282252    0.0645645788   -3.0595803208    5.3093914065   -0.3893899398    0.0313834012    0.1527897472    2.0645155891
  0.370110924165       -0.1961927302   -0.0482626041    1.0617163799    4.8398945706   -3.7642842316   -0.1752978777    0.2139399183    1.3764881843   -2.6260101561
  0.137770840913        0.0107306708   -0.1514097285   -3.0364734222   -3.3883164376    2.3049751903   -0.0138364581   -1.1154145921   -0.9091388238    2.6221694292
  0.512840971896E-01   -0.0046741052    1.1882474546    1.9101981650    0.9316947815   -1.4226909811   -0.0008321924   -0.0251063162   -0.0381082485   -1.7466292564
  0.190900963304E-01    0.0004834443   -0.0290191179   -0.0288016849    0.1788123756    0.6143374600    0.0000577794   -0.0006810463   -0.0153366895    0.0959065013
1 2 2 3 3
      2.116000E-01           1.000000E+00           0.000000E+00           0.000000E+00
      1.039000E-01           0.000000E+00           1.000000E+00           0.000000E+00
      5.100000E-02           0.000000E+00           0.000000E+00           1.000000E+00
1 3 3 2 2
      2.006000E-01           1.000000E+00           0.000000E+00
      1.009000E-01           0.000000E+00           1.000000E+00
1 4 4 1 1
      1.776000E-01           1.0000000

Na aug-cc-D
    3
1 0 0 1 1
      7.200000E-03           1.000000E+00
1 1 1 1 1
      5.700000E-03           1.000000E+00
1 2 2 1 1
      4.800000E-02           1.000000E+00

Na aug-cc-T
    4
1 0 0 1 1
      6.700000E-03           1.000000E+00
1 1 1 1 1
      1.000000E-02           1.000000E+00
1 2 2 1 1
      2.250000E-02           1.000000E+00
1 3 3 1 1
      7.000000E-02           1.000000E+00

Na aug-cc-Q
     5
1 0 0 1 1
      5.000000E-03           1.000000E+00
1 1 1 1 1
      7.200000E-03           1.000000E+00
1 2 2 1 1
      2.530000E-02           1.000000E+00
1 3 3 1 1
      4.470000E-02           1.000000E+00
1 4 4 1 1
      8.720000E-02           1.000000E+00

