################################################################################################
# Vanadium
################################################################################################
V cc-pVDZ
    1
1 3 3 2 1
      1.748800E+00           3.900680E-01
      4.057000E-01           8.008410E-01

V cc-pVTZ
    2
1 3 3 2 2
      1.774900E+00           1.000000E+00           0.000000E+00
      4.125000E-01           0.000000E+00           1.000000E+00
1 4 4 1 1
      1.136800E+00           1.0000000

V cc-pVQZ
    3
1 3 3 3 3
      3.064800E+00           1.000000E+00           0.000000E+00           0.000000E+00
      8.840000E-01           0.000000E+00           1.000000E+00           0.000000E+00
      2.550000E-01           0.000000E+00           0.000000E+00           1.000000E+00
1 4 4 2 2
      2.153800E+00           1.000000E+00           0.000000E+00
      5.645000E-01           0.000000E+00           1.000000E+00
1 5 5 1 1
      1.316500E+00           1.0000000

V aug-cc-D
    4
1 0 0 1 1
      1.232000E-02           1.000000E+00
1 1 1 1 1
      1.244000E-02           1.000000E+00
1 2 2 1 1
      2.256000E-02           1.000000E+00
1 3 3 1 1
      1.311200E-01           1.000000E+00

V aug-cc-T
     5
1 0 0 1 1
      0.0123200              1.0000000
1 1 1 1 1
      0.0124400              1.0000000
1 2 2 1 1
      0.0225600              1.0000000
1 3 3 1 1
      0.1311200              1.0000000
1 4 4 1 1
      0.3846500              1.0000000

V aug-cc-Q
     6
1 0 0 1 1
      0.0117200              1.0000000
1 1 1 1 1
      0.0116600              1.0000000
1 2 2 1 1
      0.0163000              1.0000000
1 3 3 1 1
      0.0818500              1.0000000
1 4 4 1 1
      0.1933900              1.0000000
1 5 5 1 1
      0.4711900              1.0000000

