#
# Generated with CP2K Atom Code
#
 V  ccGRB-VAL-0
   1
  2  0  2  6  2  1  1
   6.54912084529       -0.2174057181    0.0563360351    0.1456225933   -0.1306903487
   2.69036351816       -0.1776432227    0.0607804596   -0.3290063543   -0.2694038783
   1.10519503775        1.0069011000   -0.4494990091   -0.5772155319   -0.3471597839
  0.454011535327        0.2076992374   -0.1275831902   -0.2601846476   -0.3173847492
  0.186506876316        0.0671822302   -0.0488869982   -0.0209262246   -0.2140128880
  0.766165883603E-01   -0.0183781758    1.1448561225   -0.0009224292   -0.1014392475

 V  ccGRB-VAL-1
   1
  2  0  2  6  3  2  2
   6.54912084529       -0.2174057181    0.0563360351   -0.1082646722    0.1456225933    0.1455232252   -0.1306903487    0.0780096041
   2.69036351816       -0.1776432227    0.0607804596    0.0673815530   -0.3290063543   -0.4774695844   -0.2694038783    0.1738202623
   1.10519503775        1.0069011000   -0.4494990091    0.2538686152   -0.5772155319   -0.7273121005   -0.3471597839    0.2174824301
  0.454011535327        0.2076992374   -0.1275831902    1.5248954268   -0.2601846476    1.0467206763   -0.3173847492    0.0768267676
  0.186506876316        0.0671822302   -0.0488869982   -3.7867992991   -0.0209262246    0.3233189589   -0.2140128880   -0.1472370035
  0.766165883603E-01   -0.0183781758    1.1448561225    2.2886998531   -0.0009224292   -0.0572932839   -0.1014392475   -0.8425713432

 V  ccGRB-POL-1
   1
  3  3  3  1  1
  0.531193216458        1.0000000000

 V  ccGRB-EXT
   1
  2  0  2  1  3  2  1
  0.201727334978E-01    1.0000000000    7.3945442547  333.4042111779    7.3945442547  333.4042111779  333.4042111779

