OS TZVPP-MOLOPT-PBE-Q16
 2
 1 0 1 5 2 1
        30.89874504973131     8.14424505601529E-01    -5.82841658116848E-02     2.36692862273004E-02
        27.03422619148425    -3.56599911516396E-01     1.07055822355040E-01    -1.63412667077105E-02
        14.03168041081798     3.90273105959075E-01    -1.10597542267726E-01    -7.83093822203012E-02
         4.43642945685688     2.27596777124995E-01     7.66891016558832E-01     2.40021244424702E-01
         1.30224112433693     7.37281329586983E-02    -6.20313113903955E-01    -9.67176390723517E-01
 1 0 4 6 4 3 3 2 1
         5.86915403853050    -1.84139704355396E-01     4.24737965263857E-01     6.17566636136844E-01     2.40702512943529E-02    -1.20139928046535E-01     1.31263780326473E-02     1.00888380184079E-02    -5.36976877065129E-02    -4.28503742678786E-03     8.66742483895655E-03     4.06859305570953E-03    -3.54519401750851E-03    -1.11033712695013E-02
         1.33559215069342     3.41083417302898E-01    -1.60432921308551E-01    -4.41032886742975E-01     9.02610666648272E-02     7.80397597456685E-02    -3.42166633308286E-02    -4.61770714128795E-04     4.48689544887103E-01    -2.38929666552320E-02    -5.39328349295078E-04     1.90602754599347E-01    -9.02788845271781E-02     1.59197830683099E-01
         0.60361869716252     5.61703202942822E-01     5.29390532227828E-01    -2.16957298664481E-01    -4.74066495722546E-01     4.53329669548676E-01    -7.48083903576944E-01     2.94552630759162E-03     6.04477694217216E-01    -6.24129675113011E-01    -7.84186324752523E-02     2.51986404732948E-01     7.18869490453053E-01    -8.97332190531007E-02
         0.46738261645726     1.22270288815661E-01    -1.65093171600124E-01    -1.52503981786995E-01     5.95272779855681E-01     3.43136106137111E-01     6.43249246325537E-01    -7.95090154548705E-02     4.01318692011584E-01     6.91649432660995E-01     3.73361528355931E-01     7.20777373753562E-01    -5.62244508956990E-01     8.33236228332703E-01
         0.21405708378347     2.46191311664205E-01    -6.96232809168835E-01     3.76114829648569E-01    -4.83390762708122E-01     7.91718084855417E-01     1.37753697577340E-01    -1.78082606642824E-01     5.11306709101590E-01     2.59555356170484E-01    -3.47908868002069E-01     6.14888607525580E-01     3.96154709761939E-01     4.46371144181374E-01
         0.08330760327418     6.77262133932389E-01     4.01088910261042E-02     4.60772333973657E-01     4.22514151919021E-01     1.71489040677917E-01     7.92572852470347E-02     9.80741672237247E-01    -8.89366319782200E-02     2.53229130679958E-01    -8.56350215543586E-01     5.04862965528403E-02    -4.47925036677229E-02    -2.70094251487731E-01
F TZVPP-MOLOPT-PBE-AE
 2
 1 0 0 6 1
     35479.02878767263610     6.72585320603450E-04
      5318.56312951047130     8.20097950478645E-03
      1210.53207767191157     3.41581776414553E-02
       342.85143677005027     1.67981165419731E-01
       112.04698837680320     3.40179960458393E-01
        40.78491787387953     9.24567700620738E-01
 1 0 3 6 4 3 2 1
        79.87901815644609     1.16918239284466E-01    -1.68147951461107E-02    -2.12818697913285E-02    -7.26226478740871E-03    -2.45424567087636E-01     2.14619427519455E-01     6.35891870315225E-02     1.01451133211560E-01    -3.43565246327839E-02    -1.31870850864618E-02
        16.19635642859436     8.53271420269594E-01     1.38508493185373E-02     1.47303644984199E-01    -9.44612873543690E-02    -1.04048621424425E-01     1.57592183640012E-01     5.70164828779390E-02     5.65110690465166E-02     4.45853785965381E-03     1.05680763536942E-01
         5.77801148801512     4.75828101997680E-01     9.06865843090442E-03     4.56280442532805E-02    -3.42227538288074E-02     3.85471543429814E-01     1.08618595980577E-01    -3.86557846134089E-02     7.78219890128867E-01    -1.58938198405914E-01    -1.90738906372033E-01
         1.80048565891898     5.42202862380103E-03     9.84951172129337E-01    -1.65338157360222E-01    -4.82246452283399E-02     8.82036252116551E-01     2.29685585491659E-02     9.54990517737228E-02     5.96805252189064E-01     2.06883586435839E-01     7.91345089335059E-01
         0.61342852936985    -1.78123417267227E-01     1.16155230853301E-01     8.34960810060312E-01    -5.05012861636734E-01     2.35771402740000E-03     9.52591193174218E-01     7.86110613461027E-02     2.14870962580005E-02     9.58447372992515E-01     5.67195057415070E-01
         0.19458219035665     9.39552285204502E-03     1.25786831338083E-01     5.01268928973589E-01     8.55856016509765E-01    -4.85679584923393E-02    -9.66833470619191E-02     9.87882330256585E-01     1.55723360184243E-01    -1.10073678097833E-01    -6.58715646571095E-02
C TZVPP-MOLOPT-PBE-AE
 2
 1 0 0 6 1
     13575.36958405577388     4.58147950944622E-04
      2035.23751738363671     1.21337901046264E-02
       463.11111195382159     3.94772659786306E-02
       131.31855343946540     2.27675432947388E-01
        42.89959282566456     1.83999091958326E-01
        15.85510154272720     9.55302223434938E-01
 1 0 3 6 4 3 2 1
        34.41721150609357     9.02610706533540E-02     1.45960387814647E-01    -5.81350391534647E-01    -1.86791853710472E-01     2.24000414781332E-02     1.35113513652918E-02    -9.87851280080972E-02     2.98612069007889E-01    -2.24236690578969E-01     1.44118218013727E-02
         6.73967331854110     8.42948760302444E-01    -1.29849205041561E-01    -5.44525843040446E-02    -6.71931413988591E-02     1.91277633948411E-01    -1.66915456837718E-01     1.05142388826124E-01     1.25840321584798E-01    -1.04282075437448E-01    -2.31687139463439E-02
         2.44162428858657     4.59593591138479E-01    -1.00655279581068E-01    -1.37653511557023E-01    -1.93557517366444E-02     2.11051684448653E-01     1.99160136414799E-01    -1.81772636941788E-01     6.58919643733437E-01    -3.51581809254503E-01     1.16047272341388E-01
         0.80676393803573     8.72690243543751E-03     8.01077547688240E-01    -4.00910108714892E-01     7.51099749711393E-02     9.43473200180869E-01    -1.64395137159315E-01    -5.93836313870153E-02     6.64977833395214E-01     3.14836909427245E-01     7.81790432912519E-01
         0.28395954992898     1.42303776998465E-01     4.59233425841999E-01     5.88311261894914E-01    -6.15166888615124E-01     1.43785506703447E-01     9.46250030657811E-01    -5.39147063185988E-02     1.17179343018990E-01     8.44845722597378E-01     5.98727626814855E-01
         0.09709795396584     2.23019133348180E-01     3.14774025311408E-01     3.65074092396285E-01     7.59043760808618E-01     8.69042000524980E-02     9.93832585229523E-02     9.69387473501416E-01     6.99530662023376E-02     4.84439079059064E-02    -1.26954671295191E-01
O TZVPP-MOLOPT-PBE-AE
 2
 1 0 0 6 1
     27032.34110717467047     7.35264897360634E-04
      4052.43915960016602     8.66846509689763E-03
       922.34965292725667     3.34607178584762E-02
       261.27735857055188     1.68914563970243E-01
        85.30942400544160     3.28333881314405E-01
        31.08080221478707     9.28692322525900E-01
 1 0 3 6 4 3 2 1
        62.91495630413323     1.16332726109966E-01    -5.81371416541881E-02     1.11937556008261E-02     5.75105170781195E-02    -1.16673038976174E-01     1.57254063503839E-01    -3.81929188419382E-02     1.36166697203113E-01    -8.71583721921845E-02     3.21000644845466E-04
        12.30944986692977     8.69241308775708E-01    -1.42460076990705E-02    -1.06600413011436E-01    -2.47597695986788E-02     1.45932079266690E-01    -6.05243600472558E-02     1.73638156652357E-02    -3.58452443966721E-02     4.76694147153259E-02     4.38837435813283E-02
         4.39539910954103     4.65741956926282E-01    -6.40342096322616E-02    -3.00344470998384E-02    -3.98106989985228E-03     3.91422103647488E-01     5.26377359502661E-02    -3.09523103597808E-02     7.70731222820744E-01    -3.53322944888660E-01    -1.34769543790620E-01
         1.33540846189799     9.21608149605863E-03     9.33076668604289E-01    -3.27550581669708E-01    -1.21459202569881E-01     9.00080356671289E-01     4.50466786404856E-02    -1.97504472088648E-02     5.53665920222864E-01     3.94485051877056E-01     9.40647803425498E-01
         0.45443287552085     9.32917636734327E-02     2.31107250617785E-01     8.41720615852045E-01    -4.78471205438802E-01    -3.61150582409544E-02     9.80775789580233E-01    -6.12678902654526E-02     1.14853463706434E-01     8.35162106564474E-01     2.94962206933611E-01
         0.14893102365245     7.19887781862831E-02     2.61293155746377E-01     4.14519004469322E-01     8.67396456641546E-01     2.07610475621550E-02     6.99062044682833E-02     9.96563053096360E-01     2.57701109533086E-01    -1.10361865139449E-01     8.99460419695147E-02
