TA QZVPP-MOLOPT-PBE-Q13
 2
 1 0 2 6 2 1 1
        24.55624354302154     1.84878344373771E-02     2.48834733260925E-02     1.95509823859610E-02    -3.78912666328173E-02
        18.70025762454389    -4.54238494117055E-02    -1.61694856545390E-02    -6.57992887184679E-02     9.53377443491800E-02
        11.42814926265578     8.27010720912035E-01     1.35293663252923E-02     3.25920139291916E-01    -1.22277324263325E-01
        10.21953335893518    -5.44506111252839E-01    -2.12232027075860E-01    -2.82431554423947E-01     7.08558671884816E-02
         4.24814361362721    -1.30898929363710E-01     9.75982121746279E-01    -1.00123338132371E-01    -7.48316376792515E-01
         0.80534235203577     5.16783114477216E-03    -3.67801774144141E-02     8.94020139439112E-01     6.39941613505063E-01
 1 0 4 6 5 4 3 3 2
         1.39172547705469     5.01103520576574E-01    -4.57692119226697E-01    -3.06232947676404E-01    -1.77494263689917E-01    -3.71038945653779E-02     3.89197964082942E-01     6.10155486221116E-02    -2.82753867756309E-01     4.57530321959037E-02     1.40465645256119E-01    -3.34385457593871E-01     2.57570148082620E-03     1.89394780135575E-02    -1.39329110399701E-01    -8.48484977173822E-01    -2.43510738252904E-01    -2.54550027400271E-02
         0.95802471630656     8.19647243589212E-01    -1.10578231907345E-03     1.81672864415355E-01     2.22537398360989E-01     9.43403664351307E-02    -8.06626507116142E-01    -3.19043154828469E-01    -1.16142415787030E-02     1.70171650517538E-01     3.11513685159332E-01     5.47459812381777E-01    -1.39000198301894E-01     9.65646103282289E-01     9.41269710794902E-02     1.20264535093503E-01     4.93652913845728E-01     2.60614174592211E-01
         0.47693587211134     2.63033308061935E-01     7.70936908508458E-01     2.91604532885601E-01    -2.67482985062276E-01    -1.37536612676001E-01     3.63317866823973E-01    -2.95194868721723E-01     4.22331938464127E-02    -2.62752993419955E-02     8.13713077815512E-01    -3.32260254199712E-01    -2.48931114655170E-01    -1.27093316901810E-01     6.73931991661992E-01     1.64310065130097E-01     6.11727473220748E-01    -5.95409152504446E-01
         0.19555851298028    -6.74048636038350E-02    -4.36258528750465E-01     8.43103589756287E-01    -2.99706253745832E-01    -3.16863331562998E-02    -2.21368592778737E-01     8.64047724364732E-01    -2.25387983045813E-01    -2.91926453323039E-02     4.48045332625159E-01     4.78253704889691E-01     4.76815632450328E-01     8.80888723056373E-03     7.18292677104072E-01    -3.52896139216897E-01     5.49834581539876E-01     5.49483427845524E-01
         0.10465505521330    -5.65898824484651E-02     1.85245344458402E-02     2.76715921564884E-01     8.24076927349544E-01     2.35470149650685E-01     9.23344657789672E-02     2.40829611518890E-01     8.20262996520867E-01     4.74676681051450E-01     1.31239257323969E-01    -4.97876078849734E-01     5.19566744662369E-01    -2.25445511120271E-01     3.92487864217438E-02     3.37701932586643E-01     1.31260887825561E-01    -5.17552472970468E-01
         0.04253426697647    -1.18872267322154E-02     7.42180709713168E-02    -2.80674933984335E-02    -2.80176952417296E-01     9.56219985859515E-01     9.13730976724398E-02    -5.26420544773305E-02    -4.41022211046199E-01     8.61445132306166E-01    -5.59579369089360E-02     3.83411909607305E-02     6.49155498538211E-01     1.06260627082415E-02    -7.63843624144295E-03     5.79717681986414E-03    -5.70204505789069E-02     8.44253291160217E-02
O QZVPP-MOLOPT-PBE-AE
 3
 1 0 0 8 1
    116506.38604434675653    -9.98096455193836E-05
     17504.60971368530591     2.33919295977431E-03
      3993.52399023383759     6.88020418607601E-03
      1133.09478918324885     4.13200618900893E-02
       369.82539210352701     1.15856592130636E-01
       133.78894948022503     3.83521465148008E-01
        52.21462909576736     4.11693815406844E-01
        21.67293595845605     8.17457382177472E-01
 1 0 1 5 2 1
       191.04192564330430    -5.10687570632457E-03     2.62695839052370E-02     1.26002594453494E-02
        45.06231751131436     7.10386627064769E-01    -6.24048153127724E-01     1.12036824182174E-01
        14.05235016622558     5.61186314944367E-01     2.63654168302179E-01     6.01861899721717E-01
         5.51919750076573     3.93930461642211E-01     7.34005739981864E-01     3.82904045403275E-01
         2.22318311118849     1.58787503341973E-01     3.99482759313346E-02     6.91690486537335E-01
 1 0 4 4 4 3 3 2 1
         4.07110969272635     8.35823185743741E-01     1.43707378138683E-01    -5.04975809725526E-01    -1.60459413041861E-01     1.72086536028372E-01     1.83573320585855E-01    -5.65096491463834E-01     5.87117703432284E-01    -6.86150954111257E-01     3.38448518372782E-01     7.96331496602706E-01    -4.06031379618403E-01     7.19190810290016E-01
         1.29660548931134    -3.21106263793023E-01     8.70808213615098E-01    -3.35156402976138E-01     1.62030885936799E-01     7.37714269017482E-01    -1.23907267761277E-01     5.94500398393531E-01     7.22514408166509E-01     6.34126435292987E-01    -1.48853997263073E-01     5.96617421514652E-01     6.47582903144410E-01     6.77717136798244E-01
         0.45442777800760     1.72702329034076E-01     4.19606306388715E-01     6.11297846324634E-01    -6.48397560346960E-01     6.52371782439809E-01     1.27228381173723E-01    -5.13977719496993E-01    -3.94104996625507E-02     3.37150724159123E-01     9.16679165386756E-01    -9.80648777410346E-02     6.03388801969736E-01     3.99419887891043E-02
         0.14870720086566     4.10443997485985E-01     2.12065537529809E-01     5.08905256619550E-01     7.26346592547186E-01    -2.39778831856476E-02     9.66830266380264E-01     2.51121754346111E-01     3.62922229719464E-01    -1.15801215165473E-01    -1.51639030780056E-01     1.69434240146108E-02    -2.27369426215928E-01    -1.47880689800770E-01
F QZVPP-MOLOPT-PBE-AE
 3
 1 0 0 8 1
    132536.04395257573924     2.19133884152562E-04
     19758.15592578060023     2.13098802939830E-03
      4485.33885808192372     9.36952235670608E-03
      1273.60032301696378     4.57116768597223E-02
       418.75079369228018     1.29815698472524E-01
       152.24712142839283     3.88984269444136E-01
        59.93506405237581     3.48051089779771E-01
        24.88806979770636     8.41734891149259E-01
 1 0 1 5 2 1
       240.82710880865446    -5.22362746235088E-02     7.61618022060436E-02     2.22155163398913E-02
        56.74054074501728     8.36915891686098E-01    -3.52431037520191E-01     9.17502257704855E-02
        18.02568816680041     5.06654331012575E-01     3.90319004241376E-01     6.94833984744179E-01
         7.22835931546723     1.13647744824332E-01     8.46604124895882E-01     5.19336475096237E-01
         2.54051853711273     1.65011335426585E-01     3.00711541924844E-02     4.88450331337750E-01
 1 0 4 4 4 3 3 2 1
         4.64152109972176     7.99092172965100E-01     3.57185510151160E-01    -4.75225254357118E-01     8.96167845059311E-02     2.14101203990999E-03     4.09061558167189E-01    -4.32260580718334E-01     5.23415929943841E-01    -8.45844703511436E-01    -9.90960844591549E-02     6.49830793177351E-01    -6.47812475723957E-01     7.18812892465629E-01
         1.55189089466188    -5.65383503262805E-01     6.20688611440661E-01    -5.16124369070663E-01    -1.69418940846506E-01     9.01357430415779E-01    -3.23634717094166E-01     1.52228377872265E-01     8.31684066132871E-01     4.84322390964955E-01     2.69070652276370E-01     7.59749389285090E-01     5.45754817250953E-01     6.81802537410497E-01
         0.54311529853246     1.47999793272877E-01     6.59726542294831E-01     7.03321697890184E-01    -2.19534826074957E-01     3.64587678140232E-01     2.81361980784028E-01    -7.13536840615867E-01    -1.67858516623561E-01    -2.20433972029506E-01     9.41600143248362E-01     1.96681952393344E-02     4.63299478087506E-01    -2.42238812327185E-02
         0.17933709925335    -1.41029268364327E-01     2.27870683409749E-01     1.14521537491829E-01     9.56593181325010E-01     2.33722107747691E-01     8.05459277239079E-01     5.29945741006902E-01     7.84913805373263E-02     3.72481291736264E-02    -1.76550617000047E-01     1.06755709662101E-02    -2.60469325156765E-01    -1.33665736760872E-01
