RH DZVP-MOLOPT-PBE0-GTH-Q17
 1
 2 0 3 6 3 2 2 1
         2.55960932894930     5.62897246610180E-01    -9.03833947990514E-02    -4.33643716810025E-01    -6.65541340086970E-01    -9.69358499970105E-02    -5.25719679960190E-01     3.48373481889314E-01     3.89217906677021E-01
         2.41104124922170    -4.91418459284131E-01    -2.51379316020414E-03     4.92715424813339E-01     7.29311967539443E-01     3.61586457989534E-02     6.28416120373656E-01    -4.03430232047723E-01    -4.51643236139703E-01
         0.79702239274156     6.64337387197969E-02    -1.93509042198297E-01     2.46602780113226E-01     1.27709229485352E-01     9.72965230225285E-03     1.18939074758138E-01    -1.67227179048213E-01    -3.12122913066523E-01
         0.32078582861276    -2.95374681195666E-01     1.86823675306011E-01    -3.28467235392831E-01    -3.94601959743203E-02     5.67976044328699E-01     3.69959860162720E-01     4.18707565990997E-01    -6.96370059744308E-01
         0.12292545397833    -3.09020741222924E-01     6.95991370535737E-01    -3.78470512868583E-01    -8.32621532964048E-02     7.98037175077796E-01     4.00986708038446E-01     6.73715257535633E-01    -2.46810820315105E-01
         0.05710248374803     5.04481045427668E-01     6.59599651198350E-01     5.07189365055112E-01    -1.89588529547339E-02     1.72456392888161E-01     1.30018675957061E-01     2.42294782278535E-01    -3.55000616503074E-02
F DZVP-MOLOPT-PBE0-GTH-Q7
 1
 2 0 2 5 2 2 1
        13.31501907729122     1.31813146289282E-01    -5.24225688764356E-02    -9.80506809064632E-02     4.64420401614479E-02     4.89385522399914E-03
         4.62512020147175     1.34547810393351E-01    -5.37398783766778E-02    -3.12727206728056E-01     1.25929415842544E-01     2.30296758923593E-02
         1.62272294024072    -5.51865766775749E-01     1.65440705311574E-01    -5.86706702362430E-01     2.77907352966805E-01     5.26472480151814E-01
         0.55216173678272    -7.87309125215089E-01     1.14519053917377E-01    -6.52997838515906E-01     1.82287680337408E-01     8.49582617686734E-01
         0.17330337957192    -2.00276553789357E-01    -9.76667117835106E-01    -3.49223175694863E-01    -9.33554296168888E-01    -2.19496600587510E-02
O DZVP-MOLOPT-PBE0-GTH-Q6
 1
 2 0 2 5 2 2 1
        10.34082423621691    -1.29825249634708E-01     8.18793043945143E-02    -9.31315963557027E-02     6.07168741616306E-02    -1.46443819746845E-04
         3.64864310376424    -1.27684551447027E-01     1.02649506262870E-01    -3.10412801135525E-01     1.66218217874094E-01     4.82789843051162E-02
         1.25503633997207     5.26487514579900E-01    -3.65113179366377E-01    -5.97863015525008E-01     4.26686208369503E-01     7.18155124032992E-01
         0.43936673910305     7.72667288737258E-01    -8.21060762059060E-02    -6.48920500304752E-01    -1.50379113770830E-02     6.93882202281484E-01
         0.14295518532255     3.04365270334762E-01     9.17992274956007E-01    -3.41221918409427E-01    -8.86790677695403E-01    -2.12090879301656E-02
