RH TZV2P-MOLOPT-PBE0-GTH-Q17
 1
 2 0 3 6 4 3 3 2
         2.55960932894930     5.62840347444754E-01    -7.57565834233247E-02    -4.36821458534169E-01     7.12288581629358E-02    -6.68175220763353E-01    -7.74332385615057E-02     1.75971949170294E-02    -4.00571062419193E-01     4.87541706513529E-01    -8.37371428817964E-02     4.00433024161246E-01     2.79395488135510E-02
         2.41104124922170    -4.87590298360249E-01    -1.14064129795781E-02     4.96126721096064E-01     1.40047835610079E-01     7.30157943105662E-01     1.08963332902052E-02     1.29389910123613E-02     4.84649784666002E-01    -5.68257709861153E-01     3.33834138863413E-02    -4.62935728428087E-01    -1.12810190482191E-01
         0.79702239274156     8.80629544739197E-02    -2.14523453893800E-01     2.62154581097447E-01    -4.41061533839832E-01     1.29314546433870E-01    -8.09673888303185E-03     1.19864128182878E-01     7.99395470636293E-02    -1.80102001722697E-01     5.34564166287861E-02    -3.04767216992589E-01    -6.98565445307068E-01
         0.32078582861276    -3.43426763356330E-01     2.01594945067994E-01    -3.69801396133200E-01     6.34333100419788E-01    -2.58430760305348E-02     6.34700240635921E-01    -6.35791290906607E-01     4.72026588197606E-01     2.91132773832611E-01    -8.26207082343384E-01    -7.20318224496816E-01     3.46811481584767E-01
         0.12292545397833    -2.84344227468503E-01     6.89540132697393E-01    -3.27196117267887E-01    -5.58433594205093E-01    -5.26428412663102E-02     7.40634645499648E-01     3.61124860912471E-01     5.79432434719933E-01     5.31501899903079E-01     5.43120934572005E-01    -1.08941433943962E-01     8.15103074477023E-03
         0.05710248374803     4.88792163192591E-01     6.57270420042720E-01     5.00509634123986E-01     2.57975222545872E-01    -1.58071895935199E-02     2.05999351281696E-01     6.71203233943230E-01     1.99288817096887E-01     1.99240977132359E-01     1.06852971955678E-01    -4.16445360211294E-02     6.14943020203645E-01
RH TZVP-MOLOPT-PBE0-GTH-q17
 1
 2 0 3 6 4 3 3 1
         2.55960932894930     5.62840347444754E-01    -7.57565834233247E-02    -4.36821458534169E-01     7.12288581629358E-02    -6.68175220763353E-01    -7.74332385615057E-02     1.75971949170294E-02    -4.00571062419193E-01     4.87541706513529E-01    -8.37371428817964E-02     4.00433024161246E-01
         2.41104124922170    -4.87590298360249E-01    -1.14064129795781E-02     4.96126721096064E-01     1.40047835610079E-01     7.30157943105662E-01     1.08963332902052E-02     1.29389910123613E-02     4.84649784666002E-01    -5.68257709861153E-01     3.33834138863413E-02    -4.62935728428087E-01
         0.79702239274156     8.80629544739197E-02    -2.14523453893800E-01     2.62154581097447E-01    -4.41061533839832E-01     1.29314546433870E-01    -8.09673888303185E-03     1.19864128182878E-01     7.99395470636293E-02    -1.80102001722697E-01     5.34564166287861E-02    -3.04767216992589E-01
         0.32078582861276    -3.43426763356330E-01     2.01594945067994E-01    -3.69801396133200E-01     6.34333100419788E-01    -2.58430760305348E-02     6.34700240635921E-01    -6.35791290906607E-01     4.72026588197606E-01     2.91132773832611E-01    -8.26207082343384E-01    -7.20318224496816E-01
         0.12292545397833    -2.84344227468503E-01     6.89540132697393E-01    -3.27196117267887E-01    -5.58433594205093E-01    -5.26428412663102E-02     7.40634645499648E-01     3.61124860912471E-01     5.79432434719933E-01     5.31501899903079E-01     5.43120934572005E-01    -1.08941433943962E-01
         0.05710248374803     4.88792163192591E-01     6.57270420042720E-01     5.00509634123986E-01     2.57975222545872E-01    -1.58071895935199E-02     2.05999351281696E-01     6.71203233943230E-01     1.99288817096887E-01     1.99240977132359E-01     1.06852971955678E-01    -4.16445360211294E-02
RH DZVP-MOLOPT-PBE0-GTH-q17
 1
 2 0 3 6 3 2 2 1
         2.55960932894930     5.62840347444754E-01    -7.57565834233247E-02    -4.36821458534169E-01    -6.68175220763353E-01    -7.74332385615057E-02    -4.00571062419193E-01     4.87541706513529E-01     4.00433024161246E-01
         2.41104124922170    -4.87590298360249E-01    -1.14064129795781E-02     4.96126721096064E-01     7.30157943105662E-01     1.08963332902052E-02     4.84649784666002E-01    -5.68257709861153E-01    -4.62935728428087E-01
         0.79702239274156     8.80629544739197E-02    -2.14523453893800E-01     2.62154581097447E-01     1.29314546433870E-01    -8.09673888303185E-03     7.99395470636293E-02    -1.80102001722697E-01    -3.04767216992589E-01
         0.32078582861276    -3.43426763356330E-01     2.01594945067994E-01    -3.69801396133200E-01    -2.58430760305348E-02     6.34700240635921E-01     4.72026588197606E-01     2.91132773832611E-01    -7.20318224496816E-01
         0.12292545397833    -2.84344227468503E-01     6.89540132697393E-01    -3.27196117267887E-01    -5.26428412663102E-02     7.40634645499648E-01     5.79432434719933E-01     5.31501899903079E-01    -1.08941433943962E-01
         0.05710248374803     4.88792163192591E-01     6.57270420042720E-01     5.00509634123986E-01    -1.58071895935199E-02     2.05999351281696E-01     1.99288817096887E-01     1.99240977132359E-01    -4.16445360211294E-02
O TZV2P-MOLOPT-PBE0-GTH-Q6
 1
 2 0 3 5 3 3 2 1
        10.34082423621691    -1.29825249634708E-01     8.18793043945143E-02    -1.54163825083534E-01    -9.31315963557027E-02     6.07168741616306E-02     5.24249215362802E-02    -1.46443819746845E-04    -1.35615599706110E-01    -4.53627038333396E-02
         3.64864310376424    -1.27684551447027E-01     1.02649506262870E-01    -2.90598920673850E-01    -3.10412801135525E-01     1.66218217874094E-01     1.57277538743803E-01     4.82789843051162E-02    -2.03664714425298E-01    -7.75510089052828E-02
         1.25503633997207     5.26487514579900E-01    -3.65113179366377E-01     6.61471073309150E-01    -5.97863015525008E-01     4.26686208369503E-01     5.52189434348781E-01     7.18155124032992E-01    -6.65039106707507E-01     7.74070424398802E-02
         0.43936673910305     7.72667288737258E-01    -8.21060762059060E-02    -6.24492813862270E-01    -6.48920500304752E-01    -1.50379113770830E-02    -7.55332729990091E-01     6.93882202281484E-01     7.03924405563841E-01     9.92909576133937E-01
         0.14295518532255     3.04365270334762E-01     9.17992274956007E-01     2.53476876555698E-01    -3.41221918409427E-01    -8.86790677695403E-01     3.11568128998934E-01    -2.12090879301656E-02     4.83994939610748E-02     8.17248560335443E-03
O TZVP-MOLOPT-PBE0-GTH-q6
 1
 2 0 2 5 3 3 1
        10.34082423621691    -1.29825249634708E-01     8.18793043945143E-02    -1.54163825083534E-01    -9.31315963557027E-02     6.07168741616306E-02     5.24249215362802E-02    -1.46443819746845E-04
         3.64864310376424    -1.27684551447027E-01     1.02649506262870E-01    -2.90598920673850E-01    -3.10412801135525E-01     1.66218217874094E-01     1.57277538743803E-01     4.82789843051162E-02
         1.25503633997207     5.26487514579900E-01    -3.65113179366377E-01     6.61471073309150E-01    -5.97863015525008E-01     4.26686208369503E-01     5.52189434348781E-01     7.18155124032992E-01
         0.43936673910305     7.72667288737258E-01    -8.21060762059060E-02    -6.24492813862270E-01    -6.48920500304752E-01    -1.50379113770830E-02    -7.55332729990091E-01     6.93882202281484E-01
         0.14295518532255     3.04365270334762E-01     9.17992274956007E-01     2.53476876555698E-01    -3.41221918409427E-01    -8.86790677695403E-01     3.11568128998934E-01    -2.12090879301656E-02
O DZVP-MOLOPT-PBE0-GTH-q6
 1
 2 0 2 5 2 2 1
        10.34082423621691    -1.29825249634708E-01     8.18793043945143E-02    -9.31315963557027E-02     6.07168741616306E-02    -1.46443819746845E-04
         3.64864310376424    -1.27684551447027E-01     1.02649506262870E-01    -3.10412801135525E-01     1.66218217874094E-01     4.82789843051162E-02
         1.25503633997207     5.26487514579900E-01    -3.65113179366377E-01    -5.97863015525008E-01     4.26686208369503E-01     7.18155124032992E-01
         0.43936673910305     7.72667288737258E-01    -8.21060762059060E-02    -6.48920500304752E-01    -1.50379113770830E-02     6.93882202281484E-01
         0.14295518532255     3.04365270334762E-01     9.17992274956007E-01    -3.41221918409427E-01    -8.86790677695403E-01    -2.12090879301656E-02
F TZV2P-MOLOPT-PBE0-GTH-Q7
 1
 2 0 3 5 3 3 2 1
        13.31501907729122     1.31813146289282E-01    -5.24225688764356E-02    -5.17923286744451E-01    -9.80506809064632E-02     4.64420401614479E-02     6.35659142568778E-02     4.89385522399914E-03     1.52535072278595E-01     5.41962851226601E-02
         4.62512020147175     1.34547810393351E-01    -5.37398783766778E-02    -2.73506612070950E-02    -3.12727206728056E-01     1.25929415842544E-01     1.88833971660508E-01     2.30296758923593E-02    -1.84322551941015E-01     3.68925101794283E-02
         1.62272294024072    -5.51865766775749E-01     1.65440705311574E-01    -7.34790083225985E-01    -5.86706702362430E-01     2.77907352966805E-01     6.51110127867809E-01     5.26472480151814E-01    -8.13967424463323E-01     8.50449987353287E-02
         0.55216173678272    -7.87309125215089E-01     1.14519053917377E-01     4.34902286738320E-01    -6.52997838515906E-01     1.82287680337408E-01    -7.27945836193775E-01     8.49582617686734E-01     5.11993820603493E-01     9.94034575948952E-01
         0.17330337957192    -2.00276553789357E-01    -9.76667117835106E-01    -4.41695026221844E-02    -3.49223175694863E-01    -9.33554296168888E-01     8.03216449515110E-02    -2.19496600587510E-02     1.34452996051777E-01    -1.90870474316679E-02
F TZVP-MOLOPT-PBE0-GTH-q7
 1
 2 0 2 5 3 3 1
        13.31501907729122     1.31813146289282E-01    -5.24225688764356E-02    -5.17923286744451E-01    -9.80506809064632E-02     4.64420401614479E-02     6.35659142568778E-02     4.89385522399914E-03
         4.62512020147175     1.34547810393351E-01    -5.37398783766778E-02    -2.73506612070950E-02    -3.12727206728056E-01     1.25929415842544E-01     1.88833971660508E-01     2.30296758923593E-02
         1.62272294024072    -5.51865766775749E-01     1.65440705311574E-01    -7.34790083225985E-01    -5.86706702362430E-01     2.77907352966805E-01     6.51110127867809E-01     5.26472480151814E-01
         0.55216173678272    -7.87309125215089E-01     1.14519053917377E-01     4.34902286738320E-01    -6.52997838515906E-01     1.82287680337408E-01    -7.27945836193775E-01     8.49582617686734E-01
         0.17330337957192    -2.00276553789357E-01    -9.76667117835106E-01    -4.41695026221844E-02    -3.49223175694863E-01    -9.33554296168888E-01     8.03216449515110E-02    -2.19496600587510E-02
F DZVP-MOLOPT-PBE0-GTH-q7
 1
 2 0 2 5 2 2 1
        13.31501907729122     1.31813146289282E-01    -5.24225688764356E-02    -9.80506809064632E-02     4.64420401614479E-02     4.89385522399914E-03
         4.62512020147175     1.34547810393351E-01    -5.37398783766778E-02    -3.12727206728056E-01     1.25929415842544E-01     2.30296758923593E-02
         1.62272294024072    -5.51865766775749E-01     1.65440705311574E-01    -5.86706702362430E-01     2.77907352966805E-01     5.26472480151814E-01
         0.55216173678272    -7.87309125215089E-01     1.14519053917377E-01    -6.52997838515906E-01     1.82287680337408E-01     8.49582617686734E-01
         0.17330337957192    -2.00276553789357E-01    -9.76667117835106E-01    -3.49223175694863E-01    -9.33554296168888E-01    -2.19496600587510E-02
