RH TZV2P-MOLOPT-PBE0-GTH-Q17
 1
 2 0 3 6 4 3 3 2
         2.55960932894930     5.62955390708514E-01    -7.50019054935979E-02    -4.36732870371250E-01     7.12474138737879E-02    -6.68195521831478E-01    -7.72178808136149E-02     1.78436199519525E-02    -3.99472422896214E-01     4.88494034467759E-01    -8.40687070921222E-02     4.00668337822686E-01     1.66328705651181E-02
         2.41104124922170    -4.88063791063508E-01    -1.16914968011143E-02     4.95630433472598E-01     1.40446757791516E-01     7.30156031018835E-01     1.08354244993179E-02     1.27961578367090E-02     4.83625153779687E-01    -5.69140104339265E-01     3.34077197475724E-02    -4.63304671344811E-01    -1.03671764022341E-01
         0.79702239274156     8.79098148048273E-02    -2.14987074955333E-01     2.61943452326263E-01    -4.43848564891113E-01     1.29287702888603E-01    -7.79820064960746E-03     1.21828922012525E-01     8.14677155131755E-02    -1.78383312716039E-01     5.35340918769393E-02    -3.06581995907060E-01    -6.41157296653538E-01
         0.32078582861276    -3.41695370429355E-01     2.00515740625545E-01    -3.68088299885633E-01     6.34543641667739E-01    -2.56628114429407E-02     6.33583843636843E-01    -6.35104284859594E-01     4.71383176065412E-01     2.89175879929368E-01    -8.27386452465908E-01    -7.19288208604917E-01     3.05064842496302E-01
         0.12292545397833    -2.85638709627886E-01     6.90074858690086E-01    -3.28217198758813E-01    -5.56615105376489E-01    -5.25899937328186E-02     7.41805481658682E-01     3.59267627417503E-01     5.81252134101870E-01     5.31469471936173E-01     5.41311828270093E-01    -1.07706901069582E-01     1.79798157293598E-02
         0.05710248374803     4.88673336468426E-01     6.56969335541832E-01     5.01781800250541E-01     2.56380492573073E-01    -1.57263320896822E-02     2.05317610030649E-01     6.72491558739347E-01     1.99587983682819E-01     1.98871879695236E-01     1.06600378080034E-01    -4.29516098189940E-02     6.96063935287723E-01
RH TZVP-MOLOPT-PBE0-GTH-q17
 1
 2 0 3 6 4 3 3 1
         2.55960932894930     5.62955390708514E-01    -7.50019054935979E-02    -4.36732870371250E-01     7.12474138737879E-02    -6.68195521831478E-01    -7.72178808136149E-02     1.78436199519525E-02    -3.99472422896214E-01     4.88494034467759E-01    -8.40687070921222E-02     4.00668337822686E-01
         2.41104124922170    -4.88063791063508E-01    -1.16914968011143E-02     4.95630433472598E-01     1.40446757791516E-01     7.30156031018835E-01     1.08354244993179E-02     1.27961578367090E-02     4.83625153779687E-01    -5.69140104339265E-01     3.34077197475724E-02    -4.63304671344811E-01
         0.79702239274156     8.79098148048273E-02    -2.14987074955333E-01     2.61943452326263E-01    -4.43848564891113E-01     1.29287702888603E-01    -7.79820064960746E-03     1.21828922012525E-01     8.14677155131755E-02    -1.78383312716039E-01     5.35340918769393E-02    -3.06581995907060E-01
         0.32078582861276    -3.41695370429355E-01     2.00515740625545E-01    -3.68088299885633E-01     6.34543641667739E-01    -2.56628114429407E-02     6.33583843636843E-01    -6.35104284859594E-01     4.71383176065412E-01     2.89175879929368E-01    -8.27386452465908E-01    -7.19288208604917E-01
         0.12292545397833    -2.85638709627886E-01     6.90074858690086E-01    -3.28217198758813E-01    -5.56615105376489E-01    -5.25899937328186E-02     7.41805481658682E-01     3.59267627417503E-01     5.81252134101870E-01     5.31469471936173E-01     5.41311828270093E-01    -1.07706901069582E-01
         0.05710248374803     4.88673336468426E-01     6.56969335541832E-01     5.01781800250541E-01     2.56380492573073E-01    -1.57263320896822E-02     2.05317610030649E-01     6.72491558739347E-01     1.99587983682819E-01     1.98871879695236E-01     1.06600378080034E-01    -4.29516098189940E-02
RH DZVP-MOLOPT-PBE0-GTH-q17
 1
 2 0 3 6 3 2 2 1
         2.55960932894930     5.62955390708514E-01    -7.50019054935979E-02    -4.36732870371250E-01    -6.68195521831478E-01    -7.72178808136149E-02    -3.99472422896214E-01     4.88494034467759E-01     4.00668337822686E-01
         2.41104124922170    -4.88063791063508E-01    -1.16914968011143E-02     4.95630433472598E-01     7.30156031018835E-01     1.08354244993179E-02     4.83625153779687E-01    -5.69140104339265E-01    -4.63304671344811E-01
         0.79702239274156     8.79098148048273E-02    -2.14987074955333E-01     2.61943452326263E-01     1.29287702888603E-01    -7.79820064960746E-03     8.14677155131755E-02    -1.78383312716039E-01    -3.06581995907060E-01
         0.32078582861276    -3.41695370429355E-01     2.00515740625545E-01    -3.68088299885633E-01    -2.56628114429407E-02     6.33583843636843E-01     4.71383176065412E-01     2.89175879929368E-01    -7.19288208604917E-01
         0.12292545397833    -2.85638709627886E-01     6.90074858690086E-01    -3.28217198758813E-01    -5.25899937328186E-02     7.41805481658682E-01     5.81252134101870E-01     5.31469471936173E-01    -1.07706901069582E-01
         0.05710248374803     4.88673336468426E-01     6.56969335541832E-01     5.01781800250541E-01    -1.57263320896822E-02     2.05317610030649E-01     1.99587983682819E-01     1.98871879695236E-01    -4.29516098189940E-02
O TZV2P-MOLOPT-PBE0-GTH-Q6
 1
 2 0 3 5 3 3 2 1
        10.34082423621691    -1.29825249634708E-01     8.18793043945143E-02    -1.54163825083534E-01    -9.31315963557027E-02     6.07168741616306E-02     5.24249215362800E-02    -1.46443819746845E-04    -1.35615599706110E-01    -4.53627038333396E-02
         3.64864310376424    -1.27684551447027E-01     1.02649506262870E-01    -2.90598920673850E-01    -3.10412801135525E-01     1.66218217874094E-01     1.57277538743803E-01     4.82789843051162E-02    -2.03664714425298E-01    -7.75510089052828E-02
         1.25503633997207     5.26487514579900E-01    -3.65113179366377E-01     6.61471073309150E-01    -5.97863015525008E-01     4.26686208369503E-01     5.52189434348781E-01     7.18155124032992E-01    -6.65039106707507E-01     7.74070424398802E-02
         0.43936673910305     7.72667288737258E-01    -8.21060762059060E-02    -6.24492813862270E-01    -6.48920500304752E-01    -1.50379113770830E-02    -7.55332729990091E-01     6.93882202281484E-01     7.03924405563841E-01     9.92909576133937E-01
         0.14295518532255     3.04365270334762E-01     9.17992274956007E-01     2.53476876555698E-01    -3.41221918409427E-01    -8.86790677695403E-01     3.11568128998934E-01    -2.12090879301656E-02     4.83994939610748E-02     8.17248560335443E-03
O TZVP-MOLOPT-PBE0-GTH-q6
 1
 2 0 2 5 3 3 1
        10.34082423621691    -1.29825249634708E-01     8.18793043945143E-02    -1.54163825083534E-01    -9.31315963557027E-02     6.07168741616306E-02     5.24249215362800E-02    -1.46443819746845E-04
         3.64864310376424    -1.27684551447027E-01     1.02649506262870E-01    -2.90598920673850E-01    -3.10412801135525E-01     1.66218217874094E-01     1.57277538743803E-01     4.82789843051162E-02
         1.25503633997207     5.26487514579900E-01    -3.65113179366377E-01     6.61471073309150E-01    -5.97863015525008E-01     4.26686208369503E-01     5.52189434348781E-01     7.18155124032992E-01
         0.43936673910305     7.72667288737258E-01    -8.21060762059060E-02    -6.24492813862270E-01    -6.48920500304752E-01    -1.50379113770830E-02    -7.55332729990091E-01     6.93882202281484E-01
         0.14295518532255     3.04365270334762E-01     9.17992274956007E-01     2.53476876555698E-01    -3.41221918409427E-01    -8.86790677695403E-01     3.11568128998934E-01    -2.12090879301656E-02
O DZVP-MOLOPT-PBE0-GTH-q6
 1
 2 0 2 5 2 2 1
        10.34082423621691    -1.29825249634708E-01     8.18793043945143E-02    -9.31315963557027E-02     6.07168741616306E-02    -1.46443819746845E-04
         3.64864310376424    -1.27684551447027E-01     1.02649506262870E-01    -3.10412801135525E-01     1.66218217874094E-01     4.82789843051162E-02
         1.25503633997207     5.26487514579900E-01    -3.65113179366377E-01    -5.97863015525008E-01     4.26686208369503E-01     7.18155124032992E-01
         0.43936673910305     7.72667288737258E-01    -8.21060762059060E-02    -6.48920500304752E-01    -1.50379113770830E-02     6.93882202281484E-01
         0.14295518532255     3.04365270334762E-01     9.17992274956007E-01    -3.41221918409427E-01    -8.86790677695403E-01    -2.12090879301656E-02
F TZV2P-MOLOPT-PBE0-GTH-Q7
 1
 2 0 3 5 3 3 2 1
        13.31501907729122     1.31813146289282E-01    -5.24225688764356E-02    -5.17923286744451E-01    -9.80506809064632E-02     4.64420401614479E-02     6.35659142568778E-02     4.89385522399914E-03     1.52535072278595E-01     5.41962851226601E-02
         4.62512020147175     1.34547810393351E-01    -5.37398783766778E-02    -2.73506612070950E-02    -3.12727206728056E-01     1.25929415842544E-01     1.88833971660508E-01     2.30296758923593E-02    -1.84322551941015E-01     3.68925101794283E-02
         1.62272294024072    -5.51865766775749E-01     1.65440705311574E-01    -7.34790083225985E-01    -5.86706702362430E-01     2.77907352966805E-01     6.51110127867809E-01     5.26472480151814E-01    -8.13967424463323E-01     8.50449987353287E-02
         0.55216173678272    -7.87309125215089E-01     1.14519053917377E-01     4.34902286738320E-01    -6.52997838515906E-01     1.82287680337408E-01    -7.27945836193775E-01     8.49582617686734E-01     5.11993820603493E-01     9.94034575948952E-01
         0.17330337957192    -2.00276553789357E-01    -9.76667117835106E-01    -4.41695026221844E-02    -3.49223175694863E-01    -9.33554296168888E-01     8.03216449515110E-02    -2.19496600587510E-02     1.34452996051777E-01    -1.90870474316679E-02
F TZVP-MOLOPT-PBE0-GTH-q7
 1
 2 0 2 5 3 3 1
        13.31501907729122     1.31813146289282E-01    -5.24225688764356E-02    -5.17923286744451E-01    -9.80506809064632E-02     4.64420401614479E-02     6.35659142568778E-02     4.89385522399914E-03
         4.62512020147175     1.34547810393351E-01    -5.37398783766778E-02    -2.73506612070950E-02    -3.12727206728056E-01     1.25929415842544E-01     1.88833971660508E-01     2.30296758923593E-02
         1.62272294024072    -5.51865766775749E-01     1.65440705311574E-01    -7.34790083225985E-01    -5.86706702362430E-01     2.77907352966805E-01     6.51110127867809E-01     5.26472480151814E-01
         0.55216173678272    -7.87309125215089E-01     1.14519053917377E-01     4.34902286738320E-01    -6.52997838515906E-01     1.82287680337408E-01    -7.27945836193775E-01     8.49582617686734E-01
         0.17330337957192    -2.00276553789357E-01    -9.76667117835106E-01    -4.41695026221844E-02    -3.49223175694863E-01    -9.33554296168888E-01     8.03216449515110E-02    -2.19496600587510E-02
F DZVP-MOLOPT-PBE0-GTH-q7
 1
 2 0 2 5 2 2 1
        13.31501907729122     1.31813146289282E-01    -5.24225688764356E-02    -9.80506809064632E-02     4.64420401614479E-02     4.89385522399914E-03
         4.62512020147175     1.34547810393351E-01    -5.37398783766778E-02    -3.12727206728056E-01     1.25929415842544E-01     2.30296758923593E-02
         1.62272294024072    -5.51865766775749E-01     1.65440705311574E-01    -5.86706702362430E-01     2.77907352966805E-01     5.26472480151814E-01
         0.55216173678272    -7.87309125215089E-01     1.14519053917377E-01    -6.52997838515906E-01     1.82287680337408E-01     8.49582617686734E-01
         0.17330337957192    -2.00276553789357E-01    -9.76667117835106E-01    -3.49223175694863E-01    -9.33554296168888E-01    -2.19496600587510E-02
