SC TZV2P-MOLOPT-SCAN-GTH-Q11
 1
 2 0 3 6 4 3 3 2
         7.74111055034005     5.11797207825017E-03    -2.09673631207013E-03    -4.27709777785516E-03     7.40010619203484E-02    -1.23551687719907E-01     3.75756953809262E-02     6.44607436470571E-03     7.85054307834796E-02    -1.62186900165470E-02    -5.11330732749020E-02     1.54636664657410E-02     7.12318060077024E-03
         3.45355795924811     4.50808339430573E-01     2.45002388262899E-02    -2.18727523618310E-01     8.59597236872773E-01     6.67327415659694E-02    -4.65514802106956E-02    -2.58752709188538E-02     2.82868792344244E-01    -8.15045784840639E-02    -5.32647175652947E-01    -4.83393102024145E-02    -1.92565640054265E-02
         1.41775878426822    -4.65755424917820E-01     6.09957683236823E-02     3.07922376170088E-01     3.79051706443854E-01     6.69919738833877E-01    -1.58394150628206E-01     3.61938861619967E-01     4.89807596026181E-01    -7.81903943181449E-02    -5.40962534017098E-01    -1.74705788259271E-02    -1.68478448265935E-01
         0.55196817678589    -3.12489386345202E-01     4.58979341205675E-01     5.39491614211971E-01     2.39192411600291E-01     6.08238921941579E-01    -3.97822111516088E-01    -2.50659587056995E-01     7.27813214678689E-01    -3.67277310774191E-01     5.64037153942014E-01    -8.03854189170103E-01    -5.78864455495114E-01
         0.18842857321588    -4.66749294334802E-01    -7.88848289951266E-01    -5.29414842525769E-02     2.25953228292766E-01     3.49330221079016E-01     6.84951154712293E-01    -6.19760091919666E-01     3.79695835358809E-01     8.64298447474353E-01     1.94725126355416E-02    -4.12975816761461E-01     6.18398297327322E-01
         0.05330923733076    -5.14113811602878E-01     4.03399551348616E-01    -7.50646244605448E-01     6.05670363669207E-02     1.98753806659479E-01     5.86439939892211E-01     6.49119695287046E-01     5.44607018968868E-03     3.24153961414258E-01     3.20179390499848E-01    -4.24721535017898E-01     5.03679407498213E-01
SC TZVP-MOLOPT-SCAN-GTH-q11
 1
 2 0 3 6 4 3 3 1
         7.74111055034005     5.11797207825017E-03    -2.09673631207013E-03    -4.27709777785516E-03     7.40010619203484E-02    -1.23551687719907E-01     3.75756953809262E-02     6.44607436470571E-03     7.85054307834796E-02    -1.62186900165470E-02    -5.11330732749020E-02     1.54636664657410E-02
         3.45355795924811     4.50808339430573E-01     2.45002388262899E-02    -2.18727523618310E-01     8.59597236872773E-01     6.67327415659694E-02    -4.65514802106956E-02    -2.58752709188538E-02     2.82868792344244E-01    -8.15045784840639E-02    -5.32647175652947E-01    -4.83393102024145E-02
         1.41775878426822    -4.65755424917820E-01     6.09957683236823E-02     3.07922376170088E-01     3.79051706443854E-01     6.69919738833877E-01    -1.58394150628206E-01     3.61938861619967E-01     4.89807596026181E-01    -7.81903943181449E-02    -5.40962534017098E-01    -1.74705788259271E-02
         0.55196817678589    -3.12489386345202E-01     4.58979341205675E-01     5.39491614211971E-01     2.39192411600291E-01     6.08238921941579E-01    -3.97822111516088E-01    -2.50659587056995E-01     7.27813214678689E-01    -3.67277310774191E-01     5.64037153942014E-01    -8.03854189170103E-01
         0.18842857321588    -4.66749294334802E-01    -7.88848289951266E-01    -5.29414842525769E-02     2.25953228292766E-01     3.49330221079016E-01     6.84951154712293E-01    -6.19760091919666E-01     3.79695835358809E-01     8.64298447474353E-01     1.94725126355416E-02    -4.12975816761461E-01
         0.05330923733076    -5.14113811602878E-01     4.03399551348616E-01    -7.50646244605448E-01     6.05670363669207E-02     1.98753806659479E-01     5.86439939892211E-01     6.49119695287046E-01     5.44607018968868E-03     3.24153961414258E-01     3.20179390499848E-01    -4.24721535017898E-01
SC DZVP-MOLOPT-SCAN-GTH-q11
 1
 2 0 3 6 3 2 2 1
         7.74111055034005     5.11797207825017E-03    -2.09673631207013E-03    -4.27709777785516E-03    -1.23551687719907E-01     3.75756953809262E-02     7.85054307834796E-02    -1.62186900165470E-02     1.54636664657410E-02
         3.45355795924811     4.50808339430573E-01     2.45002388262899E-02    -2.18727523618310E-01     6.67327415659694E-02    -4.65514802106956E-02     2.82868792344244E-01    -8.15045784840639E-02    -4.83393102024145E-02
         1.41775878426822    -4.65755424917820E-01     6.09957683236823E-02     3.07922376170088E-01     6.69919738833877E-01    -1.58394150628206E-01     4.89807596026181E-01    -7.81903943181449E-02    -1.74705788259271E-02
         0.55196817678589    -3.12489386345202E-01     4.58979341205675E-01     5.39491614211971E-01     6.08238921941579E-01    -3.97822111516088E-01     7.27813214678689E-01    -3.67277310774191E-01    -8.03854189170103E-01
         0.18842857321588    -4.66749294334802E-01    -7.88848289951266E-01    -5.29414842525769E-02     3.49330221079016E-01     6.84951154712293E-01     3.79695835358809E-01     8.64298447474353E-01    -4.12975816761461E-01
         0.05330923733076    -5.14113811602878E-01     4.03399551348616E-01    -7.50646244605448E-01     1.98753806659479E-01     5.86439939892211E-01     5.44607018968868E-03     3.24153961414258E-01    -4.24721535017898E-01
CL TZV2P-MOLOPT-SCAN-GTH-Q7
 1
 2 0 3 4 3 3 2 1
         1.99031135450461     4.85018816633289E-01     1.94158525239581E-01    -1.02487019822790E-01     3.26464872695311E-01     1.51626624474172E-01    -3.04303079631876E-01     1.14349988907458E-01    -6.94120784194127E-02    -3.74274318976047E-02
         1.46501921747017    -3.69443122264159E-01     8.84925501203065E-02    -9.21581198729358E-01    -4.91090003440862E-01    -1.60659090706497E-01    -8.51979523656754E-01     2.49763916797096E-01     9.08906621638742E-01     2.75533996785233E-01
         0.40655378963524    -5.57894471564660E-01    -6.37209072162332E-01     2.04948617227288E-01    -6.93734950650820E-01    -3.56105172703454E-01     4.21045721459141E-01     9.48735957067630E-01    -2.80461592308605E-01     9.57496717801440E-01
         0.13370286337397    -5.63047320854067E-01     7.40564739914085E-01     3.13337787719621E-01    -4.13501044329990E-01     9.07957669331436E-01     6.51999036588082E-02     1.56339853108561E-01     3.00685902147853E-01    -7.66827187609711E-02
CL TZVP-MOLOPT-SCAN-GTH-q7
 1
 2 0 2 4 3 3 1
         1.99031135450461     4.85018816633289E-01     1.94158525239581E-01    -1.02487019822790E-01     3.26464872695311E-01     1.51626624474172E-01    -3.04303079631876E-01     1.14349988907458E-01
         1.46501921747017    -3.69443122264159E-01     8.84925501203065E-02    -9.21581198729358E-01    -4.91090003440862E-01    -1.60659090706497E-01    -8.51979523656754E-01     2.49763916797096E-01
         0.40655378963524    -5.57894471564660E-01    -6.37209072162332E-01     2.04948617227288E-01    -6.93734950650820E-01    -3.56105172703454E-01     4.21045721459141E-01     9.48735957067630E-01
         0.13370286337397    -5.63047320854067E-01     7.40564739914085E-01     3.13337787719621E-01    -4.13501044329990E-01     9.07957669331436E-01     6.51999036588082E-02     1.56339853108561E-01
CL DZVP-MOLOPT-SCAN-GTH-q7
 1
 2 0 2 4 2 2 1
         1.99031135450461     4.85018816633289E-01     1.94158525239581E-01     3.26464872695311E-01     1.51626624474172E-01     1.14349988907458E-01
         1.46501921747017    -3.69443122264159E-01     8.84925501203065E-02    -4.91090003440862E-01    -1.60659090706497E-01     2.49763916797096E-01
         0.40655378963524    -5.57894471564660E-01    -6.37209072162332E-01    -6.93734950650820E-01    -3.56105172703454E-01     9.48735957067630E-01
         0.13370286337397    -5.63047320854067E-01     7.40564739914085E-01    -4.13501044329990E-01     9.07957669331436E-01     1.56339853108561E-01
O TZV2P-MOLOPT-SCAN-GTH-Q6
 1
 2 0 3 5 3 3 2 1
        10.25781699497238    -1.37093335568261E-01     6.42341766590814E-02    -7.17088581420037E-01    -1.01541960662273E-01     5.12250917317880E-02     1.18360216509634E-01    -1.55308630843787E-02     3.18602602792577E-02     1.18645628163343E-03
         3.64428735012608    -1.53382903419191E-01     6.95730187369108E-02    -5.49416247278626E-01    -2.97888826596963E-01     1.18416114723772E-01     5.91292938991212E-02     1.12242705044625E-01    -2.22035206994148E-01    -3.65643497936781E-03
         1.40222472037927     4.52964005356058E-01    -1.60546208430784E-01     2.25545730548663E-01    -5.48743422499672E-01     2.65706574607295E-01     7.32042358682655E-01     4.02080210361362E-01    -8.37756480907312E-01     4.91390044295019E-04
         0.52205700268808     8.05450964095097E-01    -2.63981031214717E-01    -3.63850982918199E-01    -6.95022929228448E-01     1.92118246587555E-01    -6.62764404039625E-01     9.01700430010169E-01     4.32284673630976E-01     9.99992334274143E-01
         0.16818943371335     3.22104729197730E-01     9.46346921445871E-01     2.58329108697022E-02    -3.41723954857718E-01    -9.35865486749767E-01     8.57433121772174E-02    -1.11481865840859E-01     2.46939932598114E-01     5.59225812546083E-04
O TZVP-MOLOPT-SCAN-GTH-q6
 1
 2 0 2 5 3 3 1
        10.25781699497238    -1.37093335568261E-01     6.42341766590814E-02    -7.17088581420037E-01    -1.01541960662273E-01     5.12250917317880E-02     1.18360216509634E-01    -1.55308630843787E-02
         3.64428735012608    -1.53382903419191E-01     6.95730187369108E-02    -5.49416247278626E-01    -2.97888826596963E-01     1.18416114723772E-01     5.91292938991212E-02     1.12242705044625E-01
         1.40222472037927     4.52964005356058E-01    -1.60546208430784E-01     2.25545730548663E-01    -5.48743422499672E-01     2.65706574607295E-01     7.32042358682655E-01     4.02080210361362E-01
         0.52205700268808     8.05450964095097E-01    -2.63981031214717E-01    -3.63850982918199E-01    -6.95022929228448E-01     1.92118246587555E-01    -6.62764404039625E-01     9.01700430010169E-01
         0.16818943371335     3.22104729197730E-01     9.46346921445871E-01     2.58329108697022E-02    -3.41723954857718E-01    -9.35865486749767E-01     8.57433121772174E-02    -1.11481865840859E-01
O DZVP-MOLOPT-SCAN-GTH-q6
 1
 2 0 2 5 2 2 1
        10.25781699497238    -1.37093335568261E-01     6.42341766590814E-02    -1.01541960662273E-01     5.12250917317880E-02    -1.55308630843787E-02
         3.64428735012608    -1.53382903419191E-01     6.95730187369108E-02    -2.97888826596963E-01     1.18416114723772E-01     1.12242705044625E-01
         1.40222472037927     4.52964005356058E-01    -1.60546208430784E-01    -5.48743422499672E-01     2.65706574607295E-01     4.02080210361362E-01
         0.52205700268808     8.05450964095097E-01    -2.63981031214717E-01    -6.95022929228448E-01     1.92118246587555E-01     9.01700430010169E-01
         0.16818943371335     3.22104729197730E-01     9.46346921445871E-01    -3.41723954857718E-01    -9.35865486749767E-01    -1.11481865840859E-01
H TZV2P-MOLOPT-SCAN-GTH-Q1
 1
 2 0 2 5 3 2 1
         9.16876514496744     4.30245721944096E-02    -3.89199332255518E-02     1.05597841287996E-01    -1.03225299298647E-01     1.47849610372066E-01     5.89397100894678E-04
         2.16119406948452     1.67758655334156E-01    -2.29436993766244E-01     9.00816001060512E-01     3.18679005482070E-01    -4.59921573561831E-01     9.06454549928757E-04
         0.61986766123499     5.51924571472773E-01    -2.73974309763091E-01     8.95041468250583E-02     4.58038932787715E-01    -6.65599039198367E-01    -4.14822793772387E-04
         0.41225503616229     4.20326460221825E-01     8.94936516623427E-01     1.49710941947358E-01     2.25604019455304E-02    -3.27622058282529E-02    -2.24233449917807E-03
         0.16131600752250     6.99078574975625E-01    -2.64330500496994E-01    -3.83347452986213E-01     8.23091485416057E-01     5.67905974411888E-01     9.99996815399554E-01
H TZVP-MOLOPT-SCAN-GTH-q1
 1
 2 0 1 5 3 1
         9.16876514496744     4.30245721944096E-02    -3.89199332255518E-02     1.05597841287996E-01    -1.03225299298647E-01
         2.16119406948452     1.67758655334156E-01    -2.29436993766244E-01     9.00816001060512E-01     3.18679005482070E-01
         0.61986766123499     5.51924571472773E-01    -2.73974309763091E-01     8.95041468250583E-02     4.58038932787715E-01
         0.41225503616229     4.20326460221825E-01     8.94936516623427E-01     1.49710941947358E-01     2.25604019455304E-02
         0.16131600752250     6.99078574975625E-01    -2.64330500496994E-01    -3.83347452986213E-01     8.23091485416057E-01
H DZVP-MOLOPT-SCAN-GTH-q1
 1
 2 0 1 5 2 1
         9.16876514496744     4.30245721944096E-02    -3.89199332255518E-02    -1.03225299298647E-01
         2.16119406948452     1.67758655334156E-01    -2.29436993766244E-01     3.18679005482070E-01
         0.61986766123499     5.51924571472773E-01    -2.73974309763091E-01     4.58038932787715E-01
         0.41225503616229     4.20326460221825E-01     8.94936516623427E-01     2.25604019455304E-02
         0.16131600752250     6.99078574975625E-01    -2.64330500496994E-01     8.23091485416057E-01
F TZV2P-MOLOPT-SCAN-GTH-Q7
 1
 2 0 3 5 3 3 2 1
        13.16645520019096     1.25688709752362E-01    -6.90191648196731E-02    -4.19619998203344E-01    -9.31572868763813E-02     5.00225599861602E-02    -6.88622277281857E-02    -1.02513605924922E-02    -1.03135180619022E-01    -3.14119421202531E-02
         4.67863609541364     1.25206371205048E-01    -7.54523660806367E-02    -2.93986334505468E-01    -2.93923292691458E-01     1.19602022797720E-01    -4.99826189781570E-01     4.04484470063397E-02    -1.25856773171103E-01     1.01835664406271E-01
         1.68188350144516    -4.93940854057955E-01     2.15904735709196E-01    -7.69158858630548E-01    -5.53343548452151E-01     3.11861936412921E-01     7.42571819653283E-01     4.51403790784568E-01    -8.76791264789868E-01     2.29748587047615E-01
         0.58393450944632    -7.58234802751956E-01     3.05654861844976E-01     3.81944805550917E-01    -6.44505933144035E-01     2.69615230808562E-01    -4.36892722870730E-01     8.90352206116421E-01     4.45248862484439E-01     9.66043910568162E-01
         0.18571155118612    -3.86817953873203E-01    -9.21685166349822E-01     1.97684968795902E-03    -4.28198362261887E-01    -9.01799789070697E-01     5.60679494913207E-02     4.20285554084608E-02     8.07077171659289E-02    -5.11618700886137E-02
F TZVP-MOLOPT-SCAN-GTH-q7
 1
 2 0 2 5 3 3 1
        13.16645520019096     1.25688709752362E-01    -6.90191648196731E-02    -4.19619998203344E-01    -9.31572868763813E-02     5.00225599861602E-02    -6.88622277281857E-02    -1.02513605924922E-02
         4.67863609541364     1.25206371205048E-01    -7.54523660806367E-02    -2.93986334505468E-01    -2.93923292691458E-01     1.19602022797720E-01    -4.99826189781570E-01     4.04484470063397E-02
         1.68188350144516    -4.93940854057955E-01     2.15904735709196E-01    -7.69158858630548E-01    -5.53343548452151E-01     3.11861936412921E-01     7.42571819653283E-01     4.51403790784568E-01
         0.58393450944632    -7.58234802751956E-01     3.05654861844976E-01     3.81944805550917E-01    -6.44505933144035E-01     2.69615230808562E-01    -4.36892722870730E-01     8.90352206116421E-01
         0.18571155118612    -3.86817953873203E-01    -9.21685166349822E-01     1.97684968795902E-03    -4.28198362261887E-01    -9.01799789070697E-01     5.60679494913207E-02     4.20285554084608E-02
F DZVP-MOLOPT-SCAN-GTH-q7
 1
 2 0 2 5 2 2 1
        13.16645520019096     1.25688709752362E-01    -6.90191648196731E-02    -9.31572868763813E-02     5.00225599861602E-02    -1.02513605924922E-02
         4.67863609541364     1.25206371205048E-01    -7.54523660806367E-02    -2.93923292691458E-01     1.19602022797720E-01     4.04484470063397E-02
         1.68188350144516    -4.93940854057955E-01     2.15904735709196E-01    -5.53343548452151E-01     3.11861936412921E-01     4.51403790784568E-01
         0.58393450944632    -7.58234802751956E-01     3.05654861844976E-01    -6.44505933144035E-01     2.69615230808562E-01     8.90352206116421E-01
         0.18571155118612    -3.86817953873203E-01    -9.21685166349822E-01    -4.28198362261887E-01    -9.01799789070697E-01     4.20285554084608E-02
