HE TZV2P-MOLOPT-PBE0-GTH-Q2
 1
 2 0 2 5 3 2 1
        38.54705041099837     1.07779536329287E-02    -6.01855985495963E-03     5.31162993859462E-01    -1.65296603010114E-02     4.26027818889182E-01    -1.03177096346277E-01
         7.18554028635270     1.85518703096362E-01    -1.20971423469788E-01     6.95964868135726E-01     2.68250053023608E-03     4.51365077599950E-01     1.70809575922556E-01
         1.66669840797926     4.96639729709180E-01    -3.74612299375729E-01     2.44963432500456E-01     3.67723526953633E-01     5.97510963678931E-01     1.55918132602473E-01
         0.15357629404049     6.88602026403913E-01    -3.16925265493855E-01    -4.12737418750455E-01     6.11113557272744E-01     1.89897735732105E-01     9.15964008356020E-01
         0.48158178082140     4.94613864164509E-01     8.62875247581621E-01     5.60313856323507E-02    -7.00741894254562E-01     4.70838998494190E-01    -3.11252384544823E-01
NE TZV2P-MOLOPT-PBE0-GTH-Q8
 1
 2 0 3 5 3 3 2 1
      24.10200121282425      4.77344713473331E-02    -3.62447352523068E-02    -4.40996828265734E-01    -4.04538831761613E-02     1.55053452094749E-02    -9.52776013297029E-02    -5.11345689764288E-03     7.75724500697985E-03     1.58379073776543E-01
       8.44470797828778      1.77646946140302E-01    -9.92407366429158E-02    -2.75788894364903E-01    -2.47706010410846E-01     1.20026803864233E-01    -7.20035106175112E-01    -2.94431119780833E-02    -3.22390361113468E-02     2.78867767062952E-02
       2.58388174013292     -3.70392290234994E-01     1.66636336104685E-01    -8.07809276622814E-01    -5.73910406672836E-01     2.53179067309684E-01    -3.57971161323006E-01     3.81370949797038E-01    -1.63631751431341E-01     2.70862757861118E-01
       0.81687457865200     -6.47733299017192E-01     6.22749425568597E-01     2.60884961937683E-01    -6.43938789674620E-01     3.39627373275877E-01     5.86345742626334E-01     8.16382443464874E-01    -4.01827996598413E-01     9.40483157914612E-01
       0.24765133873669     -6.39854754964747E-01    -7.57134783113714E-01     9.40504781563944E-02    -4.39289080227721E-01    -8.97723096406681E-01     2.29552243570957E-02     4.32646345609007E-01     9.00366248131132E-01    -1.27527223593420E-01
AR TZV2P-MOLOPT-PBE0-GTH-Q8
 1
 2 0 3 5 3 3 2 1
         24.79366033395445        2.83319930538483E-04    -4.35203513877210E-03    -2.10632730565790E-02     4.38551611892260E-03    -2.54770847904302E-04    -1.36740848296259E-01     7.45226653808545E-03    -1.52804672001386E-01    -8.27866252359333E-02
          2.35384476686511        3.42396359309627E-01     4.39892022595071E-01    -2.36275935940172E-01     2.41005348069944E-01    -2.80183986040030E-01    -1.41846000291228E-01    -3.11601766681075E-01    -3.84899142496818E-01     1.79489456304232E-01
          1.62385359805284       -2.77682588876696E-01    -2.66868901416902E-01    -9.22606663034273E-01    -3.88999590253482E-01     4.15164637405259E-01    -8.08690385206442E-01     7.21800667589827E-01     5.09095763355270E-02     1.69038785308265E-01
          0.45935238454792       -3.47638565922084E-01    -6.59132836970072E-01     2.90650266380761E-01    -4.73432052821527E-01     5.62284121589722E-01     5.53762625750327E-01     5.76613223058618E-01     7.91149353575697E-02     9.57742020956150E-01
          0.14582958132812       -8.27529129505241E-01     5.48453244070713E-01     8.97183849681616E-02    -7.52621152768027E-01    -6.58005896261401E-01     2.34193895172358E-02    -2.22193136675082E-01     9.05346576930883E-01    -1.22825160752967E-01


H TZV2P-MOLOPT-PBE0-GTH-q1 TZV2P-MOLOPT-HYB-GTH-q1
 1
 2 0 2 5 3 2 1
         9.40376558777484     5.57995409025206E-02    -4.70579310756749E-02    -9.03982952048893E-02    -9.22922683878503E-02     5.62771387719766E-01     7.80341103329014E-02
         2.19236236036235     2.26741263852150E-01    -2.37595450605385E-01    -3.31859181820579E-01     3.56629407794935E-01    -1.55610962004131E-01     3.11602862374432E-01
         0.70785664525623     4.70071809062586E-01    -3.84865803668886E-01    -6.33091997698946E-01     4.70685683046521E-01    -1.55533260185636E-01     6.35783567219683E-05
         0.37495748172786     5.50419957177599E-01     8.25544608526065E-01    -1.19262368808400E-01     4.93402007633953E-01     7.41061881197701E-01     9.44971331284660E-01
         0.15142571456720     6.49265104227107E-01    -3.34198093163844E-01     6.83131496493313E-01     6.31907468961614E-01    -2.92763192495008E-01     6.19960707827798E-02

