HE DZVP-MOLOPT-PBE0-GTH-Q2
 1
 2 0 1 5 2 1
        38.56216824411293     7.11343252805004E-03     1.07340800718407E-02     2.88424272206244E-02
         7.08287677986833     1.27073877759882E-01     1.84120617351470E-01     3.32779477033863E-03
         1.63376987055726     3.98728721582370E-01     4.94237265492828E-01     3.91607648245014E-01
         0.15014235327017    -8.59500721543021E-01     4.92800797085788E-01    -6.57026422573925E-01
         0.47037748596955     2.93386340719964E-01     6.91998032931386E-01     6.43519051815647E-01
NE DZVP-MOLOPT-PBE0-GTH-Q8
 1
 2 0 2 5 2 2 1
        24.57125936384547     3.39190185060673E-02     4.13971942718569E-02    -3.67538539219307E-02     1.42940563942989E-02     1.73421121552387E-02
         8.55992320544250     9.75359832127691E-02     1.83140075591673E-01    -2.40726594622876E-01     1.25185108380683E-01    -7.71453703269206E-02
         2.60825754177442    -1.47333309226006E-01    -3.53638905995465E-01    -5.65352175015562E-01     2.59625176634021E-01     4.26483672261941E-01
         0.82307243536134    -6.35170171497189E-01    -6.50661170639079E-01    -6.48731893507151E-01     3.43043317097772E-01     8.54503102286739E-01
         0.24923353036658     7.51124477962907E-01    -6.45232942593300E-01    -4.47463640327299E-01    -8.93890607873147E-01     2.85804073552890E-01
AR DZVP-MOLOPT-PBE0-GTH-Q8
 1
 2 0 2 5 2 2 1
        24.95005951780835    -2.78705699664175E-01     1.24620045296938E-01    -1.06752603343384E-03     4.62206121591247E-03    -1.95507050490740E-02
         2.34307567449620    -5.29236433527766E-01     8.06697051471182E-01     9.43352849363274E-02     2.80441534338485E-01     1.29399533055395E-01
         1.62904875436261    -2.74974006483545E-01    -2.37972489584310E-01    -1.73471032859014E-01    -4.75813630403560E-01     1.88763046755398E-01
         0.45898802970495    -7.27407111060441E-01    -5.08343052804156E-01    -6.33494403660120E-01    -5.58654156953036E-01     9.69132092632884E-01
         0.14577492770219    -1.93649479572253E-01    -1.36624105942864E-01     7.48125895618034E-01    -6.18739124679593E-01     8.95825316998557E-02
##################################################################################
H DZVP-MOLOPT-PBE0-GTH-q1 DZVP-MOLOPT-HYB-GTH-q1
 1
 2 0 1 5 2 1
         9.40376558777484     5.57995409025206E-02    -4.70579310756749E-02    -9.22922683878503E-02
         2.19236236036235     2.26741263852150E-01    -2.37595450605385E-01     3.56629407794935E-01
         0.70785664525623     4.70071809062586E-01    -3.84865803668886E-01     4.70685683046521E-01
         0.37495748172786     5.50419957177599E-01     8.25544608526065E-01     4.93402007633953E-01
         0.15142571456720     6.49265104227107E-01    -3.34198093163844E-01     6.31907468961614E-01

