HE TZV2P-MOLOPT-PBE0-GTH-Q2
 1
 2 0 2 5 3 2 1
        38.54705041099837     1.07244328638899E-02     1.80351136667618E-02     3.17372978174189E-03    -2.02688506663958E-02     5.83979380871240E-01    -2.11372178832871E-01
         7.18554028635270     2.46963450361592E-01    -6.83741812243378E-01     1.62908000367879E-01     5.93813876830668E-03     5.69484998511552E-01     2.00442749481335E-02
         1.66669840797926     5.28104997577099E-01     6.77667594575641E-01     2.72223717772185E-01     1.87623083947145E-01     5.69719074667194E-01     4.64363398582191E-01
         0.15357629404049     2.59609266028180E-01     5.51273253707457E-02    -9.44989097566338E-01     6.69598179673672E-02    -1.65630955959467E-03     8.29825745036517E-01
         0.48158178082140     7.69806586911055E-01    -2.64385094369371E-01     7.96289132065742E-02     9.79728469193670E-01    -1.00361106941586E-01     2.25113073785230E-01
HE TZVP-MOLOPT-PBE0-GTH-q2
 1
 2 0 1 5 3 1
        38.54705041099837     1.07244328638899E-02     1.80351136667618E-02     3.17372978174189E-03    -2.02688506663958E-02
         7.18554028635270     2.46963450361592E-01    -6.83741812243378E-01     1.62908000367879E-01     5.93813876830668E-03
         1.66669840797926     5.28104997577099E-01     6.77667594575641E-01     2.72223717772185E-01     1.87623083947145E-01
         0.15357629404049     2.59609266028180E-01     5.51273253707457E-02    -9.44989097566338E-01     6.69598179673672E-02
         0.48158178082140     7.69806586911055E-01    -2.64385094369371E-01     7.96289132065742E-02     9.79728469193670E-01
HE DZVP-MOLOPT-PBE0-GTH-q2
 1
 2 0 1 5 2 1
        38.54705041099837     1.07244328638899E-02     1.80351136667618E-02    -2.02688506663958E-02
         7.18554028635270     2.46963450361592E-01    -6.83741812243378E-01     5.93813876830668E-03
         1.66669840797926     5.28104997577099E-01     6.77667594575641E-01     1.87623083947145E-01
         0.15357629404049     2.59609266028180E-01     5.51273253707457E-02     6.69598179673672E-02
         0.48158178082140     7.69806586911055E-01    -2.64385094369371E-01     9.79728469193670E-01
NE TZV2P-MOLOPT-PBE0-GTH-Q8
 1
 2 0 3 5 3 3 2 1
        24.10200121282425     4.27601732346269E-02    -3.69928733586346E-02    -5.94585224013300E-01    -3.85941317760990E-02     1.51233990407883E-02    -1.75289331294151E-02    -1.16240840674055E-02    -6.03502889184015E-01     2.02738729986845E-01
         8.44470797828778     1.77029820330831E-01    -1.05284608026952E-01    -4.12965487653488E-01    -2.43798797784781E-01     1.16547730316798E-01    -9.53554658079444E-01    -6.66409938994841E-02    -4.36118806979875E-01    -3.79316179879152E-03
         2.58388174013292    -3.50325148264327E-01     1.69981825382746E-01    -6.70748094101872E-01    -5.67974313125452E-01     2.50472466148658E-01     7.00377418851556E-02     4.50166410045789E-01    -1.07279010810291E-01     5.51057259856691E-01
         0.81687457865200    -6.52741012767624E-01     6.24630515997794E-01     1.49845681236933E-01    -6.45239508485606E-01     3.54003172560984E-01     2.92242289996078E-01     8.90248337246988E-01     2.44939161672238E-03     8.03310178995165E-01
         0.24765133873669    -6.46555079667040E-01    -7.53982477354190E-01     5.97593797283465E-02    -4.47374334880833E-01    -8.93383012418316E-01     1.07428677650049E-02     1.52302297140642E-02     6.58839785733429E-01    -9.95553713713180E-02
NE TZVP-MOLOPT-PBE0-GTH-q8
 1
 2 0 2 5 3 3 1
        24.10200121282425     4.27601732346269E-02    -3.69928733586346E-02    -5.94585224013300E-01    -3.85941317760990E-02     1.51233990407883E-02    -1.75289331294151E-02    -1.16240840674055E-02
         8.44470797828778     1.77029820330831E-01    -1.05284608026952E-01    -4.12965487653488E-01    -2.43798797784781E-01     1.16547730316798E-01    -9.53554658079444E-01    -6.66409938994841E-02
         2.58388174013292    -3.50325148264327E-01     1.69981825382746E-01    -6.70748094101872E-01    -5.67974313125452E-01     2.50472466148658E-01     7.00377418851556E-02     4.50166410045789E-01
         0.81687457865200    -6.52741012767624E-01     6.24630515997794E-01     1.49845681236933E-01    -6.45239508485606E-01     3.54003172560984E-01     2.92242289996078E-01     8.90248337246988E-01
         0.24765133873669    -6.46555079667040E-01    -7.53982477354190E-01     5.97593797283465E-02    -4.47374334880833E-01    -8.93383012418316E-01     1.07428677650049E-02     1.52302297140642E-02
NE DZVP-MOLOPT-PBE0-GTH-q8
 1
 2 0 2 5 2 2 1
        24.10200121282425     4.27601732346269E-02    -3.69928733586346E-02    -3.85941317760990E-02     1.51233990407883E-02    -1.16240840674055E-02
         8.44470797828778     1.77029820330831E-01    -1.05284608026952E-01    -2.43798797784781E-01     1.16547730316798E-01    -6.66409938994841E-02
         2.58388174013292    -3.50325148264327E-01     1.69981825382746E-01    -5.67974313125452E-01     2.50472466148658E-01     4.50166410045789E-01
         0.81687457865200    -6.52741012767624E-01     6.24630515997794E-01    -6.45239508485606E-01     3.54003172560984E-01     8.90248337246988E-01
         0.24765133873669    -6.46555079667040E-01    -7.53982477354190E-01    -4.47374334880833E-01    -8.93383012418316E-01     1.52302297140642E-02
AR TZV2P-MOLOPT-PBE0-GTH-Q8
 1
 2 0 3 5 3 3 2 1
        24.79366033395445     4.42955922763483E-04    -5.00565178100180E-03    -8.26224984781873E-02     4.05751513102667E-03    -1.05717247547586E-03    -7.90441489384020E-01     2.38852363803068E-02    -8.37321624194039E-01    -5.45551825821335E-02
         2.35384476686511     3.51476622307734E-01     3.70278349197502E-01    -3.40487528383541E-02     2.27386015887707E-01    -2.01318193116917E-01     1.84524880647850E-02    -3.18396924124315E-01    -3.65429876902917E-01     2.60170368932469E-01
         1.62385359805284    -2.87191261527383E-01    -1.67600421114139E-01    -9.27384801726040E-01    -4.04431890545135E-01     3.28221676612842E-01    -5.11195317506353E-01     7.60563551333857E-01    -8.61295263194128E-02     1.70511319099695E-01
         0.45935238454792    -4.06593972662061E-01    -7.01973432111163E-01     3.30210137385910E-01    -5.45289630711261E-01     5.85717653666182E-01     3.35044836284637E-01     5.59389387843714E-01     2.92035404110159E-03     9.33220875383679E-01
         0.14582958132812    -7.92884927627201E-01     5.84818165773138E-01     1.51436124720972E-01    -6.98121193560646E-01    -7.13214714298390E-01     3.58617147271510E-02    -8.17281551333394E-02     3.97399898027218E-01    -1.71347013367538E-01
AR TZVP-MOLOPT-PBE0-GTH-q8
 1
 2 0 2 5 3 3 1
        24.79366033395445     4.42955922763483E-04    -5.00565178100180E-03    -8.26224984781873E-02     4.05751513102667E-03    -1.05717247547586E-03    -7.90441489384020E-01     2.38852363803068E-02
         2.35384476686511     3.51476622307734E-01     3.70278349197502E-01    -3.40487528383541E-02     2.27386015887707E-01    -2.01318193116917E-01     1.84524880647850E-02    -3.18396924124315E-01
         1.62385359805284    -2.87191261527383E-01    -1.67600421114139E-01    -9.27384801726040E-01    -4.04431890545135E-01     3.28221676612842E-01    -5.11195317506353E-01     7.60563551333857E-01
         0.45935238454792    -4.06593972662061E-01    -7.01973432111163E-01     3.30210137385910E-01    -5.45289630711261E-01     5.85717653666182E-01     3.35044836284637E-01     5.59389387843714E-01
         0.14582958132812    -7.92884927627201E-01     5.84818165773138E-01     1.51436124720972E-01    -6.98121193560646E-01    -7.13214714298390E-01     3.58617147271510E-02    -8.17281551333394E-02
AR DZVP-MOLOPT-PBE0-GTH-q8
 1
 2 0 2 5 2 2 1
        24.79366033395445     4.42955922763483E-04    -5.00565178100180E-03     4.05751513102667E-03    -1.05717247547586E-03     2.38852363803068E-02
         2.35384476686511     3.51476622307734E-01     3.70278349197502E-01     2.27386015887707E-01    -2.01318193116917E-01    -3.18396924124315E-01
         1.62385359805284    -2.87191261527383E-01    -1.67600421114139E-01    -4.04431890545135E-01     3.28221676612842E-01     7.60563551333857E-01
         0.45935238454792    -4.06593972662061E-01    -7.01973432111163E-01    -5.45289630711261E-01     5.85717653666182E-01     5.59389387843714E-01
         0.14582958132812    -7.92884927627201E-01     5.84818165773138E-01    -6.98121193560646E-01    -7.13214714298390E-01    -8.17281551333394E-02
H TZV2P-MOLOPT-PBE0-GTH-Q1
 1
 2 0 2 5 3 2 1
         9.40376558777484     5.57995409025206E-02    -4.70579310756749E-02    -9.03982952048893E-02    -9.22922683878503E-02     5.62771387719766E-01     7.80341103329014E-02
         2.19236236036235     2.26741263852150E-01    -2.37595450605385E-01    -3.31859181820579E-01     3.56629407794935E-01    -1.55610962004131E-01     3.11602862374432E-01
         0.70785664525623     4.70071809062586E-01    -3.84865803668886E-01    -6.33091997698946E-01     4.70685683046521E-01    -1.55533260185636E-01     6.35783567219683E-05
         0.37495748172786     5.50419957177599E-01     8.25544608526065E-01    -1.19262368808400E-01     4.93402007633953E-01     7.41061881197701E-01     9.44971331284660E-01
         0.15142571456720     6.49265104227107E-01    -3.34198093163844E-01     6.83131496493313E-01     6.31907468961614E-01    -2.92763192495008E-01     6.19960707827798E-02
H TZVP-MOLOPT-PBE0-GTH-q1
 1
 2 0 1 5 3 1
         9.40376558777484     5.57995409025206E-02    -4.70579310756749E-02    -9.03982952048893E-02    -9.22922683878503E-02
         2.19236236036235     2.26741263852150E-01    -2.37595450605385E-01    -3.31859181820579E-01     3.56629407794935E-01
         0.70785664525623     4.70071809062586E-01    -3.84865803668886E-01    -6.33091997698946E-01     4.70685683046521E-01
         0.37495748172786     5.50419957177599E-01     8.25544608526065E-01    -1.19262368808400E-01     4.93402007633953E-01
         0.15142571456720     6.49265104227107E-01    -3.34198093163844E-01     6.83131496493313E-01     6.31907468961614E-01
H DZVP-MOLOPT-PBE0-GTH-q1
 1
 2 0 1 5 2 1
         9.40376558777484     5.57995409025206E-02    -4.70579310756749E-02    -9.22922683878503E-02
         2.19236236036235     2.26741263852150E-01    -2.37595450605385E-01     3.56629407794935E-01
         0.70785664525623     4.70071809062586E-01    -3.84865803668886E-01     4.70685683046521E-01
         0.37495748172786     5.50419957177599E-01     8.25544608526065E-01     4.93402007633953E-01
         0.15142571456720     6.49265104227107E-01    -3.34198093163844E-01     6.31907468961614E-01
