AU QZVPP-MOLOPT-PBE-Q19
 2
 1 0 2 5 2 1 1
        24.13641575932734     3.37049355722337E-01     3.99688921177428E-02     9.37711113580899E-02    -8.60131696281967E-03
        22.13773726070110    -7.92049139320956E-01    -9.19730269769164E-02    -2.81795748016766E-02     1.08337577037395E-02
        19.97132365486627     4.93180551455928E-01     6.37435108102009E-02    -1.16203917348295E-01     6.13887183467328E-03
         5.58138678551960    -1.12202554711706E-01     9.84653101892087E-01     4.22000182414793E-01    -2.14558328160447E-01
         1.69071511012225     5.69159300186106E-02    -1.27822078435081E-01    -8.93770320537361E-01     9.76593920270914E-01
 1 0 4 6 5 4 3 4 2
         2.85108103213158    -2.26135143947867E-02    -9.07014998797018E-02    -2.39686897070397E-01    -1.37108218933271E-01    -3.17755974069286E-03    -2.86419722387698E-02     3.72139185463282E-02    -1.51329775008199E-01    -2.33995922461117E-01     7.06443094101319E-02     2.26569015109434E-02    -9.08371810649810E-03     3.20013884710588E-01     8.08553641728453E-04    -1.09285024394452E-01    -2.30319446842923E-02     3.46012718842380E-01     1.36858025549889E-01
         1.54212555495902     9.56431525496995E-01    -2.16292924136846E-01    -1.02808368952906E-01     1.48104637833700E-01     7.71157194857190E-02     4.35634349485645E-02    -2.79800754372669E-01     3.74527956661834E-01     3.26687108823322E-01    -9.55884341607435E-02     4.32490812100048E-02     1.69406539496152E-02     9.29995550182844E-01    -7.06127304267406E-02     5.34252680873465E-02     9.16525961602102E-02     9.34508054431030E-01    -3.14096072616550E-03
         0.78824578054904     2.44368558981134E-01     9.39284716192392E-01     1.88596590642859E-01    -5.23922014656966E-02    -4.04576781978489E-02     9.42956426393923E-01     2.71309817076784E-02    -2.75587896353440E-01    -1.12221064678998E-01     9.86745546675221E-01     4.94683783505747E-02    -5.68358784685678E-02     6.60536294239241E-02     9.94831555336686E-01     7.36029633816257E-02    -1.42494286299358E-02    -3.55634976090445E-02     8.99432614574454E-01
         0.33662586823849     1.32060081305788E-01    -2.36861099725726E-01     7.23740323403002E-01    -4.91195644534868E-01    -3.91444195511032E-01    -2.12187148511983E-01     7.51630819191588E-01    -3.15585377913363E-01    -1.50700358827169E-01    -5.33295678292906E-02     9.88749376503461E-01    -1.30164272760727E-01     1.34266850238358E-02    -6.89049331352936E-02     9.66904268675369E-01    -2.04572270690313E-02     7.04464783963156E-03    -4.86988526034333E-02
         0.12978938990059    -8.69946461072184E-02    -7.47954218830049E-02     5.55022949509589E-01     7.78167432086729E-01     1.21421264640054E-01     2.47032202530801E-01     5.56862563538549E-01     7.53550596518814E-01     4.94983599003432E-02     6.79727000179552E-02     1.28286072502694E-01     9.67456420246192E-01    -8.10469696509521E-02     1.89562371889472E-02     1.92281371934968E-02     9.94843892207788E-01     6.52809900108067E-02    -3.27981214068177E-01
         0.04186831297705    -1.85468538575043E-03    -3.22070662641742E-02     2.54089406394859E-01    -3.31215483044187E-01     9.07983790323960E-01     4.54614936324361E-02     2.11058685964706E-01    -3.05690673707235E-01     8.94855959391835E-01     6.88558506351711E-02    -3.29608160947070E-02    -2.08531820710706E-01    -1.46926584089276E-01    -1.47015750971245E-02     2.10977586278164E-01    -2.70816713364982E-02     3.73349369983362E-02     2.49675253122007E-01
CL QZVPP-MOLOPT-PBE-AE
 3
 1 0 0 10 1
   1467458.93775052158162     5.00027973996311E-05
    219756.22561595341540     2.92119625382510E-04
     50010.78269045410707     1.28590722749441E-03
     14164.71914344428478     6.48940441751174E-03
      4620.77877126598923     1.97871266811614E-02
      1667.78852683964556     6.65018359892871E-02
       650.34523295930057     1.78047411514083E-01
       269.43766657761569     4.24217234215202E-01
       117.09536851846944     6.88319212568402E-01
        52.76000788002602     5.56504843396412E-01
 1 0 1 8 2 2
      2501.95646798690223    -3.82883357554072E-02     8.37909091563773E-02     4.17887012633053E-04     1.59916949870661E-03
       592.94635448432632    -4.07348538060098E-02     1.30718267465741E-01     3.99041739687339E-03    -2.59213449401013E-02
       192.18114183797039     2.20528820527411E-01    -1.98966788392605E-01     2.18359541428443E-02     3.32964376441369E-02
        72.87930898689872     7.33114974004280E-01    -3.92594344886566E-01     8.68350005331845E-02    -2.17375228769997E-01
        30.43574290352728     6.34280900802578E-01     5.37964084760841E-01     2.47733889523512E-01    -2.17956740087419E-01
        13.46035723428640     7.71650835004062E-03     6.98209154610030E-01     5.32066586940945E-01    -4.48983934995352E-01
         5.97563269106637     1.31312121901711E-02     1.06376827476728E-02     7.10008437176348E-01     6.90916424895068E-01
         3.08191027511841    -9.07739768895670E-02     7.18273987087124E-02     3.78665897473595E-01    -4.73822396122835E-01
 1 0 4 6 6 4 4 2 1
         9.78337990819075     8.91563859098250E-01     4.20492586467600E-01    -1.05500184052396E-01    -6.37580026009099E-03    -1.27727899356303E-01    -2.85396905660188E-02    -1.53857744271598E-02     1.06253051057092E-01    -1.15431250361608E-01    -2.24073346383234E-02     3.39725575429827E-02     1.01895475255016E-01     3.78215008137413E-02    -4.46426713878059E-02    -6.35534933198293E-02     3.84866238399188E-02    -6.11006722560778E-02
         4.33269446539561    -4.29731410091877E-01     7.82174610574314E-01    -3.34369761244485E-01    -2.72432075009675E-01    -1.25354633131214E-01    -4.23985492338584E-02     7.30865995598478E-02    -1.69780800664228E-01     9.20852072943818E-03     3.68926930660954E-02     9.84874476080405E-01    -1.38014851189017E-01    -4.74208272594507E-02     1.83642605819759E-02     4.69010615356294E-02    -6.41463169582076E-02    -1.95982450216892E-02
         1.89618722201134    -1.08607609504601E-01     3.85249243565499E-01     8.24406939689850E-01     3.51646048346057E-01    -1.90711290748148E-01     1.07175344599850E-02     9.91627029311956E-01     8.56131566559374E-02    -7.28575131920513E-02     2.31284362812144E-02     7.90619312155555E-02     7.33791834593761E-01    -6.62746105231222E-01     4.37386186866967E-02     6.43881756150717E-01    -4.40208755319482E-01     7.22168984314687E-01
         0.75937665037877    -8.64870311670285E-02     5.72642042507304E-02    -4.40832017733930E-01     8.81987013108728E-01    -1.10544464050763E-01     6.91864630354049E-02    -7.17104623334244E-02     9.75883878241501E-01     2.82742999161818E-02    -5.63192675837824E-03     1.32325112586378E-01     6.30921978952516E-01     7.45720946790107E-01     7.09504044527997E-02     7.55448939940310E-01     4.62184592162924E-01     6.65787803325587E-01
         0.29257745973674     3.21350778484430E-02     2.43787785919905E-01     5.55589531759151E-02     1.28047138769592E-01     9.55294229503361E-01     8.63997700254051E-02     6.90556986584205E-02    -6.16188331121305E-03     9.83715665542611E-01     1.12973648641345E-01    -3.38233190166359E-02    -5.85726486891373E-02    -1.98834428606854E-02     9.93139085193975E-01    -8.21528343028837E-02     7.63814987833132E-01     1.70005500533451E-01
         0.10605356801669     1.16840788925550E-02     1.61310253462363E-02    -3.26472144512038E-04    -8.82496986965603E-02    -8.24248737035741E-02     9.92482391084379E-01    -3.44438923863824E-02     1.29554489179424E-02    -1.13078139742878E-01     9.92374501940459E-01    -6.29554636350571E-02     1.75001307873770E-01     2.43581082505283E-02    -6.63137740448836E-02    -4.15371998214924E-02    -5.99362050420123E-02     4.66830318968192E-02
