################################################################################################
# Molybdenum
################################################################################################
Mo ccGRB-D-q14
    2
  2  0  2  6  3  2  2
   7.98187265691       -0.0583542993    0.0213752829   -0.0088237983    0.0007795554   -0.0115065329    0.0105697549   -0.0069755678
   3.13137128078        0.6361481788   -0.2625053382    0.2630894662   -0.1719007640    0.2143564358   -0.0103586571    0.0027296045
   1.22846937299       -0.7256456893    0.4056189339   -0.2330345827    0.6720965074   -0.9398852951   -0.3822682740    0.2836015113
  0.481941253542       -0.7230024574    0.4228402037   -1.9376971274    0.4683374414    0.1433655573   -0.4273833058    0.2784378551
  0.189070543371        0.0516318735   -0.0720107018    3.8636594661    0.0433322594    0.9450907536   -0.3171278443   -0.0678714471
  0.741743316391E-01   -0.0233137000   -1.1175407139   -2.2031225523    0.0023913751    0.0421000622   -0.1088332615   -0.9198695464
  3 3 3 1 1
      0.6007000              1.0000000

Mo ccGRB-T-q14
    4
  2  0  2  7  4  3  3
   7.00935812789       -0.0758467249   -0.0271329924    0.0489259156    0.0327097890   -0.0082696538    0.0196011300   -0.0118866351    0.0094732584   -0.0054908830    0.0045968848
   3.20600962231        0.6390555867    0.2585230797   -0.4058949959    0.1034218655    0.2068793040   -0.2486449896    0.3945281205    0.0097788788   -0.0145295823    0.0318957662
   1.46639642473       -0.3916383860   -0.2129640904    0.5481218903    0.8821096698   -0.4947655467    0.6639233558   -1.6998152720   -0.2880905646    0.2206222321   -0.3213583151
  0.670714915976       -0.9038237874   -0.5269943626    0.0862787327   -5.4473715431   -0.5350308172    0.5298865997    0.9262305796   -0.3549809366    0.2446898493   -0.2405377319
  0.306778229221       -0.0785069259   -0.0356474421    1.5358497368    9.2608325179   -0.1745288631   -0.9210602586    1.5278481595   -0.3427342520    0.1601427710   -0.1601658425
  0.140317263985       -0.0402935384    0.1866224859   -4.3178650641   -7.3141486149   -0.0081442201   -0.3937739007   -1.9455554321   -0.1967107690   -0.3042010631    1.6980537325
  0.641796995253E-01    0.0112047844    0.9754247428    2.7990691059    2.4907855259   -0.0013323012   -0.0393010305    0.3370633760   -0.0726618271   -0.7503603063   -1.4274494780
  3 3 3 1 1
      1.2203000              1.0000000
  3 3 3 1 1
      0.3332000              1.0000000
  4 4 4 1 1
      0.7324000              1.0000000

Mo ccGRB-Q-q14
    6
  2  0  2  8  5  4  4
   7.05659478791        0.0747301920   -0.0267343533    0.0453476196    0.0230971053    0.4959342165    0.0078394746   -0.0193862233   -0.0000335693   -0.0235674327    0.0095120278   -0.0057394233    0.0047661549   -0.0291363803
   3.20156243820       -0.6391654529    0.2585817388   -0.3875661125    0.1475800201   -3.1660331924   -0.2052648420    0.2487282107   -0.2530077885    0.3506893730    0.0088612031   -0.0125552060    0.0297315593    0.0494018443
   1.45254224647        0.4086910767   -0.2226253778    0.5143042450    0.6899215685    7.8265890294    0.5045301409   -0.6839625763    1.1811129313   -1.4293465094   -0.2933004526    0.2190532385   -0.3198364225    0.2163768468
  0.659015408418        0.9023312987   -0.5239632593    0.1748326611   -4.9263778936   -8.8291986519    0.5342807653   -0.5006561634   -0.5174520221    1.1877492179   -0.3585735878    0.2528742189   -0.2407326512    1.1551450061
  0.298993925710        0.0612237844   -0.0338553368    1.3057846605    8.4606119051    5.0804072718    0.1659033054    0.9471138843   -1.1168354876    0.9768381044   -0.3450962046    0.1330082533   -0.1373377257   -2.8906412704
  0.135652924757        0.0474835418    0.2391150840   -4.0599749200   -6.4845017199   -0.2725245499    0.0064984992    0.3599748698    0.7433562334   -2.8779067935   -0.1879019793   -0.2932491470    1.6902539395    2.6831274380
  0.615454509698E-01   -0.0184864325    0.9408828805    2.6929132761    1.8560340854   -2.2308254083    0.0015024422    0.0386980657    0.6404359389    2.1503484273   -0.0729221734   -0.7770331170   -1.4895851230   -1.1551264798
  0.279230436193E-01    0.0033972918   -0.0124479697    0.0171666061    0.2775768219    1.5007302414   -0.0001478930   -0.0016267153   -0.0334677979   -0.1002988917    0.0035115612    0.0355672497    0.0622219239    0.0207059378
  3 3 3 2 2
      2.1810000              1.0000000              0.00000000
      0.7026000              0.00000000             1.0000000
  3 3 3 1 1
      0.2263000              1.0000000
  4 4 4 1 1
      1.2568000              1.0000000
  4 4 4 1 1
      0.4007000              1.0000000
  5 5 5 1 1
      0.8384000              1.0000000

Mo aug-cc-D
    4
1 0 0 1 1
      0.0131000              1.0000000
1 1 1 1 1
      0.0131000              1.0000000
1 2 2 1 1
      0.0231000              1.0000000
1 3 3 1 1
      0.1850000              1.0000000

Mo aug-cc-T
     5
1 0 0 1 1
      0.0123000              1.0000000
1 1 1 1 1
      0.0115000              1.0000000
1 2 2 1 1
      0.0186000              1.0000000
1 3 3 1 1
      0.1186000              1.0000000
1 4 4 1 1
      0.2751000              1.0000000

Mo aug-cc-Q
     6
1 0 0 1 1
      0.0115000              1.0000000
1 1 1 1 1
      0.0106000              1.0000000
1 2 2 1 1
      0.0164000              1.0000000
1 3 3 1 1
      0.0792000              1.0000000
1 4 4 1 1
      0.1525000              1.0000000
1 5 5 1 1
      0.3289000              1.0000000



