#
# Generated with CP2K Atom Code
#
 Mo ccGRB-VAL-0
   1
  2  0  2  6  2  1  1
   7.98187265691       -0.0583542993    0.0213752829    0.0007795554    0.0105697549
   3.13137128078        0.6361481788   -0.2625053382   -0.1719007640   -0.0103586571
   1.22846937299       -0.7256456893    0.4056189339    0.6720965074   -0.3822682740
  0.481941253542       -0.7230024574    0.4228402037    0.4683374414   -0.4273833058
  0.189070543371        0.0516318735   -0.0720107018    0.0433322594   -0.3171278443
  0.741743316391E-01   -0.0233137000   -1.1175407139    0.0023913751   -0.1088332615

 Mo ccGRB-VAL-1
   1
  2  0  2  6  3  2  2
   7.98187265691       -0.0583542993    0.0213752829   -0.0088237983    0.0007795554   -0.0115065329    0.0105697549   -0.0069755678
   3.13137128078        0.6361481788   -0.2625053382    0.2630894662   -0.1719007640    0.2143564358   -0.0103586571    0.0027296045
   1.22846937299       -0.7256456893    0.4056189339   -0.2330345827    0.6720965074   -0.9398852951   -0.3822682740    0.2836015113
  0.481941253542       -0.7230024574    0.4228402037   -1.9376971274    0.4683374414    0.1433655573   -0.4273833058    0.2784378551
  0.189070543371        0.0516318735   -0.0720107018    3.8636594661    0.0433322594    0.9450907536   -0.3171278443   -0.0678714471
  0.741743316391E-01   -0.0233137000   -1.1175407139   -2.2031225523    0.0023913751    0.0421000622   -0.1088332615   -0.9198695464

 Mo ccGRB-POL-1
   1
  3  3  3  1  1
  0.282203439654        1.0000000000

 Mo ccGRB-EXT
   1
  2  0  2  1  3  2  1
  0.182262908277E-01    1.0000000000    7.9792349640  408.4171699161    7.9792349640  408.4171699161  408.4171699161

