
 *******************************************************************************
                                 RESPONSE BASIS
 *******************************************************************************

 Angular momentum :            0

             Exponent     Coef.(Quickstep Normalization), first 2 valence 0 response
            0.0972432100           -1.820146E-03        5.019608E-02
            0.1868423316            7.206032E-03        2.693357E-01
            0.3589973724           -1.575875E-02        5.422176E-01
            0.6897747008            1.816660E-02        4.040992E-01
            1.3253276334           -2.055507E-01       -9.990280E-02
            2.5464739917           -5.488727E-01       -4.081331E-01
            4.8927749086           -6.533645E-01       -3.086097E-01
            9.4009388608            4.266319E-01        4.579365E-02
           18.0628892837            6.348746E-02        1.330978E-03
           34.7058920504           -4.251007E-03        1.684005E-03

 Angular momentum :            1

             Exponent     Coef.(Quickstep Normalization), first 2 valence 0 response
            0.0972432100           -1.311252E-03       -1.712396E-01
            0.1868423316            4.640959E-03       -2.342059E-01
            0.3589973724           -9.418679E-03       -4.006681E-01
            0.6897747008            2.865874E-02       -2.825803E-01
            1.3253276334            1.374874E-01       -8.499470E-02
            2.5464739917            5.438221E-01        1.275281E-01
            4.8927749086            3.181286E-01        3.013429E-01
            9.4009388608            4.566228E-02        4.858802E-02
           18.0628892837            7.448707E-03        2.512543E-03
           34.7058920504           -1.781663E-03       -5.521199E-04

 Angular momentum :            2

             Exponent     Coef.(Quickstep Normalization), first 1 valence 0 response
            0.0972432100            3.085888E-04
            0.1868423316           -9.039808E-04
            0.3589973724            5.583375E-03
            0.6897747008            3.839134E-02
            1.3253276334            1.564343E-01
            2.5464739917            2.901243E-01
            4.8927749086            3.785108E-01
            9.4009388608            2.967954E-01
           18.0628892837            1.468703E-02
           34.7058920504           -1.022264E-03
 *******************************************************************************
