In admm-dz
    6
1 0 0 2 1
        0.63788626   -0.53310860
        0.26375566    0.65818231
1 0 0 1 1
        0.07985130    1.00000000
2 1 1 2 1
        0.76595533   -0.09452366
        0.22135735    0.35367298
2 1 1 1 1
        0.06437102    1.00000000
2 2 2 2 1
        2.67835406   -0.37921333
        1.08606569   -0.52278649
2 2 2 1 1
        0.36704264    1.00000000

In admm-dzp
    7
1 0 0 2 1
        0.63788626   -0.53310860
        0.26375566    0.65818231
1 0 0 1 1
        0.07985130    1.00000000
2 1 1 2 1
        0.76595533   -0.09452366
        0.22135735    0.35367298
2 1 1 1 1
        0.06437102    1.00000000
2 2 2 2 1
        2.67835406   -0.37921333
        1.08606569   -0.52278649
2 2 2 1 1
        0.36704264    1.00000000
3 3 3 1 1
      0.2549000       1.0000000


In admm-tzp
   10
1 0 0 2 1
        1.85396060    0.12652693
        1.00333364   -0.45322946
1 0 0 1 1
        0.17321872    1.00000000
1 0 0 1 1
        0.06688247    1.00000000
2 1 1 2 1
        2.23436782    0.00813032
        0.88365474   -0.09030986
2 1 1 1 1
        0.21359430    1.00000000
2 1 1 1 1
        0.06423861    1.00000000
2 2 2 2 1
        2.94491412    0.27421058
        1.45024135    0.44069351
2 2 2 1 1
        0.62091679    1.00000000
2 2 2 1 1
        0.23815229    1.00000000
3 3 3 1 1
      0.2549000       1.0000000

In admm-tz2p
   12
1 0 0 2 1
        1.85396060    0.12652693
        1.00333364   -0.45322946
1 0 0 1 1
        0.17321872    1.00000000
1 0 0 1 1
        0.06688247    1.00000000
2 1 1 2 1
        2.23436782    0.00813032
        0.88365474   -0.09030986
2 1 1 1 1
        0.21359430    1.00000000
2 1 1 1 1
        0.06423861    1.00000000
2 2 2 2 1
        2.94491412    0.27421058
        1.45024135    0.44069351
2 2 2 1 1
        0.62091679    1.00000000
2 2 2 1 1
        0.23815229    1.00000000
3 3 3 1 1
      0.3921000       1.00000000
3 3 3 1 1
      0.1560000       1.00000000
4 4 4 1 1
      0.3419000       1.00000000
