He TZV2P-MOLOPT-PBE-GTH-q2
 1
 2 0 2 5 3 2 1
        13.01500369293916    -8.06609324412882E-02     8.72791231077260E-02  0.00   3.19430850112833E-02 0.00 0.00
         4.03273332916049    -2.50696194349004E-01     1.89574606819419E-01  0.00  -7.90378873553284E-03 0.00 0.00
         1.27884932187946    -5.34916165734058E-01     5.18291637012298E-01  0.00   5.83457026627047E-01 0.00 0.00
         0.42620485937574    -6.95572572576122E-01     9.25671072276297E-04  0.00   7.74620792599197E-01 0.00 1.00
         0.14605599318013    -4.00859980582794E-01    -8.29347180169432E-01  1.00  -2.41780262213654E-01 1.00 0.00

Ne TZV2P-MOLOPT-PBE-GTH-q8
 1
 2 0 3 5 3 3 2 1
        16.32668927804775     1.54621852390096E-01    -4.94057786374231E-03  0.00  -1.59582419762524E-01     3.78028092470898E-01  0.00   7.40298007143368E-02 0.00 0.00
         5.41305177983800     1.91287429266951E-01     1.76072667114765E-01  0.00  -4.26706297746468E-01     4.97776351793787E-01  0.00   1.80947722850089E-02 0.00 0.00
         1.80537925358827    -4.92713294371461E-01     5.08188719993020E-01  0.00  -6.69286131428737E-01     1.40396494583558E-01  0.00   2.29685856987789E-01 0.00 0.00
         0.58906964755768    -6.78143745367382E-01     2.55803498727217E-01  0.00  -5.57651166914747E-01    -4.54277398463820E-01  0.00   9.46919529460796E-01 1.00 1.00
         0.18226186709541    -4.86678407510152E-01    -8.03294965436879E-01  1.00  -1.83129563648299E-01    -6.19059233394733E-01  1.00  -2.11612805963343E-01 0.00 0.00

Ar TZV2P-MOLOPT-PBE-GTH-q8
 1
 2 0 3 5 3 3 2 1
         4.71662662638022     1.23452154551771E-02    -2.31158959744316E-01  0.00  -5.56261569015324E-02     3.18336075852137E-01  0.00   2.44844252077683E-02 0.00 0.00
         2.81819132938890    -5.22224659607554E-01    -2.98266167600901E-01  0.00  -1.60275852656133E-01     5.12436626906003E-01  0.00   1.53829824079746E-01 0.00 0.00
         1.01830728051710     2.39429662703440E-01    -3.83481697580373E-01  0.00  -5.61327283520835E-01     7.08119153993587E-02  0.00   1.34449101074576E-01 0.00 0.00
         0.38324200185074     7.47197517404349E-01    -4.10718477746119E-01  0.00  -8.02094592156688E-01    -6.24416627736100E-02  0.00   9.70173996946236E-01 1.00 1.00
         0.12646451451319     3.33913622297195E-01     7.36107973230410E-01  1.00  -1.13019147633631E-01    -7.91932798666529E-01  1.00  -1.28151289558254E-01 0.00 0.00
