KR MIN-MOLOPT-GTH-Q8
 1
 2 0 1 3 1 1
         1.92720276514181     3.98569035431990E-01     1.32641078949417E-01
         0.57398060488232    -7.17205777701093E-01    -7.08589072745292E-01
         0.18242328015927    -5.71628022779660E-01    -6.93042473562120E-01
XE MIN-MOLOPT-GTH-Q8
 1
 2 0 1 3 1 1
         1.24109160451563     4.19423466505589E-01     1.73167203044820E-01
         0.34982085976247    -8.43231999048178E-01    -8.28104571523828E-01
         0.11244920959118    -3.36219796451143E-01    -5.33156579637699E-01
RN MIN-MOLOPT-GTH-Q8
 1
 2 0 1 3 1 1
         0.97593174082449     4.76745881431509E-01     2.49126633565550E-01
         0.36351643895010    -8.44015865692530E-01    -7.34265505155907E-01
         0.11517364273034    -2.45663556510488E-01    -6.31498288506340E-01
