KR TZV2P-MOLOPT-PBE-GTH-Q26
 2
 2 0 3 5 3 3 2 1
         4.54876479971366    -9.27323435437893E-02     3.01800535887820E-01    -1.22830218570343E-01    -4.55169084208600E-02     4.89030965546107E-03    -1.45833946618676E-01    -3.88606114750477E-02     4.27244977277552E-02     5.68257739466854E-02
         2.15789540650738    -7.55986213226564E-02     3.93923346267593E-01    -2.86731589359620E-01    -5.28731869748269E-01     3.21590406256472E-01     3.13524947666657E-01    -6.06526491539160E-03     1.76986001352209E-02     6.10191325458134E-02
         0.65010565695930     1.02385908031019E-01    -5.90661252274084E-01     5.45356349465186E-01    -5.34152666161317E-01     2.94188663074149E-01     3.84840602203848E-01     8.24110249645865E-01     5.66325062772037E-01     9.96446816668186E-01
         0.25054570818015     4.59160860136057E-01    -4.97587018155905E-01    -7.26019411418860E-01    -5.27800706317605E-01     4.89072530180461E-02    -8.33948055323439E-01     5.57139436834979E-01    -8.09631476052338E-01     1.13202395928498E-02
         0.09334443676433     8.74284845614271E-01     3.96569386397756E-01     2.79606865813925E-01    -3.93037103342293E-01    -8.98675028359053E-01     1.91997185192586E-01    -9.42921512593929E-02     1.47085597897027E-01    -3.61809426573626E-03
 2 0 2 4 1 1 1
        10.81726141695890     4.53703435204850E-01     3.86585173089194E-02     3.39499351510784E-01
         5.83799474990562    -4.22648202992702E-01     3.34423195227215E-01     6.53895217998363E-01
         2.75380598822401    -7.67459988179471E-01     9.11383479470731E-01     6.13990645171900E-01
         1.19345682100146    -1.62870672418097E-01     2.36742051358266E-01     2.83154943174270E-01
KR TZVP-MOLOPT-PBE-GTH-q26
 2
 2 0 2 5 3 3 1
         4.54876479971366    -9.27323435437893E-02     3.01800535887820E-01    -1.22830218570343E-01    -4.55169084208600E-02     4.89030965546107E-03    -1.45833946618676E-01    -3.88606114750477E-02
         2.15789540650738    -7.55986213226564E-02     3.93923346267593E-01    -2.86731589359620E-01    -5.28731869748269E-01     3.21590406256472E-01     3.13524947666657E-01    -6.06526491539160E-03
         0.65010565695930     1.02385908031019E-01    -5.90661252274084E-01     5.45356349465186E-01    -5.34152666161317E-01     2.94188663074149E-01     3.84840602203848E-01     8.24110249645865E-01
         0.25054570818015     4.59160860136057E-01    -4.97587018155905E-01    -7.26019411418860E-01    -5.27800706317605E-01     4.89072530180461E-02    -8.33948055323439E-01     5.57139436834979E-01
         0.09334443676433     8.74284845614271E-01     3.96569386397756E-01     2.79606865813925E-01    -3.93037103342293E-01    -8.98675028359053E-01     1.91997185192586E-01    -9.42921512593929E-02
 2 0 2 4 1 1 1
        10.81726141695890     4.53703435204850E-01     3.86585173089194E-02     3.39499351510784E-01
         5.83799474990562    -4.22648202992702E-01     3.34423195227215E-01     6.53895217998363E-01
         2.75380598822401    -7.67459988179471E-01     9.11383479470731E-01     6.13990645171900E-01
         1.19345682100146    -1.62870672418097E-01     2.36742051358266E-01     2.83154943174270E-01
KR DZVP-MOLOPT-PBE-GTH-q26
 2
 2 0 2 5 2 2 1
         4.54876479971366    -9.27323435437893E-02     3.01800535887820E-01    -4.55169084208600E-02     4.89030965546107E-03    -3.88606114750477E-02
         2.15789540650738    -7.55986213226564E-02     3.93923346267593E-01    -5.28731869748269E-01     3.21590406256472E-01    -6.06526491539160E-03
         0.65010565695930     1.02385908031019E-01    -5.90661252274084E-01    -5.34152666161317E-01     2.94188663074149E-01     8.24110249645865E-01
         0.25054570818015     4.59160860136057E-01    -4.97587018155905E-01    -5.27800706317605E-01     4.89072530180461E-02     5.57139436834979E-01
         0.09334443676433     8.74284845614271E-01     3.96569386397756E-01    -3.93037103342293E-01    -8.98675028359053E-01    -9.42921512593929E-02
 2 0 2 4 1 1 1
        10.81726141695890     4.53703435204850E-01     3.86585173089194E-02     3.39499351510784E-01
         5.83799474990562    -4.22648202992702E-01     3.34423195227215E-01     6.53895217998363E-01
         2.75380598822401    -7.67459988179471E-01     9.11383479470731E-01     6.13990645171900E-01
         1.19345682100146    -1.62870672418097E-01     2.36742051358266E-01     2.83154943174270E-01
XE TZV2P-MOLOPT-PBE-GTH-Q26
 2
 2 0 3 5 3 3 2 1
         2.88779998432507     7.58124231599682E-01     5.09361421726518E-01    -3.08558034895942E-01    -6.03647821132419E-01     5.09424015132355E-03     3.29401130899055E-01    -2.57597723510052E-01     9.10588461624891E-02     7.07916803623335E-04
         0.76984945309759    -4.97391676586883E-02     9.12709019742198E-03     1.01916901332418E-01     1.91095912225835E-01     1.70410631340069E-01    -3.05670114179748E-01    -7.64221630087949E-02     1.62140872864846E-02     6.78388872430958E-03
         2.66051766639960    -6.49524583804505E-01     5.63950083414260E-01    -3.94764496242444E-01     6.85576145885460E-01    -2.18191358615784E-01    -6.87163238818859E-02     3.54384013256212E-01     9.34469456438439E-01     9.99911033647918E-01
         0.10010803012565    -6.43493198807104E-03     1.40415439700587E-01    -4.90635608104943E-01     1.86914587924776E-01    -5.95448802427806E-01     6.75627547071948E-01     2.23727846927631E-02    -4.22278130722527E-02    -2.13354043229673E-03
         0.27644093852291    -2.91559830207382E-02     6.34595497929199E-01     7.05579603510401E-01     3.06822335214385E-01     7.54166772110950E-01     5.80401723575547E-01     8.95385110160432E-01    -3.41216993562463E-01     1.12627928131494E-02
 2 0 2 4 1 1 1
         4.18257627748736    -4.62610051295496E-01     6.36480294397139E-01    -5.99665917936559E-01
         3.86996437606863     8.68807998232087E-01    -7.14199526023525E-01     7.20161320388385E-01
         1.75445301174904    -1.48552709990092E-01    -2.84036962523561E-01     3.20831768928367E-01
         0.74913143239367    -9.53765956769920E-02    -6.43029998700850E-02     1.37242251249595E-01
XE TZVP-MOLOPT-PBE-GTH-q26
 2
 2 0 2 5 3 3 1
         2.88779998432507     7.58124231599682E-01     5.09361421726518E-01    -3.08558034895942E-01    -6.03647821132419E-01     5.09424015132355E-03     3.29401130899055E-01    -2.57597723510052E-01
         0.76984945309759    -4.97391676586883E-02     9.12709019742198E-03     1.01916901332418E-01     1.91095912225835E-01     1.70410631340069E-01    -3.05670114179748E-01    -7.64221630087949E-02
         2.66051766639960    -6.49524583804505E-01     5.63950083414260E-01    -3.94764496242444E-01     6.85576145885460E-01    -2.18191358615784E-01    -6.87163238818859E-02     3.54384013256212E-01
         0.10010803012565    -6.43493198807104E-03     1.40415439700587E-01    -4.90635608104943E-01     1.86914587924776E-01    -5.95448802427806E-01     6.75627547071948E-01     2.23727846927631E-02
         0.27644093852291    -2.91559830207382E-02     6.34595497929199E-01     7.05579603510401E-01     3.06822335214385E-01     7.54166772110950E-01     5.80401723575547E-01     8.95385110160432E-01
 2 0 2 4 1 1 1
         4.18257627748736    -4.62610051295496E-01     6.36480294397139E-01    -5.99665917936559E-01
         3.86996437606863     8.68807998232087E-01    -7.14199526023525E-01     7.20161320388385E-01
         1.75445301174904    -1.48552709990092E-01    -2.84036962523561E-01     3.20831768928367E-01
         0.74913143239367    -9.53765956769920E-02    -6.43029998700850E-02     1.37242251249595E-01
XE DZVP-MOLOPT-PBE-GTH-q26
 2
 2 0 2 5 2 2 1
         2.88779998432507     7.58124231599682E-01     5.09361421726518E-01    -6.03647821132419E-01     5.09424015132355E-03    -2.57597723510052E-01
         0.76984945309759    -4.97391676586883E-02     9.12709019742198E-03     1.91095912225835E-01     1.70410631340069E-01    -7.64221630087949E-02
         2.66051766639960    -6.49524583804505E-01     5.63950083414260E-01     6.85576145885460E-01    -2.18191358615784E-01     3.54384013256212E-01
         0.10010803012565    -6.43493198807104E-03     1.40415439700587E-01     1.86914587924776E-01    -5.95448802427806E-01     2.23727846927631E-02
         0.27644093852291    -2.91559830207382E-02     6.34595497929199E-01     3.06822335214385E-01     7.54166772110950E-01     8.95385110160432E-01
 2 0 2 4 1 1 1
         4.18257627748736    -4.62610051295496E-01     6.36480294397139E-01    -5.99665917936559E-01
         3.86996437606863     8.68807998232087E-01    -7.14199526023525E-01     7.20161320388385E-01
         1.75445301174904    -1.48552709990092E-01    -2.84036962523561E-01     3.20831768928367E-01
         0.74913143239367    -9.53765956769920E-02    -6.43029998700850E-02     1.37242251249595E-01
RN TZV2P-MOLOPT-PBE-GTH-Q26
 2
 2 0 3 5 3 3 2 1
         3.55339179840618     4.38421552244189E-01    -7.73648258142463E-02     9.01999036140365E-03    -2.05545870276765E-01     1.16349249480622E-01     3.15235418715917E-02    -6.75891299333822E-02     3.50539723788726E-01     1.23383048668456E-02
         1.79067556255203    -4.80759414798957E-01    -1.14726549115554E-01    -1.27212273483331E-01    -6.35663141604459E-01     1.14256594848885E-01     7.40955071976757E-01     2.27358324006039E-01    -8.99769402782868E-01     6.19128559302672E-03
         0.32286183036075    -1.29530034641202E-01     7.81728142892200E-01     5.90339192896532E-01     4.15430232898860E-01    -5.24473510933938E-01     5.13843589140626E-01     9.71270533729482E-01     2.36382900673792E-01     9.99768346992413E-01
         0.10740839221914    -7.43902932411939E-01    -4.18865151141896E-02    -1.00863057976399E-01     2.93409452931526E-01    -3.40821279641653E-01     2.51935444522607E-01     1.90936358905350E-02    -5.51075486037447E-02     4.48193820918074E-03
         0.10825569724959    -8.05439313960244E-02    -6.06629321016277E-01     7.90608599823581E-01     5.43149961006847E-01     7.63005029046918E-01     3.49978778373868E-01    -2.98083836172095E-03     9.28612202042143E-02    -1.58933570294244E-02
 2 0 2 4 1 1 1
         3.80433134470846     7.00751121756102E-01    -4.65563248276293E-01     3.60784846267631E-01
         3.20801053822038    -6.86394297684058E-01     5.59373646605584E-01    -4.46848946578929E-01
         1.60789204286433    -1.90724657761941E-01     6.63896485267087E-01    -7.04931511518134E-01
         0.74167001595626    -3.78792606311736E-02     1.72027446030007E-01    -4.16211337800525E-01
RN TZVP-MOLOPT-PBE-GTH-q26
 2
 2 0 2 5 3 3 1
         3.55339179840618     4.38421552244189E-01    -7.73648258142463E-02     9.01999036140365E-03    -2.05545870276765E-01     1.16349249480622E-01     3.15235418715917E-02    -6.75891299333822E-02
         1.79067556255203    -4.80759414798957E-01    -1.14726549115554E-01    -1.27212273483331E-01    -6.35663141604459E-01     1.14256594848885E-01     7.40955071976757E-01     2.27358324006039E-01
         0.32286183036075    -1.29530034641202E-01     7.81728142892200E-01     5.90339192896532E-01     4.15430232898860E-01    -5.24473510933938E-01     5.13843589140626E-01     9.71270533729482E-01
         0.10740839221914    -7.43902932411939E-01    -4.18865151141896E-02    -1.00863057976399E-01     2.93409452931526E-01    -3.40821279641653E-01     2.51935444522607E-01     1.90936358905350E-02
         0.10825569724959    -8.05439313960244E-02    -6.06629321016277E-01     7.90608599823581E-01     5.43149961006847E-01     7.63005029046918E-01     3.49978778373868E-01    -2.98083836172095E-03
 2 0 2 4 1 1 1
         3.80433134470846     7.00751121756102E-01    -4.65563248276293E-01     3.60784846267631E-01
         3.20801053822038    -6.86394297684058E-01     5.59373646605584E-01    -4.46848946578929E-01
         1.60789204286433    -1.90724657761941E-01     6.63896485267087E-01    -7.04931511518134E-01
         0.74167001595626    -3.78792606311736E-02     1.72027446030007E-01    -4.16211337800525E-01
RN DZVP-MOLOPT-PBE-GTH-q26
 2
 2 0 2 5 2 2 1
         3.55339179840618     4.38421552244189E-01    -7.73648258142463E-02    -2.05545870276765E-01     1.16349249480622E-01    -6.75891299333822E-02
         1.79067556255203    -4.80759414798957E-01    -1.14726549115554E-01    -6.35663141604459E-01     1.14256594848885E-01     2.27358324006039E-01
         0.32286183036075    -1.29530034641202E-01     7.81728142892200E-01     4.15430232898860E-01    -5.24473510933938E-01     9.71270533729482E-01
         0.10740839221914    -7.43902932411939E-01    -4.18865151141896E-02     2.93409452931526E-01    -3.40821279641653E-01     1.90936358905350E-02
         0.10825569724959    -8.05439313960244E-02    -6.06629321016277E-01     5.43149961006847E-01     7.63005029046918E-01    -2.98083836172095E-03
 2 0 2 4 1 1 1
         3.80433134470846     7.00751121756102E-01    -4.65563248276293E-01     3.60784846267631E-01
         3.20801053822038    -6.86394297684058E-01     5.59373646605584E-01    -4.46848946578929E-01
         1.60789204286433    -1.90724657761941E-01     6.63896485267087E-01    -7.04931511518134E-01
         0.74167001595626    -3.78792606311736E-02     1.72027446030007E-01    -4.16211337800525E-01
