TL DZVP-MOLOPT-PBE0-GTH-Q13
 1
 2 0 3 6 2 2 2 1
         2.47757006397038    -1.40604937565739E-01    -5.01108407211212E-02    -1.15696393131163E-01    -1.48598603084167E-01    -4.66828345396035E-01    -1.42919682308390E-01     4.72147997237634E-02
         2.21636208077853     1.48573360219291E-01    -5.46635466774248E-02     1.65913090949951E-01     2.47360073566106E-01     7.17908212118167E-01     1.76800194149715E-01    -6.57136466962450E-02
         0.84485555441579     1.53392651327530E-01     6.42367291663578E-01    -1.74830321862340E-01    -3.83960863355141E-01     4.63886864795130E-01    -1.76378720703898E-01     9.58205423548863E-02
         0.33648042014502     4.91812928753361E-02    -5.97417288507618E-01     1.00821660302804E-01     4.89527243846929E-01     1.27128671169718E-01     3.92811657730081E-01     8.48733976483793E-01
         0.13498245150669    -7.67817557344348E-01    -2.28292786013455E-01     6.44544645107690E-01     3.98777738095132E-01    -6.19445569692840E-02     4.24243759105215E-01     3.49918111160383E-01
         0.04917004773307    -5.85375351162709E-01     4.15740363874003E-01     7.09167640760752E-01    -6.08806124895060E-01    -1.77452090455824E-01     7.63493573680860E-01     3.76136751237764E-01
H DZVP-MOLOPT-PBE0-GTH-Q1
 1
 2 0 1 5 2 1
         9.40376558777484     5.57995409025206E-02    -4.70579310756749E-02    -9.22922683878503E-02
         2.19236236036235     2.26741263852150E-01    -2.37595450605385E-01     3.56629407794935E-01
         0.70785664525623     4.70071809062586E-01    -3.84865803668886E-01     4.70685683046521E-01
         0.37495748172786     5.50419957177599E-01     8.25544608526065E-01     4.93402007633953E-01
         0.15142571456720     6.49265104227107E-01    -3.34198093163844E-01     6.31907468961614E-01
O DZVP-MOLOPT-PBE0-GTH-Q6
 1
 2 0 2 5 2 2 1
        10.34082423621691    -1.29825249634708E-01     8.18793043945143E-02    -9.31315963557027E-02     6.07168741616306E-02    -1.46443819746845E-04
         3.64864310376424    -1.27684551447027E-01     1.02649506262870E-01    -3.10412801135525E-01     1.66218217874094E-01     4.82789843051162E-02
         1.25503633997207     5.26487514579900E-01    -3.65113179366377E-01    -5.97863015525008E-01     4.26686208369503E-01     7.18155124032992E-01
         0.43936673910305     7.72667288737258E-01    -8.21060762059060E-02    -6.48920500304752E-01    -1.50379113770830E-02     6.93882202281484E-01
         0.14295518532255     3.04365270334762E-01     9.17992274956007E-01    -3.41221918409427E-01    -8.86790677695403E-01    -2.12090879301656E-02
CL DZVP-MOLOPT-PBE0-GTH-Q7
 1
 2 0 2 4 2 2 1
         1.95736377876919     5.14900988266686E-01     2.40693792976429E-01     3.91491934421244E-01     1.94579618291814E-01     1.03302579489917E-01
         1.54347371438383    -4.22981434715776E-01     4.84506053505592E-02    -5.31183852831214E-01    -2.06763688400425E-01     2.53080986425568E-01
         0.40766941393095    -4.94589672987331E-01    -6.25944067103656E-01    -6.13505638411310E-01    -3.32691397032460E-01     9.52098239408987E-01
         0.13062819821750    -5.57982735881729E-01     7.40211497966303E-01    -4.33807113141348E-01     8.99279702676011E-01     1.37067625261757E-01
