TL TZV2P-MOLOPT-PBE0-GTH-Q13
 1
 2 0 3 6 3 3 3 2
         2.47757006397038    -1.27752246598615E-01    -7.28783123014060E-02     5.61860191865163E-02    -1.20897357514854E-01    -1.35713782967265E-01    -6.47755063052163E-01    -4.73655922329227E-01    -1.18658392916258E-01     1.07154801774347E-01     8.20060812356849E-02    -9.08102858742013E-02
         2.21636208077853     1.33304194267055E-01    -2.39028419634480E-02     3.65919702650771E-02     1.76144361978552E-01     2.25019518000676E-01     5.39217953503779E-01     7.26809066089662E-01     1.34763589439557E-01    -5.20612726553124E-02    -1.09667112119579E-01     1.19797130391119E-01
         0.84485555441579     1.59475923978069E-01     6.16374466003369E-01    -4.40494084295530E-01    -1.97945430318660E-01    -3.41620818724352E-01     5.25451168947980E-01     4.56740918473947E-01    -2.27466084411104E-01     4.50234645193774E-01     1.31927337614088E-01    -1.41181728281535E-01
         0.33648042014502     2.60787771914006E-03    -5.24478879284098E-01     3.52593249089655E-01     1.51370652455970E-01     4.01475432316317E-01     3.71991920659997E-02     1.46117986426993E-01     4.11074222596136E-01    -3.56427652218196E-01     8.90526924518661E-01    -4.71945613471802E-02
         0.13498245150669    -6.95143213303188E-01    -3.23061962992800E-01    -6.24406056217556E-01     5.89836063059955E-01     4.90581911929908E-01    -1.09441833623947E-01    -2.77387217203717E-02     3.91901051726797E-01    -5.25704573049246E-01     3.40614640144698E-01    -3.80219768707286E-01
         0.04917004773307    -6.76199598434870E-01     4.84512947869679E-01     5.35970333428981E-01     7.37804136335682E-01    -6.42176040334100E-01    -1.40410513619943E-02    -1.29098719760259E-01     7.70356859102968E-01     6.16190122626759E-01     2.34065735160467E-01     9.00375177352399E-01
TL TZVP-MOLOPT-PBE0-GTH-q13
 1
 2 0 3 6 3 3 3 1
         2.47757006397038    -1.27752246598615E-01    -7.28783123014060E-02     5.61860191865163E-02    -1.20897357514854E-01    -1.35713782967265E-01    -6.47755063052163E-01    -4.73655922329227E-01    -1.18658392916258E-01     1.07154801774347E-01     8.20060812356849E-02
         2.21636208077853     1.33304194267055E-01    -2.39028419634480E-02     3.65919702650771E-02     1.76144361978552E-01     2.25019518000676E-01     5.39217953503779E-01     7.26809066089662E-01     1.34763589439557E-01    -5.20612726553124E-02    -1.09667112119579E-01
         0.84485555441579     1.59475923978069E-01     6.16374466003369E-01    -4.40494084295530E-01    -1.97945430318660E-01    -3.41620818724352E-01     5.25451168947980E-01     4.56740918473947E-01    -2.27466084411104E-01     4.50234645193774E-01     1.31927337614088E-01
         0.33648042014502     2.60787771914006E-03    -5.24478879284098E-01     3.52593249089655E-01     1.51370652455970E-01     4.01475432316317E-01     3.71991920659997E-02     1.46117986426993E-01     4.11074222596136E-01    -3.56427652218196E-01     8.90526924518661E-01
         0.13498245150669    -6.95143213303188E-01    -3.23061962992800E-01    -6.24406056217556E-01     5.89836063059955E-01     4.90581911929908E-01    -1.09441833623947E-01    -2.77387217203717E-02     3.91901051726797E-01    -5.25704573049246E-01     3.40614640144698E-01
         0.04917004773307    -6.76199598434870E-01     4.84512947869679E-01     5.35970333428981E-01     7.37804136335682E-01    -6.42176040334100E-01    -1.40410513619943E-02    -1.29098719760259E-01     7.70356859102968E-01     6.16190122626759E-01     2.34065735160467E-01
TL DZVP-MOLOPT-PBE0-GTH-q13
 1
 2 0 3 6 2 2 2 1
         2.47757006397038    -1.27752246598615E-01    -7.28783123014060E-02    -1.20897357514854E-01    -1.35713782967265E-01    -4.73655922329227E-01    -1.18658392916258E-01     8.20060812356849E-02
         2.21636208077853     1.33304194267055E-01    -2.39028419634480E-02     1.76144361978552E-01     2.25019518000676E-01     7.26809066089662E-01     1.34763589439557E-01    -1.09667112119579E-01
         0.84485555441579     1.59475923978069E-01     6.16374466003369E-01    -1.97945430318660E-01    -3.41620818724352E-01     4.56740918473947E-01    -2.27466084411104E-01     1.31927337614088E-01
         0.33648042014502     2.60787771914006E-03    -5.24478879284098E-01     1.51370652455970E-01     4.01475432316317E-01     1.46117986426993E-01     4.11074222596136E-01     8.90526924518661E-01
         0.13498245150669    -6.95143213303188E-01    -3.23061962992800E-01     5.89836063059955E-01     4.90581911929908E-01    -2.77387217203717E-02     3.91901051726797E-01     3.40614640144698E-01
         0.04917004773307    -6.76199598434870E-01     4.84512947869679E-01     7.37804136335682E-01    -6.42176040334100E-01    -1.29098719760259E-01     7.70356859102968E-01     2.34065735160467E-01
H TZV2P-MOLOPT-PBE0-GTH-Q1
 1
 2 0 2 5 3 2 1
         9.40376558777484     5.57995409025206E-02    -4.70579310756749E-02    -9.03982952048893E-02    -9.22922683878503E-02     5.62771387719766E-01     7.80341103329014E-02
         2.19236236036235     2.26741263852150E-01    -2.37595450605385E-01    -3.31859181820579E-01     3.56629407794935E-01    -1.55610962004131E-01     3.11602862374432E-01
         0.70785664525623     4.70071809062586E-01    -3.84865803668886E-01    -6.33091997698946E-01     4.70685683046521E-01    -1.55533260185636E-01     6.35783567219683E-05
         0.37495748172786     5.50419957177599E-01     8.25544608526065E-01    -1.19262368808400E-01     4.93402007633953E-01     7.41061881197701E-01     9.44971331284660E-01
         0.15142571456720     6.49265104227107E-01    -3.34198093163844E-01     6.83131496493313E-01     6.31907468961614E-01    -2.92763192495008E-01     6.19960707827798E-02
H TZVP-MOLOPT-PBE0-GTH-q1
 1
 2 0 1 5 3 1
         9.40376558777484     5.57995409025206E-02    -4.70579310756749E-02    -9.03982952048893E-02    -9.22922683878503E-02
         2.19236236036235     2.26741263852150E-01    -2.37595450605385E-01    -3.31859181820579E-01     3.56629407794935E-01
         0.70785664525623     4.70071809062586E-01    -3.84865803668886E-01    -6.33091997698946E-01     4.70685683046521E-01
         0.37495748172786     5.50419957177599E-01     8.25544608526065E-01    -1.19262368808400E-01     4.93402007633953E-01
         0.15142571456720     6.49265104227107E-01    -3.34198093163844E-01     6.83131496493313E-01     6.31907468961614E-01
H DZVP-MOLOPT-PBE0-GTH-q1
 1
 2 0 1 5 2 1
         9.40376558777484     5.57995409025206E-02    -4.70579310756749E-02    -9.22922683878503E-02
         2.19236236036235     2.26741263852150E-01    -2.37595450605385E-01     3.56629407794935E-01
         0.70785664525623     4.70071809062586E-01    -3.84865803668886E-01     4.70685683046521E-01
         0.37495748172786     5.50419957177599E-01     8.25544608526065E-01     4.93402007633953E-01
         0.15142571456720     6.49265104227107E-01    -3.34198093163844E-01     6.31907468961614E-01
O TZV2P-MOLOPT-PBE0-GTH-Q6
 1
 2 0 3 5 3 3 2 1
        10.34082423621691    -1.29825249634708E-01     8.18793043945143E-02    -1.54163825083534E-01    -9.31315963557027E-02     6.07168741616306E-02     5.24249215362802E-02    -1.46443819746845E-04    -1.35615599706110E-01    -4.53627038333396E-02
         3.64864310376424    -1.27684551447027E-01     1.02649506262870E-01    -2.90598920673850E-01    -3.10412801135525E-01     1.66218217874094E-01     1.57277538743803E-01     4.82789843051162E-02    -2.03664714425298E-01    -7.75510089052828E-02
         1.25503633997207     5.26487514579900E-01    -3.65113179366377E-01     6.61471073309150E-01    -5.97863015525008E-01     4.26686208369503E-01     5.52189434348781E-01     7.18155124032992E-01    -6.65039106707507E-01     7.74070424398802E-02
         0.43936673910305     7.72667288737258E-01    -8.21060762059060E-02    -6.24492813862270E-01    -6.48920500304752E-01    -1.50379113770830E-02    -7.55332729990091E-01     6.93882202281484E-01     7.03924405563841E-01     9.92909576133937E-01
         0.14295518532255     3.04365270334762E-01     9.17992274956007E-01     2.53476876555698E-01    -3.41221918409427E-01    -8.86790677695403E-01     3.11568128998934E-01    -2.12090879301656E-02     4.83994939610748E-02     8.17248560335443E-03
O TZVP-MOLOPT-PBE0-GTH-q6
 1
 2 0 2 5 3 3 1
        10.34082423621691    -1.29825249634708E-01     8.18793043945143E-02    -1.54163825083534E-01    -9.31315963557027E-02     6.07168741616306E-02     5.24249215362802E-02    -1.46443819746845E-04
         3.64864310376424    -1.27684551447027E-01     1.02649506262870E-01    -2.90598920673850E-01    -3.10412801135525E-01     1.66218217874094E-01     1.57277538743803E-01     4.82789843051162E-02
         1.25503633997207     5.26487514579900E-01    -3.65113179366377E-01     6.61471073309150E-01    -5.97863015525008E-01     4.26686208369503E-01     5.52189434348781E-01     7.18155124032992E-01
         0.43936673910305     7.72667288737258E-01    -8.21060762059060E-02    -6.24492813862270E-01    -6.48920500304752E-01    -1.50379113770830E-02    -7.55332729990091E-01     6.93882202281484E-01
         0.14295518532255     3.04365270334762E-01     9.17992274956007E-01     2.53476876555698E-01    -3.41221918409427E-01    -8.86790677695403E-01     3.11568128998934E-01    -2.12090879301656E-02
O DZVP-MOLOPT-PBE0-GTH-q6
 1
 2 0 2 5 2 2 1
        10.34082423621691    -1.29825249634708E-01     8.18793043945143E-02    -9.31315963557027E-02     6.07168741616306E-02    -1.46443819746845E-04
         3.64864310376424    -1.27684551447027E-01     1.02649506262870E-01    -3.10412801135525E-01     1.66218217874094E-01     4.82789843051162E-02
         1.25503633997207     5.26487514579900E-01    -3.65113179366377E-01    -5.97863015525008E-01     4.26686208369503E-01     7.18155124032992E-01
         0.43936673910305     7.72667288737258E-01    -8.21060762059060E-02    -6.48920500304752E-01    -1.50379113770830E-02     6.93882202281484E-01
         0.14295518532255     3.04365270334762E-01     9.17992274956007E-01    -3.41221918409427E-01    -8.86790677695403E-01    -2.12090879301656E-02
CL TZV2P-MOLOPT-PBE0-GTH-Q7
 1
 2 0 3 4 3 3 2 1
         1.95736377876919     5.14900988266686E-01     2.40693792976429E-01    -1.28104442415964E-01     3.91491934421244E-01     1.94579618291814E-01    -4.24624922261607E-01     1.03302579489917E-01    -1.51719991846673E-01    -8.80894837945973E-02
         1.54347371438383    -4.22981434715776E-01     4.84506053505592E-02    -8.97870765280675E-01    -5.31183852831214E-01    -2.06763688400425E-01    -8.12512692066251E-01     2.53080986425568E-01     7.90079486051753E-01     3.40736837991551E-01
         0.40766941393095    -4.94589672987331E-01    -6.25944067103656E-01     2.66738548390740E-01    -6.13505638411310E-01    -3.32691397032460E-01     3.96050456242181E-01     9.52098239408987E-01    -2.69731069825107E-01     9.35543949131780E-01
         0.13062819821750    -5.57982735881729E-01     7.40211497966303E-01     3.25987557262529E-01    -4.33807113141348E-01     8.99279702676011E-01     5.15832990020733E-02     1.37067625261757E-01     5.29150828937503E-01     2.99360873066907E-02
CL TZVP-MOLOPT-PBE0-GTH-q7
 1
 2 0 2 4 3 3 1
         1.95736377876919     5.14900988266686E-01     2.40693792976429E-01    -1.28104442415964E-01     3.91491934421244E-01     1.94579618291814E-01    -4.24624922261607E-01     1.03302579489917E-01
         1.54347371438383    -4.22981434715776E-01     4.84506053505592E-02    -8.97870765280675E-01    -5.31183852831214E-01    -2.06763688400425E-01    -8.12512692066251E-01     2.53080986425568E-01
         0.40766941393095    -4.94589672987331E-01    -6.25944067103656E-01     2.66738548390740E-01    -6.13505638411310E-01    -3.32691397032460E-01     3.96050456242181E-01     9.52098239408987E-01
         0.13062819821750    -5.57982735881729E-01     7.40211497966303E-01     3.25987557262529E-01    -4.33807113141348E-01     8.99279702676011E-01     5.15832990020733E-02     1.37067625261757E-01
CL DZVP-MOLOPT-PBE0-GTH-q7
 1
 2 0 2 4 2 2 1
         1.95736377876919     5.14900988266686E-01     2.40693792976429E-01     3.91491934421244E-01     1.94579618291814E-01     1.03302579489917E-01
         1.54347371438383    -4.22981434715776E-01     4.84506053505592E-02    -5.31183852831214E-01    -2.06763688400425E-01     2.53080986425568E-01
         0.40766941393095    -4.94589672987331E-01    -6.25944067103656E-01    -6.13505638411310E-01    -3.32691397032460E-01     9.52098239408987E-01
         0.13062819821750    -5.57982735881729E-01     7.40211497966303E-01    -4.33807113141348E-01     8.99279702676011E-01     1.37067625261757E-01
