TE TZV2P-MOLOPT-SCAN-GTH-Q6
 1
 2 0 2 4 3 3 2
         1.45612323342872    -2.01622954833268E-03     6.77409733037344E-01     6.30872796686829E-01     5.46952427427476E-01    -6.07367802830809E-01    -5.60928645273072E-01    -2.07092430451809E-01    -1.07333816162497E-01
         1.41518150507684    -8.24897091008793E-02    -7.25538101885503E-01     4.98866826306143E-01    -3.57390609120826E-01    -3.27890941588190E-01     2.05883029724508E-01     2.74143543526243E-01     1.42085698829193E-01
         0.29649421229971     4.91280076318405E-02     1.03122951456941E-01    -5.89902872319017E-01     4.54318543730678E-01     7.02806550746014E-01    -1.98332355370532E-01    -8.18665811550055E-01    -4.24305830607762E-01
         0.10802563432263     9.95378230411428E-01    -6.38449150791536E-02     7.17356622716280E-02     6.05565566611802E-01    -1.72205791822970E-01     7.76939836664816E-01    -4.60156855638952E-01     8.87837636174809E-01
TE TZVP-MOLOPT-SCAN-GTH-q6
 1
 2 0 2 4 3 3 1
         1.45612323342872    -2.01622954833268E-03     6.77409733037344E-01     6.30872796686829E-01     5.46952427427476E-01    -6.07367802830809E-01    -5.60928645273072E-01    -2.07092430451809E-01
         1.41518150507684    -8.24897091008793E-02    -7.25538101885503E-01     4.98866826306143E-01    -3.57390609120826E-01    -3.27890941588190E-01     2.05883029724508E-01     2.74143543526243E-01
         0.29649421229971     4.91280076318405E-02     1.03122951456941E-01    -5.89902872319017E-01     4.54318543730678E-01     7.02806550746014E-01    -1.98332355370532E-01    -8.18665811550055E-01
         0.10802563432263     9.95378230411428E-01    -6.38449150791536E-02     7.17356622716280E-02     6.05565566611802E-01    -1.72205791822970E-01     7.76939836664816E-01    -4.60156855638952E-01
TE DZVP-MOLOPT-SCAN-GTH-q6
 1
 2 0 2 4 2 2 1
         1.45612323342872    -2.01622954833268E-03     6.77409733037344E-01     5.46952427427476E-01    -6.07367802830809E-01    -2.07092430451809E-01
         1.41518150507684    -8.24897091008793E-02    -7.25538101885503E-01    -3.57390609120826E-01    -3.27890941588190E-01     2.74143543526243E-01
         0.29649421229971     4.91280076318405E-02     1.03122951456941E-01     4.54318543730678E-01     7.02806550746014E-01    -8.18665811550055E-01
         0.10802563432263     9.95378230411428E-01    -6.38449150791536E-02     6.05565566611802E-01    -1.72205791822970E-01    -4.60156855638952E-01
H TZV2P-MOLOPT-SCAN-GTH-Q1
 1
 2 0 2 5 3 2 1
         9.16876514496744     4.30245721944096E-02    -3.89199332255518E-02     1.05597841287996E-01    -1.03225299298647E-01     1.47849610372066E-01     5.89397100894678E-04
         2.16119406948452     1.67758655334156E-01    -2.29436993766244E-01     9.00816001060512E-01     3.18679005482070E-01    -4.59921573561831E-01     9.06454549928757E-04
         0.61986766123499     5.51924571472773E-01    -2.73974309763091E-01     8.95041468250583E-02     4.58038932787715E-01    -6.65599039198367E-01    -4.14822793772387E-04
         0.41225503616229     4.20326460221825E-01     8.94936516623427E-01     1.49710941947358E-01     2.25604019455304E-02    -3.27622058282529E-02    -2.24233449917807E-03
         0.16131600752250     6.99078574975625E-01    -2.64330500496994E-01    -3.83347452986213E-01     8.23091485416057E-01     5.67905974411888E-01     9.99996815399554E-01
H TZVP-MOLOPT-SCAN-GTH-q1
 1
 2 0 1 5 3 1
         9.16876514496744     4.30245721944096E-02    -3.89199332255518E-02     1.05597841287996E-01    -1.03225299298647E-01
         2.16119406948452     1.67758655334156E-01    -2.29436993766244E-01     9.00816001060512E-01     3.18679005482070E-01
         0.61986766123499     5.51924571472773E-01    -2.73974309763091E-01     8.95041468250583E-02     4.58038932787715E-01
         0.41225503616229     4.20326460221825E-01     8.94936516623427E-01     1.49710941947358E-01     2.25604019455304E-02
         0.16131600752250     6.99078574975625E-01    -2.64330500496994E-01    -3.83347452986213E-01     8.23091485416057E-01
H DZVP-MOLOPT-SCAN-GTH-q1
 1
 2 0 1 5 2 1
         9.16876514496744     4.30245721944096E-02    -3.89199332255518E-02    -1.03225299298647E-01
         2.16119406948452     1.67758655334156E-01    -2.29436993766244E-01     3.18679005482070E-01
         0.61986766123499     5.51924571472773E-01    -2.73974309763091E-01     4.58038932787715E-01
         0.41225503616229     4.20326460221825E-01     8.94936516623427E-01     2.25604019455304E-02
         0.16131600752250     6.99078574975625E-01    -2.64330500496994E-01     8.23091485416057E-01
O TZV2P-MOLOPT-SCAN-GTH-Q6
 1
 2 0 3 5 3 3 2 1
        10.25781699497238    -1.37093335568261E-01     6.42341766590814E-02    -7.17088581420037E-01    -1.01541960662273E-01     5.12250917317880E-02     1.18360216509634E-01    -1.55308630843787E-02     3.18602602792577E-02     1.18645628163343E-03
         3.64428735012608    -1.53382903419191E-01     6.95730187369108E-02    -5.49416247278626E-01    -2.97888826596963E-01     1.18416114723772E-01     5.91292938991213E-02     1.12242705044625E-01    -2.22035206994148E-01    -3.65643497936781E-03
         1.40222472037927     4.52964005356058E-01    -1.60546208430784E-01     2.25545730548663E-01    -5.48743422499672E-01     2.65706574607295E-01     7.32042358682655E-01     4.02080210361362E-01    -8.37756480907312E-01     4.91390044295019E-04
         0.52205700268808     8.05450964095097E-01    -2.63981031214717E-01    -3.63850982918199E-01    -6.95022929228448E-01     1.92118246587555E-01    -6.62764404039625E-01     9.01700430010169E-01     4.32284673630976E-01     9.99992334274143E-01
         0.16818943371335     3.22104729197730E-01     9.46346921445871E-01     2.58329108697022E-02    -3.41723954857718E-01    -9.35865486749767E-01     8.57433121772174E-02    -1.11481865840859E-01     2.46939932598114E-01     5.59225812546083E-04
O TZVP-MOLOPT-SCAN-GTH-q6
 1
 2 0 2 5 3 3 1
        10.25781699497238    -1.37093335568261E-01     6.42341766590814E-02    -7.17088581420037E-01    -1.01541960662273E-01     5.12250917317880E-02     1.18360216509634E-01    -1.55308630843787E-02
         3.64428735012608    -1.53382903419191E-01     6.95730187369108E-02    -5.49416247278626E-01    -2.97888826596963E-01     1.18416114723772E-01     5.91292938991213E-02     1.12242705044625E-01
         1.40222472037927     4.52964005356058E-01    -1.60546208430784E-01     2.25545730548663E-01    -5.48743422499672E-01     2.65706574607295E-01     7.32042358682655E-01     4.02080210361362E-01
         0.52205700268808     8.05450964095097E-01    -2.63981031214717E-01    -3.63850982918199E-01    -6.95022929228448E-01     1.92118246587555E-01    -6.62764404039625E-01     9.01700430010169E-01
         0.16818943371335     3.22104729197730E-01     9.46346921445871E-01     2.58329108697022E-02    -3.41723954857718E-01    -9.35865486749767E-01     8.57433121772174E-02    -1.11481865840859E-01
O DZVP-MOLOPT-SCAN-GTH-q6
 1
 2 0 2 5 2 2 1
        10.25781699497238    -1.37093335568261E-01     6.42341766590814E-02    -1.01541960662273E-01     5.12250917317880E-02    -1.55308630843787E-02
         3.64428735012608    -1.53382903419191E-01     6.95730187369108E-02    -2.97888826596963E-01     1.18416114723772E-01     1.12242705044625E-01
         1.40222472037927     4.52964005356058E-01    -1.60546208430784E-01    -5.48743422499672E-01     2.65706574607295E-01     4.02080210361362E-01
         0.52205700268808     8.05450964095097E-01    -2.63981031214717E-01    -6.95022929228448E-01     1.92118246587555E-01     9.01700430010169E-01
         0.16818943371335     3.22104729197730E-01     9.46346921445871E-01    -3.41723954857718E-01    -9.35865486749767E-01    -1.11481865840859E-01
F TZV2P-MOLOPT-SCAN-GTH-Q7
 1
 2 0 3 5 3 3 2 1
        13.16645520019096     1.25688709752362E-01    -6.90191648196731E-02    -4.19619998203344E-01    -9.31572868763813E-02     5.00225599861602E-02    -6.88622277281857E-02    -1.02513605924922E-02    -1.03135180619022E-01    -3.14119421202531E-02
         4.67863609541364     1.25206371205048E-01    -7.54523660806367E-02    -2.93986334505468E-01    -2.93923292691458E-01     1.19602022797720E-01    -4.99826189781570E-01     4.04484470063397E-02    -1.25856773171103E-01     1.01835664406271E-01
         1.68188350144516    -4.93940854057955E-01     2.15904735709196E-01    -7.69158858630548E-01    -5.53343548452151E-01     3.11861936412921E-01     7.42571819653283E-01     4.51403790784568E-01    -8.76791264789868E-01     2.29748587047615E-01
         0.58393450944632    -7.58234802751956E-01     3.05654861844976E-01     3.81944805550917E-01    -6.44505933144035E-01     2.69615230808562E-01    -4.36892722870730E-01     8.90352206116421E-01     4.45248862484439E-01     9.66043910568162E-01
         0.18571155118612    -3.86817953873203E-01    -9.21685166349822E-01     1.97684968795899E-03    -4.28198362261887E-01    -9.01799789070697E-01     5.60679494913207E-02     4.20285554084608E-02     8.07077171659289E-02    -5.11618700886137E-02
F TZVP-MOLOPT-SCAN-GTH-q7
 1
 2 0 2 5 3 3 1
        13.16645520019096     1.25688709752362E-01    -6.90191648196731E-02    -4.19619998203344E-01    -9.31572868763813E-02     5.00225599861602E-02    -6.88622277281857E-02    -1.02513605924922E-02
         4.67863609541364     1.25206371205048E-01    -7.54523660806367E-02    -2.93986334505468E-01    -2.93923292691458E-01     1.19602022797720E-01    -4.99826189781570E-01     4.04484470063397E-02
         1.68188350144516    -4.93940854057955E-01     2.15904735709196E-01    -7.69158858630548E-01    -5.53343548452151E-01     3.11861936412921E-01     7.42571819653283E-01     4.51403790784568E-01
         0.58393450944632    -7.58234802751956E-01     3.05654861844976E-01     3.81944805550917E-01    -6.44505933144035E-01     2.69615230808562E-01    -4.36892722870730E-01     8.90352206116421E-01
         0.18571155118612    -3.86817953873203E-01    -9.21685166349822E-01     1.97684968795899E-03    -4.28198362261887E-01    -9.01799789070697E-01     5.60679494913207E-02     4.20285554084608E-02
F DZVP-MOLOPT-SCAN-GTH-q7
 1
 2 0 2 5 2 2 1
        13.16645520019096     1.25688709752362E-01    -6.90191648196731E-02    -9.31572868763813E-02     5.00225599861602E-02    -1.02513605924922E-02
         4.67863609541364     1.25206371205048E-01    -7.54523660806367E-02    -2.93923292691458E-01     1.19602022797720E-01     4.04484470063397E-02
         1.68188350144516    -4.93940854057955E-01     2.15904735709196E-01    -5.53343548452151E-01     3.11861936412921E-01     4.51403790784568E-01
         0.58393450944632    -7.58234802751956E-01     3.05654861844976E-01    -6.44505933144035E-01     2.69615230808562E-01     8.90352206116421E-01
         0.18571155118612    -3.86817953873203E-01    -9.21685166349822E-01    -4.28198362261887E-01    -9.01799789070697E-01     4.20285554084608E-02
