
 *******************************************************************************
                                 RESPONSE BASIS
 *******************************************************************************

 Angular momentum :            0

             Exponent     Coef.(Quickstep Normalization), first 2 valence 1 response
            8.3418637400           -3.135139E-01       -8.839204E-02        2.778950E-03
            5.4867732700            1.315729E+00       -1.271227E-01        4.230344E-01
            3.8833748300           -4.739577E-01        1.158749E-01       -7.094874E-01
            2.0883145600           -9.690530E-01        7.763357E-01        1.470078E-01
            1.0480731600           -3.993545E-01        2.935605E-01       -1.105450E+00
            0.4909155400           -3.118217E-03       -6.699662E-01        1.898753E+00
            0.2106862700           -3.375556E-03       -6.515611E-01        3.407199E-02
            0.0792238000            7.764349E-04       -6.393958E-02       -1.309485E+00

 Angular momentum :            1

             Exponent     Coef.(Quickstep Normalization), first 2 valence 1 response
            8.3418637400           -2.785313E-03        3.272092E-03       -7.512972E-03
            5.4867732700           -2.426575E-02       -2.935834E-02        4.731866E-02
            3.8833748300           -1.273882E-01       -1.622397E-01        1.194102E-01
            2.0883145600            7.397572E-01       -3.059443E-01        2.591754E-01
            1.0480731600            3.870857E-01       -7.658632E-02       -1.264384E-04
            0.4909155400            3.587415E-02        3.598711E-01       -3.554822E-01
            0.2106862700            1.121363E-04        5.507180E-01       -7.852479E-01
            0.0792238000           -9.553055E-05        2.489540E-01        1.337634E+00

 Orthogonality error      0.6836342603E-10

 Angular momentum :            2

             Exponent     Coef.(Quickstep Normalization), first 1 valence 1 response
            8.3418637400           -1.357822E-03        2.162305E-02
            5.4867732700            2.152387E-02       -1.207144E-01
            3.8833748300            7.345340E-02        2.504856E-01
            2.0883145600           -5.290185E-01        1.101241E-01
            1.0480731600           -4.588902E-01        6.409672E-01
            0.4909155400           -1.659503E-01       -8.975308E-01
            0.2106862700           -1.247029E-02       -4.701944E-01
            0.0792238000           -1.891238E-05        6.749382E-02
 *******************************************************************************
