Y TZV2P-MOLOPT-PBE-GTH-Q11
 1
 2 0 3 7 4 3 3 2
         7.29480259598065     5.87373571285973E-02    -3.54235520201828E-02    -6.02225283109654E-03    -4.02576922674303E-02    -3.60177839518529E-02    -1.04715705437698E-02    -1.82353358492057E-02    -2.58716846931363E-03     2.17900000994740E-02     8.56960097125589E-04    -6.21786948843327E-04     2.97058378279184E-02
         2.66168991901549    -4.66991564845664E-01     3.30057786798905E-01    -4.69395075857159E-02     2.52198037564270E-01     2.24944356715333E-01     7.08258824965266E-02     4.98761133044275E-02    -1.10093770838837E-02    -2.48969840777429E-02    -6.21434782164063E-03     1.12923987064538E-02    -1.85542594476335E-02
         1.15747258140054     1.04450148609538E-01    -1.77908134964073E-01     1.49324485828892E-01     5.85260137261815E-02    -4.56224966451436E-01    -1.81042273227389E-01     1.95834442831005E-01     2.97206611607027E-01    -2.19100639540875E-02    -1.02834354743117E-01    -1.79459987021329E-01    -7.77277205046960E-02
         0.57582923658987     4.56519031090434E-01    -4.34795255710332E-01     4.81541612634086E-01    -1.21573258946706E-01    -7.14288336981807E-01    -1.88197553152224E-01     3.51316009607236E-01     5.82224397815583E-01    -3.05541382118662E-01    -3.84121874891505E-01    -3.99797616078266E-01    -4.82952832416913E-01
         0.27262915561043     1.37226393147301E-01    -3.55249824810587E-01    -1.99903332774895E-01     8.94913384664370E-01    -3.25702015862501E-01    -2.73909343170065E-01    -8.71733654257091E-01     7.00119905364918E-01     3.33915360440737E-02     6.17939276416561E-01    -8.90240311514972E-01     2.29319967636947E-01
         0.11612798997094     6.23726095104237E-01     2.42834316384691E-01    -6.76945860818173E-01    -1.22882895428217E-01    -2.62477718489916E-01     6.16585451089879E-01     6.79082127713464E-02     2.83303179129028E-01     6.76384744982385E-01    -5.70273630715563E-01     1.00283704595361E-01     4.74636640768613E-01
         0.04120420556843     3.88952461437187E-01     6.95656429007237E-01     4.95341546207041E-01     3.17174942970234E-01    -2.34045618242906E-01     6.86640713983335E-01    -2.66223005986727E-01    -4.61140714759674E-02     6.68175449313857E-01     3.67117372222035E-01    -7.24116060810755E-02     6.93988960620983E-01
Y TZVP-MOLOPT-PBE-GTH-q11
 1
 2 0 3 7 4 3 3 1
         7.29480259598065     5.87373571285973E-02    -3.54235520201828E-02    -6.02225283109654E-03    -4.02576922674303E-02    -3.60177839518529E-02    -1.04715705437698E-02    -1.82353358492057E-02    -2.58716846931363E-03     2.17900000994740E-02     8.56960097125589E-04    -6.21786948843327E-04
         2.66168991901549    -4.66991564845664E-01     3.30057786798905E-01    -4.69395075857159E-02     2.52198037564270E-01     2.24944356715333E-01     7.08258824965266E-02     4.98761133044275E-02    -1.10093770838837E-02    -2.48969840777429E-02    -6.21434782164063E-03     1.12923987064538E-02
         1.15747258140054     1.04450148609538E-01    -1.77908134964073E-01     1.49324485828892E-01     5.85260137261815E-02    -4.56224966451436E-01    -1.81042273227389E-01     1.95834442831005E-01     2.97206611607027E-01    -2.19100639540875E-02    -1.02834354743117E-01    -1.79459987021329E-01
         0.57582923658987     4.56519031090434E-01    -4.34795255710332E-01     4.81541612634086E-01    -1.21573258946706E-01    -7.14288336981807E-01    -1.88197553152224E-01     3.51316009607236E-01     5.82224397815583E-01    -3.05541382118662E-01    -3.84121874891505E-01    -3.99797616078266E-01
         0.27262915561043     1.37226393147301E-01    -3.55249824810587E-01    -1.99903332774895E-01     8.94913384664370E-01    -3.25702015862501E-01    -2.73909343170065E-01    -8.71733654257091E-01     7.00119905364918E-01     3.33915360440737E-02     6.17939276416561E-01    -8.90240311514972E-01
         0.11612798997094     6.23726095104237E-01     2.42834316384691E-01    -6.76945860818173E-01    -1.22882895428217E-01    -2.62477718489916E-01     6.16585451089879E-01     6.79082127713464E-02     2.83303179129028E-01     6.76384744982385E-01    -5.70273630715563E-01     1.00283704595361E-01
         0.04120420556843     3.88952461437187E-01     6.95656429007237E-01     4.95341546207041E-01     3.17174942970234E-01    -2.34045618242906E-01     6.86640713983335E-01    -2.66223005986727E-01    -4.61140714759674E-02     6.68175449313857E-01     3.67117372222035E-01    -7.24116060810755E-02
Y DZVP-MOLOPT-PBE-GTH-q11
 1
 2 0 3 7 3 2 2 1
         7.29480259598065     5.87373571285973E-02    -3.54235520201828E-02    -6.02225283109654E-03    -3.60177839518529E-02    -1.04715705437698E-02    -2.58716846931363E-03     2.17900000994740E-02    -6.21786948843327E-04
         2.66168991901549    -4.66991564845664E-01     3.30057786798905E-01    -4.69395075857159E-02     2.24944356715333E-01     7.08258824965266E-02    -1.10093770838837E-02    -2.48969840777429E-02     1.12923987064538E-02
         1.15747258140054     1.04450148609538E-01    -1.77908134964073E-01     1.49324485828892E-01    -4.56224966451436E-01    -1.81042273227389E-01     2.97206611607027E-01    -2.19100639540875E-02    -1.79459987021329E-01
         0.57582923658987     4.56519031090434E-01    -4.34795255710332E-01     4.81541612634086E-01    -7.14288336981807E-01    -1.88197553152224E-01     5.82224397815583E-01    -3.05541382118662E-01    -3.99797616078266E-01
         0.27262915561043     1.37226393147301E-01    -3.55249824810587E-01    -1.99903332774895E-01    -3.25702015862501E-01    -2.73909343170065E-01     7.00119905364918E-01     3.33915360440737E-02    -8.90240311514972E-01
         0.11612798997094     6.23726095104237E-01     2.42834316384691E-01    -6.76945860818173E-01    -2.62477718489916E-01     6.16585451089879E-01     2.83303179129028E-01     6.76384744982385E-01     1.00283704595361E-01
         0.04120420556843     3.88952461437187E-01     6.95656429007237E-01     4.95341546207041E-01    -2.34045618242906E-01     6.86640713983335E-01    -4.61140714759674E-02     6.68175449313857E-01    -7.24116060810755E-02
O TZV2P-MOLOPT-PBE-GTH-Q6
 1
 2 0 3 5 3 3 2 1
        10.34256722623639    -1.36598767253985E-01     5.35898017733314E-02    -1.18707008771107E-01    -9.23673397522993E-02     5.82948619873808E-02     9.18414097966573E-02    -9.48396929864874E-02     1.47739306049945E-01    -6.27421636348332E-05
         3.67715896642206    -1.53365311059511E-01     9.09944842814309E-02    -2.82507973527509E-01    -2.98268574244154E-01     1.75273022378177E-01     2.27281538167357E-01     1.72695668110757E-01    -2.69128753144972E-01     1.08668748395417E-04
         1.30046451996361     5.48021970885945E-01    -2.61169567089594E-01     6.98682645593308E-01    -5.68604037326135E-01     3.64979965319240E-01     5.95584075165259E-01     4.96837623369842E-01    -7.73936715688092E-01     3.17226823696088E-04
         0.46645021946921     7.84538402757388E-01    -4.08365744734644E-02    -6.15550727563364E-01    -6.49207117094457E-01     1.42847181972710E-01    -7.45101990481658E-01     8.41535542399250E-01     5.40201745515093E-01     9.99999938769363E-01
         0.14793951916337     2.04917720496501E-01     9.58629734771334E-01     1.97579739611495E-01    -3.97144432185278E-01    -9.01257668045223E-01     1.73236517641798E-01    -7.84343402663362E-02     1.22257293978271E-01     7.79931889816245E-05
O TZVP-MOLOPT-PBE-GTH-q6
 1
 2 0 2 5 3 3 1
        10.34256722623639    -1.36598767253985E-01     5.35898017733314E-02    -1.18707008771107E-01    -9.23673397522993E-02     5.82948619873808E-02     9.18414097966573E-02    -9.48396929864874E-02
         3.67715896642206    -1.53365311059511E-01     9.09944842814309E-02    -2.82507973527509E-01    -2.98268574244154E-01     1.75273022378177E-01     2.27281538167357E-01     1.72695668110757E-01
         1.30046451996361     5.48021970885945E-01    -2.61169567089594E-01     6.98682645593308E-01    -5.68604037326135E-01     3.64979965319240E-01     5.95584075165259E-01     4.96837623369842E-01
         0.46645021946921     7.84538402757388E-01    -4.08365744734644E-02    -6.15550727563364E-01    -6.49207117094457E-01     1.42847181972710E-01    -7.45101990481658E-01     8.41535542399250E-01
         0.14793951916337     2.04917720496501E-01     9.58629734771334E-01     1.97579739611495E-01    -3.97144432185278E-01    -9.01257668045223E-01     1.73236517641798E-01    -7.84343402663362E-02
O DZVP-MOLOPT-PBE-GTH-q6
 1
 2 0 2 5 2 2 1
        10.34256722623639    -1.36598767253985E-01     5.35898017733314E-02    -9.23673397522993E-02     5.82948619873808E-02    -9.48396929864874E-02
         3.67715896642206    -1.53365311059511E-01     9.09944842814309E-02    -2.98268574244154E-01     1.75273022378177E-01     1.72695668110757E-01
         1.30046451996361     5.48021970885945E-01    -2.61169567089594E-01    -5.68604037326135E-01     3.64979965319240E-01     4.96837623369842E-01
         0.46645021946921     7.84538402757388E-01    -4.08365744734644E-02    -6.49207117094457E-01     1.42847181972710E-01     8.41535542399250E-01
         0.14793951916337     2.04917720496501E-01     9.58629734771334E-01    -3.97144432185278E-01    -9.01257668045223E-01    -7.84343402663362E-02
F TZV2P-MOLOPT-PBE-GTH-Q7
 1
 2 0 3 5 3 3 2 1
        13.30428004732790     1.38292090777636E-01    -4.13851185732434E-02    -3.68601172475513E-01    -9.35531482386367E-02     5.06296345689289E-02     1.31156005847365E-01    -3.26022751966033E-02     1.00541308351024E-01     9.72064409635608E-05
         4.80605774544240     1.37268979809070E-01    -3.39565337061055E-02    -2.68712697428403E-01    -2.95910126104609E-01     1.05677150923709E-01    -3.03933997040743E-01     1.33191225710905E-01    -4.08920622745241E-01     5.04092340544058E-06
         1.70698523266130    -5.18264453672791E-01     1.04861752881122E-01     6.94838249064691E-01    -5.65276724858415E-01     3.02716360438154E-01     7.47866109869779E-01     2.66499643835383E-01    -8.18034852203344E-01     5.83002400834836E-05
         0.58735472443375    -8.26267224974586E-01     4.59440905301858E-02    -5.51244775686392E-01    -6.52493507471700E-01     2.40526134346493E-01    -5.71224059806739E-01     9.50822081343244E-01     3.09737546860849E-01     9.99999990598423E-01
         0.17874874061685    -1.03522721189923E-01    -9.91981541717081E-01     7.24959778581021E-02    -3.97994287350983E-01    -9.14756231842929E-01     6.94376178966045E-02     7.81824693351836E-02    -2.39910404638869E-01    -7.70047573235798E-05
F TZVP-MOLOPT-PBE-GTH-q7
 1
 2 0 2 5 3 3 1
        13.30428004732790     1.38292090777636E-01    -4.13851185732434E-02    -3.68601172475513E-01    -9.35531482386367E-02     5.06296345689289E-02     1.31156005847365E-01    -3.26022751966033E-02
         4.80605774544240     1.37268979809070E-01    -3.39565337061055E-02    -2.68712697428403E-01    -2.95910126104609E-01     1.05677150923709E-01    -3.03933997040743E-01     1.33191225710905E-01
         1.70698523266130    -5.18264453672791E-01     1.04861752881122E-01     6.94838249064691E-01    -5.65276724858415E-01     3.02716360438154E-01     7.47866109869779E-01     2.66499643835383E-01
         0.58735472443375    -8.26267224974586E-01     4.59440905301858E-02    -5.51244775686392E-01    -6.52493507471700E-01     2.40526134346493E-01    -5.71224059806739E-01     9.50822081343244E-01
         0.17874874061685    -1.03522721189923E-01    -9.91981541717081E-01     7.24959778581021E-02    -3.97994287350983E-01    -9.14756231842929E-01     6.94376178966045E-02     7.81824693351836E-02
F DZVP-MOLOPT-PBE-GTH-q7
 1
 2 0 2 5 2 2 1
        13.30428004732790     1.38292090777636E-01    -4.13851185732434E-02    -9.35531482386367E-02     5.06296345689289E-02    -3.26022751966033E-02
         4.80605774544240     1.37268979809070E-01    -3.39565337061055E-02    -2.95910126104609E-01     1.05677150923709E-01     1.33191225710905E-01
         1.70698523266130    -5.18264453672791E-01     1.04861752881122E-01    -5.65276724858415E-01     3.02716360438154E-01     2.66499643835383E-01
         0.58735472443375    -8.26267224974586E-01     4.59440905301858E-02    -6.52493507471700E-01     2.40526134346493E-01     9.50822081343244E-01
         0.17874874061685    -1.03522721189923E-01    -9.91981541717081E-01    -3.97994287350983E-01    -9.14756231842929E-01     7.81824693351836E-02
