CA DZVP-MOLOPT-PBE0-GTH-Q10
 1
 2 0 2 6 3 2 1
         4.82692583700120     2.46853577091699E-01    -2.68669505964111E-01    -1.34658891130256E-02    -2.95569083324152E-03    -6.16630618744123E-04    -8.53103033333057E-03
         1.99708829464625     5.83647592960494E-01    -4.64790128938597E-01    -6.62061215242307E-02     1.27280551152487E-03     7.28735424844786E-03     1.68194856015639E-02
         0.39580098409683    -4.36001770704114E-01     3.69287476507536E-02     6.33359763340895E-01    -6.30653803974796E-01    -1.03689689788249E-01     6.29587675097266E-01
         0.18299140851034    -6.24253325590284E-02     8.47801200578126E-04    -3.58983113917292E-01     6.42814926822078E-01     6.31329483761700E-02     3.15722202214964E-01
         0.06856454381830     1.28405553657115E-02     6.44346504956004E-01    -4.89723990035265E-01     1.90919987965371E-01     7.57430557799635E-01     7.09334753483138E-01
         0.03534607014463     6.35814007901781E-01     5.43359883490947E-01     4.74965648221074E-01    -3.90645557302239E-01     6.41489004899554E-01     2.06732755198387E-02
H DZVP-MOLOPT-PBE0-GTH-Q1
 1
 2 0 1 5 2 1
         9.40376558777484     5.57995409025206E-02    -4.70579310756749E-02    -9.22922683878503E-02
         2.19236236036235     2.26741263852150E-01    -2.37595450605385E-01     3.56629407794935E-01
         0.70785664525623     4.70071809062586E-01    -3.84865803668886E-01     4.70685683046521E-01
         0.37495748172786     5.50419957177599E-01     8.25544608526065E-01     4.93402007633953E-01
         0.15142571456720     6.49265104227107E-01    -3.34198093163844E-01     6.31907468961614E-01
F DZVP-MOLOPT-PBE0-GTH-Q7
 1
 2 0 2 5 2 2 1
        13.31501907729122     1.31813146289282E-01    -5.24225688764356E-02    -9.80506809064632E-02     4.64420401614479E-02     4.89385522399914E-03
         4.62512020147175     1.34547810393351E-01    -5.37398783766778E-02    -3.12727206728056E-01     1.25929415842544E-01     2.30296758923593E-02
         1.62272294024072    -5.51865766775749E-01     1.65440705311574E-01    -5.86706702362430E-01     2.77907352966805E-01     5.26472480151814E-01
         0.55216173678272    -7.87309125215089E-01     1.14519053917377E-01    -6.52997838515906E-01     1.82287680337408E-01     8.49582617686734E-01
         0.17330337957192    -2.00276553789357E-01    -9.76667117835106E-01    -3.49223175694863E-01    -9.33554296168888E-01    -2.19496600587510E-02
CL DZVP-MOLOPT-PBE0-GTH-Q7
 1
 2 0 2 4 2 2 1
         1.95736377876919     5.14900988266686E-01     2.40693792976429E-01     3.91491934421244E-01     1.94579618291814E-01     1.03302579489917E-01
         1.54347371438383    -4.22981434715776E-01     4.84506053505592E-02    -5.31183852831214E-01    -2.06763688400425E-01     2.53080986425568E-01
         0.40766941393095    -4.94589672987331E-01    -6.25944067103656E-01    -6.13505638411310E-01    -3.32691397032460E-01     9.52098239408987E-01
         0.13062819821750    -5.57982735881729E-01     7.40211497966303E-01    -4.33807113141348E-01     8.99279702676011E-01     1.37067625261757E-01
