V SVP-MOLOPT-PBE-AE
 4
 1 0 0 6 1
     47160.27711711159645     2.89559767612338E-03
      7081.29150331714209     2.14358165772405E-02
      1611.37429302950363     1.07122483258251E-01
       454.73677915449116     3.64784810568984E-01
       147.06196196012328     7.44691107919045E-01
        51.10609798219379     5.48109560787628E-01
 1 0 0 8 4
        98.06919006539464    -1.29630721621217E-01     4.92690465294193E-04     9.41448273489227E-03     1.76494002273627E-02
        11.14066320731386     7.32225691228327E-01    -1.48095724324662E-01     3.13890481008454E-01    -3.55973796887313E-01
         7.52029874525007     6.85774896565373E-03    -1.29086965169229E-01    -3.34934148981121E-01     2.44453706569429E-01
         4.60275085048373     6.36631843952551E-01     4.17411842722475E-02    -2.59410342880812E-01     2.34237777080470E-01
         1.40191343018863    -3.23538718151776E-02     5.25872304476226E-01    -3.05000837570437E-02    -5.21580902360692E-01
         0.58290972915402    -5.99761248315501E-02     3.92974465951505E-01    -4.97589588346744E-02    -3.82762302860044E-01
         0.13616141232306     4.70519896365665E-02     4.89387522749075E-01     6.70846425003804E-01     5.24030340676434E-01
         0.13940787839133     1.86645335762396E-01     5.37764710374643E-01    -5.18139352168880E-01     2.55313116753790E-01
 1 1 1 5 1
       580.37736952769615     1.46041549432525E-02
       136.57547755854364     1.02456367988434E-01
        42.36294055235532     4.11487984913794E-01
        14.48574544725614     7.84990338801495E-01
         5.25981512560212     4.51394746953165E-01
 1 1 3 5 2 2 1
         7.90140052842531     2.26960649296661E-02     3.93457918580884E-03     2.84150386941207E-01    -1.25566006314994E-02     7.86308476872029E-02
         2.32853792196507     5.91902097915914E-01    -2.19664670176219E-01     5.03221565490987E-01     1.90318632739149E-01     3.23793411676222E-02
         0.83735575212012     6.64622863498918E-01    -3.94615411723465E-01     7.07991435164421E-01    -4.48050276036723E-02     5.18331476850879E-01
         0.29708657911020     4.10430895470085E-01     6.75013185629824E-01     2.86978011949229E-01     5.80140755756579E-01     8.32922642051215E-01
         0.08961937976450     1.97382178723334E-01     5.83410513977252E-01    -2.87085983665966E-01     7.90601266647418E-01    -1.74187027420393E-01

V TZVPP-MOLOPT-PBE-AE
 4
 1 0 0 8 1
    232340.63571202117600     4.12499507132347E-04
     34828.92177337804605     3.20029299843806E-03
      7926.55668235487974     1.67844078852282E-02
      2243.75928161258526     6.73254727157518E-02
       730.57729571276298     2.19202615677667E-01
       262.29451479726976     5.17792091940335E-01
       101.68535140295201     7.30391470186922E-01
        39.95769267285701     3.81503624395277E-01
 1 0 1 6 1 1
      1184.35170361013343    -2.41543273442319E-03     4.45351318396456E-03
       280.32200652357517    -2.79304096960406E-02     3.64360644031473E-02
        89.70411140655956    -1.35167936686118E-01     1.65385968203297E-01
        33.08294835219578    -5.09227833377882E-02     4.79410830751458E-01
        12.92959176726038     6.81361996821382E-01     7.51288916208598E-01
         5.27065904487888     7.17005150759495E-01     4.20749665113231E-01
 1 0 2 4 1 1 1
        43.90800911172838     2.06200010374034E-02    -6.56751290809513E-03     4.87489087306279E-02
        12.22136621352623    -1.85642395071363E-01    -5.02848887722717E-02     2.98504121864763E-01
         4.36097356686097    -2.48456824612445E-01     1.86304683623993E-01     8.41696334201226E-01
         1.62125150309238     9.50463530606454E-01     9.81182379884151E-01     4.47287507224982E-01
 1 0 4 4 3 3 3 2 1
         1.76484166991191    -5.33255724001907E-01    -2.87263085075581E-01    -3.30771554613858E-01    -3.86544247058483E-01     7.73997667456233E-03    -6.90328591782276E-02     1.78528867500826E-01     5.70866572165638E-01    -2.19900104547633E-01     9.95926395424638E-01    -7.35961047288968E-02     5.69808155948388E-02
         0.58968208714574     7.56827637611070E-01    -2.51703741235160E-01     2.23905279175421E-01     8.65450280941821E-01    -3.35410414816051E-01    -9.69070421531759E-02     9.83544926408815E-01    -1.16474353318361E-01     5.96981390503794E-02     1.98361183551327E-02     6.72926863873190E-01     9.08277637890980E-01
         0.18776815106734    -6.99619986908625E-02     8.84747580796387E-01     2.24639734482311E-01     3.18238997289332E-01     9.29824403152083E-01     1.25790975511877E-01     1.41648056731568E-02     8.11301801862633E-01     2.19792433318656E-01     8.46009717253856E-02     7.31591688536712E-01     4.11051538215626E-01
         0.04103064146222    -3.71423718287388E-01    -2.67108339210934E-01     8.88815838240648E-01     1.74154209824348E-02    -1.51216816845462E-01     9.84895994516463E-01    -2.37945263578125E-02    -4.83163336498951E-02     9.48562787837329E-01     2.40794287351217E-02    -8.07876878647282E-02    -5.31182839698030E-02

V QZVPP-MOLOPT-PBE-AE
 4
 1 0 0 11 1
   3360380.05359337432310     1.15124305172762E-05
    502646.71174785622861     1.66841823449793E-04
    114247.14764315917273     7.60068503868582E-04
     32321.95560822429252     3.50373978086821E-03
     10532.86389129386225     1.18040526492941E-02
      3798.35619570838207     3.90747509916626E-02
      1479.61894807525346     1.07523503742021E-01
       612.58925231214471     2.73052488092571E-01
       266.27118904780900     5.26860109024139E-01
       120.28170713216664     6.89330963530375E-01
        55.56972084272445     3.99303430285206E-01
 1 0 1 9 1 1
      5782.88260268269551     3.21758356124270E-03     3.29435241018018E-04
      1369.98061191156989     2.16793355465828E-02     2.79639644074971E-03
       444.53910844401832     6.26294645547603E-02     1.56880760887128E-02
       169.33935927011927     3.61407678285769E-01     6.33564505976889E-02
        71.15809106866065     8.80883945545192E-01     1.97665556505696E-01
        31.88112362627991     2.55109616433345E-01     4.41120935150295E-01
        14.87067205103211     6.68675795794882E-02     6.64994771886619E-01
         7.08179716994642    -5.75159127215265E-02     5.45201366285611E-01
         3.32858115528940     1.27141254048068E-01     1.50366179651058E-01
 1 0 2 6 5 1 1
       104.01109438866436    -2.68736828070079E-03     1.64481093404098E-01    -1.43228275569998E-01    -1.26152881672060E-02    -1.42152572248481E-02    -3.92583791735497E-04     2.65201536591163E-03
        30.92398547062355     9.92585790206130E-01    -5.01117896883570E-02    -2.06048280369331E-02     3.81690393574871E-02     1.01381779836002E-01    -1.43374433169404E-02     3.25540751327766E-02
        11.30705587639230     6.10665285350689E-02     9.54627177910711E-01    -1.72298809451856E-01    -3.48595515222689E-03    -1.40927404642082E-01    -4.15656155385278E-02     9.84097297014226E-02
         4.96420761080810    -4.76859069417646E-03     2.20281336471339E-01     9.07743148181353E-01     2.46413038799243E-01     2.37024943554785E-01     9.39407031778138E-02     3.16762573742867E-01
         2.39765449661763     4.09438810720771E-02    -9.79839967122997E-02     1.82318064163178E-02     6.96193123102427E-01    -7.09494551063636E-01     5.66648305811193E-01     8.10946583825687E-01
         1.08677681933181    -9.66331484058061E-02     3.15752883081037E-02    -3.53615894106712E-01     6.73028659649999E-01     6.40387215631311E-01     8.17405300331339E-01     4.80911461876387E-01
 1 0 4 5 4 4 4 3 2
         2.84205673620184    -1.91159613401661E-01    -4.09949174098602E-01    -8.93522244378117E-02    -9.88886167560087E-02    -5.57921925333523E-02     9.40376482662638E-02     8.08051789715231E-03    -1.43391885821429E-02     7.40769875948352E-01    -4.51297558557546E-01     2.95928942585757E-01    -3.87990927606301E-01     9.93664816393023E-01    -9.30419769580794E-02     5.99153671300414E-03     5.85010721481414E-01    -4.88192809580131E-01
         0.47572248997143     6.91108952105595E-01     5.71788551616082E-01    -7.82296530547598E-02    -2.02751788642985E-01     9.55000903911131E-01    -2.66634713640018E-01    -9.98261366730923E-02    -2.50438033081266E-02     6.67172110586949E-01     4.40177726622084E-01    -2.94088486470609E-01     5.18658084499715E-01     8.99504441902730E-02     9.94537373766275E-01     1.20496116350062E-02     8.02268821240237E-01     4.25659942706473E-01
         0.17034500563691    -6.90221509259509E-01     6.93314650893091E-01     6.35665629632407E-02    -1.04046326237515E-01     2.81543668944549E-01     9.52621965816335E-01     8.19580045079806E-02     3.11473721818467E-02     4.78031765560573E-02     7.69713769299224E-01     3.33675264085647E-01    -4.92863008714944E-01     1.00094689288522E-02    -3.90972594067447E-04     9.67745065865621E-01    -7.85298189146862E-02     7.59571829433620E-01
         0.04374274905650     7.55303207481813E-02    -5.22750837492625E-02     9.85229436050932E-01    -1.21483317785312E-01     7.20688630295992E-02    -1.03493988100556E-01     9.88991136699654E-01    -7.72637007596589E-02    -3.51696999194906E-02     3.03749341556535E-02     8.22264066640039E-01     4.32630317650661E-01     6.19685378765453E-02     4.72231568475039E-02    -2.27330209599083E-01    -8.35666753073152E-02    -5.41086545170901E-02
         0.00648359438369     6.09578323666125E-02     1.46906900357527E-01     1.05728670580642E-01     9.61004120269265E-01     1.99936549962038E-02    -4.31652042960484E-02     7.17555899845766E-02     9.96106097430267E-01     5.11792366213403E-02     9.58757495513438E-02    -1.96164843729607E-01    -3.87780729753594E-01    -2.44716386414476E-02    -2.90229281774973E-03     1.07746794122352E-01    -3.12549601968093E-02     2.45821741632994E-02
