V SVP-MOLOPT-PBE-AE
 4
 1 0 0 6 1
     47160.27711711159645     2.89559767612338E-03
      7081.29150331714209     2.14358165772405E-02
      1611.37429302950363     1.07122483258251E-01
       454.73677915449116     3.64784810568984E-01
       147.06196196012328     7.44691107919045E-01
        51.10609798219379     5.48109560787628E-01
 1 0 0 8 4
        98.06919006539464    -1.29630721621217E-01     4.92690465294193E-04     9.41448273489227E-03     1.76494002273627E-02
        11.14066320731386     7.32225691228327E-01    -1.48095724324662E-01     3.13890481008454E-01    -3.55973796887313E-01
         7.52029874525007     6.85774896565373E-03    -1.29086965169229E-01    -3.34934148981121E-01     2.44453706569429E-01
         4.60275085048373     6.36631843952551E-01     4.17411842722475E-02    -2.59410342880812E-01     2.34237777080470E-01
         1.40191343018863    -3.23538718151776E-02     5.25872304476226E-01    -3.05000837570437E-02    -5.21580902360692E-01
         0.58290972915402    -5.99761248315501E-02     3.92974465951505E-01    -4.97589588346744E-02    -3.82762302860044E-01
         0.13616141232306     4.70519896365665E-02     4.89387522749075E-01     6.70846425003804E-01     5.24030340676434E-01
         0.13940787839133     1.86645335762396E-01     5.37764710374643E-01    -5.18139352168880E-01     2.55313116753790E-01
 1 1 1 5 1
       580.37736952769615     1.46041549432525E-02
       136.57547755854364     1.02456367988434E-01
        42.36294055235532     4.11487984913794E-01
        14.48574544725614     7.84990338801495E-01
         5.25981512560212     4.51394746953165E-01
 1 1 3 5 2 2 1
         7.90140052842531     2.26960649296661E-02     3.93457918580884E-03     2.84150386941207E-01    -1.25566006314994E-02     7.86308476872029E-02
         2.32853792196507     5.91902097915914E-01    -2.19664670176219E-01     5.03221565490987E-01     1.90318632739149E-01     3.23793411676222E-02
         0.83735575212012     6.64622863498918E-01    -3.94615411723465E-01     7.07991435164421E-01    -4.48050276036723E-02     5.18331476850879E-01
         0.29708657911020     4.10430895470085E-01     6.75013185629824E-01     2.86978011949229E-01     5.80140755756579E-01     8.32922642051215E-01
         0.08961937976450     1.97382178723334E-01     5.83410513977252E-01    -2.87085983665966E-01     7.90601266647418E-01    -1.74187027420393E-01
H SVP-MOLOPT-PBE-AE
 1
 2 0 1 4 2 1
        12.24885489931877     9.13601065893484E-02    -2.92233653979741E-02    -2.98536765580705E-02
         1.44668572118719     5.46801357436806E-01    -1.89238960127749E-01     5.05674686289909E-01
         0.37494771895490     8.27248429081306E-01     2.01024168753657E-02     8.56401740098416E-01
         0.11192006491493     9.12230399173390E-02     9.81290224001215E-01     9.98895850325395E-02
O SVP-MOLOPT-PBE-AE
 2
 1 0 0 7 3
      2266.11882679815517    -6.53195164418799E-03     4.31511781018852E-03    -1.50255386286268E-02
       340.90332514956907    -6.49692043203330E-02    -8.38643395903431E-03     2.78970138112306E-02
        76.92814265988143    -2.68398557546813E-01     9.66356731438743E-02    -1.03149893654597E-01
        19.69260394517260    -7.46654382968193E-01     7.27513962145946E-02    -4.77845342576543E-02
         5.94653840051691    -5.84020787076508E-01     6.76448442348491E-02    -6.55152912382769E-02
         0.94188304160944     1.58317373375200E-01     7.83140450398519E-01    -5.91846167956205E-01
         0.29333843489112    -7.81743877443225E-03     6.06131205686227E-01     7.94668854066698E-01
 2 1 2 4 2 1
        16.36868614237306     1.01723539743118E-01    -2.55855611750852E-02     8.33706707858758E-03
         2.90797745788635     5.10732722414240E-01    -9.49942456369113E-02     1.82905409616553E-01
         0.75006795444374     8.35859133120747E-01    -1.43391921218567E-01     8.94419927848460E-01
         0.19193642427748     1.73620037138872E-01     9.84764047518226E-01     4.08030755106872E-01
F SVP-MOLOPT-PBE-AE
 2
 1 0 0 7 3
      2894.85760373222138    -1.89225166552882E-02    -1.69242373474079E-02     1.56429205622782E-01
       435.72006333230098    -5.47718508603712E-02     4.35884037952142E-03    -7.98432634961778E-02
        98.52635730461387    -2.73685193620500E-01     1.03734081139359E-01    -3.50907504362976E-02
        25.52164954648142    -7.37742492792940E-01     9.09854482000018E-02     1.19033433504314E-02
         7.74033527583515    -5.97666004055640E-01     7.53553007481536E-02    -4.08316440936959E-03
         1.29027540045465     1.18958584280118E-01     8.03005387331711E-01    -5.67628929674378E-01
         0.39691722964189     7.82215741311875E-02     5.74594975519432E-01     8.03469123562649E-01
 2 1 2 4 2 1
        20.86106496273842    -1.10459850494974E-01    -4.27931460741902E-02     1.87770753897563E-02
         3.47280160970880    -5.28022336274227E-01    -8.76852813264224E-03     1.42075306386988E-01
         0.85628499813330    -8.26328796839365E-01    -1.81029642926015E-01     9.03974169721402E-01
         0.22140677163303    -1.61776862802262E-01     9.82507062542321E-01     4.02855717635176E-01
