V TZVPP-MOLOPT-PBE-AE
 4
 1 0 0 8 1
    232340.63571202117600     4.12499507132347E-04
     34828.92177337804605     3.20029299843806E-03
      7926.55668235487974     1.67844078852282E-02
      2243.75928161258526     6.73254727157518E-02
       730.57729571276298     2.19202615677667E-01
       262.29451479726976     5.17792091940335E-01
       101.68535140295201     7.30391470186922E-01
        39.95769267285701     3.81503624395277E-01
 1 0 1 6 1 1
      1184.35170361013343    -2.41543273442319E-03     4.45351318396456E-03
       280.32200652357517    -2.79304096960406E-02     3.64360644031473E-02
        89.70411140655956    -1.35167936686118E-01     1.65385968203297E-01
        33.08294835219578    -5.09227833377882E-02     4.79410830751458E-01
        12.92959176726038     6.81361996821382E-01     7.51288916208598E-01
         5.27065904487888     7.17005150759495E-01     4.20749665113231E-01
 1 0 2 4 1 1 1
        43.90800911172838     2.06200010374034E-02    -6.56751290809513E-03     4.87489087306279E-02
        12.22136621352623    -1.85642395071363E-01    -5.02848887722717E-02     2.98504121864763E-01
         4.36097356686097    -2.48456824612445E-01     1.86304683623993E-01     8.41696334201226E-01
         1.62125150309238     9.50463530606454E-01     9.81182379884151E-01     4.47287507224982E-01
 1 0 4 4 3 3 3 2 1
         1.76484166991191    -5.33255724001907E-01    -2.87263085075581E-01    -3.30771554613858E-01    -3.86544247058483E-01     7.73997667456233E-03    -6.90328591782276E-02     1.78528867500826E-01     5.70866572165638E-01    -2.19900104547633E-01     9.95926395424638E-01    -7.35961047288968E-02     5.69808155948388E-02
         0.58968208714574     7.56827637611070E-01    -2.51703741235160E-01     2.23905279175421E-01     8.65450280941821E-01    -3.35410414816051E-01    -9.69070421531759E-02     9.83544926408815E-01    -1.16474353318361E-01     5.96981390503794E-02     1.98361183551327E-02     6.72926863873190E-01     9.08277637890980E-01
         0.18776815106734    -6.99619986908625E-02     8.84747580796387E-01     2.24639734482311E-01     3.18238997289332E-01     9.29824403152083E-01     1.25790975511877E-01     1.41648056731568E-02     8.11301801862633E-01     2.19792433318656E-01     8.46009717253856E-02     7.31591688536712E-01     4.11051538215626E-01
         0.04103064146222    -3.71423718287388E-01    -2.67108339210934E-01     8.88815838240648E-01     1.74154209824348E-02    -1.51216816845462E-01     9.84895994516463E-01    -2.37945263578125E-02    -4.83163336498951E-02     9.48562787837329E-01     2.40794287351217E-02    -8.07876878647282E-02    -5.31182839698030E-02
H TZVPP-MOLOPT-PBE-AE
 1
 1 0 2 5 3 2 1
        34.17773832674855    -4.67038702307212E-01     3.25930727691839E-01    -1.51283436822271E-01    -1.00054440080746E-01     7.49322156514700E-02     1.29694886730211E-02
         4.94770130521271    -8.38132979846024E-02     2.28656356488893E-01    -2.28133785557746E-02     1.35570007424312E-01    -4.78523016653350E-02    -4.42398660674758E-02
         1.06512662518152     8.14717082181122E-01     2.11440298046549E-01     2.96545250287854E-01     9.76472815332876E-01     6.34720246090092E-02     9.35175251752971E-01
         0.29382327136550    -1.33307568322592E-01     8.19165770735029E-01     3.66068869122815E-01    -2.64980945419224E-02     9.79893619096044E-01     2.87655408521357E-01
         0.09137129667664    -3.05475612542697E-01    -3.54606643763996E-01     8.68704419864991E-01     1.31941555275947E-01    -1.66958430843673E-01    -2.01435451376045E-01
O TZVPP-MOLOPT-PBE-AE
 2
 1 0 0 6 1
     27032.34110717467047     7.35264897360634E-04
      4052.43915960016602     8.66846509689763E-03
       922.34965292725667     3.34607178584762E-02
       261.27735857055188     1.68914563970243E-01
        85.30942400544160     3.28333881314405E-01
        31.08080221478707     9.28692322525900E-01
 1 0 3 6 4 3 2 1
        62.91495630413323     1.16332726109966E-01    -5.81371416541881E-02     1.11937556008261E-02     5.75105170781195E-02    -1.16673038976174E-01     1.57254063503839E-01    -3.81929188419382E-02     1.36166697203113E-01    -8.71583721921845E-02     3.21000644845466E-04
        12.30944986692977     8.69241308775708E-01    -1.42460076990705E-02    -1.06600413011436E-01    -2.47597695986788E-02     1.45932079266690E-01    -6.05243600472558E-02     1.73638156652357E-02    -3.58452443966721E-02     4.76694147153259E-02     4.38837435813283E-02
         4.39539910954103     4.65741956926282E-01    -6.40342096322616E-02    -3.00344470998384E-02    -3.98106989985228E-03     3.91422103647488E-01     5.26377359502661E-02    -3.09523103597808E-02     7.70731222820744E-01    -3.53322944888660E-01    -1.34769543790620E-01
         1.33540846189799     9.21608149605863E-03     9.33076668604289E-01    -3.27550581669708E-01    -1.21459202569881E-01     9.00080356671289E-01     4.50466786404856E-02    -1.97504472088648E-02     5.53665920222864E-01     3.94485051877056E-01     9.40647803425498E-01
         0.45443287552085     9.32917636734327E-02     2.31107250617785E-01     8.41720615852045E-01    -4.78471205438802E-01    -3.61150582409544E-02     9.80775789580233E-01    -6.12678902654526E-02     1.14853463706434E-01     8.35162106564474E-01     2.94962206933611E-01
         0.14893102365245     7.19887781862831E-02     2.61293155746377E-01     4.14519004469322E-01     8.67396456641546E-01     2.07610475621550E-02     6.99062044682833E-02     9.96563053096360E-01     2.57701109533086E-01    -1.10361865139449E-01     8.99460419695147E-02
F TZVPP-MOLOPT-PBE-AE
 2
 1 0 0 6 1
     35479.02878767263610     6.72585320603450E-04
      5318.56312951047130     8.20097950478645E-03
      1210.53207767191157     3.41581776414553E-02
       342.85143677005027     1.67981165419731E-01
       112.04698837680320     3.40179960458393E-01
        40.78491787387953     9.24567700620738E-01
 1 0 3 6 4 3 2 1
        79.87901815644609     1.16918239284466E-01    -1.68147951461107E-02    -2.12818697913285E-02    -7.26226478740949E-03    -2.45424567087636E-01     2.14619427519455E-01     6.35891870315225E-02     1.01451133211560E-01    -3.43565246327839E-02    -1.31870850864618E-02
        16.19635642859436     8.53271420269594E-01     1.38508493185086E-02     1.47303644984199E-01    -9.44612873543678E-02    -1.04048621424425E-01     1.57592183640012E-01     5.70164828779390E-02     5.65110690465166E-02     4.45853785965381E-03     1.05680763536942E-01
         5.77801148801512     4.75828101997680E-01     9.06865843095588E-03     4.56280442532806E-02    -3.42227538288093E-02     3.85471543429814E-01     1.08618595980577E-01    -3.86557846134089E-02     7.78219890128867E-01    -1.58938198405914E-01    -1.90738906372033E-01
         1.80048565891898     5.42202862380103E-03     9.84951172129337E-01    -1.65338157360220E-01    -4.82246452283408E-02     8.82036252116551E-01     2.29685585491659E-02     9.54990517737228E-02     5.96805252189064E-01     2.06883586435839E-01     7.91345089335059E-01
         0.61342852936985    -1.78123417267227E-01     1.16155230853301E-01     8.34960810060312E-01    -5.05012861636734E-01     2.35771402740000E-03     9.52591193174218E-01     7.86110613461027E-02     2.14870962580005E-02     9.58447372992515E-01     5.67195057415070E-01
         0.19458219035665     9.39552285204502E-03     1.25786831338083E-01     5.01268928973589E-01     8.55856016509765E-01    -4.85679584923393E-02    -9.66833470619191E-02     9.87882330256585E-01     1.55723360184243E-01    -1.10073678097833E-01    -6.58715646571095E-02
