IR TZV2P-MOLOPT-SCAN-GTH-Q17
 1
 2 0 3 6 4 3 3 2
         3.59132322147993     4.93338430063178E-01    -3.92803512549041E-01     4.03096690201699E-01    -2.80808698688377E-01     6.08925401000661E-01     3.24126903360564E-01    -2.54717485651776E-01    -2.29229156187206E-01     5.51115741287480E-02     1.29112842589219E-01     7.87565673638144E-02     1.21088365987118E-01
         3.45571381311913    -3.69858578892447E-02     6.73801041343914E-01    -2.41556742047947E-01    -4.61512913044754E-01    -5.41319826342360E-01    -2.81617936314281E-01    -3.43262516431572E-01     2.66355640770413E-01    -5.90577230638111E-02    -1.14268936300034E-01    -7.11718260751705E-02    -1.35185112417594E-01
         1.41120222999848    -5.59513778214372E-01    -5.84876757186405E-01    -4.18931183315841E-01    -1.63438390814615E-01    -1.44711921444342E-01    -3.42052125012297E-01    -5.47673326332498E-02     4.97699758020234E-01    -8.99823126877928E-02    -5.14014052873949E-01    -9.27628352747566E-02    -1.13176662012813E-01
         0.69318076830895    -6.22450675607123E-01     1.02494518497763E-01     6.53692924661614E-01    -3.30480575322710E-01    -8.25331444247265E-02    -3.23323331417552E-01     4.17179283534316E-02     6.36933843024480E-01    -4.82939067089238E-01     5.16612426444027E-01    -3.56179530161818E-01    -4.80294430758638E-01
         0.16278529855192     8.77242399317203E-02    -2.49112043215109E-02    -4.19876030691183E-01    -3.66635471444952E-01    -4.32335850055225E-01     6.44576788535174E-01    -5.15067851310869E-01     1.91417489654373E-01     3.40898874181815E-02    -6.16626865047617E-01    -5.22274112395672E-01    -5.55469461359739E-01
         0.35054664092340    -2.16917463317070E-01     1.96191339496093E-01    -7.05276283222073E-03     6.61665488486836E-01    -3.48590238310172E-01     4.22630121123999E-01     7.39766929236800E-01     4.31831265327755E-01     8.66594380435113E-01     2.42785806151535E-01    -7.61900862630436E-01     6.44224008756122E-01
IR TZVP-MOLOPT-SCAN-GTH-q17
 1
 2 0 3 6 4 3 3 1
         3.59132322147993     4.93338430063178E-01    -3.92803512549041E-01     4.03096690201699E-01    -2.80808698688377E-01     6.08925401000661E-01     3.24126903360564E-01    -2.54717485651776E-01    -2.29229156187206E-01     5.51115741287480E-02     1.29112842589219E-01     7.87565673638144E-02
         3.45571381311913    -3.69858578892447E-02     6.73801041343914E-01    -2.41556742047947E-01    -4.61512913044754E-01    -5.41319826342360E-01    -2.81617936314281E-01    -3.43262516431572E-01     2.66355640770413E-01    -5.90577230638111E-02    -1.14268936300034E-01    -7.11718260751705E-02
         1.41120222999848    -5.59513778214372E-01    -5.84876757186405E-01    -4.18931183315841E-01    -1.63438390814615E-01    -1.44711921444342E-01    -3.42052125012297E-01    -5.47673326332498E-02     4.97699758020234E-01    -8.99823126877928E-02    -5.14014052873949E-01    -9.27628352747566E-02
         0.69318076830895    -6.22450675607123E-01     1.02494518497763E-01     6.53692924661614E-01    -3.30480575322710E-01    -8.25331444247265E-02    -3.23323331417552E-01     4.17179283534316E-02     6.36933843024480E-01    -4.82939067089238E-01     5.16612426444027E-01    -3.56179530161818E-01
         0.16278529855192     8.77242399317203E-02    -2.49112043215109E-02    -4.19876030691183E-01    -3.66635471444952E-01    -4.32335850055225E-01     6.44576788535174E-01    -5.15067851310869E-01     1.91417489654373E-01     3.40898874181815E-02    -6.16626865047617E-01    -5.22274112395672E-01
         0.35054664092340    -2.16917463317070E-01     1.96191339496093E-01    -7.05276283222073E-03     6.61665488486836E-01    -3.48590238310172E-01     4.22630121123999E-01     7.39766929236800E-01     4.31831265327755E-01     8.66594380435113E-01     2.42785806151535E-01    -7.61900862630436E-01
IR DZVP-MOLOPT-SCAN-GTH-q17
 1
 2 0 3 6 3 2 2 1
         3.59132322147993     4.93338430063178E-01    -3.92803512549041E-01     4.03096690201699E-01     6.08925401000661E-01     3.24126903360564E-01    -2.29229156187206E-01     5.51115741287480E-02     7.87565673638144E-02
         3.45571381311913    -3.69858578892447E-02     6.73801041343914E-01    -2.41556742047947E-01    -5.41319826342360E-01    -2.81617936314281E-01     2.66355640770413E-01    -5.90577230638111E-02    -7.11718260751705E-02
         1.41120222999848    -5.59513778214372E-01    -5.84876757186405E-01    -4.18931183315841E-01    -1.44711921444342E-01    -3.42052125012297E-01     4.97699758020234E-01    -8.99823126877928E-02    -9.27628352747566E-02
         0.69318076830895    -6.22450675607123E-01     1.02494518497763E-01     6.53692924661614E-01    -8.25331444247265E-02    -3.23323331417552E-01     6.36933843024480E-01    -4.82939067089238E-01    -3.56179530161818E-01
         0.16278529855192     8.77242399317203E-02    -2.49112043215109E-02    -4.19876030691183E-01    -4.32335850055225E-01     6.44576788535174E-01     1.91417489654373E-01     3.40898874181815E-02    -5.22274112395672E-01
         0.35054664092340    -2.16917463317070E-01     1.96191339496093E-01    -7.05276283222073E-03    -3.48590238310172E-01     4.22630121123999E-01     4.31831265327755E-01     8.66594380435113E-01    -7.61900862630436E-01
F TZV2P-MOLOPT-SCAN-GTH-Q7
 1
 2 0 3 5 3 3 2 1
        13.16645520019096     1.25688709752362E-01    -6.90191648196731E-02    -4.19619998203344E-01    -9.31572868763813E-02     5.00225599861602E-02    -6.88622277281857E-02    -1.02513605924922E-02    -1.03135180619022E-01    -3.14119421202531E-02
         4.67863609541364     1.25206371205048E-01    -7.54523660806367E-02    -2.93986334505468E-01    -2.93923292691458E-01     1.19602022797720E-01    -4.99826189781570E-01     4.04484470063397E-02    -1.25856773171103E-01     1.01835664406271E-01
         1.68188350144516    -4.93940854057955E-01     2.15904735709196E-01    -7.69158858630548E-01    -5.53343548452151E-01     3.11861936412921E-01     7.42571819653283E-01     4.51403790784568E-01    -8.76791264789868E-01     2.29748587047615E-01
         0.58393450944632    -7.58234802751956E-01     3.05654861844976E-01     3.81944805550917E-01    -6.44505933144035E-01     2.69615230808562E-01    -4.36892722870730E-01     8.90352206116421E-01     4.45248862484439E-01     9.66043910568162E-01
         0.18571155118612    -3.86817953873203E-01    -9.21685166349822E-01     1.97684968795902E-03    -4.28198362261887E-01    -9.01799789070697E-01     5.60679494913207E-02     4.20285554084608E-02     8.07077171659289E-02    -5.11618700886137E-02
F TZVP-MOLOPT-SCAN-GTH-q7
 1
 2 0 2 5 3 3 1
        13.16645520019096     1.25688709752362E-01    -6.90191648196731E-02    -4.19619998203344E-01    -9.31572868763813E-02     5.00225599861602E-02    -6.88622277281857E-02    -1.02513605924922E-02
         4.67863609541364     1.25206371205048E-01    -7.54523660806367E-02    -2.93986334505468E-01    -2.93923292691458E-01     1.19602022797720E-01    -4.99826189781570E-01     4.04484470063397E-02
         1.68188350144516    -4.93940854057955E-01     2.15904735709196E-01    -7.69158858630548E-01    -5.53343548452151E-01     3.11861936412921E-01     7.42571819653283E-01     4.51403790784568E-01
         0.58393450944632    -7.58234802751956E-01     3.05654861844976E-01     3.81944805550917E-01    -6.44505933144035E-01     2.69615230808562E-01    -4.36892722870730E-01     8.90352206116421E-01
         0.18571155118612    -3.86817953873203E-01    -9.21685166349822E-01     1.97684968795902E-03    -4.28198362261887E-01    -9.01799789070697E-01     5.60679494913207E-02     4.20285554084608E-02
F DZVP-MOLOPT-SCAN-GTH-q7
 1
 2 0 2 5 2 2 1
        13.16645520019096     1.25688709752362E-01    -6.90191648196731E-02    -9.31572868763813E-02     5.00225599861602E-02    -1.02513605924922E-02
         4.67863609541364     1.25206371205048E-01    -7.54523660806367E-02    -2.93923292691458E-01     1.19602022797720E-01     4.04484470063397E-02
         1.68188350144516    -4.93940854057955E-01     2.15904735709196E-01    -5.53343548452151E-01     3.11861936412921E-01     4.51403790784568E-01
         0.58393450944632    -7.58234802751956E-01     3.05654861844976E-01    -6.44505933144035E-01     2.69615230808562E-01     8.90352206116421E-01
         0.18571155118612    -3.86817953873203E-01    -9.21685166349822E-01    -4.28198362261887E-01    -9.01799789070697E-01     4.20285554084608E-02
