IR DZVP-MOLOPT-SCAN-GTH-Q17
 1
 2 0 3 6 3 2 2 1
         3.59132322147993     4.86854487334389E-01    -3.95931089961305E-01     4.02606142726115E-01     6.07556305801396E-01     3.26687579426179E-01    -2.30889184268976E-01     7.53205045074400E-02     8.80153523848027E-02
         3.45571381311913    -1.14502495511275E-01     7.32924586931050E-01    -3.34081146870279E-02    -5.36919298858656E-01    -2.88782218227475E-01     2.68008268571749E-01    -8.03140869216011E-02    -8.11037347260736E-02
         1.41120222999848    -5.74213657676896E-01    -5.02572864533792E-01    -4.29740982653682E-01    -1.56449795278699E-01    -3.22994246162701E-01     4.99764615810472E-01    -1.02696088549712E-01    -9.74450238357885E-02
         0.69318076830895    -5.92259520122158E-01    -6.31695458855608E-02     6.17703243955799E-01    -6.65802585333720E-02    -3.45522315968648E-01     6.37828690579394E-01    -4.52672027823797E-01    -3.54258838289969E-01
         0.16278529855192     1.00803711411769E-01     3.93278547552104E-02    -5.05529100578254E-01    -4.09497660191312E-01     6.04408390509225E-01     1.91690643645211E-01     2.42988521177429E-02    -4.72289701498007E-01
         0.35054664092340    -2.43326600707083E-01     2.18960192777743E-01     1.22465956147533E-01    -3.82093180811713E-01     4.69957018757866E-01     4.26059080364745E-01     8.78537183874954E-01    -7.92226648529365E-01
F DZVP-MOLOPT-SCAN-GTH-Q7
 1
 2 0 2 5 2 2 1
        13.16645520019096     1.25688709752362E-01    -6.90191648196731E-02    -9.31572868763813E-02     5.00225599861602E-02    -1.02513605924922E-02
         4.67863609541364     1.25206371205048E-01    -7.54523660806367E-02    -2.93923292691458E-01     1.19602022797720E-01     4.04484470063397E-02
         1.68188350144516    -4.93940854057955E-01     2.15904735709196E-01    -5.53343548452151E-01     3.11861936412921E-01     4.51403790784568E-01
         0.58393450944632    -7.58234802751956E-01     3.05654861844976E-01    -6.44505933144035E-01     2.69615230808562E-01     8.90352206116421E-01
         0.18571155118612    -3.86817953873203E-01    -9.21685166349822E-01    -4.28198362261887E-01    -9.01799789070697E-01     4.20285554084608E-02
