IR DZVP-MOLOPT-SCAN-GTH-Q17
 1
 2 0 3 6 3 2 2 1
         3.59132400361646     4.86856660683505E-01    -3.95928806214629E-01     4.02605399443592E-01     6.07555242291431E-01     3.26689750582928E-01    -2.30889306594182E-01     7.53197790207575E-02     8.80235965958160E-02
         3.45571502738259    -1.14506995152052E-01     7.32923034452484E-01    -3.34093022006082E-02    -5.36918893546187E-01    -2.88781475022935E-01     2.68007442244373E-01    -8.03153707535664E-02    -8.11096822153023E-02
         1.41120070911368    -5.74214181709078E-01    -5.02576172260860E-01    -4.29739094641669E-01    -1.56451909761528E-01    -3.22993518647006E-01     4.99762247567406E-01    -1.02694848926345E-01    -9.74541083563726E-02
         0.69318163271675    -5.92257048005447E-01    -6.31703635097680E-02     6.17704480250740E-01    -6.65786783801258E-02    -3.45522317112006E-01     6.37831150830556E-01    -4.52672574628074E-01    -3.54285974816503E-01
         0.16278592034551     1.00804853179038E-01     3.93294116141493E-02    -5.05529308649718E-01    -4.09496353004809E-01     6.04407937933811E-01     1.91687763895332E-01     2.42995718500818E-02    -4.72327776381743E-01
         0.35054498526628    -2.43324442251402E-01     2.18961411235344E-01     1.22467606231988E-01    -3.82096251892407E-01     4.69957047398820E-01     4.26059924319851E-01     8.78536971959900E-01    -7.92189170819908E-01
F DZVP-MOLOPT-SCAN-GTH-Q7
 1
 2 0 2 5 2 2 1
        13.16645520019096     1.25688709752362E-01    -6.90191648196731E-02    -9.31572868763813E-02     5.00225599861602E-02    -1.02513605924922E-02
         4.67863609541364     1.25206371205048E-01    -7.54523660806367E-02    -2.93923292691458E-01     1.19602022797720E-01     4.04484470063397E-02
         1.68188350144516    -4.93940854057955E-01     2.15904735709196E-01    -5.53343548452151E-01     3.11861936412921E-01     4.51403790784568E-01
         0.58393450944632    -7.58234802751956E-01     3.05654861844976E-01    -6.44505933144035E-01     2.69615230808562E-01     8.90352206116421E-01
         0.18571155118612    -3.86817953873203E-01    -9.21685166349822E-01    -4.28198362261887E-01    -9.01799789070697E-01     4.20285554084608E-02
