AL SVP-MOLOPT-PBE-AE
 3
 1 0 0 5 1
      5887.76564985927780     8.08329183631207E-03
       885.61793120195614     6.46609272511959E-02
       201.17662046469465     2.73825762630539E-01
        56.17289934655495     7.31654464730571E-01
        16.85699811380921     6.20850079197652E-01
 1 0 0 5 3
        29.25006508324461     1.15110742820419E-01     3.54642271544876E-03    -2.94292705038565E-02
         3.02754908288506    -7.24058083829591E-01    -2.73522095997273E-01     3.58785941291633E-01
         1.08659153844896    -6.75452003877098E-01     1.86792747247580E-01    -3.85985822122173E-01
         0.22740617710523    -7.87081700691270E-02     9.32462804807733E-01     5.15666841482762E-02
         0.09327756840295     7.68261356150844E-03     1.44203582178042E-01     8.47798554242522E-01
 1 1 2 7 3 1
       145.05298360697188     1.66692313111525E-02    -4.19791359422863E-04    -3.58736644292308E-03    -2.66042201096219E-03
        33.68554703246697     1.07745121687986E-01    -1.36513924113383E-02     8.02263547626426E-03    -4.55689330885671E-03
        10.28701172852607     3.97853545398269E-01    -9.93445941870373E-03    -9.68224337333587E-02     2.86006828619727E-02
         3.27517801560679     7.61624363825554E-01    -1.13823439041484E-01     7.41949928158196E-02    -9.86853680211961E-03
         1.05469266435421     4.89490843752306E-01     7.42326219376125E-02    -2.06707694420671E-01     2.97305507031039E-01
         0.28043016647681     5.06060521158605E-02     9.88365732912790E-01    -4.17473082136354E-02     9.06700787042111E-01
         0.07189925653065     8.71306587441356E-02     6.61943377133160E-02     9.69831108396320E-01     2.97590134355193E-01

AL TZVPP-MOLOPT-PBE-AE
 3
 1 0 0 7 1
     37792.56256756838411     9.09337569564655E-04
      5668.10738441039757     7.10540188433798E-03
      1289.98292557280092     3.61225778459696E-02
       364.87799784542312     1.40425145154020E-01
       118.65337587194450     4.01302216640450E-01
        42.00868565208583     7.30449771585148E-01
        15.35619563734271     5.33220673322170E-01
 1 0 1 5 1 1
       452.52843562175730     5.69256622031881E-03     2.54290880170900E-03
       107.11902282211017     4.65465272145027E-02     3.05577895912985E-02
        34.04765477369258     1.89715938771728E-01     1.14480401194384E-01
        12.52525467714786     2.11066712575279E-01     4.35472104638879E-01
         4.33379844606489    -9.57736770158024E-01     8.92366538443636E-01
 1 0 3 5 3 4 3 1
         4.14836636150771    -6.19409756382969E-02    -2.05181795445220E-02     1.65621376853519E-03     2.43415856386109E-02    -4.79669545553164E-03     6.69279722183677E-02    -3.02877630491054E-02     4.04151551655524E-02    -1.68119424747670E-02     1.15243663572651E-01    -1.11719755172364E-02
         1.60919108934791     9.64446866225657E-01    -5.20412004737789E-02     6.11398828867050E-02     9.88161789834027E-01     7.89896112531859E-02    -1.27670780068058E-01     2.81427248277885E-02     9.92245400935861E-01    -3.63119126689742E-02     9.99466508625706E-02     4.68584000078085E-03
         0.61344392849667     2.52688741782657E-01     1.02394027456608E-02    -2.31960941502284E-01    -1.05868758786936E-01     9.65598768746521E-01    -2.33172307772070E-01    -3.96423765965273E-02     2.96432079279401E-02     9.96860306073303E-01     7.29825972683568E-02     4.88882127585856E-01
         0.20148950074229     4.63827325396634E-02     9.97322884055101E-01    -3.91020372678385E-02     1.01174344552147E-01     2.47033675042113E-01     9.58917067929705E-01     7.20297619368867E-02    -9.59835919405543E-02    -6.73757879231103E-02     9.58590506862336E-01     8.68954754083211E-01
         0.06449375067861     1.61234702762517E-03     4.59666980851799E-02     9.70012538050633E-01    -3.87210826032430E-02     1.81937961175794E-02    -7.30037682102458E-02     9.95756412895163E-01    -6.10254853033220E-02    -1.13506372388098E-02     2.29144813681401E-01    -7.59284567856043E-02

AL QZVPP-MOLOPT-PBE-AE
 3
 1 0 0 10 1
    754550.79416288807988    -2.67042166961744E-06
    112999.47955828688282     3.86837837999603E-04
     25715.72291104311444     1.04540206605284E-03
      7283.55397609118609     6.56817650510467E-03
      2375.98012676984536     1.57347560495144E-02
       857.65140423217849     6.20603517175404E-02
       334.45662524365451     1.93120055094792E-01
       138.45714468505830     4.53178339638849E-01
        60.10395223748326     7.10270113784954E-01
        27.17039384721344     4.98705272685482E-01
 1 0 1 8 2 2
      1489.68167066262981    -7.00686537050163E-02     1.84741142228699E-01    -1.08673902457718E-04     2.19379469350332E-02
       353.03274185352365    -5.28797571957293E-02     5.65251198946960E-02     2.45847362269013E-03     4.93836503021066E-02
       114.39389477704206     1.11234723241736E-02    -1.83622079333823E-01     1.58268270700936E-02     8.05358530439759E-02
        43.23301167674850     4.63005830305161E-01    -3.49276643603390E-01     7.07234808057899E-02     9.45679531824619E-02
        17.92351074830427     8.75444300900937E-01     1.56175998280279E-01     2.05076039001502E-01     1.59786765040928E-01
         8.02337825619111     3.91985742435042E-02     8.76916385029519E-01     4.21907209582312E-01     2.99888816705967E-01
         3.69707089789282     3.57474453543233E-02    -4.16567554449023E-02     6.16413707644985E-01     5.17136171974538E-01
         1.73643612434094    -9.26220948896899E-02    -1.08884366907847E-01     6.28262612815946E-01    -7.73793206961941E-01
 1 0 4 6 6 4 4 2 1
         4.67590629169990     9.89740642779415E-01     2.68606323221821E-02     1.31868854484941E-02     1.04865975931078E-01    -1.34560357787975E-02     9.13243379781827E-02     4.78189045677197E-02    -3.95473096447058E-02     1.37748289746798E-01    -1.32343717183123E-01    -5.58715071225370E-02    -3.06683931049603E-02     5.93233109249973E-03     2.57298881595515E-01    -6.92880328367942E-03     2.92321959456281E-01    -3.49116330232779E-02
         1.89785953080262    -3.26698892439790E-02     9.85349330544865E-01    -7.72380320034549E-02    -1.98909607044931E-02    -1.23492388282598E-01     8.00477436428927E-02    -1.76986164912009E-02    -7.44764174225917E-02     8.63160385347978E-02    -9.90174305062866E-04     9.95702341819130E-01    -7.67926033968730E-04     1.46947672223634E-02     7.00294640580354E-02    -5.40124616571890E-02    -2.34279339211666E-01    -8.01896955148593E-02
         0.75606862416199    -1.73992354398809E-02     5.93080011657821E-02     9.86575076700473E-01     1.63720017835387E-02    -1.49774812948144E-01    -1.22028112020173E-02     9.89433841542204E-01    -4.61364079005417E-02    -1.15991966286311E-01    -5.62431201926041E-02     2.89401181787078E-03     6.83797859866841E-01    -6.86889488894136E-01    -6.08173011325093E-02     6.61721753486710E-01    -4.43870738133111E-01     6.05040249246333E-01
         0.25958785809686    -9.75702276016009E-02    -2.95625049718128E-02    -6.82155269192392E-02     9.29724244341008E-01    -3.44628708436074E-01    -4.23867158307762E-02     4.23966583293138E-02     9.82090168860564E-01    -9.25715058109425E-02     1.17228993619069E-01    -2.69910860994745E-03     7.15838801502323E-01     6.88807592359298E-01    -5.98821885552824E-02     7.32261222068315E-01     5.16327506850154E-01     7.88499413195574E-01
         0.10601570389323    -4.53491969154531E-02     1.14928962746317E-01     1.25785299933111E-01     3.50904788884835E-01     9.03859870812997E-01     1.69752776865410E-01     1.18682377801509E-01     9.45045356710992E-02     9.74633964568961E-01     6.39756868703966E-02    -4.53561259543112E-02     1.16629147048478E-01    -5.69270015293807E-02     9.33653431787999E-01    -1.50790992484073E-01     6.29279600715192E-01     6.13745781914741E-02
         0.03662540137420    -8.64112608308618E-02    -1.03755269965461E-01    -7.39666855593017E-03    -2.86023242780366E-02    -1.62494485442808E-01     9.76980386956084E-01     5.03765929094601E-02    -1.31637754382303E-01    -4.04964855389993E-02     9.80553591626955E-01    -5.81582542248504E-02    -7.38362994600646E-02     2.24131922126017E-01     2.23382650133622E-01    -1.46473845428676E-02     7.27467256899755E-03    -2.79092089975760E-02

SI SVP-MOLOPT-PBE-AE
 3
 1 0 0 5 1
      6903.59526528482002     7.90438458506956E-03
      1038.47970998727669     6.37222937737922E-02
       235.94260524557674     2.70805597784413E-01
        66.09157895351893     7.27060997767843E-01
        19.82152975326310     6.27633351339771E-01
 1 0 0 5 3
        34.22023241364037     1.19410556428656E-01    -9.33471053935925E-03    -1.18021683536850E-02
         3.60195913384409    -7.52601311305746E-01    -1.18831632043657E-01     2.13707014695224E-01
         1.33432737150384    -6.36976589976605E-01    -3.60818441491701E-02    -3.03573771626314E-01
         0.33338305200004    -1.04711471726092E-01     9.76318021562347E-01    -1.51298994209681E-01
         0.14650847309932    -5.12710127167665E-02     1.76898636796237E-01     9.16046723821400E-01
 1 1 2 7 3 1
       179.80230838616103     1.57406930130952E-02     3.09661399246433E-05     4.89681105231883E-03     4.86056836780689E-03
        41.95562622759873     1.01651885029655E-01     1.05331555518185E-02     1.04927263267089E-02    -9.67073527676059E-03
        12.91644728459194     3.92363756698080E-01     2.19817140413546E-02     9.82293826680489E-03     1.71546927888936E-02
         4.23163922289192     7.35764570517397E-01    -2.68343660098643E-02     1.99359169605237E-01     5.35307915251087E-03
         1.40385185679736     5.26179287254157E-01     1.20628313529896E-01    -6.43385723325430E-02     2.60629142988229E-01
         0.36058656146596    -5.13252846937954E-02     9.91816803472698E-01    -7.64605015565176E-03     9.51089846299313E-01
         0.10048116284445    -1.20918885498976E-01     2.08329318149101E-02     9.77664278441784E-01     1.64500659283859E-01

SI TZVPP-MOLOPT-PBE-AE
 3
 1 0 0 7 1
     44773.46034593388322     9.09261367343921E-04
      6717.20368918029544     6.76273438307553E-03
      1528.86995806718232     3.56522682929523E-02
       432.53295007991397     1.36273390988935E-01
       140.58491908384386     3.96769827942612E-01
        49.87825185972696     7.22819513408460E-01
        18.29580525684813     5.47921136671804E-01
 1 0 1 5 1 1
       394.44095985582589     1.53736850698817E-02     5.68222566147488E-03
        93.11634297148227     7.11054141824950E-02     4.67511580307241E-02
        29.60733998998241     2.51672147776119E-01     2.01464950771800E-01
        10.79184521485156     2.67121596699869E-02     5.60691480542484E-01
         4.28168899144450    -9.64704752989654E-01     8.01759925907944E-01
 1 0 3 5 3 4 3 1
         4.86759064056459    -7.40648509236900E-02    -3.35737404424407E-02     2.44033241910618E-02     4.58244901763800E-02     5.28835196905156E-02     5.79237817320525E-02    -3.85478132912523E-02     7.27384113821424E-02     1.64794739175782E-02     9.77976585237576E-02    -6.40687594258320E-02
         1.86130790087269     9.40721573995272E-01    -1.76910496027032E-02    -9.61560470120889E-02     9.91702227607109E-01     6.07744778495733E-02    -1.04806074978179E-01    -2.82011486463644E-03     9.91916707695910E-01     1.65909257729591E-03     2.71825971534649E-02     1.43456786202264E-01
         0.81866863252998     3.15328132378014E-01     3.32819762440155E-02    -2.46354390225721E-02    -6.39182189769653E-02     9.96633500373165E-01    -7.14595996614692E-03     1.32295112730302E-02     4.00720361670966E-03     9.97622714655240E-01    -3.42706288182091E-02     3.11251101220860E-01
         0.25384709781560    -5.47487998386980E-03     9.94604493474793E-01    -9.03334046255344E-02     1.01432549467384E-01     1.07247053965715E-02     9.92575241222993E-01    -1.81790354835175E-02    -2.28371111831714E-02     2.59235462269942E-02     9.87885874485731E-01     9.36832726530400E-01
         0.07941758839920     1.00476428567430E-01     9.06313540321489E-02     9.90652039590269E-01     7.25996215771258E-03    -1.07908672192514E-02     2.00959678743106E-02     9.98999807679150E-01    -1.01354709684801E-01     6.16649276829773E-02     1.12266412569524E-01    -2.79738994166118E-02

SI QZVPP-MOLOPT-PBE-AE
 3
 1 0 0 10 1
    918070.73399842879735     1.28865692530138E-04
    137485.36610684831976     2.27271317060489E-04
     31287.80735179791009     1.81405654143623E-03
      8861.59448405383228     7.45858491469462E-03
      2890.69976583000334     2.85781457639580E-02
      1043.36589411440036     8.97185824675450E-02
       406.79146241855932     2.11421899819636E-01
       168.48598694495260     5.18331867410462E-01
        73.20166623868568     7.06692463385038E-01
        32.93148508850978     4.22248142321847E-01
 1 0 1 8 2 2
      1775.86687682139950     1.47248522587491E-02     1.04989934920807E-01    -1.04360439880933E-03     5.37889937134642E-02
       420.85943593186687     2.15136212804562E-02    -1.32829068926868E-02     2.66377479745038E-03     4.65700177075388E-02
       136.47629776431961     1.00327236677923E-01    -2.47890854636831E-04     1.78169804924951E-02    -2.31777989821182E-02
        51.69433411998212     3.87403413665156E-01    -9.11820153846252E-01     7.35754877465609E-02     9.50264829698366E-02
        21.53836505264571     8.68437475366325E-01     3.60705548045731E-01     2.06476228047162E-01     1.88738834863386E-01
         9.48730100314007     2.74171532158519E-01     1.56070761224467E-01     4.72339855941798E-01     1.99760633529574E-01
         4.29821140584881    -5.63743022747239E-02     5.23635339822412E-02     6.49548383621656E-01     4.84795141612514E-01
         2.16006555196602    -8.14962812818313E-02     1.32706046757578E-02     5.53724248229626E-01    -8.21472913095689E-01
 1 0 4 6 6 4 4 2 1
         5.70593020108982     9.87343419282863E-01     9.40614300418418E-02    -3.52994078579573E-02     6.17080814527113E-02    -5.29466027621977E-02     9.19137722082641E-02    -3.41888148767376E-02     5.63289014342939E-02    -9.61154453440732E-02     1.01398347725527E-02    -2.61966184319114E-02    -1.03542072980307E-01     1.23241685947603E-01     1.44815397243301E-01     6.69307064489745E-02    -2.00835100452047E-01    -4.36252892412430E-02
         2.48035603880597    -1.09577590182982E-01     9.71239158057800E-01     4.24197715333389E-03     2.94244121097978E-02    -2.03800514355603E-01     4.76320221603259E-02    -4.79444652664452E-04    -4.95796849165022E-02     2.69891811793462E-02    -1.06235461567098E-01     9.93883455256940E-01     3.76472353601601E-02    -8.00991080829328E-02     3.14813547732679E-02    -9.07969578758630E-02    -2.65952709384111E-01    -6.11517260644405E-03
         1.04578918177064     1.82981739142462E-02     9.87104787165068E-03     9.73265894467256E-01     1.58358220157136E-01     1.09243510902417E-01     1.23732644627641E-01     9.94352925019477E-01     5.90950858700562E-02    -6.50559383542127E-02    -5.39030731741119E-02    -8.38437289599521E-02     7.63314936629747E-01    -6.19560319260476E-01    -2.52107197838510E-02     6.66159225314745E-01    -4.97734288870168E-01     6.39313912694910E-01
         0.40067486771518    -5.69131024726296E-02    -1.30794783060411E-01    -6.09087207153384E-02     8.39589156643865E-01    -5.03609046475835E-01    -1.31953505393698E-01    -7.11621861090248E-02     9.77676804416968E-01    -1.56374240371531E-01    -8.64002730851015E-02     3.50768145330288E-02     6.27867216912095E-01     7.65743029505629E-01    -5.91290254582132E-02     7.23660562844105E-01     3.93825632213803E-01     7.61834719077632E-01
         0.15174191317694    -2.41792160035234E-02     1.44143329717110E-01    -1.95220115271502E-01     5.15096534164746E-01     8.06734891209726E-01     1.56145920219514E-01     5.54920918101989E-02     1.73713536298231E-01     9.76496670396357E-01     7.57128020688636E-02    -1.79642194097732E-02     8.44398605250243E-02     3.11936230539098E-02     9.68943632189626E-01     6.84212120486408E-02     6.91011305153854E-01     1.97594917180538E-02
         0.04018682956244    -9.48006605478735E-02    -9.93223684263520E-02    -9.83294993161433E-02     3.82090324306341E-03    -1.98203447352912E-01     9.65494694760117E-01     4.41557084653005E-02     6.96301223938666E-02    -8.83316466703022E-02     9.86158320743935E-01    -5.40975744979557E-02    -6.21667128950662E-02    -8.48834564051220E-02     1.87226709148086E-01    -1.23052862740926E-01     9.27348049091622E-02     9.24909894653849E-02

P SVP-MOLOPT-PBE-AE
 3
 1 0 0 5 1
      8002.48155347461579     7.94375601210656E-03
      1203.61999906783853     6.25055505329215E-02
       273.35463100896362     2.68040140710475E-01
        76.53593782019827     7.26335850012515E-01
        22.79878583203780     6.29778269589784E-01
 1 0 0 5 3
        39.91462164469178     1.16691655594697E-01    -2.65850757234754E-02     1.22896386198334E-03
         4.19433326740894    -7.57266020298398E-01     1.05153259039863E-01    -3.05464261895798E-03
         1.57462825325275    -6.39740940204358E-01    -4.63754290419714E-02    -4.06665364067331E-02
         0.34718451731416     5.64886012198208E-02     9.85682895631531E-01    -1.22753753351109E-01
         0.11558062700184    -2.17209432269073E-02     1.20476448746993E-01     9.91598158359116E-01
 1 1 2 7 3 1
       219.56085645850590     1.45643159907647E-02     3.84664175001889E-03    -3.25524931366788E-03     2.62026532564054E-03
        51.31372472892709     9.85700759969381E-02     3.87243883153066E-03     5.09458331711824E-03    -8.63217641830208E-03
        15.96513988629049     3.77425974096409E-01     3.63271005348519E-02    -5.71111630687712E-03     1.74014092741508E-02
         5.26632950469177     7.55007129117811E-01    -2.46796027010825E-02     7.34521471295530E-02    -2.37615492404968E-03
         1.77666183264770     5.21261746028724E-01     1.41950987855114E-01    -4.36843786032273E-02     2.90063887840276E-01
         0.44388392433760    -6.83636767077984E-02     9.87155000078020E-01    -5.05947026760102E-02     9.49583764350574E-01
         0.12755685241191    -3.46163214454569E-02     5.84498880231003E-02     9.95021338933238E-01     1.17319137551101E-01

P TZVPP-MOLOPT-PBE-AE
 3
 1 0 0 7 1
     52427.01181952292973     7.72339572390042E-04
      7863.31428997371677     6.69930503475801E-03
      1789.60658227635668     3.44640759982576E-02
       506.36648892965411     1.33567262583859E-01
       164.62257893817289     3.88407254304863E-01
        58.42150598929056     7.19832848054577E-01
        21.51697780437941     5.58486358204094E-01
 1 0 1 5 1 1
       472.27751310857604    -1.08458889732994E-03     6.00189680857268E-03
       111.67117212005350     2.36019136734883E-02     4.39309149236891E-02
        35.44836328287644     2.70985443154717E-01     2.06339194802388E-01
        12.88758441792702     5.17830715878247E-02     5.57273292363530E-01
         5.35054554442723    -9.60899149980395E-01     8.03059565820170E-01
 1 0 3 5 3 4 3 1
         5.01952979417067     8.34794976381815E-02    -4.36029138401838E-03    -1.21092215099466E-02     8.72138593430289E-03     1.70547846815882E-03     8.76237313555788E-02    -7.29103916998465E-02    -7.71449081462982E-02     4.69253000363664E-02     8.27557016333079E-02    -3.94258804630375E-02
         2.32518392665792     9.48198848739157E-01    -6.20459165981899E-02    -4.61313005094313E-02     9.95712955004953E-01     4.46416127070478E-02     7.80996093115905E-02    -1.35758221656033E-02     9.94043564576628E-01     7.19917253024922E-02     4.09985303287006E-02     4.51155273617963E-02
         0.95357302192278     2.92026751409329E-01     5.31849049606261E-02    -1.26112142148179E-01    -4.52733490055532E-02     9.98951483794617E-01     5.05768522885266E-03    -4.05324063055064E-03    -6.79774757032757E-02     9.96250097472960E-01    -1.43291307293617E-02     3.84852273200212E-01
         0.29398542637484     3.19865547317256E-02     9.87004458343397E-01    -1.33721887416139E-01    -7.99131528019287E-02    -9.19207789773388E-03     9.88067704919458E-01    -9.25260759412988E-02    -3.60161545628566E-02     6.70272898740327E-03     9.89778435210264E-01     9.18614233187086E-01
         0.09423975581794     8.74491480891763E-02     1.38292650517385E-01     9.81804183275053E-01     6.62272917806865E-03     3.95682784102190E-03     9.95949950751669E-02     9.92936185434894E-01     2.82033303101964E-03     7.48494580516303E-03     1.07721583553750E-01    -6.66843875229656E-02

P QZVPP-MOLOPT-PBE-AE
 3
 1 0 0 10 1
   1090561.80519910156727     3.52542703036201E-05
    163316.42223638814176     2.65812391400548E-04
     37166.66764260317723     8.78769920797847E-04
     10526.95431290921442     5.74870195413521E-03
      3434.00821150373713     1.27781475558078E-02
      1239.56529505795584     4.94718273943585E-02
       483.08677037206735     1.30577749894589E-01
       200.17197303488049     3.92745417499836E-01
        87.04268136526592     6.97306809419922E-01
        39.23648463776314     5.82940020354956E-01
 1 0 1 8 2 2
      2019.66669522970460    -1.50379543898873E-02     5.44055003330132E-02     6.13101039434597E-04     4.90165486351040E-03
       478.50295035269306    -3.03418544710924E-02     1.36456355631242E-01     9.24007000862928E-04    -7.04459453080016E-02
       155.24574725703317    -9.20309200764451E-03    -1.11967751055017E-01     1.85592811283677E-02    -1.36913469831226E-02
        58.85220789169924     3.28592537547140E-01    -2.54402182682373E-01     9.98644719616298E-02     5.48226428248905E-01
        24.59273591476416     9.31674838018863E-01     4.65587390438970E-02     2.30480176434614E-01     2.11161271535046E-01
        10.90316439971332     1.83934516165056E-02     9.27031779179398E-01     5.04169695380833E-01     3.44293088652745E-01
         4.83711140891655    -7.25042640645371E-02    -1.48935747075499E-02     6.73408920787555E-01    -6.47927885393933E-01
         2.40220057237067    -1.31081226701116E-01    -1.98456550292584E-01     4.78428304530584E-01     3.33670967863701E-01
 1 0 4 6 6 4 4 2 1
         7.07830462744184     9.25159674924853E-01    -2.93745396143060E-01    -1.14294531465365E-01    -9.72728047366898E-02    -1.46297723112661E-01    -1.17749547283711E-01     5.28268171268182E-02    -5.72709352184299E-02     5.43026289896627E-03     4.12789200473613E-02     5.96645988959911E-03    -1.08197887088445E-01     7.22425619773629E-02     1.54667255465566E-01     4.38082215310121E-02     4.37467808537920E-03    -3.69229608081541E-02
         3.22230066127189     3.20568750900544E-01     9.00994980476937E-01     2.56427084890918E-01    -1.15127929147318E-01     7.73961736088523E-02     2.10775586046974E-02     1.21212590042048E-02    -5.17801056415129E-02     2.87439241319745E-02     2.47209938134632E-04     9.95785570697782E-01     6.31388360356930E-02    -1.78646086466045E-02     5.19835557470612E-02    -5.01890308836965E-02    -7.49930207843986E-02    -4.38148347371995E-02
         1.35996719129839    -1.17057780245034E-02    -2.85028426239111E-01     9.23216954134580E-01    -2.48940894203969E-01    -6.50526555454890E-02     9.42389486219113E-03     9.95820913287177E-01    -3.48465705187304E-03    -5.53086232328822E-02    -5.09020798128179E-02    -4.83164426092236E-02     6.55648455905245E-01    -7.35596730713736E-01    -6.57468397733475E-02     6.99799029332912E-01    -4.41536988652351E-01     6.71458906758837E-01
         0.56757663496052     1.80526228827227E-01    -4.85396995477490E-02     2.40249569971980E-01     8.79762194709331E-01     2.60247889457559E-01     2.56171503478861E-01     6.27278022129899E-03     9.96523888659499E-01     1.19657688169591E-02    -2.71744139842213E-02    -3.71119979499216E-02     7.41422214352477E-01     6.64690241722525E-01    -1.11718717013319E-02     7.04955469979424E-01     4.48323073754385E-01     7.20574356707641E-01
         0.21277080846222     7.43583175488499E-02    -1.30885013007251E-01    -5.39311757445584E-02    -2.97801984539030E-01     9.40251449665058E-01     4.08970863458325E-02     5.55975051482730E-02    -9.65617563171914E-03     9.97700961056408E-01     2.03895677130300E-02    -5.61403540972439E-02     6.63819283585834E-02    -4.94281637092287E-02     9.83979809126514E-01    -2.70704879459577E-02     7.66036144958509E-01     1.41233517499211E-01
         0.07435626011417     5.53113723981880E-02    -3.45469908050341E-02    -9.06859317701239E-02    -2.29443786899260E-01    -1.28736972020018E-01     9.58282609660206E-01     4.76726418596468E-02     2.95569857615782E-02    -2.31272123301705E-02     9.97271670444313E-01    -3.88841892042113E-02    -1.78422682074917E-02    -9.54099415747602E-02     2.66838451595388E-02    -9.02673444741527E-02    -1.07689566967376E-01    -8.17654067837254E-02

S SVP-MOLOPT-PBE-AE
 3
 1 0 0 5 1
      9184.96860696107433    -7.71786840291379E-03
      1381.51400838981726    -6.24039790772488E-02
       313.89281891758924    -2.64955476073617E-01
        87.51457876494304    -7.29865325618015E-01
        25.93139624764258    -6.27009872379816E-01
 1 0 0 5 3
        45.48284978592206    -1.17170830297159E-01    -3.16680267451197E-02     7.98216380988980E-03
         4.87633307381987     7.61443727008839E-01     1.27227635333993E-01    -2.80177602679909E-02
         1.86406639687820     6.26717336923555E-01    -1.01322679524423E-02    -7.26181990838241E-02
         0.43025042118793    -1.11972074429798E-01     9.38663299177241E-01    -3.17638615698873E-01
         0.15287248143189     3.40893131890180E-02     3.18777058166406E-01     9.44978093475824E-01
 1 1 2 7 3 1
       262.03717999008273    -1.40783640264207E-02     5.05186350960515E-03    -5.91979864920292E-03     2.73567974708351E-03
        61.24324399362200    -9.50073267501190E-02    -9.97714102551337E-03     2.54477408773938E-03    -6.54868553542722E-03
        18.81757601711188    -3.86400409125808E-01     3.47067320851586E-02    -4.64624726240281E-02     2.01706189417252E-02
         6.03024687952456    -7.73455398949426E-01    -6.81153146748286E-02    -4.07603942016890E-02    -2.20075057424989E-02
         2.04326094618689    -4.83921927804103E-01     1.73437851923462E-01    -7.00014248570173E-02     3.00876144437373E-01
         0.46190328828318     5.57301141088318E-02     9.72479700780142E-01    -1.25789697052281E-01     9.17113664398799E-01
         0.13202620214187    -7.71401281131002E-02     1.35030459813691E-01     9.87631035176833E-01     2.59681572080285E-01

S TZVPP-MOLOPT-PBE-AE
 3
 1 0 0 7 1
     60700.94366395807447     8.62221922262633E-04
      9102.63045975282512     6.58114066512290E-03
      2071.46478936221865     3.37606270243409E-02
       585.93482287830705     1.31916746497162E-01
       190.47913006129434     3.83015696749392E-01
        67.66807502649665     7.19277158425508E-01
        24.76514807848007     5.63341355332923E-01
 1 0 1 5 1 1
       564.29994748762977    -1.00574746546293E-03     5.43973838625324E-03
       133.43593772359748     1.95795911791318E-02     4.01411842803258E-02
        42.45853750153181     1.79491615852029E-01     1.94773603391971E-01
        15.60204677258736     7.60015980310123E-02     5.12907070193976E-01
         6.41245540094229    -9.80623345131480E-01     8.35074053804572E-01
 1 0 3 5 3 4 3 1
         6.97974169262497    -1.31656492931084E-01    -3.49435720482791E-02     2.60745792249960E-02    -2.04676456768718E-02     2.35405160966626E-01    -9.68948142644655E-02    -2.97647950957897E-03     9.82903022915916E-02    -4.58088644661971E-02     8.64436828202630E-02    -3.34913871177732E-02
         2.58898151897930     9.62071337824640E-01    -9.92353221585029E-02    -6.71904133733866E-02     9.97046620525467E-01    -4.86590527658889E-02     2.73261660242076E-02     3.87436318177786E-02     9.88168452464528E-01    -5.84352510710973E-02     4.18412033047576E-03     3.21669286655233E-02
         0.96089457327268     2.08479193164192E-01     8.46023816383715E-02    -1.04337567607444E-01     5.69051907211020E-02     9.65809757047878E-01     6.66066440844519E-02    -8.80863479561064E-02     7.94107544148521E-02     9.79536615989028E-01     2.82613127632867E-02     4.12244961786603E-01
         0.33737394764153     4.24486333804668E-02     9.42543939158042E-01    -3.02973280284459E-01    -3.36055891031887E-02    -3.95796693716816E-02     9.92635254366953E-01     1.47529280095533E-02     7.00150639394903E-04    -5.65539466059057E-02     9.79623100512979E-01     9.08394125822953E-01
         0.10883542027229     1.08719125949087E-01     3.05589033484780E-01     9.44524445468930E-01    -3.33403003767745E-02     8.86660574162969E-02    -1.01726285065988E-02     9.95245305430876E-01    -8.69227697535795E-02     1.78315838972973E-01     1.79024752422017E-01     5.21327089366065E-02

S QZVPP-MOLOPT-PBE-AE
 3
 1 0 0 10 1
   1273410.95499193668365     9.87888036232276E-05
    190697.78010723757325     1.57116366687795E-04
     43397.85422073691734     1.55336389518796E-03
     12291.76862965425789     5.35130499026067E-03
      4009.68458722298510     2.20901350356112E-02
      1447.39797042309806     6.91332148544144E-02
       564.26114559975247     1.84765485267749E-01
       233.63615488869064     4.28663595365080E-01
       101.59995544167144     6.85536035546053E-01
        45.79212563563329     5.53941442861056E-01
 1 0 1 8 2 2
      2189.84619127130554    -5.40227560754291E-02     1.38052066203343E-01     3.98527892046305E-04     4.18881101431139E-03
       518.99909644515526    -6.58816147847172E-02     1.79541187126077E-01     4.06904977423878E-03    -6.17151367487119E-03
       168.30022124117258     7.81490079613725E-02    -3.12549353668520E-02     2.18314673607633E-02     1.87827054701608E-02
        63.73025058358672     5.39631563414771E-01    -2.12047125707757E-01     8.90037859454533E-02    -1.69845333087510E-01
        26.53481464879668     8.31112359293335E-01     1.27604008666390E-01     2.52488946762031E-01    -1.33109680285919E-01
        11.73573877226582     1.76065971579368E-02     9.05018568494592E-01     5.25051079820914E-01    -4.70786937561725E-01
         5.34671198699199    -4.45272502949781E-02    -3.57561642893771E-02     6.54661094190783E-01     7.49238560313875E-01
         2.74105475330837    -4.89003162373073E-02    -2.57188333724953E-01     4.72836699320733E-01    -4.12343535488415E-01
 1 0 4 6 6 4 4 2 1
         8.31619263028394     9.13504257378449E-01    -3.70949282897382E-01    -1.04635636758499E-01    -8.98471926323240E-03    -1.28281446961303E-01    -2.05214515759986E-02     4.81277411771223E-02     8.12380004889105E-02    -1.31315910072865E-01    -3.08915562199778E-03    -6.95036598625231E-02    -2.34623669626775E-01     1.23132825188173E-01     3.42787393017896E-01    -6.38941916706414E-03     1.27346818698528E-02    -3.33563932068701E-02
         3.50409771984308     3.54784636910908E-01     8.34057192385490E-01     3.49038244323994E-01    -1.69012021220416E-01    -1.44720565316922E-01    -8.44965082035500E-02     8.90564670475032E-02    -2.55250590638002E-02    -6.01964016737580E-04    -5.72786490857093E-02     9.86423469842716E-01     4.73874946937613E-02    -7.59528378218380E-02    -5.02787514488447E-02    -3.14629288022827E-02    -1.00376642324275E-02    -1.44297988699904E-01
         1.47335900731238    -9.94815366557345E-02    -3.91289711006025E-01     8.60671926785472E-01    -1.42912323360204E-01    -2.73723672154681E-01     2.98502848020426E-02     9.88144088819932E-01     6.00975069534849E-02    -4.12578816148234E-02     9.01981372587148E-02    -1.28379177667563E-01     5.81853465346992E-01    -7.39784243987395E-01    -8.92077279775997E-02     7.19747987104971E-01    -4.85052712095382E-01     5.66114428416292E-01
         0.59510246212960     1.12541080200268E-01     3.83178786238540E-02     3.07054988424223E-01     8.14370088810093E-01     4.19685019393300E-01    -2.28581106999705E-01    -7.32747548336724E-02     9.68205908353383E-01    -2.11609950482653E-01     2.28310159884937E-02    -2.62223279341700E-05     7.57307044919181E-01     6.37174742814052E-01     5.58068668304723E-02     6.84438273300100E-01     3.85957797347187E-01     8.08809892114526E-01
         0.23342257972438     7.57895118564870E-02    -9.11140702055609E-02     1.34835871245620E-01    -5.35711805426834E-01     7.75700675346518E-01    -2.81202396365756E-01     2.26492583044408E-02     2.20083907821256E-01     9.60818126370448E-01     1.25913313153398E-01     7.11620728748775E-02     1.20508948307327E-01    -1.60602881599418E-01     9.20685481429436E-01     1.11693108549250E-01     7.56628659739873E-01     4.98568279336959E-02
         0.08708605907321     1.06450515207633E-01     6.21896920487338E-02     1.18338682906245E-01     2.72855146973977E-02     3.31403268550300E-01     9.27482646966941E-01    -8.62655628785583E-02    -5.72498108473270E-02    -1.14469705601204E-01     9.86001263584984E-01     2.43459410808561E-02     1.26950135702378E-01    -1.95132718855552E-03    -1.45721204735027E-01    -9.97013949975358E-04    -2.07389945731456E-01     3.03438717761065E-02

CL SVP-MOLOPT-PBE-AE
 3
 1 0 0 5 1
     10449.73865986333476     7.92960573941961E-03
      1571.78177464848341     6.21680867531297E-02
       357.17329535888280     2.69577117620510E-01
       100.08667457398440     7.19173472798793E-01
        30.61002596530858     6.37330325671244E-01
 1 0 0 5 3
        51.91245118574216    -1.18096328736624E-01    -6.40377047377502E-02     3.89634888740844E-02
         5.60412729707609     7.74483936348342E-01    -1.94653261999477E-01     5.74322043222265E-01
         2.19075124977087     6.12385827448821E-01     3.85229430631324E-01    -6.60064309823226E-01
         0.56484358945251    -5.02206802462349E-02     5.97599003556938E-01     4.62892544090272E-01
         0.20200153999791    -9.32167961943450E-02     6.72668563772758E-01     1.36680784044379E-01
 1 1 2 7 3 1
       307.66262352364191    -1.41860191757227E-02     4.53707609941391E-03    -4.23704216636409E-03     5.12444630001981E-03
        72.14728379673939    -8.85277776059411E-02    -4.94482703049275E-03    -1.47096881368280E-02    -3.60621072277412E-03
        22.55518606717056    -3.78386770918235E-01    -9.49655880131227E-04     2.33703317777841E-03     7.21261594348665E-03
         7.24782137179115    -7.68325377362050E-01    -8.89706781187292E-02    -6.32538811770040E-02    -8.30729065003500E-03
         2.47105439082271    -5.07191220590418E-01     1.39408082259565E-01     2.81680450029277E-02     2.51018124766366E-01
         0.54359214040661     1.77332693550757E-03     9.86199274331532E-01    -1.36123356582741E-02     8.60344615069135E-01
         0.15406764967487    -3.48579490965011E-02     3.82859289817810E-03     9.97386797034736E-01     4.43437421456475E-01

CL TZVPP-MOLOPT-PBE-AE
 3
 1 0 0 7 1
     69508.00450217274192     8.54639670881115E-04
     10426.07404861877149     6.36610882195957E-03
      2373.21372557596396     3.32269466123591E-02
       671.48082610673112     1.29170911439118E-01
       218.35953271185565     3.78680461942424E-01
        77.68193958237838     7.12972790189941E-01
        28.63569494373375     5.74839539435266E-01
 1 0 1 5 1 1
       666.45268090401123     1.43814656418117E-03     5.81778333606563E-03
       157.54073854080110     2.68716178613030E-02     4.29983499959330E-02
        50.27147981024441     2.23252919385808E-01     2.08198314680469E-01
        18.56181800307728     1.26049949313096E-01     5.59198731644810E-01
         7.67698456608668    -9.66201527711407E-01     8.01291167794660E-01
 1 0 3 5 3 4 3 1
         7.92291630827550    -3.55714849236007E-02    -2.05335282550433E-02    -6.21248979322773E-03     1.19403838140099E-01     1.05841381548266E-01    -1.46122271690567E-02     1.83454633514452E-02    -6.37399836508334E-02     8.49429480795528E-02     1.55420574128900E-02     9.92703827764435E-03
         3.21359254353200     9.59549625721583E-01    -2.59950857602372E-02    -1.29366285576508E-01     9.67663531581177E-01     2.77689868599943E-03     2.12406118864038E-01    -7.59992235115870E-02     9.93189642383517E-01     9.67974271551950E-02     3.26871756359324E-02     7.10821712077589E-02
         1.26147295769703     2.42813469124242E-01     1.04956178351874E-01    -5.23619012807166E-02    -7.82419592685200E-03     9.92946336504231E-01    -1.67130180933127E-02     4.83191202192999E-02    -8.82726077217294E-02     9.57739641027515E-01    -9.19882652581049E-02     1.80157385026295E-01
         0.41296442360435    -1.45904199321127E-02     9.89285109716447E-01    -9.35576426318930E-02    -2.17443131180686E-01     2.49858269018969E-02     9.66832988440946E-01    -1.25324606656003E-01    -3.65554258774248E-02     3.24811484808539E-02     9.74023579148049E-01     9.80783981908141E-01
         0.13005620364658     1.37214882924396E-01     9.59260238559098E-02     9.85764154311841E-01     4.50253233824506E-02    -4.71505255802842E-02     1.40088439832982E-01     9.87849466056346E-01    -1.95754006656028E-02     2.55136647045343E-01     2.03730752020278E-01    -2.13278292454652E-02

CL QZVPP-MOLOPT-PBE-AE
 3
 1 0 0 10 1
   1467458.93775052158162     5.00027973996311E-05
    219756.22561595341540     2.92119625382510E-04
     50010.78269045410707     1.28590722749441E-03
     14164.71914344428478     6.48940441751174E-03
      4620.77877126598923     1.97871266811614E-02
      1667.78852683964556     6.65018359892871E-02
       650.34523295930057     1.78047411514083E-01
       269.43766657761569     4.24217234215202E-01
       117.09536851846944     6.88319212568402E-01
        52.76000788002602     5.56504843396412E-01
 1 0 1 8 2 2
      2501.95646798690223    -3.82883357554072E-02     8.37909091563773E-02     4.17887012633053E-04     1.59916949870661E-03
       592.94635448432632    -4.07348538060098E-02     1.30718267465741E-01     3.99041739687339E-03    -2.59213449401013E-02
       192.18114183797039     2.20528820527411E-01    -1.98966788392605E-01     2.18359541428443E-02     3.32964376441369E-02
        72.87930898689872     7.33114974004280E-01    -3.92594344886566E-01     8.68350005331845E-02    -2.17375228769997E-01
        30.43574290352728     6.34280900802578E-01     5.37964084760841E-01     2.47733889523512E-01    -2.17956740087419E-01
        13.46035723428640     7.71650835004062E-03     6.98209154610030E-01     5.32066586940945E-01    -4.48983934995352E-01
         5.97563269106637     1.31312121901711E-02     1.06376827476728E-02     7.10008437176348E-01     6.90916424895068E-01
         3.08191027511841    -9.07739768895670E-02     7.18273987087123E-02     3.78665897473595E-01    -4.73822396122835E-01
 1 0 4 6 6 4 4 2 1
         9.78337990819075     8.91563859098250E-01     4.20492586467600E-01    -1.05500184052397E-01    -6.37580026009105E-03    -1.27727899356303E-01    -2.85396905660187E-02    -1.53857744271598E-02     1.06253051057092E-01    -1.15431250361608E-01    -2.24073346383234E-02     3.39725575429827E-02     1.01895475255016E-01     3.78215008137413E-02    -4.46426713878059E-02    -6.35534933198293E-02     3.84866238399182E-02    -6.11006722560778E-02
         4.33269446539561    -4.29731410091877E-01     7.82174610574314E-01    -3.34369761244485E-01    -2.72432075009675E-01    -1.25354633131214E-01    -4.23985492338584E-02     7.30865995598478E-02    -1.69780800664228E-01     9.20852072943817E-03     3.68926930660954E-02     9.84874476080405E-01    -1.38014851189018E-01    -4.74208272594510E-02     1.83642605819760E-02     4.69010615356294E-02    -6.41463169582075E-02    -1.95982450216892E-02
         1.89618722201134    -1.08607609504601E-01     3.85249243565499E-01     8.24406939689850E-01     3.51646048346057E-01    -1.90711290748148E-01     1.07175344599850E-02     9.91627029311956E-01     8.56131566559374E-02    -7.28575131920513E-02     2.31284362812144E-02     7.90619312155555E-02     7.33791834593761E-01    -6.62746105231222E-01     4.37386186866967E-02     6.43881756150717E-01    -4.40208755319481E-01     7.22168984314687E-01
         0.75937665037877    -8.64870311670285E-02     5.72642042507305E-02    -4.40832017733930E-01     8.81987013108728E-01    -1.10544464050763E-01     6.91864630354049E-02    -7.17104623334244E-02     9.75883878241501E-01     2.82742999161818E-02    -5.63192675837820E-03     1.32325112586378E-01     6.30921978952516E-01     7.45720946790107E-01     7.09504044527997E-02     7.55448939940310E-01     4.62184592162924E-01     6.65787803325587E-01
         0.29257745973674     3.21350778484430E-02     2.43787785919905E-01     5.55589531759150E-02     1.28047138769592E-01     9.55294229503361E-01     8.63997700254051E-02     6.90556986584205E-02    -6.16188331121305E-03     9.83715665542610E-01     1.12973648641345E-01    -3.38233190166359E-02    -5.85726486891373E-02    -1.98834428606854E-02     9.93139085193975E-01    -8.21528343028837E-02     7.63814987833132E-01     1.70005500533451E-01
         0.10605356801669     1.16840788925550E-02     1.61310253462363E-02    -3.26472144511999E-04    -8.82496986965603E-02    -8.24248737035741E-02     9.92482391084379E-01    -3.44438923863824E-02     1.29554489179424E-02    -1.13078139742878E-01     9.92374501940459E-01    -6.29554636350571E-02     1.75001307873770E-01     2.43581082505284E-02    -6.63137740448836E-02    -4.15371998214924E-02    -5.99362050420123E-02     4.66830318968192E-02

