# Aluminium def2-QZVPP (20s,14p,4d,2f,1g) -> [9s,6p,4d,2f,1g]
Al QZVPP-MOLOPT-PBE-AE
     3
1 0 0 10 1
 754550.7826500              0.13421335886E-04
 112999.3892200              0.10433210786E-03
  25715.8317590              0.54841772080E-03
   7283.6030283              0.23089081391E-02
   2376.0008796              0.83309974593E-02
    857.65468087             0.26417963653E-01
    334.38922598             0.73443646426E-01
    138.48504731             0.17184039139
     60.150368808            0.31041980030
     27.127610860            0.35669190596
1 0 1 8 2 2
   1489.6119522              0.000   0.000   0.20177122443E-03   0.000
    353.01399267             0.025   0.000   0.17508109203E-02   0.000
    114.40764069             0.025   0.000   0.94424704664E-02   0.000
     43.312186111            0.180   0.000   0.36868004006E-01   0.017
     18.027322216            0.650   0.700   0.10892874007       0.000
      7.9675432403           0.000   0.700   0.23265901004       0.000
      3.6090399541           0.000   0.000   0.34643587076       0.000
      1.6456081630           0.000   0.000   0.33440809866      -0.600
1 0 4 6 6 4 4 2 1
      4.5878785994           1.00 0.00 0.00 0.00 0.00 0.00 0.00 0.00 0.00 0.00 0.00 0.00 0.00 0.00 0.00 0.00 0.00 
      2.0571338103           0.00 1.00 0.00 0.00 0.00 0.00 0.00 0.00 0.00 0.00 1.00 0.00 0.00 0.00 0.00 0.00 0.00
      0.90864549395          0.00 0.00 1.00 0.00 0.00 0.00 1.00 0.00 0.00 0.00 0.00 0.70 0.00 0.00 0.70 0.00 0.70
      0.24226988038          0.00 0.00 0.00 1.00 0.00 0.00 0.00 1.00 0.00 0.00 0.00 0.70 1.00 0.00 0.70 0.70 0.70
      0.11248136869          0.00 0.00 0.00 0.00 1.00 0.00 0.00 0.00 1.00 0.00 0.00 0.00 0.00 1.00 0.00 0.70 0.00
      0.48156492817E-01      0.00 0.00 0.00 0.00 0.00 1.00 0.00 0.00 0.00 1.00 0.00 0.00 0.00 0.00 0.00 0.00 0.00

# Silicon def2-QZVPP (20s,14p,4d,2f,1g) -> [9s,6p,4d,2f,1g]
Si QZVPP-MOLOPT-PBE-AE
     3
1 0 0 10 1
 918070.6956500              0.12658787192E-04
 137485.2538600              0.98408387461E-04
  31287.7727140              0.51731398244E-03
   8861.6105697              0.21785441933E-02
   2890.6943156              0.78656853716E-02
   1043.4063979              0.24987553674E-01
    406.80160276             0.69761818844E-01
    168.48360207             0.16473362733
     73.185628823            0.30285602647
     32.998485420            0.36007260439
1 0 1 8 2 2
   1775.8850516               0.000   0.000   0.20186971126E-03   0.000
    420.83786849              0.020   0.000   0.17544314655E-02   0.000
    136.42290243              0.020   0.000   0.95039532290E-02   0.000
     51.700991737             0.177   0.000   0.37325741590E-01   0.026
     21.559456002             0.635   1.000   0.11085396329       0.000
      9.5559200095            0.000   0.000   0.23756407046       0.000
      4.3529819473            0.000   0.000   0.35295783750       0.000
      2.0096964381            0.000   0.000   0.32885931947      -0.600
1 0 4 6 6 4 4 2 1
      5.7257514773            1.00 0.00 0.00 0.00 0.00 0.00 0.00 0.00 0.00 0.00 0.00 0.00 0.00 0.00 0.00 0.00 0.00
      2.6146521029            0.00 1.00 0.00 0.00 0.00 0.00 0.00 0.00 0.00 0.00 1.00 0.00 0.00 0.00 0.00 0.00 0.00
      1.1757833152            0.00 0.00 1.00 0.00 0.00 0.00 1.00 0.00 0.00 0.00 0.00 0.70 0.00 0.00 0.70 0.00 0.70
      0.35432330868           0.00 0.00 0.00 1.00 0.00 0.00 0.00 1.00 0.00 0.00 0.00 0.70 1.00 0.00 0.70 0.70 0.70
      0.16248335806           0.00 0.00 0.00 0.00 1.00 0.00 0.00 0.00 1.00 0.00 0.00 0.00 0.00 1.00 0.00 0.70 0.00
      0.68332457181E-01       0.00 0.00 0.00 0.00 0.00 1.00 0.00 0.00 0.00 1.00 0.00 0.00 0.00 0.00 0.00 0.00 0.00

# Phosphorus def2-QZVPP (20s,14p,4d,2f,1g) -> [9s,6p,4d,2f,1g]
P QZVPP-MOLOPT-PBE-AE
     3
1 0 0 10 1
1090561.7138000              0.12142449664E-04
 163316.3946100              0.94395292614E-04
  37166.6074510              0.49622262177E-03
  10526.8809450              0.20900040747E-02
   3433.9976028              0.75489230025E-02
   1239.5360480              0.24010423937E-01
    483.27456199             0.67231473697E-01
    200.16911586             0.15978669881
     86.960394829            0.29735906782
     39.211283369            0.36187171850
1 0 1 8 2 2
   2019.6711374               0.000   0.000   0.21359172406E-03   0.000
    478.60125090              0.020   0.000   0.18568771399E-02   0.000
    155.14942504              0.020   0.000   0.10070690115E-01   0.000
     58.816356575             0.170   0.000   0.39605153679E-01   0.390
     24.544512785             0.630   0.700   0.11736067844       0.000
     10.883571061             0.000   0.700   0.24950540642       0.000
      4.9624791285            0.000   0.000   0.36421287984      -1.000
      2.3002912343            0.000   0.000   0.31764127123       0.000
1 0 4 6 6 4 4 2 1
      6.9644556879            1.00 0.00 0.00 0.00 0.00 0.00 0.00 0.00 0.00 0.00 0.00 0.00 0.00 0.00 0.00 0.00 0.00
      3.2198092087            0.00 1.00 0.00 0.00 0.00 0.00 0.00 0.00 0.00 0.00 1.00 0.00 0.00 0.00 0.00 0.00 0.00
      1.4669943979            0.00 0.00 1.00 0.00 0.00 0.00 1.00 0.00 0.00 0.00 0.00 0.70 0.00 0.00 0.70 0.00 0.70
      0.47765437532           0.00 0.00 0.00 1.00 0.00 0.00 0.00 1.00 0.00 0.00 0.00 0.70 1.00 0.00 0.70 0.70 0.70
      0.21637789241           0.00 0.00 0.00 0.00 1.00 0.00 0.00 0.00 1.00 0.00 0.00 0.00 0.00 1.00 0.00 0.70 0.00
      0.90235894336E-01       0.00 0.00 0.00 0.00 0.00 1.00 0.00 0.00 0.00 1.00 0.00 0.00 0.00 0.00 0.00 0.00 0.00

# Sulfur def2-QZVPP (20s,14p,4d,2f,1g) -> [9s,6p,4d,2f,1g]
S QZVPP-MOLOPT-PBE-AE
     3
1 0 0 10 1
1273410.9023000              0.11767088246E-04
 190697.8300700              0.91478610166E-04
  43397.8853300              0.48090078640E-03
  12291.8096770              0.20257193592E-02
   4009.7420824              0.73190096406E-02
   1447.3531030              0.23300499900E-01
    564.30102913             0.65386213610E-01
    233.74506243             0.15614449910
    101.56402814             0.29318563787
     45.805907187            0.36287914289
1 0 1 8 2 2
   2189.8930459               0.000   0.000   0.23912552864E-03   0.000
    518.94596592              0.020   0.000   0.20772032158E-02   0.000
    168.19560151              0.160   0.000   0.11242420571E-01   0.000
     63.745282788             0.160   0.000   0.44069933941E-01  -0.040
     26.597033077             0.630   0.700   0.12918778608       0.000
     11.774251449             0.000   0.700   0.26910820167       0.000
      5.3534379024            0.000   0.000   0.37855928620       0.640
      2.4701911802            0.000   0.000   0.29692134655       0.000
1 0 4 6 6 4 4 2 1
      8.2685567800            1.00 0.00 0.00 0.00 0.00 0.00 0.00 0.00 0.00 0.00 0.00 0.00 0.00 0.00 0.00 0.00 0.00
      3.8629345671            0.00 1.00 0.00 0.00 0.00 0.00 0.00 0.00 0.00 0.00 1.00 0.00 0.00 0.00 0.00 0.00 0.00
      1.7794684781            0.00 0.00 1.00 0.00 0.00 0.00 1.00 0.00 0.00 0.00 0.00 0.70 0.00 0.00 0.70 0.00 0.70
      0.61064260103           0.00 0.00 0.00 1.00 0.00 0.00 0.00 1.00 0.00 0.00 0.00 0.70 1.00 0.00 0.70 0.70 0.70
      0.27412269445           0.00 0.00 0.00 0.00 1.00 0.00 0.00 0.00 1.00 0.00 0.00 0.00 0.00 1.00 0.00 0.70 0.00
      0.11325939107           0.00 0.00 0.00 0.00 0.00 1.00 0.00 0.00 0.00 1.00 0.00 0.00 0.00 0.00 0.00 0.00 0.00

# Chlorine def2-QZVPP (20s,14p,4d,2f,1g) -> [9s,6p,4d,2f,1g]
Cl QZVPP-MOLOPT-PBE-AE
     3
1 0 0 10 1
1467459.0095000              0.11478257194E-04
 219756.1643300              0.89234299775E-04
  50010.7703010              0.46911086186E-03
  14164.8239180              0.19762446133E-02
   4620.7465525              0.71419937783E-02
   1667.8991635              0.22753219445E-01
    650.29199265             0.63959782953E-01
    269.38037376             0.15331059238
    117.06752106             0.28986952417
     52.811766843            0.36348071452
1 0 1 8 2 2
   2501.9457890               0.000   0.000   0.24242618410E-03   0.000
    592.88059285              0.020   0.000   0.21079961749E-02   0.000
    192.18089186              0.160   0.000   0.11432693869E-01   0.000
     72.875710488             0.640   0.000   0.44956698060E-01  -0.040
     30.436358370             0.640   0.700   0.13197476145       0.000
     13.490178902             0.000   0.700   0.27493639225       0.000
      6.1478071413            0.000   0.000   0.38347236372       0.640
      2.8450944820            0.000   0.000   0.28871943885       0.000
1 0 4 6 6 4 4 2 1
      9.7083540306            1.00 0.00 0.00 0.00 0.00 0.00 0.00 0.00 0.00 0.00 0.00 0.00 0.00 0.00 0.00 0.00 0.00
      4.5640696733            0.00 1.00 0.00 0.00 0.00 0.00 0.00 0.00 0.00 0.00 1.00 0.00 0.00 0.00 0.00 0.00 0.00
      2.1194744832            0.00 0.00 1.00 0.00 0.00 0.00 1.00 0.00 0.00 0.00 0.00 0.70 0.00 0.00 0.70 0.00 0.70
      0.75722365394           0.00 0.00 0.00 1.00 0.00 0.00 0.00 1.00 0.00 0.00 0.00 0.70 1.00 0.00 0.70 0.70 0.70
      0.33747224597           0.00 0.00 0.00 0.00 1.00 0.00 0.00 0.00 1.00 0.00 0.00 0.00 0.00 1.00 0.00 0.70 0.00
      0.13860775149           0.00 0.00 0.00 0.00 0.00 1.00 0.00 0.00 0.00 1.00 0.00 0.00 0.00 0.00 0.00 0.00 0.00



H QZVPP-MOLOPT-PBE-AE
 2
 1 0 0 4 1
       190.54117440353127     1.96600972886938E-02
        28.48589623081718     5.38615245148400E-01
         6.82683105625948     8.41690491707832E-01
         1.91976916792120    -3.26222996883324E-02
 1 0 3 4 3 3 2 1
         3.13044722440195    -3.66327628299461E-01     2.56023465069061E-01     1.80301571342015E-01     9.57864765395543E-01    -2.86990854469402E-01     7.09708425215991E-03     9.99207337838246E-01    -1.14391682399844E-02     5.85140484472903E-01
         0.96627664577475     8.95826280526715E-01     1.78507674168198E-01     3.15139388181339E-01     2.45050348375012E-01     8.29767518144689E-01     5.01170647875718E-01     1.62635846128724E-02     9.81329325317073E-01     6.84086073735301E-01
         0.31928820204257    -2.30012077387642E-01     6.10224429055026E-01     6.40105374762635E-01    -1.47922353363481E-01    -4.66731275488582E-01     8.51205422301253E-01    -4.48915950780499E-03     1.60295348734119E-01    -4.27324109791794E-01
         0.10666805621490    -1.01949929465328E-01    -7.28157360590113E-01     6.77084646545968E-01     2.37570063441528E-02     1.06226323308904E-01    -1.55650063115620E-01     3.60560573643188E-02    -1.05675455413839E-01    -8.38508338830758E-02
B QZVPP-MOLOPT-PBE-AE
 3
 1 0 0 8 1
     46447.79144618762803    -1.26772012885293E-04
      6957.39106499402169     1.48325207938470E-03
      1583.34947288406784     1.14631927401452E-02
       448.26854405569611     4.18808986472075E-02
       146.48901300618084     1.46143759366280E-01
        52.85658689000374     4.82632907206909E-01
        20.61921557378022     4.53442599025423E-01
         8.40783986673810     7.33627737548955E-01
 1 0 1 5 2 1
        72.21395103195488    -4.05129277909950E-02     8.87272745372825E-02     6.56743912404846E-03
        17.03905427555705     6.39073947338077E-01    -6.67456680838990E-01     9.03050049024511E-02
         5.40737040518421     7.11387643247274E-01     3.68796329643043E-01     3.94658871798100E-01
         2.28645873473151     2.83493979549586E-01     6.23093254821682E-01     3.81946992555230E-01
         0.69679012837120     5.91775050991317E-02    -1.49576445318528E-01     8.30760341266954E-01
 1 0 4 4 4 3 3 2 1
         1.64075764628696     9.29291888811274E-01     3.56438667422755E-01    -9.45017864525075E-02    -2.09158818305642E-02     9.08578245332192E-02     5.57426905538691E-02    -4.34802543166845E-01     7.68150061732152E-01    -5.81143374847685E-01    -1.75704826741918E-01     5.62207088855564E-01    -5.60425469840216E-01     5.54329852837229E-01
         0.55946811308664    -3.42961082262515E-01     7.40673298996643E-01    -5.77713057207063E-01    -5.32763917903951E-03     7.61223443502021E-01    -5.44695029746514E-01     3.31598957228919E-01     5.28488936502629E-01     7.97097063131644E-01    -2.90514663762821E-01     8.26895780565506E-01     3.92414840011293E-01     8.20929454756128E-01
         0.19940017149400    -1.36528197827638E-01     5.53250983330914E-01     7.92369643477755E-01    -2.17769944520011E-01     5.92519223629984E-01     3.79944525038266E-01    -6.02204951047489E-01     3.45516828868269E-01     1.10127346108927E-01     9.09112870418328E-01    -1.28430686758832E-02     7.24341479556510E-01     1.36148317750466E-01
         0.05771992496731    -1.24230688976900E-02     1.35158758364732E-01     1.71660665222666E-01     9.75761442880266E-01     2.47395825374919E-01     7.45548278056295E-01     5.81668356500703E-01     1.06127506444025E-01    -1.21575562744150E-01    -2.41335519221924E-01     1.27000413450092E-03    -8.52250379124087E-02    -1.60274808057663E-02
C QZVPP-MOLOPT-PBE-AE
 3
 1 0 0 8 1
     67025.10701901487482     1.55242819581319E-04
     10039.96335431500120     1.79971855855663E-03
      2284.84440343404003     9.18465603393004E-03
       647.15582521948454     3.30943254643816E-02
       211.19400038923030     1.40054573872043E-01
        76.38630250999670     4.88904212464159E-01
        29.42939055659313     2.78742815383946E-01
        12.03316158077197     8.13926885458716E-01
 1 0 1 5 2 1
       105.22664287722547     1.24505987707591E-01    -1.23979079829649E-01     8.48724734240174E-03
        24.91583300068185     8.86899830964621E-01    -2.61079451396708E-01     7.12935689849336E-02
         7.80229155370005     4.00003776712541E-01     4.47986862457745E-01     2.93646788512991E-01
         3.21099181776232     6.52461897044525E-02     8.43161823281634E-01     4.71754813357094E-01
         1.56967041290132     1.83430810401738E-01     6.96607396504118E-02     8.28289896910713E-01
 1 0 4 4 4 3 3 2 1
         2.47850638544973     9.25363103371105E-01     3.63921965952564E-01    -4.09754907799386E-02     9.79027005345658E-02     8.73685730878957E-02     3.72622955903123E-01    -9.83513676753772E-02     4.18652943059247E-01    -8.11425670640435E-01    -2.99873003208179E-01     8.66784219363823E-01    -3.74034672761027E-01     4.58087622796984E-01
         0.78087017731256    -2.54208430662628E-01     7.69342245085598E-01    -2.12774533576705E-01    -5.46093015490869E-01     7.33644745126078E-01    -6.00104778885827E-01     2.48102701482297E-01     8.43800014184530E-01     5.13566081489941E-01    -1.18528266702603E-01     4.72493367712121E-01     8.15402228229376E-01     8.80208065556334E-01
         0.29223334789975    -1.80276620568274E-01     4.39776512878143E-01     7.84816560471272E-01     3.97693255169441E-01     5.19905537704389E-01     2.32993327506253E-01    -7.89436028296271E-01     2.94729082110152E-01    -2.41293925323745E-01     9.09144108822955E-01    -8.52078289092146E-02     3.90944163971848E-01    -9.54945193189171E-02
         0.09841607149407    -2.15827571862177E-01     2.86827354596128E-01    -5.80612584626446E-01     7.30778731527446E-01     4.28754419510502E-01     6.68386487318509E-01     5.52777364968373E-01     1.60829156214052E-01    -1.40055355380103E-01    -2.63598598880757E-01     1.34813799080373E-01    -2.05863863821392E-01    -7.91851498062194E-02
N QZVPP-MOLOPT-PBE-AE
 3
 1 0 0 8 1
     90726.87801209182362    -9.00543793386274E-05
     13590.34107513649724     2.35919992481698E-03
      3092.94460323843668     7.72464819069405E-03
       875.92236195468035     4.39398550876599E-02
       285.80469156577431     1.14183199278572E-01
       103.11134152931639     3.87374730248252E-01
        40.16748016048255     3.54617733607723E-01
        16.67530522856683     8.42112417311166E-01
 1 0 1 5 2 1
       150.05498861520869    -8.73536500292584E-02     5.04585425120854E-02    -9.70670072748020E-03
        35.43613681440323     9.53646344407521E-01    -4.84316025957162E-02    -6.55837250219302E-02
        11.10077761034690     2.64099244508266E-01     5.35712161227111E-01    -3.57635044076150E-01
         4.39804116450023    -1.14027171688238E-01     8.19426713287987E-01    -4.48715250016059E-01
         1.85639340490487     1.33185131182832E-02     1.91469729255022E-01    -8.16306532268921E-01
 1 0 4 4 4 3 3 2 1
         3.07897485127428     4.56777531893941E-01    -6.43769628264295E-01    -2.71323871194007E-01     5.50725257275920E-01     2.78141419001643E-01     2.09001035213597E-01    -2.63596852184033E-01     7.06353791508846E-01    -6.13082676510378E-01     1.41847125141774E-01     6.72928890192765E-01    -5.91023518214182E-01     6.88098054709740E-01
         0.95872461568156     7.65809383560593E-01     4.12988323825015E-01    -3.64407284859796E-01    -3.31939698101720E-01     5.21164303217252E-01    -6.59091011335774E-01     5.22442073526948E-01     5.72461082023286E-01     7.88134753542146E-01     5.39142044104175E-02     7.14872789661157E-01     4.08239990560159E-01     7.24101687343080E-01
         0.34239561043029     3.86655174159414E-01    -3.75885670334206E-01     7.44722387457274E-01    -3.93187365963220E-01     8.03169524343064E-01     2.91859996959772E-01    -3.19271718363766E-01    -2.06274083177801E-02     3.49574055294791E-02     9.51402086210885E-01     1.83504302451346E-01     6.46382448075782E-01     3.76327735976467E-02
         0.11652708898669     2.35346660701140E-01     5.23174228098117E-01     4.88855043219712E-01     6.57207290791433E-01     7.70962726360063E-02     6.60859552575790E-01     7.45410322695212E-01     4.15845092331143E-01    -4.18476023277237E-02    -2.67967762996560E-01     4.94951949976257E-02    -2.57334494082567E-01     2.79568925834708E-02
O QZVPP-MOLOPT-PBE-AE
 3
 1 0 0 8 1
    116506.38604434675653    -9.98096455193836E-05
     17504.60971368530591     2.33919295977431E-03
      3993.52399023383759     6.88020418607601E-03
      1133.09478918324885     4.13200618900893E-02
       369.82539210352701     1.15856592130636E-01
       133.78894948022503     3.83521465148008E-01
        52.21462909576736     4.11693815406844E-01
        21.67293595845605     8.17457382177472E-01
 1 0 1 5 2 1
       191.04192564330430    -5.10687570632457E-03     2.62695839052370E-02     1.26002594453494E-02
        45.06231751131436     7.10386627064769E-01    -6.24048153127724E-01     1.12036824182174E-01
        14.05235016622558     5.61186314944367E-01     2.63654168302179E-01     6.01861899721717E-01
         5.51919750076573     3.93930461642211E-01     7.34005739981864E-01     3.82904045403275E-01
         2.22318311118849     1.58787503341973E-01     3.99482759313348E-02     6.91690486537335E-01
 1 0 4 4 4 3 3 2 1
         4.07110969272635     8.35823185743741E-01     1.43707378138683E-01    -5.04975809725526E-01    -1.60459413041861E-01     1.72086536028372E-01     1.83573320585855E-01    -5.65096491463834E-01     5.87117703432284E-01    -6.86150954111257E-01     3.38448518372782E-01     7.96331496602705E-01    -4.06031379618403E-01     7.19190810290016E-01
         1.29660548931134    -3.21106263793023E-01     8.70808213615098E-01    -3.35156402976137E-01     1.62030885936799E-01     7.37714269017482E-01    -1.23907267761277E-01     5.94500398393531E-01     7.22514408166509E-01     6.34126435292987E-01    -1.48853997263073E-01     5.96617421514652E-01     6.47582903144410E-01     6.77717136798244E-01
         0.45442777800760     1.72702329034076E-01     4.19606306388715E-01     6.11297846324634E-01    -6.48397560346960E-01     6.52371782439809E-01     1.27228381173723E-01    -5.13977719496993E-01    -3.94104996625507E-02     3.37150724159123E-01     9.16679165386756E-01    -9.80648777410345E-02     6.03388801969736E-01     3.99419887891043E-02
         0.14870720086566     4.10443997485985E-01     2.12065537529809E-01     5.08905256619551E-01     7.26346592547185E-01    -2.39778831856476E-02     9.66830266380264E-01     2.51121754346111E-01     3.62922229719464E-01    -1.15801215165473E-01    -1.51639030780056E-01     1.69434240146108E-02    -2.27369426215928E-01    -1.47880689800770E-01
F QZVPP-MOLOPT-PBE-AE
 3
 1 0 0 8 1
    132536.04395257573924     2.19133884152562E-04
     19758.15592578060023     2.13098802939830E-03
      4485.33885808192372     9.36952235670608E-03
      1273.60032301696378     4.57116768597223E-02
       418.75079369228018     1.29815698472524E-01
       152.24712142839283     3.88984269444136E-01
        59.93506405237581     3.48051089779771E-01
        24.88806979770636     8.41734891149259E-01
 1 0 1 5 2 1
       240.82710880865446    -5.22362746235088E-02     7.61618022060436E-02     2.22155163398913E-02
        56.74054074501728     8.36915891686098E-01    -3.52431037520191E-01     9.17502257704855E-02
        18.02568816680041     5.06654331012575E-01     3.90319004241376E-01     6.94833984744179E-01
         7.22835931546723     1.13647744824332E-01     8.46604124895882E-01     5.19336475096237E-01
         2.54051853711273     1.65011335426585E-01     3.00711541924844E-02     4.88450331337750E-01
 1 0 4 4 4 3 3 2 1
         4.64152109972176     7.99092172965100E-01     3.57185510151159E-01    -4.75225254357118E-01     8.96167845059310E-02     2.14101203990999E-03     4.09061558167189E-01    -4.32260580718334E-01     5.23415929943841E-01    -8.45844703511436E-01    -9.90960844591551E-02     6.49830793177351E-01    -6.47812475723957E-01     7.18812892465629E-01
         1.55189089466188    -5.65383503262805E-01     6.20688611440661E-01    -5.16124369070663E-01    -1.69418940846506E-01     9.01357430415779E-01    -3.23634717094165E-01     1.52228377872265E-01     8.31684066132871E-01     4.84322390964955E-01     2.69070652276370E-01     7.59749389285090E-01     5.45754817250953E-01     6.81802537410497E-01
         0.54311529853246     1.47999793272877E-01     6.59726542294831E-01     7.03321697890184E-01    -2.19534826074957E-01     3.64587678140232E-01     2.81361980784028E-01    -7.13536840615867E-01    -1.67858516623561E-01    -2.20433972029506E-01     9.41600143248362E-01     1.96681952393344E-02     4.63299478087506E-01    -2.42238812327185E-02
         0.17933709925335    -1.41029268364327E-01     2.27870683409749E-01     1.14521537491829E-01     9.56593181325010E-01     2.33722107747691E-01     8.05459277239079E-01     5.29945741006902E-01     7.84913805373263E-02     3.72481291736264E-02    -1.76550617000047E-01     1.06755709662101E-02    -2.60469325156765E-01    -1.33665736760872E-01
