# Aluminium def2-TZVPP (14s,9p,3d,1f) -> [5s,5p,3d,1f]
AL TZVPP-MOLOPT-PBE-AE
 3
 1 0 0 7 1
     37792.55786386287946     9.07125443443194E-04
      5668.11561550282568     7.13561783150268E-03
      1289.88882053604061     3.60149037009471E-02
       364.87822104746232     1.40815586221543E-01
       118.58065660138945     4.00020079505258E-01
        42.10536887070177     7.29342248284309E-01
        15.39477989659810     5.35598710164880E-01
 1 0 1 5 1 1
       452.60060343582973    -6.01178317722375E-03     3.49208931516767E-03
       107.11377021272125    -9.51429351190940E-03     3.44071484760424E-02
        34.08379616927552     1.96157568586564E-01     1.47200670061863E-01
        12.69787029649314     1.48147315997626E-01     4.85731892121861E-01
         3.84177233104665    -9.51147767633180E-01     8.33240305385362E-01
 1 0 3 5 3 4 3 1
         4.01380297686038    -3.00578746235617E-02    -6.64554252649916E-03    -1.56559068312987E-02     1.28757687718610E-02     5.67326409040593E-03     3.03126636626310E-02    -1.29205909068503E-02     1.79271689080848E-02     3.54997150848632E-02     8.04182865060074E-02    -5.34999268640731E-02
         1.71750036435829     9.29244093534192E-01    -5.80863751497877E-02     1.21851630699870E-02     9.93111373952201E-01     9.61114670568524E-02    -5.49131295361736E-02     3.67626669630181E-02     9.97328409390049E-01    -9.17493087295965E-03     3.26013643836620E-02     4.82405951084243E-02
         0.67399434371051     3.56088104170230E-01    -8.24206376985165E-03    -2.36605656140983E-01    -1.00814214945660E-01     9.83902029345754E-01    -1.37257318612685E-01    -5.41575573782889E-02     9.65509500441102E-03     9.99183699484934E-01    -1.48491484429710E-02     4.03850859827950E-01
         0.21819929350761     5.54567526333703E-02     9.98093532806239E-01    -1.88420668952912E-02     3.94543576639473E-02     1.43287884709852E-01     9.88066847250792E-01     2.60308394992848E-02    -1.77197410625942E-02     9.06999809772345E-03     9.65221967914631E-01     9.09220700828478E-01
         0.07037644056582     7.56818965192143E-02     1.79771505434382E-02     9.71220445820338E-01    -4.29402053036687E-02     4.62144860344045E-02    -3.08224670874227E-02     9.97432162616668E-01    -6.78782023597144E-02     1.43269218772935E-02     2.46162762580546E-01    -7.09422512352173E-02

# Silicon def2-TZVPP (14s,9p,3d,1f) -> [5s,5p,3d,1f]
Si TZVPP-MOLOPT-PBE-AE
     3
 1 0 0 7 1
  44773.3580780              0.55914765868E-03
   6717.1992104              0.43206040189E-02
   1528.8960325              0.22187096460E-01
    432.54746585             0.86489249116E-01
    140.61505226             0.24939889716
     49.857636724            0.46017197366
     18.434974885            0.34250236575
 1 0 1 5 1 1
    394.47503628             0.00               0.26285693959E-02
     93.137683104            0.021              0.20556257749E-01
     29.519608742            0.096              0.92070262801E-01
     10.781663791            0.00               0.25565889739
      4.1626574778          -0.326              0.42111707185
 1 0 3 5 3 4 3 1
      5.0000000000           0.000         0.00 0.00 0.00 0.00 0.00 0.00 0.00 0.00 0.00 0.00
      2.1035045710           1.3980803850  0.00 0.00 0.34 0.00 0.00 0.00 1.00 0.00 0.00 0.00
      1.0106094922           0.63865786699 0.00 0.00 0.00 1.00 0.00 0.00 0.00 1.00 0.00 0.00
      0.23701751489          0.0000000     1.00 0.00 0.00 0.00 1.00 0.00 0.00 0.00 1.00 1.00
      0.85703405362E-01      0.0000000     0.00 1.00 0.00 0.00 0.00 1.00 0.00 0.00 0.00 0.00

# Phosphorus def2-TZVPP (14s,9p,3d,1f) -> [5s,5p,3d,1f]
P TZVPP-MOLOPT-PBE-AE
     3
1 0 0 7 1
  52426.9992330              0.55207164100E-03
   7863.2660552              0.42678595308E-02
   1789.5227333              0.21931529186E-01
    506.27300165             0.85667168373E-01
    164.60698546             0.24840686605
     58.391918722            0.46336753971
     21.643663201            0.35350558156
1 0 1 5 1 1
    472.27219248             0.00    0.25710623052E-02
    111.58882756             0.021   0.20250297999E-01
     35.445936418            0.095   0.91580716787E-01
     12.990776875            0.00    0.25749454014
      5.0486221658          -0.295   0.42862899758
 1 0 3 5 3 4 3 1
      5.0000000000           0.000         0.00 0.00 0.00 0.00 0.00 0.00 0.00 0.00 0.00 0.00
      2.6503362563           1.339         0.00 0.00 0.34 0.00 0.00 0.00 1.00 0.00 0.00 0.00
      1.2726688867           0.661         0.00 0.00 0.00 1.00 0.00 0.00 0.00 1.00 0.00 0.00
      0.31645005203          0.0000000     1.00 0.00 0.00 0.00 1.00 0.00 0.00 0.00 1.00 1.00
      0.11417466938          0.0000000     0.00 1.00 0.00 0.00 0.00 1.00 0.00 0.00 0.00 0.00

# Sulfur def2-TZVPP (14s,9p,3d,1f) -> [5s,5p,3d,1f]
S TZVPP-MOLOPT-PBE-AE
     3
1 0 0 7 1
  60700.9281040              0.54695944225E-03
   9102.6106854              0.42297224557E-02
   2071.4166009              0.21747824159E-01
    586.02476821             0.85100053589E-01
    190.55395021             0.24799128459
     67.630384260            0.46703640406
     25.127306905            0.36434587550
1 0 1 5 1 1
    564.36716027             0.00   0.24796796317E-02
    133.42624379             0.021  0.19677930250E-01
     42.468271189            0.094  0.89980008258E-01
     15.616527580            0.00   0.25705880575
      6.1093988469          -0.261  0.43515167292
 1 0 3 5 3 4 3 1
      7.0000000000           0.000         0.00 0.00 0.00 0.00 0.00 0.00 0.00 0.00 0.00 0.00
      3.2399032261           1.2842089     0.00 0.00 0.34 0.00 0.00 0.00 1.00 0.00 0.00 0.00
      1.5477160881           0.6603641     0.00 0.00 0.00 1.00 0.00 0.00 0.00 1.00 0.00 0.00
      0.40541030112          0.0000000     1.00 0.00 0.00 0.00 1.00 0.00 0.00 0.00 1.00 1.00
      0.14550651059          0.0000000     0.00 1.00 0.00 0.00 0.00 1.00 0.00 0.00 0.00 0.00

# Chlorine def2-TZVPP (14s,9p,3d,1f) -> [5s,5p,3d,1f]
Cl TZVPP-MOLOPT-PBE-AE
     3
1 0 0 7 1
  69507.9909450              0.54314897497E-03
  10426.1568800              0.41990463961E-02
   2373.2334061              0.21592141679E-01
    671.56420071             0.84598850094E-01
    218.41999790             0.24757249724
     77.572249714            0.47016930228
     28.888815277            0.37436370716
1 0 1 5 1 1
    666.50423284             0.00   0.23632663836E-02
    157.64241690             0.025  0.18879300374E-01
     50.262520978            0.10   0.87206341273E-01
     18.536078105            0.00   0.25285612970
      7.2940532777          -0.274  0.43507154820
 1 0 3 5 3 4 3 1
      8.0000000000           0.000         0.00 0.00 0.00 0.00 0.00 0.00 0.00 0.00 0.00 0.00
      3.8745627630           1.321         0.00 0.00 0.34 0.00 0.00 0.00 1.00 0.00 0.00 0.00
      1.8385832573           0.686         0.00 0.00 0.00 1.00 0.00 0.00 0.00 1.00 0.00 0.00
      0.5022905754           0.0000000     1.00 0.00 0.00 0.00 1.00 0.00 0.00 0.00 1.00 1.00
      0.1796272342           0.0000000     0.00 1.00 0.00 0.00 0.00 1.00 0.00 0.00 0.00 0.00

#########################################################################################################
H TZVPP-MOLOPT-PBE-AE
 1
 1 0 2 5 3 2 1
        34.17773832674855    -4.67038702307212E-01     3.25930727691839E-01    -1.51283436822271E-01    -1.00054440080746E-01     7.49322156514700E-02     1.29694886730211E-02
         4.94770130521271    -8.38132979846024E-02     2.28656356488893E-01    -2.28133785557744E-02     1.35570007424312E-01    -4.78523016653350E-02    -4.42398660674758E-02
         1.06512662518152     8.14717082181122E-01     2.11440298046549E-01     2.96545250287854E-01     9.76472815332876E-01     6.34720246090092E-02     9.35175251752971E-01
         0.29382327136550    -1.33307568322592E-01     8.19165770735029E-01     3.66068869122815E-01    -2.64980945419224E-02     9.79893619096044E-01     2.87655408521357E-01
         0.09137129667664    -3.05475612542697E-01    -3.54606643763996E-01     8.68704419864991E-01     1.31941555275947E-01    -1.66958430843673E-01    -2.01435451376045E-01
B TZVPP-MOLOPT-PBE-AE
 2
 1 0 0 6 1
      8564.80531006148340     1.00723669596127E-03
      1284.26614803616758     9.21364073167854E-03
       292.31785189481565     4.21623259389944E-02
        82.77308878311261     1.90049892745239E-01
        26.95568047921473     3.41702700961822E-01
         9.93743674102964     9.19378450363635E-01
 1 0 3 6 4 3 2 1
        22.23057034145713     1.54915003925586E-01     7.85648430896787E-02    -1.44924950775113E-01     1.93636878767224E-01     9.70834670165609E-02    -3.65043061883135E-02    -1.16468218308651E-01    -2.57274893108164E-01     2.54777539434151E-01     1.57230020677503E-02
         4.31223978077565     8.40577323658579E-01    -4.72404657678182E-02     1.09544854574729E-01    -2.64275338857243E-01     2.25251498082828E-01    -1.66839900388696E-01     1.70635649025893E-01    -9.90163264229694E-02     7.44259964734380E-02    -8.79553022622653E-03
         1.67649986484153     5.07136568488342E-01     1.59803272763750E-01    -2.51296019960993E-01     2.27851637110877E-01     4.75178424905118E-01    -1.04640150185606E-01    -1.60186863537801E-01     6.50277374120075E-01    -3.98358123615067E-01     1.48891309419525E-01
         0.62700215356366    -9.19390082275360E-02     8.57064425420469E-01    -3.56947252434912E-01    -3.23611615200573E-01     8.42584480303221E-01     5.11685957145825E-02     1.03196757312866E-02     6.85288703154944E-01     3.75882407686289E-01     8.68306790847464E-01
         0.23103729637982     2.61803130072280E-02     4.01370616563691E-01     8.80465553956233E-01    -3.53599117605669E-02     5.05730432231186E-02     9.77438575296457E-01     4.98211934671431E-02     1.15113313827311E-01     7.84634506932269E-01     4.15783819056777E-01
         0.08152722512503     5.57262540331402E-02     2.65331899092989E-01     3.48720677119598E-02     8.57188506144729E-01     3.91891362431197E-02    -4.33350732336226E-02     9.63882851351633E-01     1.35177851341458E-01    -1.17987660040416E-01    -2.25108721759279E-01
C TZVPP-MOLOPT-PBE-AE
 2
 1 0 0 6 1
     13575.36958405577388     4.58147950944622E-04
      2035.23751738363671     1.21337901046264E-02
       463.11111195382159     3.94772659786306E-02
       131.31855343946540     2.27675432947388E-01
        42.89959282566456     1.83999091958326E-01
        15.85510154272720     9.55302223434937E-01
 1 0 3 6 4 3 2 1
        34.41721150609357     9.02610706533540E-02     1.45960387814647E-01    -5.81350391534647E-01    -1.86791853710472E-01     2.24000414781332E-02     1.35113513652918E-02    -9.87851280080972E-02     2.98612069007889E-01    -2.24236690578969E-01     1.44118218013727E-02
         6.73967331854110     8.42948760302444E-01    -1.29849205041561E-01    -5.44525843040444E-02    -6.71931413988590E-02     1.91277633948411E-01    -1.66915456837718E-01     1.05142388826124E-01     1.25840321584798E-01    -1.04282075437448E-01    -2.31687139463439E-02
         2.44162428858657     4.59593591138479E-01    -1.00655279581068E-01    -1.37653511557023E-01    -1.93557517366445E-02     2.11051684448653E-01     1.99160136414799E-01    -1.81772636941788E-01     6.58919643733437E-01    -3.51581809254503E-01     1.16047272341388E-01
         0.80676393803573     8.72690243543751E-03     8.01077547688240E-01    -4.00910108714892E-01     7.51099749711393E-02     9.43473200180869E-01    -1.64395137159315E-01    -5.93836313870155E-02     6.64977833395214E-01     3.14836909427245E-01     7.81790432912519E-01
         0.28395954992898     1.42303776998465E-01     4.59233425841999E-01     5.88311261894914E-01    -6.15166888615124E-01     1.43785506703447E-01     9.46250030657811E-01    -5.39147063185987E-02     1.17179343018990E-01     8.44845722597378E-01     5.98727626814855E-01
         0.09709795396584     2.23019133348180E-01     3.14774025311408E-01     3.65074092396285E-01     7.59043760808618E-01     8.69042000524980E-02     9.93832585229523E-02     9.69387473501416E-01     6.99530662023376E-02     4.84439079059064E-02    -1.26954671295191E-01
N TZVPP-MOLOPT-PBE-AE
 2
 1 0 0 6 1
     19730.75824182919678     7.22964064508883E-04
      2958.00601959929054     8.10852260928819E-03
       673.38751790289609     3.22944067450557E-02
       190.67517365843383     1.62881946262878E-01
        62.36644795836300     2.92108641483281E-01
        22.83385778926520     9.41824194650706E-01
 1 0 3 6 4 3 2 1
        49.27018969922231     7.90153286191207E-02    -6.79831257458342E-02    -2.20769484607356E-02    -3.43103579795470E-01     9.13540230902624E-02    -1.48245230759408E-01     3.97755478922931E-02    -3.62727818728141E-02     4.31462803116720E-02     2.98117256722158E-02
         8.60862515112235     8.66559838210787E-01    -2.48285195558705E-02    -1.93669978112821E-01    -1.70341376197877E-01     8.56964280926226E-02     1.73443828861939E-02    -1.70060403621914E-02    -2.52571416739013E-01     2.32697746208576E-01    -4.45634770018399E-02
         2.98737804271963     4.31666468498623E-01     4.90519136613345E-02    -1.13211501250090E-01     2.49960726953066E-01     4.37091135835993E-01    -1.32674225885002E-01    -7.82208041738156E-03     5.04712730634885E-01    -2.80541189526024E-01     8.66643487461023E-02
         0.93055037824227    -1.19116201118466E-01     8.49738919705135E-01    -4.81863688217323E-01    -1.77595897015558E-01     8.70196988886698E-01    -1.14638913303163E-01    -8.30619169867095E-02     7.79832477996793E-01     3.02948048327394E-01     9.57010146256693E-01
         0.32203179478436     1.54513789720171E-01     3.93935276614361E-01     8.01001492186483E-01    -3.89360785087712E-01     1.64439471244190E-01     9.66294224090141E-01    -1.22235496450782E-01     2.11827659005198E-02     8.57338128183533E-01     2.69002884270538E-01
         0.11351161197277     1.35762675410626E-01     3.39285300556578E-01     2.74575489441008E-01     7.79513476770454E-01     9.47563426924374E-02     1.15123697699062E-01     9.88041859838406E-01     2.67524991294118E-01    -1.96164758204469E-01     3.71978010403736E-02
O TZVPP-MOLOPT-PBE-AE
 2
 1 0 0 6 1
     27032.34110717467047     7.35264897360634E-04
      4052.43915960016602     8.66846509689763E-03
       922.34965292725667     3.34607178584762E-02
       261.27735857055188     1.68914563970243E-01
        85.30942400544160     3.28333881314405E-01
        31.08080221478707     9.28692322525900E-01
 1 0 3 6 4 3 2 1
        62.91495630413323     1.16332726109966E-01    -5.81371416541881E-02     1.11937556008261E-02     5.75105170781196E-02    -1.16673038976174E-01     1.57254063503839E-01    -3.81929188419382E-02     1.36166697203113E-01    -8.71583721921845E-02     3.21000644845466E-04
        12.30944986692977     8.69241308775708E-01    -1.42460076990704E-02    -1.06600413011436E-01    -2.47597695986788E-02     1.45932079266690E-01    -6.05243600472558E-02     1.73638156652357E-02    -3.58452443966721E-02     4.76694147153259E-02     4.38837435813283E-02
         4.39539910954103     4.65741956926282E-01    -6.40342096322615E-02    -3.00344470998382E-02    -3.98106989985226E-03     3.91422103647488E-01     5.26377359502661E-02    -3.09523103597808E-02     7.70731222820743E-01    -3.53322944888660E-01    -1.34769543790620E-01
         1.33540846189799     9.21608149605863E-03     9.33076668604289E-01    -3.27550581669708E-01    -1.21459202569880E-01     9.00080356671289E-01     4.50466786404857E-02    -1.97504472088648E-02     5.53665920222864E-01     3.94485051877056E-01     9.40647803425498E-01
         0.45443287552085     9.32917636734327E-02     2.31107250617785E-01     8.41720615852045E-01    -4.78471205438802E-01    -3.61150582409544E-02     9.80775789580233E-01    -6.12678902654526E-02     1.14853463706434E-01     8.35162106564474E-01     2.94962206933611E-01
         0.14893102365245     7.19887781862831E-02     2.61293155746377E-01     4.14519004469322E-01     8.67396456641546E-01     2.07610475621550E-02     6.99062044682833E-02     9.96563053096360E-01     2.57701109533086E-01    -1.10361865139449E-01     8.99460419695147E-02
F TZVPP-MOLOPT-PBE-AE
 2
 1 0 0 6 1
     35479.02878767263610     6.72585320603450E-04
      5318.56312951047130     8.20097950478645E-03
      1210.53207767191157     3.41581776414553E-02
       342.85143677005027     1.67981165419731E-01
       112.04698837680320     3.40179960458393E-01
        40.78491787387953     9.24567700620738E-01
 1 0 3 6 4 3 2 1
        79.87901815644609     1.16918239284466E-01    -1.68147951461107E-02    -2.12818697913284E-02    -7.26226478741196E-03    -2.45424567087636E-01     2.14619427519455E-01     6.35891870315225E-02     1.01451133211560E-01    -3.43565246327839E-02    -1.31870850864618E-02
        16.19635642859436     8.53271420269594E-01     1.38508493183797E-02     1.47303644984200E-01    -9.44612873543647E-02    -1.04048621424425E-01     1.57592183640012E-01     5.70164828779390E-02     5.65110690465166E-02     4.45853785965377E-03     1.05680763536942E-01
         5.77801148801512     4.75828101997680E-01     9.06865843118718E-03     4.56280442532807E-02    -3.42227538288149E-02     3.85471543429814E-01     1.08618595980577E-01    -3.86557846134089E-02     7.78219890128867E-01    -1.58938198405914E-01    -1.90738906372033E-01
         1.80048565891898     5.42202862380103E-03     9.84951172129336E-01    -1.65338157360212E-01    -4.82246452283452E-02     8.82036252116551E-01     2.29685585491657E-02     9.54990517737228E-02     5.96805252189064E-01     2.06883586435839E-01     7.91345089335059E-01
         0.61342852936985    -1.78123417267227E-01     1.16155230853301E-01     8.34960810060314E-01    -5.05012861636734E-01     2.35771402740000E-03     9.52591193174218E-01     7.86110613461028E-02     2.14870962580005E-02     9.58447372992515E-01     5.67195057415070E-01
         0.19458219035665     9.39552285204502E-03     1.25786831338083E-01     5.01268928973589E-01     8.55856016509765E-01    -4.85679584923393E-02    -9.66833470619191E-02     9.87882330256585E-01     1.55723360184243E-01    -1.10073678097833E-01    -6.58715646571095E-02
