# Aluminium def2-SVP (10s,7p,1d) -> [4s,3p,1d]
Al SVP-MOLOPT-PBE-AE
    3
1 0 0 5 1
   5887.5727030              0.13483347987E-02
    885.61225996             0.10071576809E-01
    201.13604899             0.45132454056E-01
     56.284974674            0.11461268043
     17.229551243            0.10159608943
1 0 0 5 3
     29.340249922            0.69347454208E-01  0.00  0.00
      3.0439630420          -0.42528117679      0.00  0.00
      1.1285539518          -0.41449832210      0.00  0.00
      0.14234175160          0.0000000          1.00  0.00
      0.54400192313E-01      0.0000000          0.00  1.00
1 1 2 7 3 1                                                      
    145.11918809             0.63963373134E-02  0.00  0.00  0.00
     33.717894833            0.44189359965E-01  0.00  0.00  0.00
     10.369863083            0.15581575993      0.00  0.00  0.00
      3.5135616036           0.28635286951      0.00  0.00  0.00
      1.1980050273           0.22921423248      0.00  0.00  0.00
      0.26583005913          0.0000000          1.00  0.00  1.00
      0.71003361994E-01      0.0000000          0.00  1.00  0.00

# Silicon def2-SVP (10s,7p,1d) -> [4s,3p,1d]
Si SVP-MOLOPT-PBE-AE
    3
1 0 0 5 1
   6903.7118686              0.13373962995E-02
   1038.4346419              0.99966546241E-02
    235.87581480             0.44910165101E-01
     66.069385169            0.11463638540
     20.247945761            0.10280063858
1 0 0 5 3
     34.353481730            0.70837285010E-01  0.00  0.00
      3.6370788192          -0.43028836252      0.00  0.00
      1.4002048599          -0.41382774969      0.00  0.00
      0.20484414805          0.0000000          1.00  0.00
      0.77994095468E-01      0.0000000          0.00  1.00
1 1 2 7 3 1                                                      
    179.83907373             0.61916656462E-02  0.00  0.00  0.00
     41.907258846            0.43399431982E-01  0.00  0.00  0.00
     12.955294367            0.15632019351      0.00  0.00  0.00
      4.4383267393           0.29419996982      0.00  0.00  0.00
      1.5462247904           0.23536823814      0.00  0.00  0.00
      0.35607612302          0.0000000          1.00  0.00  1.00
      0.10008513762          0.0000000          0.00  1.00  0.00

# Phosphorus def2-SVP (10s,7p,1d) -> [4s,3p,1d]
P SVP-MOLOPT-PBE-AE
    3
1 0 0 5 1
   8002.4795106              0.57503489302E-02
   1203.6813590              0.43007628959E-01
    273.44227031             0.19363986252
     76.655541517            0.49651693399
     23.516927435            0.44983262479
1 0 0 5 3
     39.791683439            0.95188129789E-01  0.00  0.00
      4.2770343323          -0.57649840368      0.00  0.00
      1.6940256888          -0.54239583865      0.00  0.00
      0.27567674644          0.0000000          1.00  0.00
      0.10495590099          0.0000000          0.00  1.00
1 1 2 7 3 1                                                      
    219.50755823             0.92100565257E-02  0.00  0.00  0.00
     51.274155030            0.65409765745E-01  0.00  0.00  0.00
     15.921595892            0.24033730279      0.00  0.00  0.00
      5.5069913481           0.46318321788      0.00  0.00  0.00
      1.9537719426           0.37392563382      0.00  0.00  0.00
      0.47803397932          0.0000000          1.00  0.00  1.00
      0.13657952621          0.0000000          0.00  1.00  0.00

# Sulfur def2-SVP (10s,7p,1d) -> [4s,3p,1d]
S SVP-MOLOPT-PBE-AE
    3
1 0 0 5 1
   9184.9303010             -0.22294387756E-02
   1381.5105503             -0.16683029937E-01
    313.87147580            -0.75262436116E-01
     88.053870623           -0.19376827038
     27.039914905           -0.17718020803
1 0 0 5 3
     45.648731303           -0.10736062573      0.00  0.00        
      4.9664522326           0.65066293018      0.00  0.00
      2.0116242047           0.59712155354      0.00  0.00
      0.35661077013          0.0000000          1.00  0.00
      0.13507221477          0.0000000          0.00  1.00
1 1 2 7 3 1                                                     
    261.98233439            -0.92729929822E-02  0.00  0.00  0.00
     61.306894736           -0.66547669241E-01  0.00  0.00  0.00
     19.103729887           -0.24828595903      0.00  0.00  0.00
      6.6567720378          -0.48703847402      0.00  0.00  0.00
      2.3959635161          -0.39337850312      0.00  0.00  0.00
      0.61776161679          0.0000000          1.00  0.00  1.00
      0.16993376871          0.0000000          0.00  1.00  0.00

# Chlorine def2-SVP (10s,7p,1d) -> [4s,3p,1d]
Cl SVP-MOLOPT-PBE-AE
    3
1 0 0 5 1
  10449.8275660              0.19708362484E-02
   1571.7365221              0.14754727977E-01
    357.12065523             0.66679112875E-01
    100.25185935             0.17228924084
     30.812727554            0.15883786100
1 0 0 5 3
     51.923789434           -0.10009298909      0.00  0.00
      5.7045760975           0.60841752753      0.00  0.00
      2.3508376809           0.54352153355      0.00  0.00
      0.44605124672          0.0000000          1.00  0.00
      0.16848856190          0.0000000          0.00  1.00
1 1 2 7 3 1                                                     
    307.66790569            -0.87801484118E-02  0.00  0.00  0.00
     72.102015515           -0.63563355471E-01  0.00  0.00  0.00
     22.532680262           -0.24016428276      0.00  0.00  0.00
      7.8991765444          -0.47798866557      0.00  0.00  0.00
      2.8767268321          -0.38515850005      0.00  0.00  0.00
      0.77459363955          0.0000000          1.00  0.00  1.00
      0.21037699698          0.0000000          0.00  1.00  0.00

##########################################################################################################

H SVP-MOLOPT-PBE-AE
 1
 2 0 1 4 2 1
        12.24885489931877     9.13601065893484E-02    -2.92233653979741E-02    -2.98536765580705E-02
         1.44668572118719     5.46801357436806E-01    -1.89238960127749E-01     5.05674686289909E-01
         0.37494771895490     8.27248429081306E-01     2.01024168753658E-02     8.56401740098416E-01
         0.11192006491493     9.12230399173390E-02     9.81290224001214E-01     9.98895850325395E-02
B SVP-MOLOPT-PBE-AE
 2
 1 0 0 7 3
       839.32456154418310    -8.08476454892380E-03     5.42293630939444E-04    -1.13144893476012E-02
       126.17464277453013    -6.41169920724297E-02    -5.12563384317109E-03     2.30412615722160E-03
        28.33953198324206    -2.91109630498128E-01    -2.28967091806254E-02    -6.99056120213031E-02
         7.32911140552824    -7.26249894486993E-01    -1.08394696106634E-01    -8.67168157611795E-02
         2.20803105428043    -5.68884621430622E-01    -2.26861207294684E-01    -2.76166553285829E-02
         0.41020916208509    -1.15808224697267E-01     7.75218638612267E-01    -6.08610498585152E-01
         0.15169365534375    -2.15867237650488E-01     5.79024886626571E-01     7.85041816698970E-01
 2 1 2 4 2 1
         4.51087315495629    -1.52985966036637E-01    -5.36515554588876E-02    -1.48772523857171E-02
         0.88127364942332    -6.63754996160475E-01    -4.70275872066633E-01     6.10603551954354E-01
         0.27962536944541    -7.24172708216807E-01     3.20342150992908E-01     7.91418589257257E-01
         0.08213372463735    -1.07696276359866E-01     8.20574811364599E-01     2.44660229753563E-02
C SVP-MOLOPT-PBE-AE
 2
 1 0 0 7 3
      1238.39426419178358    -4.78406537374023E-03     1.27146911459612E-03    -5.36949721028150E-02
       186.27092160057330     7.27577956373038E-02    -3.87014813633048E-03     3.12678868824766E-02
        40.80523427140306     2.82729712730794E-01     3.91219182985263E-02    -1.20909941390479E-01
        10.50190712188572     7.36614416920618E-01    -1.03553210086324E-02    -1.50059003947040E-01
         3.17652800649052     5.70205094939138E-01    -6.02785487183452E-02    -1.16302283183317E-01
         0.52377208128119    -9.67834489581362E-02     8.18843449080163E-01    -5.58118156557377E-01
         0.16127813865472     1.94024843588592E-01     5.69392264276621E-01     7.96228706387492E-01
 2 1 2 4 2 1
         4.14554558811762     2.38798494806177E-01    -1.02514582239433E-01     4.69156263784244E-02
         0.93752931792561     7.23206993243051E-01    -3.26894283377303E-01     7.30958288976847E-01
         0.30089930346209     6.40598750295380E-01     2.69762855262236E-01     6.78270396676493E-01
         0.09693513829087     9.78783169177316E-02     8.99921602054468E-01     5.87211441464886E-02
N SVP-MOLOPT-PBE-AE
 2
 1 0 0 7 3
      1713.05443342227522    -9.02267109872643E-03     3.54744015758891E-03    -8.48014533315063E-04
       257.99755360302373    -6.07027609710637E-02    -1.29122509479344E-02     9.61884783760315E-03
        57.69202644388076    -2.91056886183100E-01     6.69817372653438E-02    -5.03673508979993E-02
        14.65138025783163    -7.56095560798595E-01     1.02708502879653E-04    -1.06274936690860E-02
         4.40348733402154    -5.81552253154902E-01     5.46385314023666E-03    -2.00461137804447E-02
         0.66662912936985     3.60183764403149E-02     8.64889333414764E-01    -4.94508900898556E-01
         0.19101191930887    -1.84068349221356E-02     4.97263223073951E-01     8.67361542399629E-01
 2 1 2 4 2 1
        12.26817365346670    -9.79706976890647E-02    -2.60660726440464E-02    -3.94693063065687E-03
         2.32535393155006    -4.60186859856937E-01    -1.68910278576476E-01     2.13621248384777E-01
         0.63407322138920    -8.34182297956770E-01    -2.33857785713778E-01     9.18261304642697E-01
         0.16638378906980    -2.87697219633581E-01     9.57131346111484E-01     3.33386502985678E-01
O SVP-MOLOPT-PBE-AE
 2
 1 0 0 7 3
      2266.11882679815517    -6.53195164418799E-03     4.31511781018852E-03    -1.50255386286268E-02
       340.90332514956907    -6.49692043203330E-02    -8.38643395903427E-03     2.78970138112306E-02
        76.92814265988143    -2.68398557546813E-01     9.66356731438743E-02    -1.03149893654597E-01
        19.69260394517260    -7.46654382968193E-01     7.27513962145947E-02    -4.77845342576544E-02
         5.94653840051691    -5.84020787076508E-01     6.76448442348492E-02    -6.55152912382770E-02
         0.94188304160944     1.58317373375200E-01     7.83140450398519E-01    -5.91846167956205E-01
         0.29333843489112    -7.81743877443225E-03     6.06131205686227E-01     7.94668854066698E-01
 2 1 2 4 2 1
        16.36868614237306     1.01723539743118E-01    -2.55855611750852E-02     8.33706707858758E-03
         2.90797745788635     5.10732722414240E-01    -9.49942456369113E-02     1.82905409616553E-01
         0.75006795444374     8.35859133120747E-01    -1.43391921218567E-01     8.94419927848460E-01
         0.19193642427748     1.73620037138872E-01     9.84764047518226E-01     4.08030755106872E-01
F SVP-MOLOPT-PBE-AE
 2
 1 0 0 7 3
      2894.85760373222138    -1.89225166552882E-02    -1.69242373474079E-02     1.56429205622782E-01
       435.72006333230098    -5.47718508603712E-02     4.35884037952142E-03    -7.98432634961778E-02
        98.52635730461387    -2.73685193620500E-01     1.03734081139359E-01    -3.50907504362976E-02
        25.52164954648142    -7.37742492792940E-01     9.09854482000018E-02     1.19033433504315E-02
         7.74033527583515    -5.97666004055640E-01     7.53553007481536E-02    -4.08316440936977E-03
         1.29027540045465     1.18958584280118E-01     8.03005387331711E-01    -5.67628929674378E-01
         0.39691722964189     7.82215741311875E-02     5.74594975519432E-01     8.03469123562648E-01
 2 1 2 4 2 1
        20.86106496273842    -1.10459850494974E-01    -4.27931460741902E-02     1.87770753897563E-02
         3.47280160970880    -5.28022336274227E-01    -8.76852813264231E-03     1.42075306386988E-01
         0.85628499813330    -8.26328796839365E-01    -1.81029642926015E-01     9.03974169721402E-01
         0.22140677163303    -1.61776862802262E-01     9.82507062542321E-01     4.02855717635176E-01
