AL QZVPP-MOLOPT-PBE-AE
 3
 1 0 0 10 1
    754550.78264999995008     2.63576407285971E-05
    112999.38921999999729     2.04893777995649E-04
     25715.83175900000060     1.07701628040773E-03
      7283.60302830000001     4.53437509668563E-03
      2376.00087960000019     1.63609226241136E-02
       857.65468086999999     5.18812136631830E-02
       334.38922597999999     1.44233127219019E-01
       138.48504731000000     3.37470676346289E-01
        60.15036880800000     6.09621399899913E-01
        27.12761086000000     7.00493392606256E-01
 1 0 1 8 2 2
      1489.61195219999991     0.00000000000000E+00     0.00000000000000E+00     3.68816528992806E-04     2.83259653137790E-04
       353.01399266999999     3.70157172491383E-02    -3.43787542339930E-02     3.20029780446600E-03     2.45790298093813E-03
       114.40764068999999     3.70157172491383E-02    -3.43787542339930E-02     1.72598406555387E-02     1.32559581606951E-02
        43.31218611100000     2.66513164193796E-01    -2.47527030484750E-01     6.73908249642562E-02     8.74687833482205E-02
        18.02732221600000     9.62408648477597E-01     7.11904664599302E-02     1.99110254366894E-01     1.52921295968391E-01
         7.96754324030000     0.00000000000000E+00     9.65038076543748E-01     4.25276145120607E-01     3.26621948543389E-01
         3.60903995410000     0.00000000000000E+00     0.00000000000000E+00     6.33248252981836E-01     4.86349353646364E-01
         1.64560816300000     0.00000000000000E+00     0.00000000000000E+00     6.11262753463903E-01    -7.90926580768759E-01
 1 0 4 6 6 4 4 2 1
         4.58787859940000     1.00000000000000E+00     0.00000000000000E+00     0.00000000000000E+00     0.00000000000000E+00     0.00000000000000E+00     0.00000000000000E+00     0.00000000000000E+00     0.00000000000000E+00     0.00000000000000E+00     0.00000000000000E+00     0.00000000000000E+00     0.00000000000000E+00     0.00000000000000E+00     0.00000000000000E+00     0.00000000000000E+00     0.00000000000000E+00     0.00000000000000E+00
         2.05713381030000     0.00000000000000E+00     1.00000000000000E+00     0.00000000000000E+00     0.00000000000000E+00     0.00000000000000E+00     0.00000000000000E+00     0.00000000000000E+00     0.00000000000000E+00     0.00000000000000E+00     0.00000000000000E+00     1.00000000000000E+00     0.00000000000000E+00     0.00000000000000E+00     0.00000000000000E+00     0.00000000000000E+00     0.00000000000000E+00     0.00000000000000E+00
         0.90864549395000     0.00000000000000E+00     0.00000000000000E+00     1.00000000000000E+00     0.00000000000000E+00     0.00000000000000E+00     0.00000000000000E+00     1.00000000000000E+00     0.00000000000000E+00     0.00000000000000E+00     0.00000000000000E+00     0.00000000000000E+00     7.07106781186548E-01    -7.07106781186547E-01     0.00000000000000E+00     7.07106781186548E-01    -4.08248290463863E-01     7.07106781186548E-01
         0.24226988038000     0.00000000000000E+00     0.00000000000000E+00     0.00000000000000E+00     1.00000000000000E+00     0.00000000000000E+00     0.00000000000000E+00     0.00000000000000E+00     1.00000000000000E+00     0.00000000000000E+00     0.00000000000000E+00     0.00000000000000E+00     7.07106781186548E-01     7.07106781186547E-01     0.00000000000000E+00     7.07106781186548E-01     4.08248290463863E-01     7.07106781186548E-01
         0.11248136869000     0.00000000000000E+00     0.00000000000000E+00     0.00000000000000E+00     0.00000000000000E+00     1.00000000000000E+00     0.00000000000000E+00     0.00000000000000E+00     0.00000000000000E+00     1.00000000000000E+00     0.00000000000000E+00     0.00000000000000E+00     0.00000000000000E+00     0.00000000000000E+00     1.00000000000000E+00     0.00000000000000E+00     8.16496580927726E-01     0.00000000000000E+00
         0.04815649281700     0.00000000000000E+00     0.00000000000000E+00     0.00000000000000E+00     0.00000000000000E+00     0.00000000000000E+00     1.00000000000000E+00     0.00000000000000E+00     0.00000000000000E+00     0.00000000000000E+00     1.00000000000000E+00     0.00000000000000E+00     0.00000000000000E+00     0.00000000000000E+00     0.00000000000000E+00     0.00000000000000E+00     0.00000000000000E+00     0.00000000000000E+00
SI QZVPP-MOLOPT-PBE-AE
 3
 1 0 0 10 1
    918070.69565000000875     2.51140113639067E-05
    137485.25385999999708     1.95234292473228E-04
     31287.77271399999881     1.02630915874125E-03
      8861.61056970000027     4.32205572283303E-03
      2890.69431560000021     1.56048844815178E-02
      1043.40639790000000     4.95732882942886E-02
       406.80160275999998     1.38401814063375E-01
       168.48360206999999     3.26818211415840E-01
        73.18562882300000     6.00841895438603E-01
        32.99848542000000     7.14354964762877E-01
 1 0 1 8 2 2
      1775.88505160000000     0.00000000000000E+00     0.00000000000000E+00     3.66769417905064E-04     2.70811907457618E-04
       420.83786849000001     3.03115905697218E-02    -1.07382583195468E-01     3.18755995309765E-03     2.35360187870771E-03
       136.42290242999999     3.03115905697218E-02    -1.07382583195468E-01     1.72673719689813E-02     1.27497269712669E-02
        51.70099173700000     2.68257576542038E-01    -9.50335861279893E-01     6.78157234703082E-02     1.03888483331025E-01
        21.55945600200000     9.62393000588668E-01     2.71661024841512E-01     2.01406359253058E-01     1.48712617957512E-01
         9.55592000950000     0.00000000000000E+00     0.00000000000000E+00     4.31621144618126E-01     3.18696542750821E-01
         4.35298194730000     0.00000000000000E+00     0.00000000000000E+00     6.41275701029627E-01     4.73499390418116E-01
         2.00969643810000     0.00000000000000E+00     0.00000000000000E+00     5.97492018103297E-01    -8.00721182987571E-01
 1 0 4 6 6 4 4 2 1
         5.72575147730000     1.00000000000000E+00     0.00000000000000E+00     0.00000000000000E+00     0.00000000000000E+00     0.00000000000000E+00     0.00000000000000E+00     0.00000000000000E+00     0.00000000000000E+00     0.00000000000000E+00     0.00000000000000E+00     0.00000000000000E+00     0.00000000000000E+00     0.00000000000000E+00     0.00000000000000E+00     0.00000000000000E+00     0.00000000000000E+00     0.00000000000000E+00
         2.61465210290000     0.00000000000000E+00     1.00000000000000E+00     0.00000000000000E+00     0.00000000000000E+00     0.00000000000000E+00     0.00000000000000E+00     0.00000000000000E+00     0.00000000000000E+00     0.00000000000000E+00     0.00000000000000E+00     1.00000000000000E+00     0.00000000000000E+00     0.00000000000000E+00     0.00000000000000E+00     0.00000000000000E+00     0.00000000000000E+00     0.00000000000000E+00
         1.17578331520000     0.00000000000000E+00     0.00000000000000E+00     1.00000000000000E+00     0.00000000000000E+00     0.00000000000000E+00     0.00000000000000E+00     1.00000000000000E+00     0.00000000000000E+00     0.00000000000000E+00     0.00000000000000E+00     0.00000000000000E+00     7.07106781186548E-01    -7.07106781186547E-01     0.00000000000000E+00     7.07106781186548E-01    -4.08248290463863E-01     7.07106781186548E-01
         0.35432330868000     0.00000000000000E+00     0.00000000000000E+00     0.00000000000000E+00     1.00000000000000E+00     0.00000000000000E+00     0.00000000000000E+00     0.00000000000000E+00     1.00000000000000E+00     0.00000000000000E+00     0.00000000000000E+00     0.00000000000000E+00     7.07106781186548E-01     7.07106781186547E-01     0.00000000000000E+00     7.07106781186548E-01     4.08248290463863E-01     7.07106781186548E-01
         0.16248335806000     0.00000000000000E+00     0.00000000000000E+00     0.00000000000000E+00     0.00000000000000E+00     1.00000000000000E+00     0.00000000000000E+00     0.00000000000000E+00     0.00000000000000E+00     1.00000000000000E+00     0.00000000000000E+00     0.00000000000000E+00     0.00000000000000E+00     0.00000000000000E+00     1.00000000000000E+00     0.00000000000000E+00     8.16496580927726E-01     0.00000000000000E+00
         0.06833245718100     0.00000000000000E+00     0.00000000000000E+00     0.00000000000000E+00     0.00000000000000E+00     0.00000000000000E+00     1.00000000000000E+00     0.00000000000000E+00     0.00000000000000E+00     0.00000000000000E+00     1.00000000000000E+00     0.00000000000000E+00     0.00000000000000E+00     0.00000000000000E+00     0.00000000000000E+00     0.00000000000000E+00     0.00000000000000E+00     0.00000000000000E+00
P QZVPP-MOLOPT-PBE-AE
 3
 1 0 0 10 1
   1090561.71380000002682     2.42818144638262E-05
    163316.39460999998846     1.88766603522132E-04
     37166.60745100000349     9.92319175124609E-04
     10526.88094500000079     4.17947717098366E-03
      3433.99760280000010     1.50959281545855E-02
      1239.53604799999994     4.80147478778172E-02
       483.27456199000000     1.34445866823745E-01
       200.16911586000001     3.19532802824366E-01
        86.96039482899999     5.94642589736130E-01
        39.21128336900000     7.23651501259619E-01
 1 0 1 8 2 2
      2019.67113739999991     0.00000000000000E+00     0.00000000000000E+00     3.82852832646093E-04     2.74308574713796E-04
       478.60125090000003     3.06210141449750E-02    -2.85584666114365E-02     3.32836244482389E-03     2.38472405195585E-03
       155.14942504000001     3.06210141449750E-02    -2.85584666114365E-02     1.80512248505737E-02     1.29334442333260E-02
        58.81635657500000     2.60278620232288E-01    -2.42746966197210E-01     7.09903220273159E-02     4.97844957227489E-01
        24.54451278500000     9.64561945566713E-01     6.73163855841003E-02     2.10363338653512E-01     1.50722321157336E-01
        10.88357106100000     0.00000000000000E+00     9.66908083844349E-01     4.47226370913033E-01     3.20431293486028E-01
         4.96247912850000     0.00000000000000E+00     0.00000000000000E+00     6.52833967919868E-01    -6.78359979506457E-01
         2.30029123430000     0.00000000000000E+00     0.00000000000000E+00     5.69356612438552E-01     4.07935863455568E-01
 1 0 4 6 6 4 4 2 1
         6.96445568790000     1.00000000000000E+00     0.00000000000000E+00     0.00000000000000E+00     0.00000000000000E+00     0.00000000000000E+00     0.00000000000000E+00     0.00000000000000E+00     0.00000000000000E+00     0.00000000000000E+00     0.00000000000000E+00     0.00000000000000E+00     0.00000000000000E+00     0.00000000000000E+00     0.00000000000000E+00     0.00000000000000E+00     0.00000000000000E+00     0.00000000000000E+00
         3.21980920870000     0.00000000000000E+00     1.00000000000000E+00     0.00000000000000E+00     0.00000000000000E+00     0.00000000000000E+00     0.00000000000000E+00     0.00000000000000E+00     0.00000000000000E+00     0.00000000000000E+00     0.00000000000000E+00     1.00000000000000E+00     0.00000000000000E+00     0.00000000000000E+00     0.00000000000000E+00     0.00000000000000E+00     0.00000000000000E+00     0.00000000000000E+00
         1.46699439790000     0.00000000000000E+00     0.00000000000000E+00     1.00000000000000E+00     0.00000000000000E+00     0.00000000000000E+00     0.00000000000000E+00     1.00000000000000E+00     0.00000000000000E+00     0.00000000000000E+00     0.00000000000000E+00     0.00000000000000E+00     7.07106781186548E-01    -7.07106781186547E-01     0.00000000000000E+00     7.07106781186548E-01    -4.08248290463863E-01     7.07106781186548E-01
         0.47765437532000     0.00000000000000E+00     0.00000000000000E+00     0.00000000000000E+00     1.00000000000000E+00     0.00000000000000E+00     0.00000000000000E+00     0.00000000000000E+00     1.00000000000000E+00     0.00000000000000E+00     0.00000000000000E+00     0.00000000000000E+00     7.07106781186548E-01     7.07106781186547E-01     0.00000000000000E+00     7.07106781186548E-01     4.08248290463863E-01     7.07106781186548E-01
         0.21637789241000     0.00000000000000E+00     0.00000000000000E+00     0.00000000000000E+00     0.00000000000000E+00     1.00000000000000E+00     0.00000000000000E+00     0.00000000000000E+00     0.00000000000000E+00     1.00000000000000E+00     0.00000000000000E+00     0.00000000000000E+00     0.00000000000000E+00     0.00000000000000E+00     1.00000000000000E+00     0.00000000000000E+00     8.16496580927726E-01     0.00000000000000E+00
         0.09023589433600     0.00000000000000E+00     0.00000000000000E+00     0.00000000000000E+00     0.00000000000000E+00     0.00000000000000E+00     1.00000000000000E+00     0.00000000000000E+00     0.00000000000000E+00     0.00000000000000E+00     1.00000000000000E+00     0.00000000000000E+00     0.00000000000000E+00     0.00000000000000E+00     0.00000000000000E+00     0.00000000000000E+00     0.00000000000000E+00     0.00000000000000E+00
S QZVPP-MOLOPT-PBE-AE
 3
 1 0 0 10 1
   1273410.90229999995790     2.36816333125745E-05
    190697.83006999999634     1.84103565521537E-04
     43397.88532999999734     9.67827881049913E-04
     12291.80967699999928     4.07682359950561E-03
      4009.74208240000007     1.47297359292607E-02
      1447.35310299999992     4.68929851715059E-02
       564.30102912999996     1.31591800965380E-01
       233.74506242999999     3.14245690535958E-01
       101.56402814000000     5.90045270622559E-01
        45.80590718700000     7.30305630334976E-01
 1 0 1 8 2 2
      2189.89304589999983     0.00000000000000E+00     0.00000000000000E+00     4.20978000851279E-04    -3.70146709831702E-04
       518.94596592000005     2.98640546715776E-02    -2.66048548682421E-02     3.65689461147335E-03    -3.21534024557337E-03
       168.19560150999999     2.38912437372621E-01    -2.12838838945937E-01     1.97921642395365E-02    -1.74023451555636E-02
        63.74528278800000     2.38912437372621E-01    -2.12838838945937E-01     7.75846593780482E-02    -1.51277919277568E-01
        26.59703307700000     9.40717722154696E-01     1.08953215174706E-01     2.27433750915977E-01    -1.99972099340107E-01
        11.77425144900000     0.00000000000000E+00     9.47006143524331E-01     4.73762184221969E-01    -4.16557429076664E-01
         5.35343790240000     0.00000000000000E+00     0.00000000000000E+00     6.66449677767718E-01     7.43001672117792E-01
         2.47019118020000     0.00000000000000E+00     0.00000000000000E+00     5.22726935896797E-01    -4.59609896648636E-01
 1 0 4 6 6 4 4 2 1
         8.26855678000000     1.00000000000000E+00     0.00000000000000E+00     0.00000000000000E+00     0.00000000000000E+00     0.00000000000000E+00     0.00000000000000E+00     0.00000000000000E+00     0.00000000000000E+00     0.00000000000000E+00     0.00000000000000E+00     0.00000000000000E+00     0.00000000000000E+00     0.00000000000000E+00     0.00000000000000E+00     0.00000000000000E+00     0.00000000000000E+00     0.00000000000000E+00
         3.86293456710000     0.00000000000000E+00     1.00000000000000E+00     0.00000000000000E+00     0.00000000000000E+00     0.00000000000000E+00     0.00000000000000E+00     0.00000000000000E+00     0.00000000000000E+00     0.00000000000000E+00     0.00000000000000E+00     1.00000000000000E+00     0.00000000000000E+00     0.00000000000000E+00     0.00000000000000E+00     0.00000000000000E+00     0.00000000000000E+00     0.00000000000000E+00
         1.77946847810000     0.00000000000000E+00     0.00000000000000E+00     1.00000000000000E+00     0.00000000000000E+00     0.00000000000000E+00     0.00000000000000E+00     1.00000000000000E+00     0.00000000000000E+00     0.00000000000000E+00     0.00000000000000E+00     0.00000000000000E+00     7.07106781186548E-01    -7.07106781186547E-01     0.00000000000000E+00     7.07106781186548E-01    -4.08248290463863E-01     7.07106781186548E-01
         0.61064260103000     0.00000000000000E+00     0.00000000000000E+00     0.00000000000000E+00     1.00000000000000E+00     0.00000000000000E+00     0.00000000000000E+00     0.00000000000000E+00     1.00000000000000E+00     0.00000000000000E+00     0.00000000000000E+00     0.00000000000000E+00     7.07106781186548E-01     7.07106781186547E-01     0.00000000000000E+00     7.07106781186548E-01     4.08248290463863E-01     7.07106781186548E-01
         0.27412269445000     0.00000000000000E+00     0.00000000000000E+00     0.00000000000000E+00     0.00000000000000E+00     1.00000000000000E+00     0.00000000000000E+00     0.00000000000000E+00     0.00000000000000E+00     1.00000000000000E+00     0.00000000000000E+00     0.00000000000000E+00     0.00000000000000E+00     0.00000000000000E+00     1.00000000000000E+00     0.00000000000000E+00     8.16496580927726E-01     0.00000000000000E+00
         0.11325939107000     0.00000000000000E+00     0.00000000000000E+00     0.00000000000000E+00     0.00000000000000E+00     0.00000000000000E+00     1.00000000000000E+00     0.00000000000000E+00     0.00000000000000E+00     0.00000000000000E+00     1.00000000000000E+00     0.00000000000000E+00     0.00000000000000E+00     0.00000000000000E+00     0.00000000000000E+00     0.00000000000000E+00     0.00000000000000E+00     0.00000000000000E+00
CL QZVPP-MOLOPT-PBE-AE
 3
 1 0 0 10 1
   1467459.00949999992736     2.32222856382961E-05
    219756.16432999999961     1.80534759161138E-04
     50010.77030099999683     9.49083667147195E-04
     14164.82391800000005     3.99824782852802E-03
      4620.74655249999978     1.44493555723174E-02
      1667.89916349999999     4.60332742342473E-02
       650.29199265000000     1.29400511244372E-01
       269.38037376000000     3.10170987411379E-01
       117.06752106000000     5.86450780318063E-01
        52.81176684300000     7.35377578140319E-01
 1 0 1 8 2 2
      2501.94578899999988     0.00000000000000E+00     0.00000000000000E+00     4.24868866987988E-04    -3.79165919981344E-04
       592.88059284999997     2.17545573773047E-02    -1.23023921375353E-02     3.69441093902355E-03    -3.29700486744209E-03
       192.18089186000000     1.74036459018438E-01    -9.84191371002824E-02     2.00365967429446E-02    -1.78812693224439E-02
        72.87571048800000     6.96145836073750E-01    -3.93676548401130E-01     7.87897620844220E-02    -1.53920653401540E-01
        30.43635837000000     6.96145836073750E-01     4.18665782430498E-01     2.31295012856953E-01    -2.06414715577366E-01
        13.49017890200000     0.00000000000000E+00     8.12342330831628E-01     4.81845283762079E-01    -4.30013410023488E-01
         6.14780714130000     0.00000000000000E+00     0.00000000000000E+00     6.72062175543364E-01     7.37931552864038E-01
         2.84509448200000     0.00000000000000E+00     0.00000000000000E+00     5.06001038283089E-01    -4.51570741231899E-01
 1 0 4 6 6 4 4 2 1
         9.70835403060000     1.00000000000000E+00     0.00000000000000E+00     0.00000000000000E+00     0.00000000000000E+00     0.00000000000000E+00     0.00000000000000E+00     0.00000000000000E+00     0.00000000000000E+00     0.00000000000000E+00     0.00000000000000E+00     0.00000000000000E+00     0.00000000000000E+00     0.00000000000000E+00     0.00000000000000E+00     0.00000000000000E+00     0.00000000000000E+00     0.00000000000000E+00
         4.56406967330000     0.00000000000000E+00     1.00000000000000E+00     0.00000000000000E+00     0.00000000000000E+00     0.00000000000000E+00     0.00000000000000E+00     0.00000000000000E+00     0.00000000000000E+00     0.00000000000000E+00     0.00000000000000E+00     1.00000000000000E+00     0.00000000000000E+00     0.00000000000000E+00     0.00000000000000E+00     0.00000000000000E+00     0.00000000000000E+00     0.00000000000000E+00
         2.11947448320000     0.00000000000000E+00     0.00000000000000E+00     1.00000000000000E+00     0.00000000000000E+00     0.00000000000000E+00     0.00000000000000E+00     1.00000000000000E+00     0.00000000000000E+00     0.00000000000000E+00     0.00000000000000E+00     0.00000000000000E+00     7.07106781186548E-01    -7.07106781186547E-01     0.00000000000000E+00     7.07106781186548E-01    -4.08248290463863E-01     7.07106781186548E-01
         0.75722365394000     0.00000000000000E+00     0.00000000000000E+00     0.00000000000000E+00     1.00000000000000E+00     0.00000000000000E+00     0.00000000000000E+00     0.00000000000000E+00     1.00000000000000E+00     0.00000000000000E+00     0.00000000000000E+00     0.00000000000000E+00     7.07106781186548E-01     7.07106781186547E-01     0.00000000000000E+00     7.07106781186548E-01     4.08248290463863E-01     7.07106781186548E-01
         0.33747224597000     0.00000000000000E+00     0.00000000000000E+00     0.00000000000000E+00     0.00000000000000E+00     1.00000000000000E+00     0.00000000000000E+00     0.00000000000000E+00     0.00000000000000E+00     1.00000000000000E+00     0.00000000000000E+00     0.00000000000000E+00     0.00000000000000E+00     0.00000000000000E+00     1.00000000000000E+00     0.00000000000000E+00     8.16496580927726E-01     0.00000000000000E+00
         0.13860775149000     0.00000000000000E+00     0.00000000000000E+00     0.00000000000000E+00     0.00000000000000E+00     0.00000000000000E+00     1.00000000000000E+00     0.00000000000000E+00     0.00000000000000E+00     0.00000000000000E+00     1.00000000000000E+00     0.00000000000000E+00     0.00000000000000E+00     0.00000000000000E+00     0.00000000000000E+00     0.00000000000000E+00     0.00000000000000E+00     0.00000000000000E+00
H QZVPP-MOLOPT-PBE-AE
 2
 1 0 0 4 1
       190.54117440353127     1.96600972886938E-02
        28.48589623081718     5.38615245148400E-01
         6.82683105625948     8.41690491707832E-01
         1.91976916792120    -3.26222996883324E-02
 1 0 3 4 3 3 2 1
         3.13044722440195    -3.66327628299461E-01     2.56023465069061E-01     1.80301571342015E-01     9.57864765395543E-01    -2.86990854469403E-01     7.09708425215967E-03     9.99207337838246E-01    -1.14391682399844E-02     5.85140484472903E-01
         0.96627664577475     8.95826280526715E-01     1.78507674168198E-01     3.15139388181339E-01     2.45050348375012E-01     8.29767518144689E-01     5.01170647875718E-01     1.62635846128724E-02     9.81329325317073E-01     6.84086073735301E-01
         0.31928820204257    -2.30012077387642E-01     6.10224429055026E-01     6.40105374762635E-01    -1.47922353363481E-01    -4.66731275488582E-01     8.51205422301253E-01    -4.48915950780499E-03     1.60295348734119E-01    -4.27324109791794E-01
         0.10666805621490    -1.01949929465328E-01    -7.28157360590113E-01     6.77084646545968E-01     2.37570063441528E-02     1.06226323308904E-01    -1.55650063115620E-01     3.60560573643188E-02    -1.05675455413839E-01    -8.38508338830758E-02
B QZVPP-MOLOPT-PBE-AE
 3
 1 0 0 8 1
     46447.79144618762803    -1.26772012885293E-04
      6957.39106499402169     1.48325207938470E-03
      1583.34947288406784     1.14631927401452E-02
       448.26854405569611     4.18808986472075E-02
       146.48901300618084     1.46143759366280E-01
        52.85658689000374     4.82632907206909E-01
        20.61921557378022     4.53442599025423E-01
         8.40783986673810     7.33627737548955E-01
 1 0 1 5 2 1
        72.21395103195488    -4.05129277909950E-02     8.87272745372825E-02     6.56743912404846E-03
        17.03905427555705     6.39073947338077E-01    -6.67456680838990E-01     9.03050049024511E-02
         5.40737040518421     7.11387643247274E-01     3.68796329643043E-01     3.94658871798100E-01
         2.28645873473151     2.83493979549586E-01     6.23093254821682E-01     3.81946992555230E-01
         0.69679012837120     5.91775050991317E-02    -1.49576445318528E-01     8.30760341266954E-01
 1 0 4 4 4 3 3 2 1
         1.64075764628696     9.29291888811274E-01     3.56438667422755E-01    -9.45017864525073E-02    -2.09158818305643E-02     9.08578245332192E-02     5.57426905538692E-02    -4.34802543166845E-01     7.68150061732152E-01    -5.81143374847685E-01    -1.75704826741918E-01     5.62207088855564E-01    -5.60425469840216E-01     5.54329852837229E-01
         0.55946811308664    -3.42961082262515E-01     7.40673298996643E-01    -5.77713057207063E-01    -5.32763917903966E-03     7.61223443502021E-01    -5.44695029746513E-01     3.31598957228919E-01     5.28488936502629E-01     7.97097063131644E-01    -2.90514663762822E-01     8.26895780565506E-01     3.92414840011293E-01     8.20929454756129E-01
         0.19940017149400    -1.36528197827638E-01     5.53250983330914E-01     7.92369643477755E-01    -2.17769944520011E-01     5.92519223629984E-01     3.79944525038267E-01    -6.02204951047489E-01     3.45516828868269E-01     1.10127346108927E-01     9.09112870418328E-01    -1.28430686758832E-02     7.24341479556510E-01     1.36148317750466E-01
         0.05771992496731    -1.24230688976900E-02     1.35158758364732E-01     1.71660665222666E-01     9.75761442880266E-01     2.47395825374919E-01     7.45548278056295E-01     5.81668356500703E-01     1.06127506444025E-01    -1.21575562744150E-01    -2.41335519221924E-01     1.27000413450092E-03    -8.52250379124087E-02    -1.60274808057663E-02
C QZVPP-MOLOPT-PBE-AE
 3
 1 0 0 8 1
     67025.10701901487482     1.55242819581319E-04
     10039.96335431500120     1.79971855855663E-03
      2284.84440343404003     9.18465603393004E-03
       647.15582521948454     3.30943254643816E-02
       211.19400038923030     1.40054573872043E-01
        76.38630250999670     4.88904212464159E-01
        29.42939055659313     2.78742815383946E-01
        12.03316158077197     8.13926885458716E-01
 1 0 1 5 2 1
       105.22664287722547     1.24505987707591E-01    -1.23979079829649E-01     8.48724734240174E-03
        24.91583300068185     8.86899830964621E-01    -2.61079451396708E-01     7.12935689849336E-02
         7.80229155370005     4.00003776712541E-01     4.47986862457745E-01     2.93646788512991E-01
         3.21099181776232     6.52461897044525E-02     8.43161823281634E-01     4.71754813357094E-01
         1.56967041290132     1.83430810401738E-01     6.96607396504119E-02     8.28289896910713E-01
 1 0 4 4 4 3 3 2 1
         2.47850638544973     9.25363103371105E-01     3.63921965952564E-01    -4.09754907799388E-02     9.79027005345653E-02     8.73685730878957E-02     3.72622955903123E-01    -9.83513676753770E-02     4.18652943059247E-01    -8.11425670640435E-01    -2.99873003208179E-01     8.66784219363823E-01    -3.74034672761027E-01     4.58087622796984E-01
         0.78087017731256    -2.54208430662628E-01     7.69342245085598E-01    -2.12774533576705E-01    -5.46093015490869E-01     7.33644745126078E-01    -6.00104778885827E-01     2.48102701482297E-01     8.43800014184531E-01     5.13566081489941E-01    -1.18528266702603E-01     4.72493367712121E-01     8.15402228229376E-01     8.80208065556334E-01
         0.29223334789975    -1.80276620568274E-01     4.39776512878143E-01     7.84816560471271E-01     3.97693255169441E-01     5.19905537704389E-01     2.32993327506253E-01    -7.89436028296271E-01     2.94729082110152E-01    -2.41293925323745E-01     9.09144108822955E-01    -8.52078289092146E-02     3.90944163971848E-01    -9.54945193189171E-02
         0.09841607149407    -2.15827571862177E-01     2.86827354596128E-01    -5.80612584626446E-01     7.30778731527445E-01     4.28754419510502E-01     6.68386487318509E-01     5.52777364968373E-01     1.60829156214052E-01    -1.40055355380103E-01    -2.63598598880757E-01     1.34813799080373E-01    -2.05863863821392E-01    -7.91851498062194E-02
N QZVPP-MOLOPT-PBE-AE
 3
 1 0 0 8 1
     90726.87801209182362    -9.00543793386274E-05
     13590.34107513649724     2.35919992481698E-03
      3092.94460323843668     7.72464819069405E-03
       875.92236195468035     4.39398550876599E-02
       285.80469156577431     1.14183199278572E-01
       103.11134152931639     3.87374730248252E-01
        40.16748016048255     3.54617733607723E-01
        16.67530522856683     8.42112417311166E-01
 1 0 1 5 2 1
       150.05498861520869    -8.73536500292584E-02     5.04585425120854E-02    -9.70670072748020E-03
        35.43613681440323     9.53646344407521E-01    -4.84316025957162E-02    -6.55837250219302E-02
        11.10077761034690     2.64099244508266E-01     5.35712161227111E-01    -3.57635044076150E-01
         4.39804116450023    -1.14027171688238E-01     8.19426713287987E-01    -4.48715250016059E-01
         1.85639340490487     1.33185131182832E-02     1.91469729255022E-01    -8.16306532268921E-01
 1 0 4 4 4 3 3 2 1
         3.07897485127428     4.56777531893941E-01    -6.43769628264295E-01    -2.71323871194007E-01     5.50725257275920E-01     2.78141419001643E-01     2.09001035213597E-01    -2.63596852184033E-01     7.06353791508846E-01    -6.13082676510378E-01     1.41847125141774E-01     6.72928890192765E-01    -5.91023518214182E-01     6.88098054709740E-01
         0.95872461568156     7.65809383560593E-01     4.12988323825014E-01    -3.64407284859796E-01    -3.31939698101720E-01     5.21164303217252E-01    -6.59091011335774E-01     5.22442073526948E-01     5.72461082023286E-01     7.88134753542146E-01     5.39142044104175E-02     7.14872789661157E-01     4.08239990560159E-01     7.24101687343080E-01
         0.34239561043029     3.86655174159414E-01    -3.75885670334206E-01     7.44722387457274E-01    -3.93187365963220E-01     8.03169524343064E-01     2.91859996959772E-01    -3.19271718363766E-01    -2.06274083177801E-02     3.49574055294791E-02     9.51402086210885E-01     1.83504302451346E-01     6.46382448075782E-01     3.76327735976467E-02
         0.11652708898669     2.35346660701140E-01     5.23174228098117E-01     4.88855043219712E-01     6.57207290791433E-01     7.70962726360063E-02     6.60859552575790E-01     7.45410322695212E-01     4.15845092331143E-01    -4.18476023277237E-02    -2.67967762996560E-01     4.94951949976257E-02    -2.57334494082567E-01     2.79568925834708E-02
O QZVPP-MOLOPT-PBE-AE
 3
 1 0 0 8 1
    116506.38604434675653    -9.98096455193836E-05
     17504.60971368530591     2.33919295977431E-03
      3993.52399023383759     6.88020418607601E-03
      1133.09478918324885     4.13200618900893E-02
       369.82539210352701     1.15856592130636E-01
       133.78894948022503     3.83521465148008E-01
        52.21462909576736     4.11693815406844E-01
        21.67293595845605     8.17457382177472E-01
 1 0 1 5 2 1
       191.04192564330430    -5.10687570632457E-03     2.62695839052370E-02     1.26002594453494E-02
        45.06231751131436     7.10386627064769E-01    -6.24048153127723E-01     1.12036824182174E-01
        14.05235016622558     5.61186314944367E-01     2.63654168302179E-01     6.01861899721717E-01
         5.51919750076573     3.93930461642211E-01     7.34005739981864E-01     3.82904045403275E-01
         2.22318311118849     1.58787503341973E-01     3.99482759313348E-02     6.91690486537335E-01
 1 0 4 4 4 3 3 2 1
         4.07110969272635     8.35823185743741E-01     1.43707378138683E-01    -5.04975809725526E-01    -1.60459413041861E-01     1.72086536028372E-01     1.83573320585855E-01    -5.65096491463834E-01     5.87117703432284E-01    -6.86150954111257E-01     3.38448518372782E-01     7.96331496602706E-01    -4.06031379618403E-01     7.19190810290016E-01
         1.29660548931134    -3.21106263793023E-01     8.70808213615098E-01    -3.35156402976138E-01     1.62030885936799E-01     7.37714269017482E-01    -1.23907267761277E-01     5.94500398393531E-01     7.22514408166509E-01     6.34126435292987E-01    -1.48853997263073E-01     5.96617421514652E-01     6.47582903144410E-01     6.77717136798244E-01
         0.45442777800760     1.72702329034076E-01     4.19606306388715E-01     6.11297846324634E-01    -6.48397560346960E-01     6.52371782439809E-01     1.27228381173723E-01    -5.13977719496993E-01    -3.94104996625507E-02     3.37150724159123E-01     9.16679165386756E-01    -9.80648777410346E-02     6.03388801969736E-01     3.99419887891043E-02
         0.14870720086566     4.10443997485985E-01     2.12065537529809E-01     5.08905256619551E-01     7.26346592547186E-01    -2.39778831856476E-02     9.66830266380264E-01     2.51121754346111E-01     3.62922229719464E-01    -1.15801215165473E-01    -1.51639030780056E-01     1.69434240146108E-02    -2.27369426215928E-01    -1.47880689800770E-01
F QZVPP-MOLOPT-PBE-AE
 3
 1 0 0 8 1
    132536.04395257573924     2.19133884152562E-04
     19758.15592578060023     2.13098802939830E-03
      4485.33885808192372     9.36952235670608E-03
      1273.60032301696378     4.57116768597223E-02
       418.75079369228018     1.29815698472524E-01
       152.24712142839283     3.88984269444136E-01
        59.93506405237581     3.48051089779771E-01
        24.88806979770636     8.41734891149259E-01
 1 0 1 5 2 1
       240.82710880865446    -5.22362746235088E-02     7.61618022060436E-02     2.22155163398913E-02
        56.74054074501728     8.36915891686098E-01    -3.52431037520191E-01     9.17502257704855E-02
        18.02568816680041     5.06654331012575E-01     3.90319004241376E-01     6.94833984744179E-01
         7.22835931546723     1.13647744824332E-01     8.46604124895882E-01     5.19336475096237E-01
         2.54051853711273     1.65011335426585E-01     3.00711541924844E-02     4.88450331337750E-01
 1 0 4 4 4 3 3 2 1
         4.64152109972176     7.99092172965100E-01     3.57185510151160E-01    -4.75225254357118E-01     8.96167845059309E-02     2.14101203990999E-03     4.09061558167189E-01    -4.32260580718334E-01     5.23415929943841E-01    -8.45844703511436E-01    -9.90960844591549E-02     6.49830793177351E-01    -6.47812475723957E-01     7.18812892465629E-01
         1.55189089466188    -5.65383503262805E-01     6.20688611440661E-01    -5.16124369070663E-01    -1.69418940846506E-01     9.01357430415779E-01    -3.23634717094166E-01     1.52228377872265E-01     8.31684066132871E-01     4.84322390964955E-01     2.69070652276370E-01     7.59749389285090E-01     5.45754817250953E-01     6.81802537410497E-01
         0.54311529853246     1.47999793272877E-01     6.59726542294831E-01     7.03321697890183E-01    -2.19534826074957E-01     3.64587678140232E-01     2.81361980784028E-01    -7.13536840615867E-01    -1.67858516623561E-01    -2.20433972029506E-01     9.41600143248362E-01     1.96681952393344E-02     4.63299478087506E-01    -2.42238812327185E-02
         0.17933709925335    -1.41029268364327E-01     2.27870683409749E-01     1.14521537491829E-01     9.56593181325010E-01     2.33722107747691E-01     8.05459277239079E-01     5.29945741006902E-01     7.84913805373263E-02     3.72481291736264E-02    -1.76550617000047E-01     1.06755709662101E-02    -2.60469325156765E-01    -1.33665736760872E-01
