################################################################################################
# Nickel
################################################################################################
Ni ccGRB-D-q18
    2
  2  0  2  6  3  2  2
   8.68678314385       -0.3756081988    0.0780108272   -0.1294099895    0.0879364527    0.1115441628   -0.1964228384    0.0432272736
   3.63687456402        0.2065405049   -0.0309293703    0.2189463082   -0.4932739771   -0.9202432640   -0.3565454962    0.0661930752
   1.52264150899        0.8636839716   -0.4186806271   -0.0602522004   -0.4654644762   -0.0120441740   -0.3294726582    0.0855816073
  0.637480651060        0.1489186658   -0.0168080227    1.8487791308   -0.2048455214    1.6826089813   -0.2790877535    0.2073558066
  0.266892487875        0.0380832248   -0.1185000437   -4.1027094640    0.0053064982   -1.1068234680   -0.1336691545   -0.1136264444
  0.111739234698       -0.0107294716    1.1660762261    2.4362069690   -0.0061882930   -0.1885921736   -0.0481672112   -0.9506677626
   3 3 3 2 1
      4.345500E+00           4.174290E-01
      1.068000E+00           7.714830E-01

Ni ccGRB-T-q18
    3
  2  0  2  7  4  3  3
   8.94111945551        0.3363131101    0.0720867864   -0.0534569896    0.2042498757    0.1039497242    0.0770630824    0.0119503563   -0.1715531189    0.0368337557   -0.0544665284
   4.15150960911       -0.0104174395   -0.0037473907   -0.0994575804   -0.5181268781   -0.3927871871   -0.4919542419   -0.0952298420   -0.3071102324    0.0575926780   -0.1018345157
   1.92761455881       -0.8185204422   -0.2586807685    0.5822416852    1.2160702147   -0.4379420964   -0.9367894066   -0.1560748174   -0.2924586578    0.0563809367   -0.0767871001
  0.895023313736       -0.2965074504   -0.2983863766   -0.3647121471   -5.0977992346   -0.3075699745    1.8960998859   -0.7788146999   -0.2869077169    0.1469958038   -0.2295117370
  0.415574124230       -0.1061075189    0.1403703772    1.6645423983    9.3190220390   -0.0300623667   -0.1375573615    1.4066376273   -0.1683568675    0.1344855013    0.0180557649
  0.192957937607        0.0326234314    0.0526278063   -4.3500199402   -7.7020555479   -0.0143348187   -0.8429742278    0.2728113675   -0.0960890505   -0.4184394495    1.6309506627
  0.895935610879E-01   -0.0094610278    0.9784796406    2.8742501019    2.6322815231    0.0039055042    0.0095916915   -0.2155348172   -0.0187773458   -0.7073910197   -1.4187852950
   3 3 3 2 2
      4.504600E+00           1.000000E+00           0.000000E+00
      1.128600E+00           0.000000E+00           1.000000E+00
   4 4 4 1 1
      2.977100E+00           1.0000000

Ni ccGRB-Q-q18
    4
  2  0  2  8  5  4  4
   9.14151722427        0.2980908480    0.0578240409   -0.0719956977    0.0467970617   -0.4381437778    0.1133890843    0.0501002626    0.0186744583   -0.0146157182    0.1520460955   -0.0567387552    0.0174850695    0.0216847441
   4.61702698563        0.1302959224    0.0538063530    0.0338719820    0.2048045690    1.7288278735   -0.3153176403   -0.2204559666   -0.1007964756    0.0632435352    0.2686012352   -0.0810443662    0.0310816187   -0.5409678260
   2.33188185977       -0.7257220763   -0.2623263492   -0.0009259169   -0.7680743040   -4.9867730346   -0.3861938278   -1.1628190728    0.0162690079   -1.4960395087    0.2554527806   -0.1116568868    0.0149747342    1.1044611967
   1.17774338873       -0.3701767598   -0.1400874052    0.7536854252    0.8900346753   12.9610530516   -0.3670236465    0.9478632638   -0.7624118965    2.9091633431    0.2807491882   -0.0797366782    0.0665600324   -3.2420613942
  0.594832660107       -0.2404428464   -0.3016110011   -0.7812629817   -4.3193656838  -20.4328329885   -0.0932698390    1.3874890049    0.2982806161   -1.4150754728    0.1840107793   -0.3798485660    0.0975534971    5.7184097381
  0.300426983429        0.0603098240    0.3890193993    1.6584554981   10.3139764922   18.9833568701   -0.0324626058   -1.2695579072    1.2735126956   -2.4526107742    0.1385078214    0.7230376905    0.0975523558   -5.2022150615
  0.151734056358       -0.0326914931    0.0475678958   -4.5126487247   -9.9322549681  -10.5156154700    0.0090066645   -0.0006290782   -0.1713303206    4.5581553923    0.0463169782    1.0623365130   -0.1803310910    2.9704406909
  0.766350066030E-01    0.0087094586    0.8517725880    3.2090205146    3.6516604804    2.8558721778   -0.0029942327   -0.1816854495   -0.1335913033   -2.4613128851    0.0160396884   -1.1350990798   -0.9020495716   -0.8998784369
   3 3 3 3 3
      6.913400E+00           1.000000E+00           0.000000E+00           0.000000E+00
      2.126000E+00           0.000000E+00           1.000000E+00           0.000000E+00
      6.538000E-01           0.000000E+00           0.000000E+00           1.000000E+00
   4 4 4 2 2
      5.312300E+00           1.000000E+00           0.000000E+00
      1.545700E+00           0.000000E+00           1.000000E+00
   5 5 5 1 1
      3.349500E+00           1.0000000

Ni aug-cc-D
    4
1 0 0 1 1
      1.516000E-02           1.000000E+00
1 1 1 1 1
      1.502000E-02           1.000000E+00
1 2 2 1 1
      4.067000E-02           1.000000E+00
1 3 3 1 1
      4.083000E-01           1.000000E+00

Ni aug-cc-T
     5
1 0 0 1 1
      0.0151600              1.0000000
1 1 1 1 1
      0.0150200              1.0000000
1 2 2 1 1
      0.0406700              1.0000000
1 3 3 1 1
      0.4083000              1.0000000
1 4 4 1 1
      1.2048500              1.0000000

Ni aug-cc-Q
     6
1 0 0 1 1
      0.0146700              1.0000000
1 1 1 1 1
      0.0138800              1.0000000
1 2 2 1 1
      0.0269100              1.0000000
1 3 3 1 1
      0.2265000              1.0000000
1 4 4 1 1
      0.6237000              1.0000000
1 5 5 1 1
      1.4486000              1.0000000




################################################################################################
# Copper
################################################################################################

# Copper cc-pVDZ (20s,16p,8d,2f) -> [6s,5p,3d,1f]
Cu cc-pVDZ
    1
1 3 3 2 1
      5.028600E+00           4.242800E-01
      1.259400E+00           7.630250E-01

#Copper cc-pVTZ (20s,16p,8d,2f,1g) -> [7s,6p,4d,2f,1g]
Cu cc-pVTZ
    2
1 3 3 2 2
      5.082100E+00           1.000000E+00           0.000000E+00
      1.279700E+00           0.000000E+00           1.000000E+00
1 4 4 1 1
      3.483500E+00           1.0000000

# Copper cc-pVQZ (22s,18p,11d,3f,2g,1h) -> [8s,7p,5d,3f,2g,1h]
Cu cc-pVQZ
    3
1 3 3 3 3
      7.734400E+00           1.000000E+00           0.000000E+00           0.000000E+00
      2.390900E+00           0.000000E+00           1.000000E+00           0.000000E+00
      7.391000E-01           0.000000E+00           0.000000E+00           1.000000E+00
1 4 4 2 2
      6.007500E+00           1.000000E+00           0.000000E+00
      1.776000E+00           0.000000E+00           1.000000E+00
1 5 5 1 1
      3.790900E+00           1.0000000

# Copper aug-cc-pVDZ (21s,17p,9d,3f) -> [7s,6p,4d,2f]
Cu aug-cc-pVDZ
    4
1 0 0 1 1
      1.572000E-02           1.000000E+00
1 1 1 1 1
      1.545000E-02           1.000000E+00
1 2 2 1 1
      6.591000E-02           1.000000E+00
1 3 3 1 1
      4.617200E-01           1.000000E+00

# Copper aug-cc-pVTZ (21s,17p,9d,3f,2g) -> [8s,7p,5d,3f,2g]
Cu aug-cc-pVTZ
     5
1 0 0 1 1
      0.0157200              1.0000000
1 1 1 1 1
      0.0154500              1.0000000
1 2 2 1 1
      0.0659100              1.0000000
1 3 3 1 1
      0.4617200              1.0000000
1 4 4 1 1
      1.4597900              1.0000000

################################################################################################
# Zinc
################################################################################################

# Zinc cc-pVDZ (20s,16p,8d,2f) -> [6s,5p,3d,1f]
Zn cc-pVDZ
    1
1 3 3 2 1
      5.734400E+00           4.311320E-01
      1.461500E+00           7.546420E-01

# Zinc cc-pVTZ (20s,16p,8d,2f,1g) -> [7s,6p,4d,2f,1g]
Zn cc-pVTZ
    2
1 3 3 2 2
      5.792200E+00           1.000000E+00           0.000000E+00
      1.485100E+00           0.000000E+00           1.000000E+00
1 4 4 1 1
      4.114400E+00           1.0000000

# Zinc cc-pVQZ (22s,18p,11d,3f,2g,1h) -> [8s,7p,5d,3f,2g,1h]
Zn cc-pVQZ
    3
1 3 3 3 3
      8.696000E+00           1.000000E+00           0.000000E+00           0.000000E+00
      2.723600E+00           0.000000E+00           1.000000E+00           0.000000E+00
      8.530000E-01           0.000000E+00           0.000000E+00           1.000000E+00
1 4 4 2 2
      6.893300E+00           1.000000E+00           0.000000E+00
      2.069300E+00           0.000000E+00           1.000000E+00
1 5 5 1 1
      4.413600E+00           1.0000000

# Zinc aug-cc-pVDZ (21s,17p,9d,3f) -> [7s,6p,4d,2f]
Zn aug-cc-pVDZ
    4
1 0 0 1 1
      1.623000E-02           1.000000E+00
1 1 1 1 1
      1.592000E-02           1.000000E+00
1 2 2 1 1
      9.049000E-02           1.000000E+00
1 3 3 1 1
      5.486100E-01           1.000000E+00

# Zinc aug-cc-pVTZ (21s,17p,9d,3f,2g) -> [8s,7p,5d,3f,2g]
Zn aug-cc-pVTZ
     5
1 0 0 1 1
      0.0162300              1.0000000
1 1 1 1 1
      0.0159200              1.0000000
1 2 2 1 1
      0.0904900              1.0000000
1 3 3 1 1
      0.5486100              1.0000000
1 4 4 1 1
      1.8293300              1.0000000

################################################################################################
# Gallium
################################################################################################

# Gallium cc-pVTZ (20s,13p,9d,1f) -> [6s,5p,3d,1f]
Ga cc-pVTZ
    1
1 3 3 1 1
      2.881000E-01           1.0000000

# Gallium cc-pVQZ (21s,16p,12d,2f,1g) -> [7s,6p,4d,2f,1g]
Ga cc-pVQZ
    2
1 3 3 2 2
      1.810000E-01           1.000000E+00           0.000000E+00
      4.710000E-01           0.000000E+00           1.000000E+00
1 4 4 1 1
      4.032000E-01           1.0000000

# Gallium aug-cc-pVDZ (15s,12p,7d) -> [6s,5p,3d]
Ga aug-cc-pVDZ
    3
1 0 0 1 1
      0.0243480              1.0000000
1 1 1 1 1
      0.0151640              1.0000000
1 2 2 1 1
      0.0537000              1.0000000

# Gallium aug-cc-pVTZ (21s,14p,10d,2f) -> [7s,6p,4d,2f]
Ga aug-cc-pVTZ
    4
1 0 0 1 1
      0.0143980              1.0000000
1 1 1 1 1
      0.0193000              1.0000000
1 2 2 1 1
      0.0387000              1.0000000
1 3 3 1 1
      0.0980000              1.0000000

################################################################################################
# Germanium
################################################################################################

# Germanium cc-pVTZ (20s,13p,9d,1f) -> [6s,5p,3d,1f]
Ge cc-pVTZ
    1
1 3 3 1 1
      3.458000E-01           1.0000000

# Germanium cc-pVQZ (21s,16p,12d,2f,1g) -> [7s,6p,4d,2f,1g]
Ge cc-pVQZ
    2
1 3 3 2 2
      5.492000E-01           1.000000E+00           0.000000E+00
      2.190000E-01           0.000000E+00           1.000000E+00
1 4 4 1 1
      4.681000E-01           1.0000000

# Germanium aug-cc-pVDZ (15s,12p,7d) -> [6s,5p,3d]
Ge aug-cc-pVDZ
    3
1 0 0 1 1
      0.0339610              1.0000000
1 1 1 1 1
      0.0239450              1.0000000
1 2 2 1 1
      0.0771000              1.0000000

# Germanium aug-cc-pVTZ (21s,14p,10d,2f) -> [7s,6p,4d,2f]
Ge aug-cc-pVTZ
    4
1 0 0 1 1
      0.0273700              1.0000000
1 1 1 1 1
      0.0213680              1.0000000
1 2 2 1 1
      0.0528000              1.0000000
1 3 3 1 1
      0.1323000              1.0000000

# Germanium aug-cc-pVQZ (22s,17p,13d,3f,2g) -> [8s,7p,5d,3f,2g]
Ge aug-cc-pVQZ
     5
1 0 0 1 1
      0.0263900              1.0000000
1 1 1 1 1
      0.0185500              1.0000000
1 2 2 1 1
      0.0397000              1.0000000
1 3 3 1 1
      0.0884000              1.0000000
1 4 4 1 1
      0.2143000              1.0000000

################################################################################################
# Arsenic
################################################################################################

# Arsenic cc-pVTZ (20s,13p,9d,1f) -> [6s,5p,3d,1f]
As cc-pVTZ
    1
1 3 3 1 1
      4.158000E-01           1.0000000

# Arsenic cc-pVQZ (21s,16p,12d,2f,1g) -> [7s,6p,4d,2f,1g]
As cc-pVQZ
    2
1 3 3 2 2
      2.640000E-01           1.000000E+00           0.000000E+00
      6.440000E-01           0.000000E+00           1.000000E+00
1 4 4 1 1
      5.465000E-01           1.0000000

# Arsenic aug-cc-pVDZ (15s,12p,7d) -> [6s,5p,3d]
As aug-cc-pVDZ
    3
1 0 0 1 1
      0.0411520              1.0000000
1 1 1 1 1
      0.0312680              1.0000000
1 2 2 1 1
      0.1078000              1.0000000

# Arsenic aug-cc-pVTZ (21s,14p,10d,2f) -> [7s,6p,4d,2f]
As aug-cc-pVTZ
    4
1 0 0 1 1
      0.0334070              1.0000000
1 1 1 1 1
      0.0267990              1.0000000
1 2 2 1 1
      0.0700000              1.0000000
1 3 3 1 1
      0.1690000              1.0000000

# Arsenic aug-cc-pVQZ (22s,17p,13d,3f,2g) -> [8s,7p,5d,3f,2g]
As aug-cc-pVQZ
     5
1 0 0 1 1
      0.0324990              1.0000000
1 1 1 1 1
      0.0236980              1.0000000
1 2 2 1 1
      0.0531000              1.0000000
1 3 3 1 1
      0.1132000              1.0000000
1 4 4 1 1
      0.2390000              1.0000000

################################################################################################
# Selenium
################################################################################################
UPDATE NEEDED
 Se ccGRB-D-q6 
   2
  1  0  1  4  2  2
   1.56736849746       -0.3739847215    0.3342310536   -0.1233397440    0.0795266503
  0.633746922255        0.2383132494   -0.2688894145    0.3135407455   -0.1972561847
  0.256248075751        0.8046963689   -1.7779548222    0.4695670978   -1.2210676582
  0.103610880022        0.2028341493    1.9740394800    0.4028329657    1.4990894307
1 2 2 1 1
      3.682000E-01           1.000000E+00


Se ccGRB-T-q6
   3
  1  0  1  5  3  3
   4.08208368972        0.0408858123   -0.0265332721    0.2862533142   -0.0120705588    0.0176576647    0.0896574530
   1.61661285166       -0.4417584590    0.3771859959   -1.9371829587   -0.1000456506    0.0539050003   -0.6684540177
  0.640221345466        0.2984220824   -0.3235580142    4.8698867238    0.2846686838   -0.1890540216    2.5630393204
  0.253544545790        0.7745222384   -1.6782824431   -4.7548451429    0.5083540702   -1.1802433599   -2.7301711344
  0.100410330200        0.2054663692    1.9163458514    1.9256886089    0.3791521361    1.4722830006    1.1622666078
1 2 2 1 1
      2.220000E-01           1.000000E+00
1 3 3 1 1
      4.620000E-01           1.0000000

# Selenium cc-pVTZ (20s,13p,9d,1f) -> [6s,5p,3d,1f]
Se cc-pVTZ
    1
1 3 3 1 1
      4.620000E-01           1.0000000


 Se ccGRB-Q-q6 
   4
  1  0  1  6  4  4
   4.11699861872       -0.0390519095    0.0315432434   -0.2377982500   -0.8083786439    0.0126096914   -0.0153334298   -0.0738078059   -0.6143042413
   1.59979662208        0.4454780254   -0.4107861412    1.7000972501    1.9802278609    0.0986633003   -0.0634231362    0.5926622980    2.3451115600
  0.621654139108       -0.3362077393    0.4678609224   -4.3788017492   -0.4738499096   -0.3025997560    0.2449151715   -2.3992625948   -1.9409990623
  0.241564373455       -0.7744019443    1.4635349612    4.2218108257   -1.8709146449   -0.5223693952    1.0763222896    2.5713355651    0.6613883818
  0.938678645439E-01   -0.1753998763   -1.8456621567   -1.5064316829    3.0992384627   -0.3545456506   -1.4473362420   -1.0615216177    0.3289737523
  0.364754780185E-01    0.0023586268    0.0204993234   -0.2247390805   -1.9530515836    0.0074295006    0.0166232716   -0.0618959663   -0.5211578818
1 2 2 2 2
  0.46656078            1.0000000000    0.0000000000
  0.04260788            0.0000000000    1.0000000000
1 3 3 2 2
      2.840000E-01           1.000000E+00           0.000000E+00
      7.097000E-01           0.000000E+00           1.000000E+00
1 4 4 1 1
      5.730000E-01           1.0000000

# Selenium cc-pVQZ (21s,16p,12d,2f,1g) -> [7s,6p,4d,2f,1g]
Se cc-pVQZ
    2
1 3 3 2 2
      2.840000E-01           1.000000E+00           0.000000E+00
      7.097000E-01           0.000000E+00           1.000000E+00
1 4 4 1 1
      5.730000E-01           1.0000000

Se aug-cc-D
    3
1 0 0 1 1
      0.0487470              1.0000000
1 1 1 1 1
      0.0354920              1.0000000
1 2 2 1 1
      0.1283000              1.0000000

Se aug-cc-T
    4
1 0 0 1 1
      0.0392010              1.0000000
1 1 1 1 1
      0.0302510              1.0000000
1 2 2 1 1
      0.0837000              1.0000000
1 3 3 1 1
      0.1880000              1.0000000

Se aug-cc-Q
     5
1 0 0 1 1
      0.0381520              1.0000000
1 1 1 1 1
      0.0265690              1.0000000
1 2 2 1 1
      0.0619000              1.0000000
1 3 3 1 1
      0.1240000              1.0000000
1 4 4 1 1
      0.2630000              1.0000000

####################################################################################################
# Bromine
####################################################################################################
UPDATE NEEDED
 Br ccGRB-D-q7 
   2
  1  0  1  4  2  2
   1.83999138273       -0.3533588945    0.3235921271   -0.1318779585    0.0874481291
  0.732136018825        0.1958220926   -0.3080548826    0.3264472367   -0.2321077450
  0.291318293711        0.8563134820   -1.6723586745    0.5074945499   -1.1338805952
  0.115916094918        0.1710067623    1.9167451504    0.3549702160    1.4705680488
1 2 2 1 1
      4.098000E-01           1.000000E+00


 Br ccGRB-T-q7 
   3
  1  0  1  5  3  3
   4.35644104382        0.0296431403   -0.0232431740    0.2302688820   -0.0175287484    0.0188046420    0.0725947925
   1.72749166111       -0.4524163891    0.4160847188   -1.7241282000   -0.1057644560    0.0639349862   -0.6009829745
  0.685014994848        0.3752499002   -0.5580936005    4.6733257000    0.3468582936   -0.2838193466    2.4909147625
  0.271634042428        0.7662721144   -1.3733153041   -4.7867885937    0.5193017585   -1.0175984399   -2.7737392424
  0.107713047978        0.1572500156    1.8098969521    2.0187613028    0.3138625771    1.4372937135    1.2218049909
1 2 2 1 1
      2.639000E-01           1.000000E+00
1 3 3 1 1
      5.515000E-01           1.0000000

# Bromine cc-pVTZ (20s,13p,9d,1f) -> [6s,5p,3d,1f]
Br cc-pVTZ
    1
1 3 3 1 1
      5.515000E-01           1.0000000


 Br ccGRB-Q-q7 
   4
  1  0  1  6  4  4
   4.38172231611       -0.0290465051    0.0252696999   -0.1936923678   -0.5579069353    0.0176227304   -0.0174536377   -0.0634471608   -0.5503808389
   1.72279559197        0.4531050023   -0.4284778160    1.5267474357    1.3011303760    0.1050961213   -0.0688965284    0.5532862426    2.1151222175
  0.677364843679       -0.3898778172    0.6150870426   -4.1753907739    0.4052511979   -0.3546060421    0.3101102913   -2.3564456322   -1.6079509972
  0.266324765162       -0.7654497453    1.2836185838    4.0764551360   -2.7882832498   -0.5235264416    0.9607590049    2.5759197129    0.2037305357
  0.104712964070       -0.1447471656   -1.7784925622   -1.3152579424    3.8102630446   -0.3043229948   -1.4032831113   -1.0115665997    0.8479533813
  0.411708045165E-01   -0.0000039994    0.0089565023   -0.3838120025   -2.2416566949    0.0028909785   -0.0106415660   -0.1424310505   -0.8555099122
1 2 2 3 3
      0.84178014        1.00000000      0.00000000      0.00000000
      0.26579050        0.00000000      1.00000000      0.00000000
      0.04735108        0.00000000      0.00000000      1.00000000
1 3 3 2 2
      0.8255000              1.0000000              0.00000000
      0.3409000              0.00000000             1.0000000
1 4 4 1 1
      0.6582000              1.0000000

# Bromine cc-pVQZ (21s,16p,12d,2f,1g) -> [7s,6p,4d,2f,1g]
Br cc-pVQZ
    2
1 3 3 2 2
      3.407000E-01           1.000000E+00           0.000000E+00
      8.257000E-01           0.000000E+00           1.000000E+00
1 4 4 1 1
      6.491000E-01           1.0000000


Br aug-cc-D
    3
1 0 0 1 1
      0.0569460              1.0000000
1 1 1 1 1
      0.0410490              1.0000000
1 2 2 1 1
      0.1719000              1.0000000

Br aug-cc-T
    4
1 0 0 1 1
      0.0455930              1.0000000
1 1 1 1 1
      0.0351420              1.0000000
1 2 2 1 1
      0.1047000              1.0000000
1 3 3 1 1
      0.2580000              1.0000000

Br aug-cc-Q
     5
1 0 0 1 1
      0.0442700              1.0000000
1 1 1 1 1
      0.0305130              1.0000000
1 2 2 1 1
      0.0829000              1.0000000
1 3 3 1 1
      0.1748000              1.0000000
1 4 4 1 1
      0.3110000              1.0000000

####################################################################################################
# Krypton
####################################################################################################
