#
# Generated with CP2K Atom Code
#
 Ni ccGRB-VAL-0
   1
  2  0  2  8  2  1  1
   9.13987981895        0.2984573271    0.0579320693    0.1133104462    0.1522178979
   4.61244208011        0.1290924436    0.0533598336   -0.3160177805    0.2689776881
   2.32766976851       -0.7268257398   -0.2624365104   -0.3867975499    0.2558116451
   1.17465898913       -0.3697808947   -0.1412707175   -0.3666416335    0.2809123426
  0.592791881136       -0.2389480170   -0.2986665825   -0.0925293632    0.1838411177
  0.299152534985        0.0602960662    0.3872405642   -0.0322119823    0.1382809780
  0.150967383387       -0.0326073751    0.0556162364    0.0090113788    0.0457801874
  0.761857185927E-01    0.0086915180    0.8445360480   -0.0029928146    0.0159354696

 Ni ccGRB-VAL-1
   1
  2  0  2  8  3  2  2
   9.13987981895        0.2984573271    0.0579320693   -0.0717883412    0.1133104462    0.0502752272    0.1522178979   -0.0320562463
   4.61244208011        0.1290924436    0.0533598336    0.0332656953   -0.3160177805   -0.2224340540    0.2689776881   -0.0514145487
   2.32766976851       -0.7268257398   -0.2624365104    0.0020729285   -0.3867975499   -1.1631687932    0.2558116451   -0.0448298856
   1.17465898913       -0.3697808947   -0.1412707175    0.7471543093   -0.3666416335    0.9593428386    0.2809123426   -0.0845576113
  0.592791881136       -0.2389480170   -0.2986665825   -0.7692670351   -0.0925293632    1.3756959874    0.1838411177   -0.1980546074
  0.299152534985        0.0602960662    0.3872405642    1.6283747894   -0.0322119823   -1.2718620173    0.1382809780    0.1062632708
  0.150967383387       -0.0326073751    0.0556162364   -4.4766744643    0.0090113788    0.0041110944    0.0457801874    0.4547800147
  0.761857185927E-01    0.0086915180    0.8445360480    3.1959211661   -0.0029928146   -0.1815811197    0.0159354696    0.5649947986

 Ni ccGRB-VAL-2
   1
  2  0  2  8  4  3  3
   9.13987981895        0.2984573271    0.0579320693   -0.0717883412    0.0474757247    0.1133104462    0.0502752272    0.0186349666    0.1522178979   -0.0320562463    0.0497361493
   4.61244208011        0.1290924436    0.0533598336    0.0332656953    0.2009117220   -0.3160177805   -0.2224340540   -0.1008829351    0.2689776881   -0.0514145487    0.0703330425
   2.32766976851       -0.7268257398   -0.2624365104    0.0020729285   -0.7576844583   -0.3867975499   -1.1631687932    0.0169146177    0.2558116451   -0.0448298856    0.1014693132
   1.17465898913       -0.3697808947   -0.1412707175    0.7471543093    0.8617634044   -0.3666416335    0.9593428386   -0.7676431634    0.2809123426   -0.0845576113    0.0636699176
  0.592791881136       -0.2389480170   -0.2986665825   -0.7692670351   -4.2551824211   -0.0925293632    1.3756959874    0.3124073633    0.1838411177   -0.1980546074    0.3304798532
  0.299152534985        0.0602960662    0.3872405642    1.6283747894   10.2338195437   -0.0322119823   -1.2718620173    1.2652928355    0.1382809780    0.1062632708   -0.7149351482
  0.150967383387       -0.0326073751    0.0556162364   -4.4766744643   -9.8834607938    0.0090113788    0.0041110944   -0.1735468586    0.0457801874    0.4547800147   -0.9765446490
  0.761857185927E-01    0.0086915180    0.8445360480    3.1959211661    3.6404186558   -0.0029928146   -0.1815811197   -0.1325473213    0.0159354696    0.5649947986    1.3356741259

 Ni ccGRB-VAL-3
   1
  2  0  2  8  5  4  4
   9.13987981895        0.2984573271    0.0579320693   -0.0717883412    0.0474757247   -0.4337283839    0.1133104462    0.0502752272    0.0186349666   -0.0141714527    0.1522178979   -0.0320562463    0.0497361493    0.0230629676
   4.61244208011        0.1290924436    0.0533598336    0.0332656953    0.2009117220    1.7068353508   -0.3160177805   -0.2224340540   -0.1008829351    0.0610667579    0.2689776881   -0.0514145487    0.0703330425   -0.5438873586
   2.32766976851       -0.7268257398   -0.2624365104    0.0020729285   -0.7576844583   -4.9244206559   -0.3867975499   -1.1631687932    0.0169146177   -1.4920347462    0.2558116451   -0.0448298856    0.1014693132    1.1198427440
   1.17465898913       -0.3697808947   -0.1412707175    0.7471543093    0.8617634044   12.8465153587   -0.3666416335    0.9593428386   -0.7676431634    2.9196690771    0.2809123426   -0.0845576113    0.0636699176   -3.2529883766
  0.592791881136       -0.2389480170   -0.2986665825   -0.7692670351   -4.2551824211  -20.3012187201   -0.0925293632    1.3756959874    0.3124073633   -1.4600207272    0.1838411177   -0.1980546074    0.3304798532    5.7484284098
  0.299152534985        0.0602960662    0.3872405642    1.6283747894   10.2338195437   18.8898210366   -0.0322119823   -1.2718620173    1.2652928355   -2.3870949561    0.1382809780    0.1062632708   -0.7149351482   -5.3002318407
  0.150967383387       -0.0326073751    0.0556162364   -4.4766744643   -9.8834607938  -10.4767079568    0.0090113788    0.0041110944   -0.1735468586    4.5137762806    0.0457801874    0.4547800147   -0.9765446490    3.0828242279
  0.761857185927E-01    0.0086915180    0.8445360480    3.1959211661    3.6404186558    2.8485952011   -0.0029928146   -0.1815811197   -0.1325473213   -2.4514521497    0.0159354696    0.5649947986    1.3356741259   -0.9534721705

 Ni ccGRB-POL-1
   1
  3  3  3  1  1
   1.02004204452        1.0000000000

 Ni ccGRB-EXT
   1
  2  0  2  1  3  2  1
  0.273123600435E-01    1.0000000000    5.8913598966  181.8788189828    5.8913598966  181.8788189828  181.8788189828

