#################################################################################################
# Silicium
#################################################################################################
 Si ccGRB-D-q4 
   2
  1  0  1  4  2  2
   1.20967575825       -0.3122876279    0.2932676324   -0.0456614428    0.0167062582
  0.460592333959        0.2187007787   -0.2874635650    0.2456011322   -0.1963869439
  0.175373687251        0.7637261839   -1.5873284902    0.4824835683   -1.1112726634
  0.667747331260E-01    0.2308911151    1.8299807179    0.4239162239    1.3970622389
1 2 2 1 1
      2.750000E-01           1.0000000

 Si ccGRB-T-q4 
   3
  1  0  1  5  3  3
   1.30729130462       -0.2580015497    0.2020962637   -0.1362076556   -0.0424082243    0.0600278925    0.0524860101
  0.618642174851       -0.0337537338    0.1564177098   -1.1141648855    0.0856320880   -0.2012020738   -0.2509950429
  0.292756586960        0.4886246013   -0.9855703669    5.5672866442    0.3475788917   -0.1553856246    2.6793215748
  0.138539567286        0.5182722470   -0.9712938761   -7.1850591027    0.3209596450   -1.1934654020   -3.8983178530
  0.655603069534E-01    0.1849607940    1.8487609503    3.2701364870    0.3953792591    1.6276152455    1.8626843312
1 2 2 2 2
      1.590000E-01           1.000000E+00           0.000000E+00
      4.810000E-01           0.000000E+00           1.000000E+00
1 3 3 1 1
      3.360000E-01           1.0000000

 Si ccGRB-Q-q4
   4
  1  0  1  6  4  4
   2.95841825484        0.0089611973    0.0015080311   -0.0589186692   -1.0209545075   -0.0025821684   -0.0137248434   -0.0091670408   -0.4055582436
   1.38156600182       -0.2489706023    0.1711731768    0.0605842311    4.9157914118   -0.0345354736    0.0808421871    0.0791824460    1.6313994721
  0.645184166995       -0.0626606346    0.2099109643   -1.4241316920  -10.7008133981    0.0644711895   -0.2066197957   -0.3151260404   -4.7278009195
  0.301297664241        0.4805319731   -0.9741471316    5.7273760495   11.5121212148    0.3536741373   -0.1434297757    2.6978851323    5.7494880967
  0.140704448622        0.5352193267   -1.0059549790   -7.0993969872   -7.0316497016    0.3258945765   -1.2001722722   -3.8147845980   -3.7599049341
  0.657082487247E-01    0.1875169753    1.8478047894    3.1897600604    2.1073913511    0.3994411775    1.6162728804    1.8051160648    1.2246291317
1 2 2 3 3
      1.200000E-01           1.000000E+00           0.000000E+00           0.000000E+00
      3.020000E-01           0.000000E+00           1.000000E+00           0.000000E+00
      7.600000E-01           0.000000E+00           0.000000E+00           1.000000E+00
1 3 3 2 2
      2.120000E-01           1.000000E+00           0.000000E+00
      5.410000E-01           0.000000E+00           1.000000E+00
1 4 4 1 1
      4.610000E-01           1.0000000

Si aug-cc-D
    3
1 0 0 1 1
      0.0332000              1.0000000
1 1 1 1 1
      0.0250000              1.0000000
1 2 2 1 1
      0.0823000              1.0000000

Si aug-cc-T
    4
1 0 0 1 1
      0.0330000              1.0000000
1 1 1 1 1
      0.0237000              1.0000000
1 2 2 1 1
      0.0556000              1.0000000
1 3 3 1 1
      0.1250000              1.0000000

Si aug-cc-Q
     5
1 0 0 1 1
      0.0275000              1.0000000
1 1 1 1 1
      0.0200000              1.0000000
1 2 2 1 1
      0.0435000              1.0000000
1 3 3 1 1
      0.0846000              1.0000000
1 4 4 1 1
      0.2120000              1.0000000

