#
# Generated with CP2K Atom Code
#
 Si ccGRB-VAL-0
   1
  1  0  1  4  1  1
   1.20967575825       -0.3122876279   -0.0456614428
  0.460592333959        0.2187007787    0.2456011322
  0.175373687251        0.7637261839    0.4824835683
  0.667747331260E-01    0.2308911151    0.4239162239

 Si ccGRB-VAL-1
   1
  1  0  1  4  2  2
   1.20967575825       -0.3122876279    0.2932676324   -0.0456614428    0.0167062582
  0.460592333959        0.2187007787   -0.2874635650    0.2456011322   -0.1963869439
  0.175373687251        0.7637261839   -1.5873284902    0.4824835683   -1.1112726634
  0.667747331260E-01    0.2308911151    1.8299807179    0.4239162239    1.3970622389

