MG DZVP-MOLOPT-SCAN-GTH-Q10
 1
 2 0 1 7 3 2
        30.79059135930717     6.11677226132543E-02     3.74977838745497E-02    -1.07841829788086E-02     5.65155806723434E-02     2.02809406471241E-02
        12.53114403413805     2.01012803487505E-01     1.15217156038764E-01    -3.54921616347278E-02     2.41787315876121E-01     9.23807778151771E-02
         4.36072428815407    -3.04653052222714E-01    -1.57742420429346E-01     4.21717516177769E-02     5.66763184029397E-01     2.15259555401935E-01
         1.52360546268927    -7.82399658708603E-01    -3.41614829691526E-01    -4.11185546700726E-02     6.38114569111134E-01     2.64028355045584E-01
         0.55661077823868    -3.49253587978877E-01     3.69974996461960E-02    -6.92608581638471E-02     3.01558307754753E-01     2.69592367463684E-02
         0.16291206601077     2.08123766564460E-01    -6.04372121431308E-01     7.49188888082222E-01     2.78833276657356E-01    -7.25568656825778E-01
         0.05681478450624     2.92568083432473E-01    -6.90725042218181E-01    -6.55037219696590E-01     2.03097916760050E-01    -5.89771269784232E-01
H DZVP-MOLOPT-SCAN-GTH-Q1
 1
 2 0 1 5 2 1
         9.16876514496744     4.30245721944096E-02    -3.89199332255518E-02    -1.03225299298647E-01
         2.16119406948452     1.67758655334156E-01    -2.29436993766244E-01     3.18679005482070E-01
         0.61986766123499     5.51924571472773E-01    -2.73974309763091E-01     4.58038932787715E-01
         0.16131600752250     6.99078574975625E-01    -2.64330500496994E-01     8.23091485416057E-01
         0.41225503616229     4.20326460221825E-01     8.94936516623427E-01     2.25604019455304E-02
F DZVP-MOLOPT-SCAN-GTH-Q7
 1
 2 0 2 5 2 2 1
        13.16645520019096     1.25688709752362E-01    -6.90191648196731E-02    -9.31572868763813E-02     5.00225599861602E-02    -1.02513605924922E-02
         4.67863609541364     1.25206371205048E-01    -7.54523660806367E-02    -2.93923292691458E-01     1.19602022797720E-01     4.04484470063397E-02
         1.68188350144516    -4.93940854057955E-01     2.15904735709196E-01    -5.53343548452151E-01     3.11861936412921E-01     4.51403790784568E-01
         0.58393450944632    -7.58234802751956E-01     3.05654861844976E-01    -6.44505933144035E-01     2.69615230808562E-01     8.90352206116421E-01
         0.18571155118612    -3.86817953873203E-01    -9.21685166349822E-01    -4.28198362261887E-01    -9.01799789070697E-01     4.20285554084608E-02
CL DZVP-MOLOPT-SCAN-GTH-Q7
 1
 2 0 2 4 2 2 1
         1.99031135450461     4.85018816633289E-01     1.94158525239581E-01     3.26464872695311E-01     1.51626624474172E-01     1.14349988907458E-01
         1.46501921747017    -3.69443122264159E-01     8.84925501203065E-02    -4.91090003440862E-01    -1.60659090706497E-01     2.49763916797096E-01
         0.40655378963524    -5.57894471564660E-01    -6.37209072162332E-01    -6.93734950650820E-01    -3.56105172703454E-01     9.48735957067630E-01
         0.13370286337397    -5.63047320854067E-01     7.40564739914085E-01    -4.13501044329990E-01     9.07957669331436E-01     1.56339853108561E-01
