Cd admm-dz
    5
1 0 0 2 1
        1.40630318    0.98247348
        1.26141899   -1.20569823
1 0 0 1 1
        0.09352605    1.00000000
2 1 1 1 1
        0.06963477    1.00000000
2 2 2 2 1
        2.38995213   -0.39110159
        0.93874043   -0.51728157
2 2 2 1 1
        0.30620854    1.00000000

Cd admm-dzp
    6
1 0 0 2 1
        1.40630318    0.98247348
        1.26141899   -1.20569823
1 0 0 1 1
        0.09352605    1.00000000
2 1 1 1 1
        0.06963477    1.00000000
2 2 2 2 1
        2.38995213   -0.39110159
        0.93874043   -0.51728157
2 2 2 1 1
        0.30620854    1.00000000
3 3 3 1 1
      1.5393000       1.0000000

Cd admm-tzp
    9
1 0 0 2 1
        1.90378660   -1.96668886
        1.70506289    5.21087416
1 0 0 1 1
        1.52757212    1.00000000
1 0 0 1 1
        0.09314014    1.00000000
2 1 1 1 1
        0.14923897    1.00000000
2 1 1 1 1
        0.06219666    1.00000000
2 2 2 2 1
        2.61254439    0.29199790
        1.25472729    0.43313900
2 2 2 1 1
        0.52563879    1.00000000
2 2 2 1 1
        0.19433172    1.00000000
3 3 3 1 1
      1.5393000       1.0000000

Cd admm-tz2p
   11
1 0 0 2 1
        1.90378660   -1.96668886
        1.70506289    5.21087416
1 0 0 1 1
        1.52757212    1.00000000
1 0 0 1 1
        0.09314014    1.00000000
2 1 1 1 1
        0.14923897    1.00000000
2 1 1 1 1
        0.06219666    1.00000000
2 2 2 2 1
        2.61254439    0.29199790
        1.25472729    0.43313900
2 2 2 1 1
        0.52563879    1.00000000
2 2 2 1 1
        0.19433172    1.00000000
3 3 3 1 1
      2.9086000       1.0000000
3 3 3 1 1
      0.8508000       1.0000000
4 4 4 1 1
      1.8019000       1.0000000
