
TL SVP-MOLOPT-PBE-Q21
 2
 1 0 2 7 1 1 1
        45.04040734138544     1.22983207690770E-03    -2.23240545922950E-03    -2.44639132148223E-03
        19.82590028627386    -1.07365311043980E-01     5.75910408620454E-02     1.90467915178167E-02
        14.66506492822955     2.69116629945991E-01    -1.45437219312086E-01    -1.62421397055921E-02
         5.83988554686009    -6.16889959639563E-01    -4.16342163011152E-01    -8.65519002777744E-02
         1.87231671927365     5.69427812766004E-01    -6.47488035621584E-01     5.64565695711020E-01
         0.78542121557897     4.58427666883170E-01    -5.67995231748458E-01     7.00396951857766E-01
         0.31287500408888    -3.30187062811542E-02    -2.45613858229078E-01     4.27300692034488E-01
 1 0 2 4 3 3 1
         6.66206988143760     3.92191989698758E-01     4.57599035643479E-02    -4.87213863764558E-01    -9.95195868279129E-02    -9.59737055355256E-01    -9.90851601777729E-02     3.92436912304859E-02
         1.32217365966743     4.48607484785041E-01    -3.62470609098347E-01    -5.84824836553482E-01     6.97939848843808E-01     1.18488396217484E-01    -1.59245159008482E-01    -3.99811613387450E-01
         0.17024021488591     5.97085495796345E-01     7.44673148222294E-01     2.06423585056840E-01    -5.80040402677176E-01     1.81629666502274E-01     4.42384469424224E-01     4.67060652181546E-01
         0.05438920185596     5.37052770703775E-01    -5.58554376119597E-01     6.14810430163710E-01     4.08079588432922E-01    -1.78538367826366E-01     8.76994350937996E-01     7.87695977952712E-01


TL TZVPP-MOLOPT-PBE-Q21
 2
 1 0 2 8 2 1 1
       729.66710145299351     3.16065822550335E-01     5.51297894426393E-01    -5.03877602175684E-04    -6.74419061015280E-05
        46.40595344380066     9.05362308676222E-02     1.36248415906619E-01     9.65820158535219E-03     5.62130966656286E-03
        19.46340335869036    -4.99423062592289E-01    -3.55955651620797E-01    -3.99159515162307E-02    -5.24232394777281E-02
        14.31735251940783     6.01136226021544E-01    -8.18380043166881E-02    -4.42134695366256E-02     9.24777528440327E-02
         6.82158592218597    -4.63251287101259E-01     6.96941253674294E-01     4.54179742737722E-01    -1.65080906155115E-01
         2.40480176731834     9.96354734872118E-02     1.51562275690009E-01    -5.34758698702579E-01     3.79850050571398E-01
         1.06866471626685    -1.22108866974393E-01    -1.43293602705882E-01    -6.29772876269591E-01     8.00274579584690E-01
         0.36033975563834    -2.04151588432749E-01     1.21958291357237E-01    -3.27869441911463E-01     4.20346162460491E-01
 1 0 3 5 4 4 2 2
         1.45585707873228     9.60155962830246E-01    -2.27749467306109E-01    -3.58124473486464E-02    -1.55131060722598E-01     4.95111938736849E-01    -5.34926575241834E-01     5.16160744638115E-01    -3.09236213957982E-01     4.28256515506907E-03    -4.20668883033689E-01     7.23411686165962E-01    -5.06317728107469E-01
         0.51626143299671     2.10490515848421E-01     7.21481288465965E-01    -5.22173612317902E-01     3.16260634515475E-01     4.50015556678653E-01    -1.80217886160073E-02    -7.83886811012933E-01    -4.01264395657130E-01     8.88260615558080E-01    -2.64878935797573E-01     6.78517724473945E-01     4.46481001365211E-01
         0.17595536512554     1.42317189264902E-01     2.81160482232337E-01     7.93711333025411E-01     1.92255578910029E-01     1.74527552060928E-01     7.72409548716126E-01     2.29616003380804E-01    -8.21326496127884E-02     3.55931276614279E-01     7.53025060251707E-02     8.07208280764257E-02     6.94214668285045E-01
         0.05121980252250     5.11351355749293E-02    -3.87111474730692E-01    -1.94566042425893E-02     9.12443332586172E-01     3.34283370708580E-01     3.39764432447593E-01     2.53961433955985E-01    -4.06779647878472E-01     1.12861327781884E-01     7.16260975576635E-01    -2.80226670296151E-02    -2.49706485580523E-01
         0.04810663062044    -1.04524089705961E-01    -4.45744792339723E-01    -3.09347616108719E-01    -7.99907635415565E-02     6.40425583894625E-01     3.83717830031105E-02    -4.33547490945003E-02     7.55740957401609E-01     2.67488290403734E-01     4.83917955515468E-01     9.48056324298493E-02     3.12074044400428E-03


TL QZVPP-MOLOPT-PBE-Q21
 2
 1 0 2 11 2 2 1
      9675.50563525350299     7.30635874101371E-05    -1.81939770177200E-04     1.65890566583568E-05    -1.28427607371189E-04     5.03620368163116E-06
      1471.54971598717020    -1.18690592268344E-03     4.35662586331697E-03     3.84092241252879E-04    -1.71856086416638E-03     7.73964284317037E-05
       323.68525258316259     1.72474156011529E-03    -5.63275285616844E-03    -7.49396316397067E-04     3.23877380984429E-03    -2.12821823942681E-04
        33.95721169094364     1.51501075856112E-02    -7.12417554283474E-03     1.82821137427306E-02    -5.43564091168746E-02     1.06361649955271E-02
        21.23481341560871    -1.83524896441695E-01     2.32523153792586E-01    -6.82635407025618E-02     1.26776877899447E-01    -4.06692488650366E-02
        13.12337347690689     5.46670626294645E-01    -3.86028572796169E-01     1.99353016803349E-01    -2.03771642627202E-01     1.01286030475234E-01
         8.11577820605616    -2.95067442245244E-01    -4.51393408746219E-01    -2.52726381411865E-01    -1.29587145491630E-01    -1.62066609041137E-01
         5.15457095044713    -5.02569373268876E-01     4.28681265706481E-01    -1.36970922575254E-01     7.54964412244760E-01     3.11357611879740E-02
         1.77059830395421     5.48951306329012E-01     5.45359601241966E-01     4.71774349903336E-01     1.65626046149098E-01     5.41892898959383E-01
         0.76779462832187    -8.52457634178735E-02     9.00583346414733E-02     5.04162133751909E-01     4.76306477683387E-01     6.15989141363170E-01
         0.34758181496273    -1.37770740120600E-01    -3.22121395641413E-01     6.29191041571414E-01    -3.13644260587104E-01     5.36328644864346E-01
 1 0 4 6 5 4 3 4 1
         1.92648537547578     3.81074681077621E-01    -2.11321021336235E-01     2.29676965890675E-01     1.61002792262869E-02     8.40440703683822E-02    -2.50348904188693E-01     1.12749879452254E-01    -3.65753424877028E-01    -6.67275876297944E-02    -4.43727373477597E-02     3.60604573300519E-01     1.40219410644735E-01     9.42059194625594E-01    -3.55653806881298E-02     1.42370830315260E-01    -1.88942583155749E-01     7.17702698678920E-02
         0.90269574756808     8.88654060444721E-01     7.04207116697168E-02    -1.72977277984064E-01    -1.97648976488927E-01    -2.09689540306639E-01    -1.94607229856628E-02    -2.63963569766364E-01    -5.51014418316540E-02    -1.86776078869853E-01    -2.75991447651608E-01    -4.39758864658324E-02    -5.98792515561561E-01    -7.62420994595694E-02     9.32668152757673E-01     5.23358928855355E-02    -1.09090460701410E-01    -2.76231758365668E-01
         0.48082554662603    -1.61954628869812E-01     6.70672669544775E-01    -3.32999789424153E-01    -4.57146077579501E-01    -2.75029240024395E-01     7.96161063966592E-01     2.89448348342060E-01     3.64829218062008E-01    -1.93394325819595E-01    -3.51020065618999E-02    -6.01911063350300E-01     5.99925809700038E-01    -1.85586849620180E-01    -1.37247805764773E-01     9.41585763447569E-01     4.52156473001082E-02     8.14731333606922E-01
         0.17041245011496     1.05015808879663E-01     5.80155386701247E-01     7.88701333198842E-01     9.76258164191943E-02     7.54615981891218E-02    -4.71682190765236E-01     7.07079160091254E-01     4.70645885053007E-01     6.15335928079875E-02     7.81309074692423E-01     2.10987893253559E-01    -1.32457010639817E-01     1.53478431181593E-01     4.69775186935319E-02    -7.92364334736010E-02     9.43387921071704E-01    -4.47083367101272E-01
         0.06389172251708     1.58408751342407E-01     4.03662150967869E-01    -4.24810414202465E-01     7.02352526327759E-01     3.59808607230950E-01    -2.21160458389404E-01    -5.77743099339103E-01     7.12885682762693E-01     3.56831942633519E-02    -5.51343240651521E-01     4.07880495399268E-01     1.30664658692862E-01    -1.73220525888241E-01    -2.80606978126606E-01    -2.84933535163511E-01    -2.38568335894399E-01    -2.28016903468495E-01
         0.02465311436085     5.22024316275712E-02     3.25440438874180E-02    -6.26483190472657E-02    -4.98861960450877E-01     8.59167691091079E-01     1.77983789194059E-01    -9.07329556705931E-03    -1.93483627653796E-02     9.58228097456550E-01     7.87679562380164E-02     5.43001975423735E-01     4.76714747351806E-01     1.36777768341458E-01     1.70531806138638E-01     5.42422272190644E-02    -5.88208838611331E-02     5.36903405317544E-02
