###############################################################################################
# Sulphur
###############################################################################################
 S  ccGRB-D-q6 
   2
  1  0  1  4  2  2
   1.94151666164       -0.3247602896    0.2979665116   -0.0640912328    0.0271169475
  0.741080967067        0.2119522322   -0.2832982694    0.3229779335   -0.2564870537
  0.282872153817        0.7929495409   -1.5960715188    0.4941753328   -0.9871753722
  0.107972892249        0.2098298006    1.8400814254    0.3500846741    1.3879309259
1 2 2 1 1
      4.790000E-01           1.0000000

 S  ccGRB-T-q6 
   3
  1  0  1  5  3  3
   4.91901244564        0.0135278360   -0.0132095832    0.2136758042   -0.0141640457    0.0134585508    0.0663629468
   1.87451569134       -0.3677118801    0.3450724897   -1.5982555561   -0.0424316359    0.0099597615   -0.3933026303
  0.714332219307        0.2910666421   -0.4067102960    4.2952325045    0.3244396488   -0.2748476291    2.1356015775
  0.272214589559        0.7579001902   -1.4510175480   -4.3056273655    0.5066536214   -0.9337434830   -2.4916772667
  0.103734342041        0.1986704989    1.7902062008    1.7898163927    0.3260268164    1.3737800284    1.1172872611
1 2 2 2 2
      2.690000E-01           1.000000E+00           0.000000E+00
      8.190000E-01           0.000000E+00           1.000000E+00
1 3 3 1 1
      5.570000E-01           1.0000000


 S  ccGRB-Q-q6 
   4
  1  0  1  6  4  4
   12.1307589941        0.0032546961    0.0014296400   -0.0649261005   -0.4603144926    0.0016394568   -0.0024170961   -0.0216155929   -0.1693643665
   4.67362515114        0.0015134242   -0.0127263994    0.3359298077    2.3201288154   -0.0194520763    0.0195192630    0.1013279293    0.7694204543
   1.80061050293       -0.3688264146    0.3611191852   -1.7321640451   -4.9968692752   -0.0343819061    0.0005633328   -0.4214789554   -2.6409973868
  0.693722341528        0.3232676064   -0.4673937626    4.4567750671    4.3470922994    0.3333486328   -0.2827465923    2.1770701648    2.5767418704
  0.267270843057        0.7404515308   -1.4002070981   -4.4842492479   -2.3061337883    0.4990602161   -0.9218448197   -2.5644805462   -1.4320525533
  0.102971605889        0.1941370493    1.7837922724    1.8727927086    0.6793441155    0.3208486161    1.3781915023    1.1570275560    0.4598932600
1 2 2 3 3
      2.030000E-01           1.000000E+00           0.000000E+00           0.000000E+00
      5.040000E-01           0.000000E+00           1.000000E+00           0.000000E+00
      1.250000E+00           0.000000E+00           0.000000E+00           1.000000E+00
1 3 3 2 2
      3.350000E-01           1.000000E+00           0.000000E+00
      8.690000E-01           0.000000E+00           1.000000E+00
1 4 4 1 1
      6.830000E-01           1.0000000

S aug-cc-D
    3
1 0 0 1 1
      0.0507000              1.0000000
1 1 1 1 1
      0.0399000              1.0000000
1 2 2 1 1
      0.1520000              1.0000000

S aug-cc-T
    4
1 0 0 1 1
      0.0497000              1.0000000
1 1 1 1 1
      0.0351000              1.0000000
1 2 2 1 1
      0.1010000              1.0000000
1 3 3 1 1
      0.2180000              1.0000000

S aug-cc-Q
     5
1 0 0 1 1
      0.0428000              1.0000000
1 1 1 1 1
      0.0317000              1.0000000
1 2 2 1 1
      0.0748000              1.0000000
1 3 3 1 1
      0.1400000              1.0000000
1 4 4 1 1
      0.2970000              1.0000000


