K DZVP-MOLOPT-PBE0-GTH-Q9
 1
 2 0 2 6 3 2 1
         2.82679804589034    -4.43866934689310E-04    -3.77601854005167E-02     2.01780158430115E-02     1.38185840986196E-03    -1.81064158387711E-03    -1.12792994292452E-03
         0.44287906077151    -1.24451015403828E-01     6.19246164893388E-01    -2.46597186815599E-01    -8.60489178348898E-02     3.29720061225874E-01     6.36487266662772E-02
         0.32544855965972     5.64812485835045E-01    -2.92070601532984E-01    -3.88038989561511E-02     5.23532439138241E-01    -3.39557504207187E-01    -3.22645577889971E-01
         0.25062529802058    -3.65571898139185E-01     2.70688394307845E-01    -4.81123956421945E-01    -4.81291238706608E-02     5.84812427047015E-01     6.00497089321103E-01
         0.04240511901236    -5.33420344372110E-01    -9.34289837559193E-03     7.31445455276092E-01    -8.16960310373068E-01    -1.11270004525873E-01     7.27925615388956E-01
         0.01975216803512     4.97311297974207E-01     6.75606115144390E-01     4.13260471216299E-01     2.20832284975106E-01     6.49303869850657E-01    -3.70802186258988E-02
H DZVP-MOLOPT-PBE0-GTH-Q1
 1
 2 0 1 5 2 1
         9.40376558777484     5.57995409025206E-02    -4.70579310756749E-02    -9.22922683878503E-02
         2.19236236036235     2.26741263852150E-01    -2.37595450605385E-01     3.56629407794935E-01
         0.70785664525623     4.70071809062586E-01    -3.84865803668886E-01     4.70685683046521E-01
         0.37495748172786     5.50419957177599E-01     8.25544608526065E-01     4.93402007633953E-01
         0.15142571456720     6.49265104227107E-01    -3.34198093163844E-01     6.31907468961614E-01
F DZVP-MOLOPT-PBE0-GTH-Q7
 1
 2 0 2 5 2 2 1
        13.31501907729122     1.31813146289282E-01    -5.24225688764356E-02    -9.80506809064632E-02     4.64420401614479E-02     4.89385522399914E-03
         4.62512020147175     1.34547810393351E-01    -5.37398783766778E-02    -3.12727206728056E-01     1.25929415842544E-01     2.30296758923593E-02
         1.62272294024072    -5.51865766775749E-01     1.65440705311574E-01    -5.86706702362430E-01     2.77907352966805E-01     5.26472480151814E-01
         0.55216173678272    -7.87309125215089E-01     1.14519053917377E-01    -6.52997838515906E-01     1.82287680337408E-01     8.49582617686734E-01
         0.17330337957192    -2.00276553789357E-01    -9.76667117835106E-01    -3.49223175694863E-01    -9.33554296168888E-01    -2.19496600587510E-02
CL DZVP-MOLOPT-PBE0-GTH-Q7
 1
 2 0 2 4 2 2 1
         1.95736377876919     5.14900988266686E-01     2.40693792976429E-01     3.91491934421244E-01     1.94579618291814E-01     1.03302579489917E-01
         1.54347371438383    -4.22981434715776E-01     4.84506053505592E-02    -5.31183852831214E-01    -2.06763688400425E-01     2.53080986425568E-01
         0.40766941393095    -4.94589672987331E-01    -6.25944067103656E-01    -6.13505638411310E-01    -3.32691397032460E-01     9.52098239408987E-01
         0.13062819821750    -5.57982735881729E-01     7.40211497966303E-01    -4.33807113141348E-01     8.99279702676011E-01     1.37067625261757E-01
S DZVP-MOLOPT-PBE0-GTH-Q6
 1
 2 0 2 4 2 2 1
         1.83659095947030     3.72803746003926E-01    -1.31812637810655E-01     3.22135672378229E-01     2.14331044549409E-01    -6.56359111506667E-02
         1.39208197320107    -1.14279794636780E-01    -1.43288136484319E-01    -4.14974000535217E-01    -2.38907656855117E-01     4.63441350718008E-01
         0.38620456072642    -7.33165669969939E-01     5.64751972580603E-01    -7.40576228885045E-01    -2.84085486628765E-01     8.51719381751729E-01
         0.12374068236867    -5.57158501578093E-01    -8.01965802215136E-01    -4.19013170045561E-01     9.03482579314762E-01     2.35559199269617E-01
P DZVP-MOLOPT-PBE0-GTH-Q5
 1
 2 0 2 4 2 2 1
         1.46486261225549     3.83350362566064E-01     3.35317452087815E-01     1.61426165061671E-01     1.29569897699925E-01     2.51603510220513E-01
         0.60822081034934    -2.95260205201235E-01    -4.08273238159129E-01    -6.65080984528182E-01    -4.45721580403973E-01     7.21208411270175E-01
         0.22569356915956    -8.39418487719939E-01     4.68172439850884E-02    -7.23988069302115E-01     3.40879884612988E-01     6.45355474983142E-01
         0.07812123803993    -2.47468206481081E-01     8.47751918307494E-01    -8.63142674226135E-02     8.17523589040984E-01    -8.39118985296701E-03
