################################################################################################
# Gold
################################################################################################
Au ccGRB-D-q11
    2
  2  0  2  6  2  1  2
   8.82905039500       -0.0127995319   -0.0003142892   -0.0027936178    0.0020252296   -0.0008859767
   3.46606639944        0.0813130952   -0.0153979587    0.0135316203   -0.0043998336    0.0037107108
   1.36069177860       -0.1505956723   -0.0978638118   -0.0235460674   -0.4726932629    0.1062998762
  0.534173874064       -0.4058093760    1.4433872201   -0.0472823965   -0.4630158930    0.4226879571
  0.209703426022        0.5624666571   -3.5125104108    0.0360556527   -0.2107531968   -0.3125804548
  0.823243685634E-01    0.7548192272    2.2910580247    0.9922443298   -0.0395257741   -0.8277095922
  3 3 3 1 1
      0.8919000              1.0000000

Au ccGRB-T-q11
    4
  2  0  2  7  3  2  3
   7.08878862100       -0.0091898194    0.0184153557    0.0321486058    0.0019477282    0.0097420436    0.0013509191   -0.0010562843    0.0048506370
   3.26179957905        0.0565532725   -0.1000494103   -0.1607532584   -0.0100423497   -0.0438799317    0.0058759602    0.0037871417   -0.0201088448
   1.50086806967       -0.0001214751    0.1264920023    0.9250506017    0.0546304679    0.0987737562   -0.3835781032    0.0703686113   -0.0407435133
  0.690601892595       -0.5626438290    0.3046984361   -4.1952262699   -0.1917626805   -0.1578350637   -0.4175315286    0.2977972632   -0.7006156513
  0.317770084988        0.3365316014    0.4477857319    8.5471265243    0.2320552151    0.6994461369   -0.2696914238    0.1769558232    0.5505299504
  0.146217130298        0.4289163941   -3.2344081810   -7.5950985157   -0.0874156483   -2.5792392682   -0.1081774895   -0.6451496322    1.1509386965
  0.672796156797E-01    0.5936917689    2.6187039893    2.7647331013    0.9958707457    1.8595685055   -0.0160013219   -0.5185509156   -1.3061335983
  3 3 3 1 1
      1.4385000              1.0000000
  3 3 3 1 1
      0.4878000              1.0000000
  4 4 4 1 1
      1.2257000              1.0000000

Au ccGRB-Q-q11
    6
  2  0  2  8  4  3  4
   7.12978298753       -0.0092959746    0.0167346161    0.0248863075    0.5727243629    0.0018877961    0.0092039987    0.0259028114   -0.0013649036    0.0012334596   -0.0043472709    0.0059338746
   3.26666805531        0.0573227297   -0.0918036103   -0.1229869766   -2.8624270389   -0.0097236777   -0.0414383911   -0.1236164291   -0.0055937071   -0.0045918858    0.0179197454   -0.0313683268
   1.49669635138       -0.0041378593    0.1044106996    0.7891160222    7.6378462690    0.0536372893    0.0919868710    0.4341733817    0.3861070648   -0.0686303867    0.0481173103    0.0494193960
  0.685744596729       -0.5606820324    0.3640107376   -3.8042345675  -11.3108966628   -0.1913219742   -0.1396162987   -1.5286630298    0.4189387441   -0.3067596820    0.6892900965   -1.5200563651
  0.314189081512        0.3446257638    0.2928717667    7.7907109398    8.9358891937    0.2354722147    0.6525166775    3.9118114046    0.2689769886   -0.1551836592   -0.5536587528    3.2658717238
  0.143952689401        0.4382458255   -3.0003194201   -6.6285395785   -4.0347050148   -0.0846179968   -2.5180638044   -3.4597723690    0.1052548569    0.6341360465   -1.1518146291   -3.0811825638
  0.659551143093E-01    0.5822071951    2.4361848902    1.9353591785    0.4903230378    1.0036764401    1.8289779399    1.0690550890    0.0159485624    0.5325552609    1.3497649808    1.4748135570
  0.302187970342E-01   -0.0044152985    0.0718726417    0.3655619652    0.4001866663   -0.0145090218    0.0082146660    0.1909676493   -0.0005949059   -0.0197376359   -0.0426039768   -0.0335294040
  3 3 3 2 2
      1.8725000              1.0000000              0.00000000
      0.7960000              0.00000000             1.0000000
  3 3 3 1 1
      0.3384000              1.0000000
  4 4 4 1 1
      1.9037000              1.0000000
  4 4 4 1 1
      0.7018000              1.0000000
  5 5 5 1 1
      1.2672000              1.0000000

Au aug-cc-D
    4
1 0 0 1 1
      0.0193000              1.0000000
1 1 1 1 1
      0.0147000              1.0000000
1 2 2 1 1
      0.0489000              1.0000000
1 3 3 1 1
      0.3789000              1.0000000

Au aug-cc-T
     5
1 0 0 1 1
      0.0174000              1.0000000
1 1 1 1 1
      0.0128000              1.0000000
1 2 2 1 1
      0.0386000              1.0000000
1 3 3 1 1
      0.1926000              1.0000000
1 4 4 1 1
      0.5507000              1.0000000

Au aug-cc-Q
     6
1 0 0 1 1
      0.0167000              1.0000000
1 1 1 1 1
      0.0116000              1.0000000
1 2 2 1 1
      0.0328000              1.0000000
1 3 3 1 1
      0.1323000              1.0000000
1 4 4 1 1
      0.3122000              1.0000000
1 5 5 1 1
      0.5844000              1.0000000


