#
# Generated with CP2K Atom Code
#
 Au ccGRB-VAL-0
   1
  2  0  2  6  1  0  1
   8.82905039500       -0.0127995319    0.0020252296
   3.46606639944        0.0813130952   -0.0043998336
   1.36069177860       -0.1505956723   -0.4726932629
  0.534173874064       -0.4058093760   -0.4630158930
  0.209703426022        0.5624666571   -0.2107531968
  0.823243685634E-01    0.7548192272   -0.0395257741

 Au ccGRB-VAL-1
   1
  2  0  2  6  2  1  2
   8.82905039500       -0.0127995319   -0.0003142892   -0.0027936178    0.0020252296   -0.0008859767
   3.46606639944        0.0813130952   -0.0153979587    0.0135316203   -0.0043998336    0.0037107108
   1.36069177860       -0.1505956723   -0.0978638118   -0.0235460674   -0.4726932629    0.1062998762
  0.534173874064       -0.4058093760    1.4433872201   -0.0472823965   -0.4630158930    0.4226879571
  0.209703426022        0.5624666571   -3.5125104108    0.0360556527   -0.2107531968   -0.3125804548
  0.823243685634E-01    0.7548192272    2.2910580247    0.9922443298   -0.0395257741   -0.8277095922

 Au ccGRB-POL-1
   1
  3  3  3  1  1
  0.231571576543        1.0000000000

 Au ccGRB-EXT
   1
  2  0  2  1  3  2  1
  0.202494267034E-01    1.0000000000    7.3735295778  330.8835061574    7.3735295778  330.8835061574  330.8835061574

