MN TZV2P-MOLOPT-PBE-GTH-Q15
 1
 2 0 3 6 4 3 3 2
         7.78333004650085     1.91513200106406E-01     8.61364710351244E-02     5.52237822095162E-02     1.46154146663953E-01    -1.44625098306147E-01     1.62771169802100E-02     3.91084439290025E-02     2.35391184291347E-01    -5.83388209002494E-02     3.11638839670844E-01     5.32535713964668E-02    -3.46268565198998E-01
         3.85663635084843     2.22452681627264E-01     1.49492906822902E-01     3.41886478054354E-02     2.04630918332106E-01     2.73908479735920E-01    -8.32922965714472E-02    -1.90741696761919E-02     3.71571241958582E-01    -1.96349695625342E-01    -1.55467208032454E-02    -1.01672402784934E-01     4.96817900796847E-01
         1.67464743405056    -6.28717067133489E-01    -5.50337171638183E-01     1.24655503821267E-01    -3.56880063236941E-01     7.07279420436035E-01    -4.23425044312754E-01     2.49669007047165E-01     5.99687814322456E-01    -2.02063111584481E-01     5.57125254322573E-01    -4.14756980873594E-02    -7.13835758959930E-01
         0.62510925163344    -1.60414312491409E-01    -4.31543979670410E-01     1.45256864915187E-01     8.67850711098299E-01     5.23327025173987E-01    -7.31156750698767E-04    -3.80485370949940E-01     6.00275934043958E-01    -1.73487803614934E-02    -5.55369741225791E-01    -8.55936335383518E-01    -2.09088916280491E-01
         0.21464665494615    -4.97574576453865E-01     3.24194610962478E-01    -7.70049185102825E-01     2.10824906586754E-01     3.27369713334731E-01     8.09572983206112E-01    -2.86106785022893E-01     2.94223077863621E-01     7.39022172419049E-01    -2.34406666954990E-01    -5.02076250798987E-01     2.79743674635304E-01
         0.06290792151480    -4.95216253097142E-01     6.13212055094853E-01     6.05117485554883E-01     1.08580731017754E-01     1.50902096108840E-01     3.97617568671168E-01     8.42107999392981E-01     1.38250516859255E-03     6.08899931379204E-01     4.78402496957044E-01     1.99743402267314E-02     4.16397048876368E-02
MN TZVP-MOLOPT-PBE-GTH-q15
 1
 2 0 3 6 4 3 3 1
         7.78333004650085     1.91513200106406E-01     8.61364710351244E-02     5.52237822095162E-02     1.46154146663953E-01    -1.44625098306147E-01     1.62771169802100E-02     3.91084439290025E-02     2.35391184291347E-01    -5.83388209002494E-02     3.11638839670844E-01     5.32535713964668E-02
         3.85663635084843     2.22452681627264E-01     1.49492906822902E-01     3.41886478054354E-02     2.04630918332106E-01     2.73908479735920E-01    -8.32922965714472E-02    -1.90741696761919E-02     3.71571241958582E-01    -1.96349695625342E-01    -1.55467208032454E-02    -1.01672402784934E-01
         1.67464743405056    -6.28717067133489E-01    -5.50337171638183E-01     1.24655503821267E-01    -3.56880063236941E-01     7.07279420436035E-01    -4.23425044312754E-01     2.49669007047165E-01     5.99687814322456E-01    -2.02063111584481E-01     5.57125254322573E-01    -4.14756980873594E-02
         0.62510925163344    -1.60414312491409E-01    -4.31543979670410E-01     1.45256864915187E-01     8.67850711098299E-01     5.23327025173987E-01    -7.31156750698767E-04    -3.80485370949940E-01     6.00275934043958E-01    -1.73487803614934E-02    -5.55369741225791E-01    -8.55936335383518E-01
         0.21464665494615    -4.97574576453865E-01     3.24194610962478E-01    -7.70049185102825E-01     2.10824906586754E-01     3.27369713334731E-01     8.09572983206112E-01    -2.86106785022893E-01     2.94223077863621E-01     7.39022172419049E-01    -2.34406666954990E-01    -5.02076250798987E-01
         0.06290792151480    -4.95216253097142E-01     6.13212055094853E-01     6.05117485554883E-01     1.08580731017754E-01     1.50902096108840E-01     3.97617568671168E-01     8.42107999392981E-01     1.38250516859255E-03     6.08899931379204E-01     4.78402496957044E-01     1.99743402267314E-02
MN DZVP-MOLOPT-PBE-GTH-q15
 1
 2 0 3 6 3 2 2 1
         7.78333004650085     1.91513200106406E-01     8.61364710351244E-02     5.52237822095162E-02    -1.44625098306147E-01     1.62771169802100E-02     2.35391184291347E-01    -5.83388209002494E-02     5.32535713964668E-02
         3.85663635084843     2.22452681627264E-01     1.49492906822902E-01     3.41886478054354E-02     2.73908479735920E-01    -8.32922965714472E-02     3.71571241958582E-01    -1.96349695625342E-01    -1.01672402784934E-01
         1.67464743405056    -6.28717067133489E-01    -5.50337171638183E-01     1.24655503821267E-01     7.07279420436035E-01    -4.23425044312754E-01     5.99687814322456E-01    -2.02063111584481E-01    -4.14756980873594E-02
         0.62510925163344    -1.60414312491409E-01    -4.31543979670410E-01     1.45256864915187E-01     5.23327025173987E-01    -7.31156750698767E-04     6.00275934043958E-01    -1.73487803614934E-02    -8.55936335383518E-01
         0.21464665494615    -4.97574576453865E-01     3.24194610962478E-01    -7.70049185102825E-01     3.27369713334731E-01     8.09572983206112E-01     2.94223077863621E-01     7.39022172419049E-01    -5.02076250798987E-01
         0.06290792151480    -4.95216253097142E-01     6.13212055094853E-01     6.05117485554883E-01     1.50902096108840E-01     3.97617568671168E-01     1.38250516859255E-03     6.08899931379204E-01     1.99743402267314E-02
S TZV2P-MOLOPT-PBE-GTH-Q6
 1
 2 0 3 4 3 3 2 1
         1.90928473004308     3.15669989593405E-01    -1.65456324788273E-01     3.10548000189879E-01     2.12914054759076E-01     1.55419933935669E-01    -7.11939992762134E-01     7.69801068642102E-02    -1.88997576689492E-01    -1.06596717424030E-01
         1.19506924590343    -6.18859553620396E-02    -9.38673161414144E-02    -9.35734177878882E-01    -3.46018377109546E-01    -2.07811881091118E-01     5.31802271666964E-01     3.74453729277594E-01     9.11097678000808E-01     4.72918833714747E-01
         0.37255650459583    -7.61235407877732E-01     5.43670742015259E-01     1.15196623983730E-01    -8.19216679563436E-01    -3.21721314227605E-01    -4.50938487460970E-01     8.99702285348994E-01    -3.66075556598411E-01     8.72423546594614E-01
         0.11964558871342    -5.63065928637358E-01    -8.17456577332731E-01     1.21207366732185E-01    -4.04750441523642E-01     9.10579080686826E-01     8.35599849337092E-02     2.10699467287116E-01     1.30239782017600E-02     6.21455702329570E-02
S TZVP-MOLOPT-PBE-GTH-q6
 1
 2 0 2 4 3 3 1
         1.90928473004308     3.15669989593405E-01    -1.65456324788273E-01     3.10548000189879E-01     2.12914054759076E-01     1.55419933935669E-01    -7.11939992762134E-01     7.69801068642102E-02
         1.19506924590343    -6.18859553620396E-02    -9.38673161414144E-02    -9.35734177878882E-01    -3.46018377109546E-01    -2.07811881091118E-01     5.31802271666964E-01     3.74453729277594E-01
         0.37255650459583    -7.61235407877732E-01     5.43670742015259E-01     1.15196623983730E-01    -8.19216679563436E-01    -3.21721314227605E-01    -4.50938487460970E-01     8.99702285348994E-01
         0.11964558871342    -5.63065928637358E-01    -8.17456577332731E-01     1.21207366732185E-01    -4.04750441523642E-01     9.10579080686826E-01     8.35599849337092E-02     2.10699467287116E-01
S DZVP-MOLOPT-PBE-GTH-q6
 1
 2 0 2 4 2 2 1
         1.90928473004308     3.15669989593405E-01    -1.65456324788273E-01     2.12914054759076E-01     1.55419933935669E-01     7.69801068642102E-02
         1.19506924590343    -6.18859553620396E-02    -9.38673161414144E-02    -3.46018377109546E-01    -2.07811881091118E-01     3.74453729277594E-01
         0.37255650459583    -7.61235407877732E-01     5.43670742015259E-01    -8.19216679563436E-01    -3.21721314227605E-01     8.99702285348994E-01
         0.11964558871342    -5.63065928637358E-01    -8.17456577332731E-01    -4.04750441523642E-01     9.10579080686826E-01     2.10699467287116E-01
O TZV2P-MOLOPT-PBE-GTH-Q6
 1
 2 0 3 5 3 3 2 1
        10.34256722623639    -1.36598767253985E-01     5.35898017733314E-02    -1.18707008771107E-01    -9.23673397522993E-02     5.82948619873808E-02     9.18414097966573E-02    -9.48396929864874E-02     1.47739306049945E-01    -6.27421636348332E-05
         3.67715896642206    -1.53365311059511E-01     9.09944842814309E-02    -2.82507973527509E-01    -2.98268574244154E-01     1.75273022378177E-01     2.27281538167357E-01     1.72695668110757E-01    -2.69128753144972E-01     1.08668748395417E-04
         1.30046451996361     5.48021970885945E-01    -2.61169567089594E-01     6.98682645593308E-01    -5.68604037326135E-01     3.64979965319240E-01     5.95584075165259E-01     4.96837623369842E-01    -7.73936715688092E-01     3.17226823696088E-04
         0.46645021946921     7.84538402757388E-01    -4.08365744734643E-02    -6.15550727563364E-01    -6.49207117094457E-01     1.42847181972710E-01    -7.45101990481658E-01     8.41535542399250E-01     5.40201745515093E-01     9.99999938769363E-01
         0.14793951916337     2.04917720496501E-01     9.58629734771334E-01     1.97579739611495E-01    -3.97144432185278E-01    -9.01257668045223E-01     1.73236517641798E-01    -7.84343402663362E-02     1.22257293978271E-01     7.79931889816245E-05
O TZVP-MOLOPT-PBE-GTH-q6
 1
 2 0 2 5 3 3 1
        10.34256722623639    -1.36598767253985E-01     5.35898017733314E-02    -1.18707008771107E-01    -9.23673397522993E-02     5.82948619873808E-02     9.18414097966573E-02    -9.48396929864874E-02
         3.67715896642206    -1.53365311059511E-01     9.09944842814309E-02    -2.82507973527509E-01    -2.98268574244154E-01     1.75273022378177E-01     2.27281538167357E-01     1.72695668110757E-01
         1.30046451996361     5.48021970885945E-01    -2.61169567089594E-01     6.98682645593308E-01    -5.68604037326135E-01     3.64979965319240E-01     5.95584075165259E-01     4.96837623369842E-01
         0.46645021946921     7.84538402757388E-01    -4.08365744734643E-02    -6.15550727563364E-01    -6.49207117094457E-01     1.42847181972710E-01    -7.45101990481658E-01     8.41535542399250E-01
         0.14793951916337     2.04917720496501E-01     9.58629734771334E-01     1.97579739611495E-01    -3.97144432185278E-01    -9.01257668045223E-01     1.73236517641798E-01    -7.84343402663362E-02
O DZVP-MOLOPT-PBE-GTH-q6
 1
 2 0 2 5 2 2 1
        10.34256722623639    -1.36598767253985E-01     5.35898017733314E-02    -9.23673397522993E-02     5.82948619873808E-02    -9.48396929864874E-02
         3.67715896642206    -1.53365311059511E-01     9.09944842814309E-02    -2.98268574244154E-01     1.75273022378177E-01     1.72695668110757E-01
         1.30046451996361     5.48021970885945E-01    -2.61169567089594E-01    -5.68604037326135E-01     3.64979965319240E-01     4.96837623369842E-01
         0.46645021946921     7.84538402757388E-01    -4.08365744734643E-02    -6.49207117094457E-01     1.42847181972710E-01     8.41535542399250E-01
         0.14793951916337     2.04917720496501E-01     9.58629734771334E-01    -3.97144432185278E-01    -9.01257668045223E-01    -7.84343402663362E-02
F TZV2P-MOLOPT-PBE-GTH-Q7
 1
 2 0 3 5 3 3 2 1
        13.30428004732790     1.38292090777636E-01    -4.13851185732434E-02    -3.68601172475513E-01    -9.35531482386367E-02     5.06296345689289E-02     1.31156005847365E-01    -3.26022751966033E-02     1.00541308351024E-01     9.72064409635608E-05
         4.80605774544240     1.37268979809070E-01    -3.39565337061055E-02    -2.68712697428403E-01    -2.95910126104609E-01     1.05677150923709E-01    -3.03933997040743E-01     1.33191225710905E-01    -4.08920622745241E-01     5.04092340544058E-06
         1.70698523266130    -5.18264453672791E-01     1.04861752881122E-01     6.94838249064691E-01    -5.65276724858415E-01     3.02716360438154E-01     7.47866109869779E-01     2.66499643835383E-01    -8.18034852203344E-01     5.83002400834836E-05
         0.58735472443375    -8.26267224974586E-01     4.59440905301858E-02    -5.51244775686392E-01    -6.52493507471700E-01     2.40526134346493E-01    -5.71224059806739E-01     9.50822081343244E-01     3.09737546860849E-01     9.99999990598423E-01
         0.17874874061685    -1.03522721189923E-01    -9.91981541717081E-01     7.24959778581021E-02    -3.97994287350983E-01    -9.14756231842929E-01     6.94376178966045E-02     7.81824693351836E-02    -2.39910404638869E-01    -7.70047573235798E-05
F TZVP-MOLOPT-PBE-GTH-q7
 1
 2 0 2 5 3 3 1
        13.30428004732790     1.38292090777636E-01    -4.13851185732434E-02    -3.68601172475513E-01    -9.35531482386367E-02     5.06296345689289E-02     1.31156005847365E-01    -3.26022751966033E-02
         4.80605774544240     1.37268979809070E-01    -3.39565337061055E-02    -2.68712697428403E-01    -2.95910126104609E-01     1.05677150923709E-01    -3.03933997040743E-01     1.33191225710905E-01
         1.70698523266130    -5.18264453672791E-01     1.04861752881122E-01     6.94838249064691E-01    -5.65276724858415E-01     3.02716360438154E-01     7.47866109869779E-01     2.66499643835383E-01
         0.58735472443375    -8.26267224974586E-01     4.59440905301858E-02    -5.51244775686392E-01    -6.52493507471700E-01     2.40526134346493E-01    -5.71224059806739E-01     9.50822081343244E-01
         0.17874874061685    -1.03522721189923E-01    -9.91981541717081E-01     7.24959778581021E-02    -3.97994287350983E-01    -9.14756231842929E-01     6.94376178966045E-02     7.81824693351836E-02
F DZVP-MOLOPT-PBE-GTH-q7
 1
 2 0 2 5 2 2 1
        13.30428004732790     1.38292090777636E-01    -4.13851185732434E-02    -9.35531482386367E-02     5.06296345689289E-02    -3.26022751966033E-02
         4.80605774544240     1.37268979809070E-01    -3.39565337061055E-02    -2.95910126104609E-01     1.05677150923709E-01     1.33191225710905E-01
         1.70698523266130    -5.18264453672791E-01     1.04861752881122E-01    -5.65276724858415E-01     3.02716360438154E-01     2.66499643835383E-01
         0.58735472443375    -8.26267224974586E-01     4.59440905301858E-02    -6.52493507471700E-01     2.40526134346493E-01     9.50822081343244E-01
         0.17874874061685    -1.03522721189923E-01    -9.91981541717081E-01    -3.97994287350983E-01    -9.14756231842929E-01     7.81824693351836E-02
