AS TZV2P-MOLOPT-SCAN-GTH-Q5
 1
 2 0 3 4 3 3 2 1
         1.11137079422517     5.28713185321421E-01     4.31667105966122E-01    -2.61256753948594E-01     4.39613642251686E-01    -3.19888583163016E-01    -6.76364797179891E-01    -1.73668663512295E-01     1.04473021701959E-01    -3.57320670584934E-01
         0.94732441889350    -3.18903714939958E-01    -4.27318991877757E-01    -8.21294195601199E-01    -4.97691429007576E-01     3.39199432552710E-01     9.81458409036026E-02     3.22086119647528E-01    -2.93520714479278E-01     5.81733083250026E-01
         0.25490347118824    -4.53189970278908E-01    -2.60431565321286E-01     4.84741915951343E-01    -5.09732539507454E-01     2.89865748241714E-01    -7.28546081729273E-01     9.18464427695282E-01    -3.24893048395429E-02     7.28025238290696E-01
         0.08891075403399     6.42947617697875E-01    -7.50491431391269E-01     1.49151023153866E-01    -5.47006238726658E-01    -8.35818692848005E-01     4.60289240158190E-02     1.50076053728200E-01     9.49671218358796E-01    -6.23523105981344E-02
AS TZVP-MOLOPT-SCAN-GTH-q5
 1
 2 0 2 4 3 3 1
         1.11137079422517     5.28713185321421E-01     4.31667105966122E-01    -2.61256753948594E-01     4.39613642251686E-01    -3.19888583163016E-01    -6.76364797179891E-01    -1.73668663512295E-01
         0.94732441889350    -3.18903714939958E-01    -4.27318991877757E-01    -8.21294195601199E-01    -4.97691429007576E-01     3.39199432552710E-01     9.81458409036026E-02     3.22086119647528E-01
         0.25490347118824    -4.53189970278908E-01    -2.60431565321286E-01     4.84741915951343E-01    -5.09732539507454E-01     2.89865748241714E-01    -7.28546081729273E-01     9.18464427695282E-01
         0.08891075403399     6.42947617697875E-01    -7.50491431391269E-01     1.49151023153866E-01    -5.47006238726658E-01    -8.35818692848005E-01     4.60289240158190E-02     1.50076053728200E-01
AS DZVP-MOLOPT-SCAN-GTH-q5
 1
 2 0 2 4 2 2 1
         1.11137079422517     5.28713185321421E-01     4.31667105966122E-01     4.39613642251686E-01    -3.19888583163016E-01    -1.73668663512295E-01
         0.94732441889350    -3.18903714939958E-01    -4.27318991877757E-01    -4.97691429007576E-01     3.39199432552710E-01     3.22086119647528E-01
         0.25490347118824    -4.53189970278908E-01    -2.60431565321286E-01    -5.09732539507454E-01     2.89865748241714E-01     9.18464427695282E-01
         0.08891075403399     6.42947617697875E-01    -7.50491431391269E-01    -5.47006238726658E-01    -8.35818692848005E-01     1.50076053728200E-01
H TZV2P-MOLOPT-SCAN-GTH-Q1
 1
 2 0 2 5 3 2 1
         9.16876514496744     4.30245721944096E-02    -3.89199332255518E-02     1.05597841287996E-01    -1.03225299298647E-01     1.47849610372066E-01     5.89397100894678E-04
         2.16119406948452     1.67758655334156E-01    -2.29436993766244E-01     9.00816001060512E-01     3.18679005482070E-01    -4.59921573561831E-01     9.06454549928757E-04
         0.61986766123499     5.51924571472773E-01    -2.73974309763091E-01     8.95041468250583E-02     4.58038932787715E-01    -6.65599039198367E-01    -4.14822793772387E-04
         0.41225503616229     4.20326460221825E-01     8.94936516623427E-01     1.49710941947358E-01     2.25604019455304E-02    -3.27622058282529E-02    -2.24233449917807E-03
         0.16131600752250     6.99078574975625E-01    -2.64330500496994E-01    -3.83347452986213E-01     8.23091485416057E-01     5.67905974411888E-01     9.99996815399554E-01
H TZVP-MOLOPT-SCAN-GTH-q1
 1
 2 0 1 5 3 1
         9.16876514496744     4.30245721944096E-02    -3.89199332255518E-02     1.05597841287996E-01    -1.03225299298647E-01
         2.16119406948452     1.67758655334156E-01    -2.29436993766244E-01     9.00816001060512E-01     3.18679005482070E-01
         0.61986766123499     5.51924571472773E-01    -2.73974309763091E-01     8.95041468250583E-02     4.58038932787715E-01
         0.41225503616229     4.20326460221825E-01     8.94936516623427E-01     1.49710941947358E-01     2.25604019455304E-02
         0.16131600752250     6.99078574975625E-01    -2.64330500496994E-01    -3.83347452986213E-01     8.23091485416057E-01
H DZVP-MOLOPT-SCAN-GTH-q1
 1
 2 0 1 5 2 1
         9.16876514496744     4.30245721944096E-02    -3.89199332255518E-02    -1.03225299298647E-01
         2.16119406948452     1.67758655334156E-01    -2.29436993766244E-01     3.18679005482070E-01
         0.61986766123499     5.51924571472773E-01    -2.73974309763091E-01     4.58038932787715E-01
         0.41225503616229     4.20326460221825E-01     8.94936516623427E-01     2.25604019455304E-02
         0.16131600752250     6.99078574975625E-01    -2.64330500496994E-01     8.23091485416057E-01
S TZV2P-MOLOPT-SCAN-GTH-Q6
 1
 2 0 3 4 3 3 2 1
         1.88982592125518     3.26660680903398E-01    -1.40113335745630E-01     1.93795547447914E-01     2.05757289488259E-01     1.31587103765163E-01    -9.69040236129065E-01     8.63181897573166E-02    -8.64361605545401E-02    -1.04408317769072E-01
         1.15800216982202    -7.89841314278472E-02    -1.32842309185549E-01    -9.64892424437983E-01    -3.49827240399351E-01    -1.70936424818098E-01    -1.31538381888276E-01     3.62126019596262E-01     9.26019712676593E-01     5.14360683415711E-01
         0.37325162853195    -7.39935765807641E-01     5.77184184804776E-01     5.61299447894683E-02    -8.28100896626626E-01    -3.25058953530420E-01    -2.04724337489893E-01     9.02338526329730E-01    -3.67114746487850E-01     8.44332730372367E-01
         0.12418523801761    -5.82708648479647E-01    -7.93460516250008E-01     1.68152681660109E-01    -3.86695933135065E-01     9.20761776749454E-01     4.17925889658120E-02     2.17253538404969E-01     1.55898939737292E-02     1.07862092315605E-01
S TZVP-MOLOPT-SCAN-GTH-q6
 1
 2 0 2 4 3 3 1
         1.88982592125518     3.26660680903398E-01    -1.40113335745630E-01     1.93795547447914E-01     2.05757289488259E-01     1.31587103765163E-01    -9.69040236129065E-01     8.63181897573166E-02
         1.15800216982202    -7.89841314278472E-02    -1.32842309185549E-01    -9.64892424437983E-01    -3.49827240399351E-01    -1.70936424818098E-01    -1.31538381888276E-01     3.62126019596262E-01
         0.37325162853195    -7.39935765807641E-01     5.77184184804776E-01     5.61299447894683E-02    -8.28100896626626E-01    -3.25058953530420E-01    -2.04724337489893E-01     9.02338526329730E-01
         0.12418523801761    -5.82708648479647E-01    -7.93460516250008E-01     1.68152681660109E-01    -3.86695933135065E-01     9.20761776749454E-01     4.17925889658120E-02     2.17253538404969E-01
S DZVP-MOLOPT-SCAN-GTH-q6
 1
 2 0 2 4 2 2 1
         1.88982592125518     3.26660680903398E-01    -1.40113335745630E-01     2.05757289488259E-01     1.31587103765163E-01     8.63181897573166E-02
         1.15800216982202    -7.89841314278472E-02    -1.32842309185549E-01    -3.49827240399351E-01    -1.70936424818098E-01     3.62126019596262E-01
         0.37325162853195    -7.39935765807641E-01     5.77184184804776E-01    -8.28100896626626E-01    -3.25058953530420E-01     9.02338526329730E-01
         0.12418523801761    -5.82708648479647E-01    -7.93460516250008E-01    -3.86695933135065E-01     9.20761776749454E-01     2.17253538404969E-01
CL TZV2P-MOLOPT-SCAN-GTH-Q7
 1
 2 0 3 4 3 3 2 1
         1.99031135450461     4.85018816633289E-01     1.94158525239581E-01    -1.02487019822790E-01     3.26464872695311E-01     1.51626624474172E-01    -3.04303079631876E-01     1.14349988907458E-01    -6.94120784194127E-02    -3.74274318976047E-02
         1.46501921747017    -3.69443122264159E-01     8.84925501203066E-02    -9.21581198729358E-01    -4.91090003440862E-01    -1.60659090706497E-01    -8.51979523656754E-01     2.49763916797096E-01     9.08906621638742E-01     2.75533996785233E-01
         0.40655378963524    -5.57894471564660E-01    -6.37209072162332E-01     2.04948617227288E-01    -6.93734950650820E-01    -3.56105172703454E-01     4.21045721459141E-01     9.48735957067630E-01    -2.80461592308605E-01     9.57496717801440E-01
         0.13370286337397    -5.63047320854067E-01     7.40564739914085E-01     3.13337787719621E-01    -4.13501044329990E-01     9.07957669331436E-01     6.51999036588082E-02     1.56339853108561E-01     3.00685902147853E-01    -7.66827187609711E-02
CL TZVP-MOLOPT-SCAN-GTH-q7
 1
 2 0 2 4 3 3 1
         1.99031135450461     4.85018816633289E-01     1.94158525239581E-01    -1.02487019822790E-01     3.26464872695311E-01     1.51626624474172E-01    -3.04303079631876E-01     1.14349988907458E-01
         1.46501921747017    -3.69443122264159E-01     8.84925501203066E-02    -9.21581198729358E-01    -4.91090003440862E-01    -1.60659090706497E-01    -8.51979523656754E-01     2.49763916797096E-01
         0.40655378963524    -5.57894471564660E-01    -6.37209072162332E-01     2.04948617227288E-01    -6.93734950650820E-01    -3.56105172703454E-01     4.21045721459141E-01     9.48735957067630E-01
         0.13370286337397    -5.63047320854067E-01     7.40564739914085E-01     3.13337787719621E-01    -4.13501044329990E-01     9.07957669331436E-01     6.51999036588082E-02     1.56339853108561E-01
CL DZVP-MOLOPT-SCAN-GTH-q7
 1
 2 0 2 4 2 2 1
         1.99031135450461     4.85018816633289E-01     1.94158525239581E-01     3.26464872695311E-01     1.51626624474172E-01     1.14349988907458E-01
         1.46501921747017    -3.69443122264159E-01     8.84925501203066E-02    -4.91090003440862E-01    -1.60659090706497E-01     2.49763916797096E-01
         0.40655378963524    -5.57894471564660E-01    -6.37209072162332E-01    -6.93734950650820E-01    -3.56105172703454E-01     9.48735957067630E-01
         0.13370286337397    -5.63047320854067E-01     7.40564739914085E-01    -4.13501044329990E-01     9.07957669331436E-01     1.56339853108561E-01
