W DZVP-MOLOPT-PBE0-GTH-Q14
 1
 2 0 3 6 3 2 2 1
         3.22838774208195     2.10484520438588E-01    -3.44111450147056E-01     2.94318614699494E-01     6.35923606703237E-01    -8.67694769391338E-02    -1.34284082423681E-01     8.08806081264520E-02     1.03253166880079E-02
         2.98867422090001     2.91899983672054E-01     3.87569368286481E-01    -2.07796307215812E-01    -5.55468307292325E-01     1.11896958029217E-01     1.70412056266840E-01    -1.04087376271169E-01     5.79223328733434E-03
         1.07127512081337    -8.39820498906785E-01    -1.73399497843724E-01    -1.14799875079936E-02    -4.50808526944538E-01    -3.16204315809068E-01     4.15778650384324E-01    -2.83268838395175E-01    -1.66252819052990E-01
         0.45545661869103    -2.64433118727728E-01    -2.00356546279424E-01     8.67608895275856E-02    -2.86390994967907E-01    -4.85875336202811E-02     5.79364625926033E-01    -5.52886273058980E-01    -8.31326687388349E-01
         0.17527676495037    -2.15203928242550E-01     3.64931616420993E-01    -6.92294205549744E-01    -4.10176982610855E-02     8.41473020026702E-01     6.37507922706272E-01     5.74074730181261E-01    -5.27789840408803E-01
         0.05928388356825    -2.21256843493833E-01     7.26630634153691E-01     6.19085404969533E-01    -1.12046640331982E-02     4.11737012500790E-01     1.94874084689189E-01     5.16853832098197E-01    -5.05337631978430E-02
C DZVP-MOLOPT-PBE0-GTH-Q4
 1
 2 0 2 5 2 2 1
         5.37649556675185    -1.22404309942338E-01     1.51052142999233E-01    -1.02230399503479E-01     7.40025761345854E-02    -3.33102657255285E-02
         1.95241253925289    -1.29373346346520E-01     2.06617207371748E-01    -3.09172408281985E-01     2.20213934213870E-01     2.24862943378639E-01
         0.69884308058897     4.93419910923422E-01    -4.42585619435647E-01    -6.76608029554237E-01     4.84079784827656E-01     7.92785845721874E-01
         0.25544398452951     7.50469724701437E-01    -1.05635637414093E-01    -6.23090735983644E-01    -3.82982660790289E-01     5.31193096205402E-01
         0.08778128068034     4.02009584429917E-01     8.52907768337305E-01    -2.18908374551020E-01    -7.51678445453038E-01     1.94040151152179E-01
O DZVP-MOLOPT-PBE0-GTH-Q6
 1
 2 0 2 5 2 2 1
        10.34082423621691    -1.29825249634708E-01     8.18793043945143E-02    -9.31315963557027E-02     6.07168741616306E-02    -1.46443819746845E-04
         3.64864310376424    -1.27684551447027E-01     1.02649506262870E-01    -3.10412801135525E-01     1.66218217874094E-01     4.82789843051162E-02
         1.25503633997207     5.26487514579900E-01    -3.65113179366377E-01    -5.97863015525008E-01     4.26686208369503E-01     7.18155124032992E-01
         0.43936673910305     7.72667288737258E-01    -8.21060762059060E-02    -6.48920500304752E-01    -1.50379113770830E-02     6.93882202281484E-01
         0.14295518532255     3.04365270334762E-01     9.17992274956007E-01    -3.41221918409427E-01    -8.86790677695403E-01    -2.12090879301656E-02
F DZVP-MOLOPT-PBE0-GTH-Q7
 1
 2 0 2 5 2 2 1
        13.31501907729122     1.31813146289282E-01    -5.24225688764356E-02    -9.80506809064632E-02     4.64420401614479E-02     4.89385522399914E-03
         4.62512020147175     1.34547810393351E-01    -5.37398783766778E-02    -3.12727206728056E-01     1.25929415842544E-01     2.30296758923593E-02
         1.62272294024072    -5.51865766775749E-01     1.65440705311574E-01    -5.86706702362430E-01     2.77907352966805E-01     5.26472480151814E-01
         0.55216173678272    -7.87309125215089E-01     1.14519053917377E-01    -6.52997838515906E-01     1.82287680337408E-01     8.49582617686734E-01
         0.17330337957192    -2.00276553789357E-01    -9.76667117835106E-01    -3.49223175694863E-01    -9.33554296168888E-01    -2.19496600587510E-02
H DZVP-MOLOPT-PBE0-GTH-Q1
 1
 2 0 1 5 2 1
         9.40376558777484     5.57995409025206E-02    -4.70579310756749E-02    -9.22922683878503E-02
         2.19236236036235     2.26741263852150E-01    -2.37595450605385E-01     3.56629407794935E-01
         0.70785664525623     4.70071809062586E-01    -3.84865803668886E-01     4.70685683046521E-01
         0.37495748172786     5.50419957177599E-01     8.25544608526065E-01     4.93402007633953E-01
         0.15142571456720     6.49265104227107E-01    -3.34198093163844E-01     6.31907468961614E-01
