W TZV2P-MOLOPT-PBE0-GTH-Q14
 1
 2 0 3 6 4 3 3 2
         3.22838774208195     2.10484520438588E-01    -3.44111450147056E-01     2.94318614699494E-01     5.73555577878788E-01     6.35923606703237E-01    -8.67694769391337E-02     4.70258174034085E-02    -1.34284082423681E-01     8.08806081264519E-02    -1.87559927652873E-02     1.03253166880079E-02     5.22444608137412E-04
         2.98867422090001     2.91899983672054E-01     3.87569368286481E-01    -2.07796307215812E-01    -4.43139929866033E-01    -5.55468307292325E-01     1.11896958029217E-01    -5.73902695484228E-02     1.70412056266840E-01    -1.04087376271169E-01     2.46990242241755E-02     5.79223328733434E-03     2.93077795236681E-04
         1.07127512081337    -8.39820498906785E-01    -1.73399497843724E-01    -1.14799875079940E-02    -2.64263656746525E-01    -4.50808526944538E-01    -3.16204315809068E-01     1.37332327326214E-01     4.15778650384324E-01    -2.83268838395175E-01     7.84359767440009E-02    -1.66252819052990E-01    -8.41212831784215E-03
         0.45545661869103    -2.64433118727728E-01    -2.00356546279424E-01     8.67608895275855E-02     1.67272646552357E-01    -2.86390994967907E-01    -4.85875336202811E-02     1.84325587498901E-02     5.79364625926033E-01    -5.52886273058980E-01     2.07363939702370E-01    -8.31326687388349E-01    -4.20638086511392E-02
         0.17527676495037    -2.15203928242550E-01     3.64931616420993E-01    -6.92294205549744E-01     5.80567817753035E-01    -4.10176982610855E-02     8.41473020026702E-01    -3.80720256969564E-01     6.37507922706272E-01     5.74074730181261E-01    -5.04975204974590E-01    -5.27789840408803E-01    -2.67053267888177E-02
         0.05928388356825    -2.21256843493833E-01     7.26630634153691E-01     6.19085404969532E-01     1.99465766662505E-01    -1.12046640331982E-02     4.11737012500790E-01     9.11233827313729E-01     1.94874084689189E-01     5.16853832098197E-01     8.33598348943878E-01    -5.05337631978430E-02     9.98722353197857E-01
W TZVP-MOLOPT-PBE0-GTH-q14
 1
 2 0 3 6 4 3 3 1
         3.22838774208195     2.10484520438588E-01    -3.44111450147056E-01     2.94318614699494E-01     5.73555577878788E-01     6.35923606703237E-01    -8.67694769391337E-02     4.70258174034085E-02    -1.34284082423681E-01     8.08806081264519E-02    -1.87559927652873E-02     1.03253166880079E-02
         2.98867422090001     2.91899983672054E-01     3.87569368286481E-01    -2.07796307215812E-01    -4.43139929866033E-01    -5.55468307292325E-01     1.11896958029217E-01    -5.73902695484228E-02     1.70412056266840E-01    -1.04087376271169E-01     2.46990242241755E-02     5.79223328733434E-03
         1.07127512081337    -8.39820498906785E-01    -1.73399497843724E-01    -1.14799875079940E-02    -2.64263656746525E-01    -4.50808526944538E-01    -3.16204315809068E-01     1.37332327326214E-01     4.15778650384324E-01    -2.83268838395175E-01     7.84359767440009E-02    -1.66252819052990E-01
         0.45545661869103    -2.64433118727728E-01    -2.00356546279424E-01     8.67608895275855E-02     1.67272646552357E-01    -2.86390994967907E-01    -4.85875336202811E-02     1.84325587498901E-02     5.79364625926033E-01    -5.52886273058980E-01     2.07363939702370E-01    -8.31326687388349E-01
         0.17527676495037    -2.15203928242550E-01     3.64931616420993E-01    -6.92294205549744E-01     5.80567817753035E-01    -4.10176982610855E-02     8.41473020026702E-01    -3.80720256969564E-01     6.37507922706272E-01     5.74074730181261E-01    -5.04975204974590E-01    -5.27789840408803E-01
         0.05928388356825    -2.21256843493833E-01     7.26630634153691E-01     6.19085404969532E-01     1.99465766662505E-01    -1.12046640331982E-02     4.11737012500790E-01     9.11233827313729E-01     1.94874084689189E-01     5.16853832098197E-01     8.33598348943878E-01    -5.05337631978430E-02
W DZVP-MOLOPT-PBE0-GTH-q14
 1
 2 0 3 6 3 2 2 1
         3.22838774208195     2.10484520438588E-01    -3.44111450147056E-01     2.94318614699494E-01     6.35923606703237E-01    -8.67694769391337E-02    -1.34284082423681E-01     8.08806081264519E-02     1.03253166880079E-02
         2.98867422090001     2.91899983672054E-01     3.87569368286481E-01    -2.07796307215812E-01    -5.55468307292325E-01     1.11896958029217E-01     1.70412056266840E-01    -1.04087376271169E-01     5.79223328733434E-03
         1.07127512081337    -8.39820498906785E-01    -1.73399497843724E-01    -1.14799875079940E-02    -4.50808526944538E-01    -3.16204315809068E-01     4.15778650384324E-01    -2.83268838395175E-01    -1.66252819052990E-01
         0.45545661869103    -2.64433118727728E-01    -2.00356546279424E-01     8.67608895275855E-02    -2.86390994967907E-01    -4.85875336202811E-02     5.79364625926033E-01    -5.52886273058980E-01    -8.31326687388349E-01
         0.17527676495037    -2.15203928242550E-01     3.64931616420993E-01    -6.92294205549744E-01    -4.10176982610855E-02     8.41473020026702E-01     6.37507922706272E-01     5.74074730181261E-01    -5.27789840408803E-01
         0.05928388356825    -2.21256843493833E-01     7.26630634153691E-01     6.19085404969532E-01    -1.12046640331982E-02     4.11737012500790E-01     1.94874084689189E-01     5.16853832098197E-01    -5.05337631978430E-02
H TZV2P-MOLOPT-PBE0-GTH-Q1
 1
 2 0 2 5 3 2 1
         9.40376558777484     5.57995409025206E-02    -4.70579310756749E-02    -9.03982952048893E-02    -9.22922683878503E-02     5.62771387719766E-01     7.80341103329014E-02
         2.19236236036235     2.26741263852150E-01    -2.37595450605385E-01    -3.31859181820579E-01     3.56629407794935E-01    -1.55610962004131E-01     3.11602862374432E-01
         0.70785664525623     4.70071809062586E-01    -3.84865803668886E-01    -6.33091997698946E-01     4.70685683046521E-01    -1.55533260185636E-01     6.35783567219683E-05
         0.37495748172786     5.50419957177599E-01     8.25544608526065E-01    -1.19262368808400E-01     4.93402007633953E-01     7.41061881197701E-01     9.44971331284660E-01
         0.15142571456720     6.49265104227107E-01    -3.34198093163844E-01     6.83131496493313E-01     6.31907468961614E-01    -2.92763192495008E-01     6.19960707827798E-02
H TZVP-MOLOPT-PBE0-GTH-q1
 1
 2 0 1 5 3 1
         9.40376558777484     5.57995409025206E-02    -4.70579310756749E-02    -9.03982952048893E-02    -9.22922683878503E-02
         2.19236236036235     2.26741263852150E-01    -2.37595450605385E-01    -3.31859181820579E-01     3.56629407794935E-01
         0.70785664525623     4.70071809062586E-01    -3.84865803668886E-01    -6.33091997698946E-01     4.70685683046521E-01
         0.37495748172786     5.50419957177599E-01     8.25544608526065E-01    -1.19262368808400E-01     4.93402007633953E-01
         0.15142571456720     6.49265104227107E-01    -3.34198093163844E-01     6.83131496493313E-01     6.31907468961614E-01
H DZVP-MOLOPT-PBE0-GTH-q1
 1
 2 0 1 5 2 1
         9.40376558777484     5.57995409025206E-02    -4.70579310756749E-02    -9.22922683878503E-02
         2.19236236036235     2.26741263852150E-01    -2.37595450605385E-01     3.56629407794935E-01
         0.70785664525623     4.70071809062586E-01    -3.84865803668886E-01     4.70685683046521E-01
         0.37495748172786     5.50419957177599E-01     8.25544608526065E-01     4.93402007633953E-01
         0.15142571456720     6.49265104227107E-01    -3.34198093163844E-01     6.31907468961614E-01
O TZV2P-MOLOPT-PBE0-GTH-Q6
 1
 2 0 3 5 3 3 2 1
        10.34082423621691    -1.29825249634708E-01     8.18793043945143E-02    -1.54163825083534E-01    -9.31315963557027E-02     6.07168741616306E-02     5.24249215362800E-02    -1.46443819746845E-04    -1.35615599706110E-01    -4.53627038333396E-02
         3.64864310376424    -1.27684551447027E-01     1.02649506262870E-01    -2.90598920673850E-01    -3.10412801135525E-01     1.66218217874094E-01     1.57277538743803E-01     4.82789843051162E-02    -2.03664714425298E-01    -7.75510089052828E-02
         1.25503633997207     5.26487514579900E-01    -3.65113179366377E-01     6.61471073309150E-01    -5.97863015525008E-01     4.26686208369503E-01     5.52189434348781E-01     7.18155124032992E-01    -6.65039106707507E-01     7.74070424398802E-02
         0.43936673910305     7.72667288737258E-01    -8.21060762059060E-02    -6.24492813862270E-01    -6.48920500304752E-01    -1.50379113770830E-02    -7.55332729990091E-01     6.93882202281484E-01     7.03924405563841E-01     9.92909576133937E-01
         0.14295518532255     3.04365270334762E-01     9.17992274956007E-01     2.53476876555698E-01    -3.41221918409427E-01    -8.86790677695403E-01     3.11568128998934E-01    -2.12090879301656E-02     4.83994939610748E-02     8.17248560335443E-03
O TZVP-MOLOPT-PBE0-GTH-q6
 1
 2 0 2 5 3 3 1
        10.34082423621691    -1.29825249634708E-01     8.18793043945143E-02    -1.54163825083534E-01    -9.31315963557027E-02     6.07168741616306E-02     5.24249215362800E-02    -1.46443819746845E-04
         3.64864310376424    -1.27684551447027E-01     1.02649506262870E-01    -2.90598920673850E-01    -3.10412801135525E-01     1.66218217874094E-01     1.57277538743803E-01     4.82789843051162E-02
         1.25503633997207     5.26487514579900E-01    -3.65113179366377E-01     6.61471073309150E-01    -5.97863015525008E-01     4.26686208369503E-01     5.52189434348781E-01     7.18155124032992E-01
         0.43936673910305     7.72667288737258E-01    -8.21060762059060E-02    -6.24492813862270E-01    -6.48920500304752E-01    -1.50379113770830E-02    -7.55332729990091E-01     6.93882202281484E-01
         0.14295518532255     3.04365270334762E-01     9.17992274956007E-01     2.53476876555698E-01    -3.41221918409427E-01    -8.86790677695403E-01     3.11568128998934E-01    -2.12090879301656E-02
O DZVP-MOLOPT-PBE0-GTH-q6
 1
 2 0 2 5 2 2 1
        10.34082423621691    -1.29825249634708E-01     8.18793043945143E-02    -9.31315963557027E-02     6.07168741616306E-02    -1.46443819746845E-04
         3.64864310376424    -1.27684551447027E-01     1.02649506262870E-01    -3.10412801135525E-01     1.66218217874094E-01     4.82789843051162E-02
         1.25503633997207     5.26487514579900E-01    -3.65113179366377E-01    -5.97863015525008E-01     4.26686208369503E-01     7.18155124032992E-01
         0.43936673910305     7.72667288737258E-01    -8.21060762059060E-02    -6.48920500304752E-01    -1.50379113770830E-02     6.93882202281484E-01
         0.14295518532255     3.04365270334762E-01     9.17992274956007E-01    -3.41221918409427E-01    -8.86790677695403E-01    -2.12090879301656E-02
C TZV2P-MOLOPT-PBE0-GTH-Q4
 1
 2 0 3 5 3 3 2 1
         5.37649556675185    -1.22404309942338E-01     1.51052142999233E-01    -2.91603005508096E-01    -1.02230399503479E-01     7.40025761345854E-02     8.94622998880541E-02    -3.33102657255285E-02     9.86374456561292E-02     7.95121951184048E-02
         1.95241253925289    -1.29373346346520E-01     2.06617207371748E-01    -1.01805179489666E-01    -3.09172408281985E-01     2.20213934213870E-01     3.39999059653624E-01     2.24862943378639E-01    -4.25828317504440E-02     4.21381944948773E-01
         0.69884308058897     4.93419910923422E-01    -4.42585619435647E-01     6.21910558850215E-01    -6.76608029554237E-01     4.84079784827656E-01     2.48477330781687E-01     7.92785845721874E-01    -5.17543483541305E-01     3.21750315531954E-01
         0.25544398452951     7.50469724701437E-01    -1.05635637414093E-01    -6.44963922243512E-01    -6.23090735983644E-01    -3.82982660790289E-01    -6.66883209981747E-01     5.31193096205402E-01     8.40388777086484E-01     8.41599833069726E-01
         0.08778128068034     4.02009584429917E-01     8.52907768337305E-01     3.19142896525367E-01    -2.18908374551020E-01    -7.51678445453038E-01     6.08212904060281E-01     1.94040151152179E-01    -1.19803183369898E-01    -6.55859949283386E-02
C TZVP-MOLOPT-PBE0-GTH-q4
 1
 2 0 2 5 3 3 1
         5.37649556675185    -1.22404309942338E-01     1.51052142999233E-01    -2.91603005508096E-01    -1.02230399503479E-01     7.40025761345854E-02     8.94622998880541E-02    -3.33102657255285E-02
         1.95241253925289    -1.29373346346520E-01     2.06617207371748E-01    -1.01805179489666E-01    -3.09172408281985E-01     2.20213934213870E-01     3.39999059653624E-01     2.24862943378639E-01
         0.69884308058897     4.93419910923422E-01    -4.42585619435647E-01     6.21910558850215E-01    -6.76608029554237E-01     4.84079784827656E-01     2.48477330781687E-01     7.92785845721874E-01
         0.25544398452951     7.50469724701437E-01    -1.05635637414093E-01    -6.44963922243512E-01    -6.23090735983644E-01    -3.82982660790289E-01    -6.66883209981747E-01     5.31193096205402E-01
         0.08778128068034     4.02009584429917E-01     8.52907768337305E-01     3.19142896525367E-01    -2.18908374551020E-01    -7.51678445453038E-01     6.08212904060281E-01     1.94040151152179E-01
C DZVP-MOLOPT-PBE0-GTH-q4
 1
 2 0 2 5 2 2 1
         5.37649556675185    -1.22404309942338E-01     1.51052142999233E-01    -1.02230399503479E-01     7.40025761345854E-02    -3.33102657255285E-02
         1.95241253925289    -1.29373346346520E-01     2.06617207371748E-01    -3.09172408281985E-01     2.20213934213870E-01     2.24862943378639E-01
         0.69884308058897     4.93419910923422E-01    -4.42585619435647E-01    -6.76608029554237E-01     4.84079784827656E-01     7.92785845721874E-01
         0.25544398452951     7.50469724701437E-01    -1.05635637414093E-01    -6.23090735983644E-01    -3.82982660790289E-01     5.31193096205402E-01
         0.08778128068034     4.02009584429917E-01     8.52907768337305E-01    -2.18908374551020E-01    -7.51678445453038E-01     1.94040151152179E-01
F TZV2P-MOLOPT-PBE0-GTH-Q7
 1
 2 0 3 5 3 3 2 1
        13.31501907729122     1.31813146289282E-01    -5.24225688764356E-02    -5.17923286744451E-01    -9.80506809064632E-02     4.64420401614479E-02     6.35659142568778E-02     4.89385522399914E-03     1.52535072278595E-01     5.41962851226601E-02
         4.62512020147175     1.34547810393351E-01    -5.37398783766778E-02    -2.73506612070950E-02    -3.12727206728056E-01     1.25929415842544E-01     1.88833971660508E-01     2.30296758923593E-02    -1.84322551941015E-01     3.68925101794283E-02
         1.62272294024072    -5.51865766775749E-01     1.65440705311574E-01    -7.34790083225985E-01    -5.86706702362430E-01     2.77907352966805E-01     6.51110127867809E-01     5.26472480151814E-01    -8.13967424463323E-01     8.50449987353287E-02
         0.55216173678272    -7.87309125215089E-01     1.14519053917377E-01     4.34902286738320E-01    -6.52997838515906E-01     1.82287680337408E-01    -7.27945836193775E-01     8.49582617686734E-01     5.11993820603493E-01     9.94034575948952E-01
         0.17330337957192    -2.00276553789357E-01    -9.76667117835106E-01    -4.41695026221844E-02    -3.49223175694863E-01    -9.33554296168888E-01     8.03216449515110E-02    -2.19496600587510E-02     1.34452996051777E-01    -1.90870474316679E-02
F TZVP-MOLOPT-PBE0-GTH-q7
 1
 2 0 2 5 3 3 1
        13.31501907729122     1.31813146289282E-01    -5.24225688764356E-02    -5.17923286744451E-01    -9.80506809064632E-02     4.64420401614479E-02     6.35659142568778E-02     4.89385522399914E-03
         4.62512020147175     1.34547810393351E-01    -5.37398783766778E-02    -2.73506612070950E-02    -3.12727206728056E-01     1.25929415842544E-01     1.88833971660508E-01     2.30296758923593E-02
         1.62272294024072    -5.51865766775749E-01     1.65440705311574E-01    -7.34790083225985E-01    -5.86706702362430E-01     2.77907352966805E-01     6.51110127867809E-01     5.26472480151814E-01
         0.55216173678272    -7.87309125215089E-01     1.14519053917377E-01     4.34902286738320E-01    -6.52997838515906E-01     1.82287680337408E-01    -7.27945836193775E-01     8.49582617686734E-01
         0.17330337957192    -2.00276553789357E-01    -9.76667117835106E-01    -4.41695026221844E-02    -3.49223175694863E-01    -9.33554296168888E-01     8.03216449515110E-02    -2.19496600587510E-02
F DZVP-MOLOPT-PBE0-GTH-q7
 1
 2 0 2 5 2 2 1
        13.31501907729122     1.31813146289282E-01    -5.24225688764356E-02    -9.80506809064632E-02     4.64420401614479E-02     4.89385522399914E-03
         4.62512020147175     1.34547810393351E-01    -5.37398783766778E-02    -3.12727206728056E-01     1.25929415842544E-01     2.30296758923593E-02
         1.62272294024072    -5.51865766775749E-01     1.65440705311574E-01    -5.86706702362430E-01     2.77907352966805E-01     5.26472480151814E-01
         0.55216173678272    -7.87309125215089E-01     1.14519053917377E-01    -6.52997838515906E-01     1.82287680337408E-01     8.49582617686734E-01
         0.17330337957192    -2.00276553789357E-01    -9.76667117835106E-01    -3.49223175694863E-01    -9.33554296168888E-01    -2.19496600587510E-02
