BI DZVP-MOLOPT-SCAN-GTH-Q5
 1
 2 0 2 5 2 2 1
         1.47627858007351    -2.77764256680180E-01     1.06844054278576E-01    -1.10413188260560E-01     8.71463598371275E-02    -1.56614737079312E-01
         1.11285205915831     5.68112293180900E-01    -2.79379254528601E-01     2.98279328514679E-01    -2.25346142901190E-01     3.12805392346900E-01
         0.24498427085242    -6.87633569158885E-01     2.01020636966547E-01    -7.79531444608340E-01     4.69399452446587E-01    -7.43456090209984E-01
         0.04127520818927     1.42576820699016E-01     2.02539538221896E-01     3.06569217351154E-01     2.85785064163974E-01    -3.68823435644362E-01
         0.10523110071853     3.26997499704234E-01     9.10549295301899E-01     4.44054514534539E-01     7.99759763297912E-01    -4.34588225677426E-01
H DZVP-MOLOPT-SCAN-GTH-Q1
 1
 2 0 1 5 2 1
         9.16876514496744     4.30245721944096E-02    -3.89199332255518E-02    -1.03225299298647E-01
         2.16119406948452     1.67758655334156E-01    -2.29436993766244E-01     3.18679005482070E-01
         0.61986766123499     5.51924571472773E-01    -2.73974309763091E-01     4.58038932787715E-01
         0.41225503616229     4.20326460221825E-01     8.94936516623427E-01     2.25604019455304E-02
         0.16131600752250     6.99078574975625E-01    -2.64330500496994E-01     8.23091485416057E-01
O DZVP-MOLOPT-SCAN-GTH-Q6
 1
 2 0 2 5 2 2 1
        10.25781699497238    -1.37093335568261E-01     6.42341766590814E-02    -1.01541960662273E-01     5.12250917317880E-02    -1.55308630843787E-02
         3.64428735012608    -1.53382903419191E-01     6.95730187369108E-02    -2.97888826596963E-01     1.18416114723772E-01     1.12242705044625E-01
         1.40222472037927     4.52964005356058E-01    -1.60546208430784E-01    -5.48743422499672E-01     2.65706574607295E-01     4.02080210361362E-01
         0.52205700268808     8.05450964095097E-01    -2.63981031214717E-01    -6.95022929228448E-01     1.92118246587555E-01     9.01700430010169E-01
         0.16818943371335     3.22104729197730E-01     9.46346921445871E-01    -3.41723954857718E-01    -9.35865486749767E-01    -1.11481865840859E-01
F DZVP-MOLOPT-SCAN-GTH-Q7
 1
 2 0 2 5 2 2 1
        13.16645520019096     1.25688709752362E-01    -6.90191648196731E-02    -9.31572868763813E-02     5.00225599861602E-02    -1.02513605924922E-02
         4.67863609541364     1.25206371205048E-01    -7.54523660806367E-02    -2.93923292691458E-01     1.19602022797720E-01     4.04484470063397E-02
         1.68188350144516    -4.93940854057955E-01     2.15904735709196E-01    -5.53343548452151E-01     3.11861936412921E-01     4.51403790784568E-01
         0.58393450944632    -7.58234802751956E-01     3.05654861844976E-01    -6.44505933144035E-01     2.69615230808562E-01     8.90352206116421E-01
         0.18571155118612    -3.86817953873203E-01    -9.21685166349822E-01    -4.28198362261887E-01    -9.01799789070697E-01     4.20285554084608E-02
CL DZVP-MOLOPT-SCAN-GTH-Q7
 1
 2 0 2 4 2 2 1
         1.99031135450461     4.85018816633289E-01     1.94158525239581E-01     3.26464872695311E-01     1.51626624474172E-01     1.14349988907458E-01
         1.46501921747017    -3.69443122264159E-01     8.84925501203066E-02    -4.91090003440862E-01    -1.60659090706497E-01     2.49763916797096E-01
         0.40655378963524    -5.57894471564660E-01    -6.37209072162332E-01    -6.93734950650820E-01    -3.56105172703454E-01     9.48735957067630E-01
         0.13370286337397    -5.63047320854067E-01     7.40564739914085E-01    -4.13501044329990E-01     9.07957669331436E-01     1.56339853108561E-01
