NA DZVP-MOLOPT-PBE-GTH-Q9
 1
 2 0 1 7 3 2
        23.79081214840574     7.52876380521546E-02     1.26183545126239E-02     4.28169070906999E-03    -6.07354616037771E-02    -1.04430333802581E-02
        10.05759994065551     2.12558817378379E-01     3.95509243668874E-02     4.52946877439205E-03    -2.61215094545587E-01    -5.33574052466522E-02
         3.48660883997075    -3.32707346976960E-01    -7.25750984506144E-02     5.76244153689345E-03    -5.66268062475616E-01    -1.11763777026077E-01
         1.26095388158312    -7.89199883851464E-01    -2.50467704421675E-01     6.87869234298907E-02    -6.47613975904820E-01    -1.47838126986539E-01
         0.46367206976262    -2.72702903994567E-01    -2.99281759967800E-01     2.36235340465698E-01    -3.82312677690131E-01    -4.75075369303539E-02
         0.16057431223610    -2.96107778574528E-01     4.18709967322715E-01    -8.14125566351503E-01    -1.20694405800372E-01     3.22145369195477E-01
         0.04108212236768    -2.31458840678444E-01     8.15712986934084E-01     5.25917037751943E-01    -1.65179825051599E-01     9.25560409564855E-01
H DZVP-MOLOPT-PBE-GTH-Q1
 1
 2 0 1 5 2 1
         9.42354063693337     1.73389254674243E-02    -1.21441381781897E-01    -8.76722314909129E-02
         2.22615949373757     1.93701953472634E-01    -1.18295700700916E-01     2.94035801652179E-01
         0.63906011750762     5.93968178416321E-01    -1.91886640436410E-01     4.09268475073086E-01
         0.16139156624546     7.25568643357183E-01    -1.85008817130971E-01     8.44814311123899E-01
         0.31891311049636     2.87977189530933E-01     9.48793640784133E-01     1.56986057354678E-01
N DZVP-MOLOPT-PBE-GTH-Q5
 1
 2 0 2 5 2 2 1
         7.77707451136406    -1.52257224569246E-01     4.66516548242393E-02    -9.68040525319594E-02     5.61493330808200E-02    -2.54676508761754E-02
         2.85082134435768    -1.76815074694881E-01     6.07226416504652E-02    -2.98524115153915E-01     1.49897239722539E-01     1.53138535493981E-01
         1.05583952627190     4.83403059075267E-01    -1.37599316374236E-01    -5.77349862585676E-01     3.27813494371399E-01     5.17006466525486E-01
         0.41439259860883     8.35986430105637E-01    -3.37132705790292E-02    -6.71789375342359E-01     1.13844102060437E-01     8.28419946371821E-01
         0.13462511143859     1.14027795221257E-01     9.86947935512992E-01    -3.41874976320856E-01    -9.24097345116957E-01     1.49414503077007E-01
O DZVP-MOLOPT-PBE-GTH-Q6
 1
 2 0 2 5 2 2 1
        10.34256722623639    -1.36598767253985E-01     5.35898017733314E-02    -9.23673397522993E-02     5.82948619873807E-02    -9.48396929864874E-02
         3.67715896642206    -1.53365311059511E-01     9.09944842814309E-02    -2.98268574244154E-01     1.75273022378177E-01     1.72695668110757E-01
         1.30046451996361     5.48021970885945E-01    -2.61169567089594E-01    -5.68604037326135E-01     3.64979965319240E-01     4.96837623369842E-01
         0.46645021946921     7.84538402757388E-01    -4.08365744734644E-02    -6.49207117094457E-01     1.42847181972710E-01     8.41535542399250E-01
         0.14793951916337     2.04917720496501E-01     9.58629734771334E-01    -3.97144432185278E-01    -9.01257668045223E-01    -7.84343402663362E-02
F DZVP-MOLOPT-PBE-GTH-Q7
 1
 2 0 2 5 2 2 1
        13.30428004732790     1.38292090777636E-01    -4.13851185732434E-02    -9.35531482386367E-02     5.06296345689289E-02    -3.26022751966033E-02
         4.80605774544240     1.37268979809070E-01    -3.39565337061055E-02    -2.95910126104609E-01     1.05677150923709E-01     1.33191225710905E-01
         1.70698523266130    -5.18264453672791E-01     1.04861752881122E-01    -5.65276724858415E-01     3.02716360438154E-01     2.66499643835383E-01
         0.58735472443375    -8.26267224974587E-01     4.59440905301859E-02    -6.52493507471700E-01     2.40526134346493E-01     9.50822081343244E-01
         0.17874874061685    -1.03522721189923E-01    -9.91981541717081E-01    -3.97994287350983E-01    -9.14756231842929E-01     7.81824693351836E-02
P DZVP-MOLOPT-PBE-GTH-Q5
 1
 2 0 2 4 2 2 1
         1.52997442810250     3.87804245242403E-01     2.58972236728436E-01     9.41116760184114E-02     1.52498734270134E-01     2.54663429854685E-01
         0.57215623734269    -3.06180831618822E-01    -3.03025998733926E-01    -4.77421884921694E-01    -6.71551894455740E-01     7.85296898192204E-01
         0.22147285204987    -8.52529651143289E-01     4.34715966811028E-02    -7.85459870498328E-01     7.53147125087466E-02     5.64055418491811E-01
         0.07588507590177    -1.70453394341909E-01     9.16088884867169E-01    -3.82444934692006E-01     7.21172575170908E-01    -1.72280020425898E-02
S DZVP-MOLOPT-PBE-GTH-Q6
 1
 2 0 2 4 2 2 1
         1.90928473004308     3.15669989593405E-01    -1.65456324788273E-01     2.12914054759076E-01     1.55419933935669E-01     7.69801068642102E-02
         1.19506924590343    -6.18859553620396E-02    -9.38673161414143E-02    -3.46018377109546E-01    -2.07811881091118E-01     3.74453729277594E-01
         0.37255650459583    -7.61235407877732E-01     5.43670742015259E-01    -8.19216679563436E-01    -3.21721314227605E-01     8.99702285348994E-01
         0.11964558871342    -5.63065928637358E-01    -8.17456577332731E-01    -4.04750441523642E-01     9.10579080686826E-01     2.10699467287116E-01
CL DZVP-MOLOPT-PBE-GTH-Q7
 1
 2 0 2 4 2 2 1
         1.99824811943664     4.33846894941631E-01     3.07041170622732E-01     3.45339975324402E-01     1.79965250304009E-01     9.05635141754461E-02
         1.50363082119869    -3.38194302379175E-01    -3.89997660747776E-02    -4.97369383451272E-01    -2.01781984518266E-01     2.85556761650639E-01
         0.40650884550636    -5.13548002397481E-01    -6.29188376955880E-01    -6.70835040884209E-01    -3.34082727506389E-01     9.41536415237722E-01
         0.12853799110242    -6.58536206158268E-01     7.12970352884578E-01    -4.28187278851352E-01     9.02931487206409E-01     1.54158245180379E-01
