NA DZVP-MOLOPT-PBE0-GTH-Q9
 1
 2 0 1 7 3 2
        23.61424459295386     7.67734314554855E-02     1.37202766984266E-02     7.57057213923113E-04    -6.79286992346422E-02    -1.05489294461705E-02
        10.34415439890878     2.20177902101560E-01     4.36996435248595E-02    -8.24429121089484E-03    -2.44613518583561E-01    -4.48035860330681E-02
         3.71916531818365    -3.00534992645661E-01    -6.76747948119280E-02     2.48030154890127E-02    -5.50075568141648E-01    -9.88665132729250E-02
         1.33769571740957    -7.83243938836772E-01    -2.43137433010093E-01     8.64196761283938E-02    -6.60767482168235E-01    -1.33336658502412E-01
         0.49520936436553    -2.68834715353961E-01    -3.10919601408816E-01     3.57635924100002E-01    -3.98662902921785E-01    -5.48920702576315E-02
         0.18211132160163    -3.38657404235950E-01     3.03517131610379E-01    -8.17245529016840E-01    -1.20862459357532E-01     2.77403777057919E-01
         0.04281496121426    -2.34252514386419E-01     8.63372896411704E-01     4.42780080426438E-01    -1.51040649962780E-01     9.43590012619683E-01
H DZVP-MOLOPT-PBE0-GTH-Q1
 1
 2 0 1 5 2 1
         9.40376558777484     5.57995409025206E-02    -4.70579310756749E-02    -9.22922683878503E-02
         2.19236236036235     2.26741263852150E-01    -2.37595450605385E-01     3.56629407794935E-01
         0.70785664525623     4.70071809062586E-01    -3.84865803668886E-01     4.70685683046521E-01
         0.37495748172786     5.50419957177599E-01     8.25544608526065E-01     4.93402007633953E-01
         0.15142571456720     6.49265104227107E-01    -3.34198093163844E-01     6.31907468961614E-01
N DZVP-MOLOPT-PBE0-GTH-Q5
 1
 2 0 2 5 2 2 1
         7.73191180652741    -1.29328265668785E-01     9.16398588113293E-02    -9.93933540194856E-02     4.77455982212432E-02    -7.29200672641234E-03
         2.85057084952924    -1.45350914286028E-01     1.33224641925486E-01    -3.12409705172060E-01     1.26174183517461E-01     8.15946595948134E-02
         1.00330603111170     4.72662187215565E-01    -3.68726429496676E-01    -6.57053215090823E-01     3.52892900056040E-01     7.72646415003236E-01
         0.37172658231290     7.89643957793047E-01    -1.29264814983625E-01    -6.43410477137827E-01    -1.20259762045036E-01     6.17550363213716E-01
         0.12323676002417     3.39411532085830E-01     9.06192451336220E-01    -2.16391237667221E-01    -9.18043911796765E-01     1.22221947459383E-01
O DZVP-MOLOPT-PBE0-GTH-Q6
 1
 2 0 2 5 2 2 1
        10.34082423621691    -1.29825249634708E-01     8.18793043945143E-02    -9.31315963557027E-02     6.07168741616306E-02    -1.46443819746845E-04
         3.64864310376424    -1.27684551447027E-01     1.02649506262870E-01    -3.10412801135525E-01     1.66218217874094E-01     4.82789843051162E-02
         1.25503633997207     5.26487514579900E-01    -3.65113179366377E-01    -5.97863015525008E-01     4.26686208369503E-01     7.18155124032992E-01
         0.43936673910305     7.72667288737258E-01    -8.21060762059060E-02    -6.48920500304752E-01    -1.50379113770830E-02     6.93882202281484E-01
         0.14295518532255     3.04365270334762E-01     9.17992274956007E-01    -3.41221918409427E-01    -8.86790677695403E-01    -2.12090879301656E-02
F DZVP-MOLOPT-PBE0-GTH-Q7
 1
 2 0 2 5 2 2 1
        13.31501907729122     1.31813146289282E-01    -5.24225688764356E-02    -9.80506809064632E-02     4.64420401614479E-02     4.89385522399914E-03
         4.62512020147175     1.34547810393351E-01    -5.37398783766778E-02    -3.12727206728056E-01     1.25929415842544E-01     2.30296758923593E-02
         1.62272294024072    -5.51865766775749E-01     1.65440705311574E-01    -5.86706702362430E-01     2.77907352966805E-01     5.26472480151814E-01
         0.55216173678272    -7.87309125215089E-01     1.14519053917377E-01    -6.52997838515906E-01     1.82287680337408E-01     8.49582617686734E-01
         0.17330337957192    -2.00276553789357E-01    -9.76667117835106E-01    -3.49223175694863E-01    -9.33554296168888E-01    -2.19496600587510E-02
P DZVP-MOLOPT-PBE0-GTH-Q5
 1
 2 0 2 4 2 2 1
         1.46486261225549     3.83350362566064E-01     3.35317452087815E-01     1.61426165061671E-01     1.29569897699925E-01     2.51603510220513E-01
         0.60822081034934    -2.95260205201235E-01    -4.08273238159129E-01    -6.65080984528182E-01    -4.45721580403973E-01     7.21208411270175E-01
         0.22569356915956    -8.39418487719939E-01     4.68172439850884E-02    -7.23988069302115E-01     3.40879884612988E-01     6.45355474983142E-01
         0.07812123803993    -2.47468206481081E-01     8.47751918307494E-01    -8.63142674226135E-02     8.17523589040984E-01    -8.39118985296701E-03
S DZVP-MOLOPT-PBE0-GTH-Q6
 1
 2 0 2 4 2 2 1
         1.83659095947030     3.72803746003926E-01    -1.31812637810655E-01     3.22135672378229E-01     2.14331044549409E-01    -6.56359111506667E-02
         1.39208197320107    -1.14279794636780E-01    -1.43288136484319E-01    -4.14974000535217E-01    -2.38907656855117E-01     4.63441350718008E-01
         0.38620456072642    -7.33165669969939E-01     5.64751972580603E-01    -7.40576228885045E-01    -2.84085486628765E-01     8.51719381751729E-01
         0.12374068236867    -5.57158501578093E-01    -8.01965802215136E-01    -4.19013170045561E-01     9.03482579314762E-01     2.35559199269617E-01
CL DZVP-MOLOPT-PBE0-GTH-Q7
 1
 2 0 2 4 2 2 1
         1.95736377876919     5.14900988266686E-01     2.40693792976429E-01     3.91491934421244E-01     1.94579618291814E-01     1.03302579489917E-01
         1.54347371438383    -4.22981434715776E-01     4.84506053505592E-02    -5.31183852831214E-01    -2.06763688400425E-01     2.53080986425568E-01
         0.40766941393095    -4.94589672987331E-01    -6.25944067103656E-01    -6.13505638411310E-01    -3.32691397032460E-01     9.52098239408987E-01
         0.13062819821750    -5.57982735881729E-01     7.40211497966303E-01    -4.33807113141348E-01     8.99279702676011E-01     1.37067625261757E-01
