K TZV2P-MOLOPT-SCAN-GTH-Q9
 1
 2 0 2 6 4 3 2
         2.89323842622084    -6.74529457445985E-02     2.34020109950133E-01     4.03097692934648E-01    -1.74393305506665E-01     5.80413469786502E-01    -1.68717032335087E-01     1.05483419260802E-01    -2.28538086037732E-01    -1.97693552063800E-01
         2.73325630981316    -3.84692229708750E-01    -1.34150406936207E-01    -3.84217098503436E-01    -5.42212004895815E-01    -6.10957294556207E-01     1.54844125248861E-01     7.27948380207240E-04     3.60921413158146E-01     3.10840833750063E-01
         0.88571300706887     6.50878052440854E-01    -1.99248763028580E-01    -6.81221871310689E-02    -6.76614445114837E-01    -3.23708268750550E-01     1.55183569554020E-01     2.96689670746637E-01     3.08554863905753E-01     1.95811027523642E-01
         0.34850224860432     5.13684796387750E-01    -3.19302676628855E-01    -3.44250247051729E-01     4.64064945196602E-01    -3.35578668804748E-01     1.88509255647008E-02     7.49489568613811E-02     3.60569952628435E-01     5.71403786412231E-01
         0.12864140143795     2.82293676045817E-01     2.43896953496132E-02     6.80126179044559E-01    -4.51807558054413E-02     8.12916103047726E-03     2.86186640185663E-01    -9.11962662064133E-01     5.91035443358690E-01    -1.39236897605497E-01
         0.03206198236607     2.83298358250632E-01     8.85996123212602E-01    -3.22752206455535E-01    -1.97087632230934E-02     2.69045012675664E-01     9.17179245949790E-01     2.52100603907941E-01     4.92916206539777E-01    -6.92866564545483E-01
K TZVP-MOLOPT-SCAN-GTH-q9
 1
 2 0 2 6 4 3 1
         2.89323842622084    -6.74529457445985E-02     2.34020109950133E-01     4.03097692934648E-01    -1.74393305506665E-01     5.80413469786502E-01    -1.68717032335087E-01     1.05483419260802E-01    -2.28538086037732E-01
         2.73325630981316    -3.84692229708750E-01    -1.34150406936207E-01    -3.84217098503436E-01    -5.42212004895815E-01    -6.10957294556207E-01     1.54844125248861E-01     7.27948380207240E-04     3.60921413158146E-01
         0.88571300706887     6.50878052440854E-01    -1.99248763028580E-01    -6.81221871310689E-02    -6.76614445114837E-01    -3.23708268750550E-01     1.55183569554020E-01     2.96689670746637E-01     3.08554863905753E-01
         0.34850224860432     5.13684796387750E-01    -3.19302676628855E-01    -3.44250247051729E-01     4.64064945196602E-01    -3.35578668804748E-01     1.88509255647008E-02     7.49489568613811E-02     3.60569952628435E-01
         0.12864140143795     2.82293676045817E-01     2.43896953496132E-02     6.80126179044559E-01    -4.51807558054413E-02     8.12916103047726E-03     2.86186640185663E-01    -9.11962662064133E-01     5.91035443358690E-01
         0.03206198236607     2.83298358250632E-01     8.85996123212602E-01    -3.22752206455535E-01    -1.97087632230934E-02     2.69045012675664E-01     9.17179245949790E-01     2.52100603907941E-01     4.92916206539777E-01
K DZVP-MOLOPT-SCAN-GTH-q9
 1
 2 0 2 6 3 2 1
         2.89323842622084    -6.74529457445985E-02     2.34020109950133E-01     4.03097692934648E-01     5.80413469786502E-01    -1.68717032335087E-01    -2.28538086037732E-01
         2.73325630981316    -3.84692229708750E-01    -1.34150406936207E-01    -3.84217098503436E-01    -6.10957294556207E-01     1.54844125248861E-01     3.60921413158146E-01
         0.88571300706887     6.50878052440854E-01    -1.99248763028580E-01    -6.81221871310689E-02    -3.23708268750550E-01     1.55183569554020E-01     3.08554863905753E-01
         0.34850224860432     5.13684796387750E-01    -3.19302676628855E-01    -3.44250247051729E-01    -3.35578668804748E-01     1.88509255647008E-02     3.60569952628435E-01
         0.12864140143795     2.82293676045817E-01     2.43896953496132E-02     6.80126179044559E-01     8.12916103047726E-03     2.86186640185663E-01     5.91035443358690E-01
         0.03206198236607     2.83298358250632E-01     8.85996123212602E-01    -3.22752206455535E-01     2.69045012675664E-01     9.17179245949790E-01     4.92916206539777E-01
P TZV2P-MOLOPT-SCAN-GTH-Q5
 1
 2 0 3 4 3 3 2 1
         1.51742916393594     3.67476636985091E-01     2.94114631954703E-01    -7.14579620472493E-01     1.04407902626154E-01     1.49675885044532E-01    -5.68663100482053E-01     2.48418902614388E-01     1.62977738693010E-01     1.57233142646473E-01
         0.57853573960743    -2.68022642057556E-01    -3.43441325547082E-01     3.27913067673586E-01    -4.98667597011555E-01    -6.24512053742729E-01     3.89640632833173E-01     7.61832629648219E-01     5.25717612753168E-01     7.53675297675537E-01
         0.22221583015814    -8.57162475466123E-01    -1.79271660194194E-02    -5.08051985490939E-01    -7.82439209728714E-01     6.85974050650463E-02    -5.43437171440360E-01     5.98121133591899E-01    -7.45022825628661E-01     6.34221628104183E-01
         0.07960375197843    -2.41655281894277E-01     8.91752911907287E-01     3.51755833061800E-01    -3.58076110120508E-01     7.63463306377272E-01     4.79039138372224E-01    -1.22557242904662E-02    -3.76829188922393E-01    -7.08110935665029E-02
P TZVP-MOLOPT-SCAN-GTH-q5
 1
 2 0 2 4 3 3 1
         1.51742916393594     3.67476636985091E-01     2.94114631954703E-01    -7.14579620472493E-01     1.04407902626154E-01     1.49675885044532E-01    -5.68663100482053E-01     2.48418902614388E-01
         0.57853573960743    -2.68022642057556E-01    -3.43441325547082E-01     3.27913067673586E-01    -4.98667597011555E-01    -6.24512053742729E-01     3.89640632833173E-01     7.61832629648219E-01
         0.22221583015814    -8.57162475466123E-01    -1.79271660194194E-02    -5.08051985490939E-01    -7.82439209728714E-01     6.85974050650463E-02    -5.43437171440360E-01     5.98121133591899E-01
         0.07960375197843    -2.41655281894277E-01     8.91752911907287E-01     3.51755833061800E-01    -3.58076110120508E-01     7.63463306377272E-01     4.79039138372224E-01    -1.22557242904662E-02
P DZVP-MOLOPT-SCAN-GTH-q5
 1
 2 0 2 4 2 2 1
         1.51742916393594     3.67476636985091E-01     2.94114631954703E-01     1.04407902626154E-01     1.49675885044532E-01     2.48418902614388E-01
         0.57853573960743    -2.68022642057556E-01    -3.43441325547082E-01    -4.98667597011555E-01    -6.24512053742729E-01     7.61832629648219E-01
         0.22221583015814    -8.57162475466123E-01    -1.79271660194194E-02    -7.82439209728714E-01     6.85974050650463E-02     5.98121133591899E-01
         0.07960375197843    -2.41655281894277E-01     8.91752911907287E-01    -3.58076110120508E-01     7.63463306377272E-01    -1.22557242904662E-02
S TZV2P-MOLOPT-SCAN-GTH-Q6
 1
 2 0 3 4 3 3 2 1
         1.88982592125518     3.26660680903398E-01    -1.40113335745630E-01     1.93795547447914E-01     2.05757289488259E-01     1.31587103765163E-01    -9.69040236129065E-01     8.63181897573166E-02    -8.64361605545401E-02    -1.04408317769072E-01
         1.15800216982202    -7.89841314278472E-02    -1.32842309185549E-01    -9.64892424437983E-01    -3.49827240399351E-01    -1.70936424818098E-01    -1.31538381888276E-01     3.62126019596262E-01     9.26019712676593E-01     5.14360683415711E-01
         0.37325162853195    -7.39935765807641E-01     5.77184184804776E-01     5.61299447894683E-02    -8.28100896626626E-01    -3.25058953530420E-01    -2.04724337489893E-01     9.02338526329730E-01    -3.67114746487850E-01     8.44332730372367E-01
         0.12418523801761    -5.82708648479647E-01    -7.93460516250008E-01     1.68152681660109E-01    -3.86695933135065E-01     9.20761776749454E-01     4.17925889658120E-02     2.17253538404969E-01     1.55898939737292E-02     1.07862092315605E-01
S TZVP-MOLOPT-SCAN-GTH-q6
 1
 2 0 2 4 3 3 1
         1.88982592125518     3.26660680903398E-01    -1.40113335745630E-01     1.93795547447914E-01     2.05757289488259E-01     1.31587103765163E-01    -9.69040236129065E-01     8.63181897573166E-02
         1.15800216982202    -7.89841314278472E-02    -1.32842309185549E-01    -9.64892424437983E-01    -3.49827240399351E-01    -1.70936424818098E-01    -1.31538381888276E-01     3.62126019596262E-01
         0.37325162853195    -7.39935765807641E-01     5.77184184804776E-01     5.61299447894683E-02    -8.28100896626626E-01    -3.25058953530420E-01    -2.04724337489893E-01     9.02338526329730E-01
         0.12418523801761    -5.82708648479647E-01    -7.93460516250008E-01     1.68152681660109E-01    -3.86695933135065E-01     9.20761776749454E-01     4.17925889658120E-02     2.17253538404969E-01
S DZVP-MOLOPT-SCAN-GTH-q6
 1
 2 0 2 4 2 2 1
         1.88982592125518     3.26660680903398E-01    -1.40113335745630E-01     2.05757289488259E-01     1.31587103765163E-01     8.63181897573166E-02
         1.15800216982202    -7.89841314278472E-02    -1.32842309185549E-01    -3.49827240399351E-01    -1.70936424818098E-01     3.62126019596262E-01
         0.37325162853195    -7.39935765807641E-01     5.77184184804776E-01    -8.28100896626626E-01    -3.25058953530420E-01     9.02338526329730E-01
         0.12418523801761    -5.82708648479647E-01    -7.93460516250008E-01    -3.86695933135065E-01     9.20761776749454E-01     2.17253538404969E-01
CL TZV2P-MOLOPT-SCAN-GTH-Q7
 1
 2 0 3 4 3 3 2 1
         1.99031135450461     4.85018816633289E-01     1.94158525239581E-01    -1.02487019822790E-01     3.26464872695311E-01     1.51626624474172E-01    -3.04303079631876E-01     1.14349988907458E-01    -6.94120784194127E-02    -3.74274318976047E-02
         1.46501921747017    -3.69443122264159E-01     8.84925501203065E-02    -9.21581198729358E-01    -4.91090003440862E-01    -1.60659090706497E-01    -8.51979523656754E-01     2.49763916797096E-01     9.08906621638742E-01     2.75533996785233E-01
         0.40655378963524    -5.57894471564660E-01    -6.37209072162332E-01     2.04948617227288E-01    -6.93734950650820E-01    -3.56105172703454E-01     4.21045721459141E-01     9.48735957067630E-01    -2.80461592308605E-01     9.57496717801440E-01
         0.13370286337397    -5.63047320854067E-01     7.40564739914085E-01     3.13337787719621E-01    -4.13501044329990E-01     9.07957669331436E-01     6.51999036588082E-02     1.56339853108561E-01     3.00685902147853E-01    -7.66827187609711E-02
CL TZVP-MOLOPT-SCAN-GTH-q7
 1
 2 0 2 4 3 3 1
         1.99031135450461     4.85018816633289E-01     1.94158525239581E-01    -1.02487019822790E-01     3.26464872695311E-01     1.51626624474172E-01    -3.04303079631876E-01     1.14349988907458E-01
         1.46501921747017    -3.69443122264159E-01     8.84925501203065E-02    -9.21581198729358E-01    -4.91090003440862E-01    -1.60659090706497E-01    -8.51979523656754E-01     2.49763916797096E-01
         0.40655378963524    -5.57894471564660E-01    -6.37209072162332E-01     2.04948617227288E-01    -6.93734950650820E-01    -3.56105172703454E-01     4.21045721459141E-01     9.48735957067630E-01
         0.13370286337397    -5.63047320854067E-01     7.40564739914085E-01     3.13337787719621E-01    -4.13501044329990E-01     9.07957669331436E-01     6.51999036588082E-02     1.56339853108561E-01
CL DZVP-MOLOPT-SCAN-GTH-q7
 1
 2 0 2 4 2 2 1
         1.99031135450461     4.85018816633289E-01     1.94158525239581E-01     3.26464872695311E-01     1.51626624474172E-01     1.14349988907458E-01
         1.46501921747017    -3.69443122264159E-01     8.84925501203065E-02    -4.91090003440862E-01    -1.60659090706497E-01     2.49763916797096E-01
         0.40655378963524    -5.57894471564660E-01    -6.37209072162332E-01    -6.93734950650820E-01    -3.56105172703454E-01     9.48735957067630E-01
         0.13370286337397    -5.63047320854067E-01     7.40564739914085E-01    -4.13501044329990E-01     9.07957669331436E-01     1.56339853108561E-01
H TZV2P-MOLOPT-SCAN-GTH-Q1
 1
 2 0 2 5 3 2 1
         9.16876514496744     4.30245721944096E-02    -3.89199332255518E-02     1.05597841287996E-01    -1.03225299298647E-01     1.47849610372066E-01     5.89397100894678E-04
         2.16119406948452     1.67758655334156E-01    -2.29436993766244E-01     9.00816001060512E-01     3.18679005482070E-01    -4.59921573561831E-01     9.06454549928757E-04
         0.61986766123499     5.51924571472773E-01    -2.73974309763091E-01     8.95041468250583E-02     4.58038932787715E-01    -6.65599039198367E-01    -4.14822793772387E-04
         0.16131600752250     6.99078574975625E-01    -2.64330500496994E-01    -3.83347452986213E-01     8.23091485416057E-01     5.67905974411888E-01     9.99996815399554E-01
         0.41225503616229     4.20326460221825E-01     8.94936516623427E-01     1.49710941947358E-01     2.25604019455304E-02    -3.27622058282529E-02    -2.24233449917807E-03
H TZVP-MOLOPT-SCAN-GTH-q1
 1
 2 0 1 5 3 1
         9.16876514496744     4.30245721944096E-02    -3.89199332255518E-02     1.05597841287996E-01    -1.03225299298647E-01
         2.16119406948452     1.67758655334156E-01    -2.29436993766244E-01     9.00816001060512E-01     3.18679005482070E-01
         0.61986766123499     5.51924571472773E-01    -2.73974309763091E-01     8.95041468250583E-02     4.58038932787715E-01
         0.16131600752250     6.99078574975625E-01    -2.64330500496994E-01    -3.83347452986213E-01     8.23091485416057E-01
         0.41225503616229     4.20326460221825E-01     8.94936516623427E-01     1.49710941947358E-01     2.25604019455304E-02
H DZVP-MOLOPT-SCAN-GTH-q1
 1
 2 0 1 5 2 1
         9.16876514496744     4.30245721944096E-02    -3.89199332255518E-02    -1.03225299298647E-01
         2.16119406948452     1.67758655334156E-01    -2.29436993766244E-01     3.18679005482070E-01
         0.61986766123499     5.51924571472773E-01    -2.73974309763091E-01     4.58038932787715E-01
         0.16131600752250     6.99078574975625E-01    -2.64330500496994E-01     8.23091485416057E-01
         0.41225503616229     4.20326460221825E-01     8.94936516623427E-01     2.25604019455304E-02
F TZV2P-MOLOPT-SCAN-GTH-Q7
 1
 2 0 3 5 3 3 2 1
        13.16645520019096     1.25688709752362E-01    -6.90191648196731E-02    -4.19619998203344E-01    -9.31572868763813E-02     5.00225599861602E-02    -6.88622277281857E-02    -1.02513605924922E-02    -1.03135180619022E-01    -3.14119421202531E-02
         4.67863609541364     1.25206371205048E-01    -7.54523660806367E-02    -2.93986334505468E-01    -2.93923292691458E-01     1.19602022797720E-01    -4.99826189781570E-01     4.04484470063397E-02    -1.25856773171103E-01     1.01835664406271E-01
         1.68188350144516    -4.93940854057955E-01     2.15904735709196E-01    -7.69158858630548E-01    -5.53343548452151E-01     3.11861936412921E-01     7.42571819653283E-01     4.51403790784568E-01    -8.76791264789868E-01     2.29748587047615E-01
         0.58393450944632    -7.58234802751956E-01     3.05654861844976E-01     3.81944805550917E-01    -6.44505933144035E-01     2.69615230808562E-01    -4.36892722870730E-01     8.90352206116421E-01     4.45248862484439E-01     9.66043910568162E-01
         0.18571155118612    -3.86817953873203E-01    -9.21685166349822E-01     1.97684968795902E-03    -4.28198362261887E-01    -9.01799789070697E-01     5.60679494913207E-02     4.20285554084608E-02     8.07077171659289E-02    -5.11618700886137E-02
F TZVP-MOLOPT-SCAN-GTH-q7
 1
 2 0 2 5 3 3 1
        13.16645520019096     1.25688709752362E-01    -6.90191648196731E-02    -4.19619998203344E-01    -9.31572868763813E-02     5.00225599861602E-02    -6.88622277281857E-02    -1.02513605924922E-02
         4.67863609541364     1.25206371205048E-01    -7.54523660806367E-02    -2.93986334505468E-01    -2.93923292691458E-01     1.19602022797720E-01    -4.99826189781570E-01     4.04484470063397E-02
         1.68188350144516    -4.93940854057955E-01     2.15904735709196E-01    -7.69158858630548E-01    -5.53343548452151E-01     3.11861936412921E-01     7.42571819653283E-01     4.51403790784568E-01
         0.58393450944632    -7.58234802751956E-01     3.05654861844976E-01     3.81944805550917E-01    -6.44505933144035E-01     2.69615230808562E-01    -4.36892722870730E-01     8.90352206116421E-01
         0.18571155118612    -3.86817953873203E-01    -9.21685166349822E-01     1.97684968795902E-03    -4.28198362261887E-01    -9.01799789070697E-01     5.60679494913207E-02     4.20285554084608E-02
F DZVP-MOLOPT-SCAN-GTH-q7
 1
 2 0 2 5 2 2 1
        13.16645520019096     1.25688709752362E-01    -6.90191648196731E-02    -9.31572868763813E-02     5.00225599861602E-02    -1.02513605924922E-02
         4.67863609541364     1.25206371205048E-01    -7.54523660806367E-02    -2.93923292691458E-01     1.19602022797720E-01     4.04484470063397E-02
         1.68188350144516    -4.93940854057955E-01     2.15904735709196E-01    -5.53343548452151E-01     3.11861936412921E-01     4.51403790784568E-01
         0.58393450944632    -7.58234802751956E-01     3.05654861844976E-01    -6.44505933144035E-01     2.69615230808562E-01     8.90352206116421E-01
         0.18571155118612    -3.86817953873203E-01    -9.21685166349822E-01    -4.28198362261887E-01    -9.01799789070697E-01     4.20285554084608E-02
