K DZVP-MOLOPT-SCAN-GTH-Q9
 1
 2 0 2 6 3 2 1
         2.89323842622084    -1.30532428463540E-01     2.43561681216145E-01     1.06859387559804E-01     6.04590156795603E-01     2.63613254557157E-02    -2.60965336689027E-01
         2.73325630981316    -3.14092730495433E-01    -1.17606112922806E-01    -4.77308668076531E-02    -6.28658717148321E-01    -4.34566795430444E-02     4.05217016379089E-01
         0.88571300706887     6.00963104697609E-01    -2.67440797352272E-01    -1.59877778403329E-01    -3.51147323973140E-01    -4.79392703563666E-02     3.26693923420831E-01
         0.34850224860432     4.43614688198725E-01    -4.06906286872625E-01    -3.47569470578896E-01    -3.16535572961459E-01    -1.34668565429450E-01     4.16954280714217E-01
         0.12864140143795     4.80497373329907E-01     1.77745825870646E-01     8.02883717124109E-01    -9.23363043703995E-02     2.26143333250308E-01     5.84852335429739E-01
         0.03206198236607     3.08996231690538E-01     8.11267911757287E-01    -4.41944715451412E-01    -8.50514812979549E-02     9.62206835453077E-01     3.80872966512440E-01
P DZVP-MOLOPT-SCAN-GTH-Q5
 1
 2 0 2 4 2 2 1
         1.44517138302958     4.20615411557405E-01     1.88252281821302E-01     6.90073171925874E-02    -1.72503118556749E-01     1.06859523552191E-01
         0.66030217067582    -2.85319793142847E-01    -1.32362652306059E-01    -5.85524040665002E-01    -7.08718691755285E-01     8.62497620462253E-02
         0.21843715792747    -8.47345643929010E-01    -3.85790110918907E-02    -6.98749086229828E-01     1.96999427804619E-01     6.95817815605025E-01
         0.07158413251207    -1.53885187447818E-01     9.72395427059769E-01    -4.05153430776775E-01     6.55096722239950E-01     7.04967792356374E-01
S DZVP-MOLOPT-SCAN-GTH-Q6
 1
 2 0 2 4 2 2 1
         1.75028945712530     2.64862421464928E-01    -3.09817060726879E-01     1.19680114563526E-01     5.07054875494889E-02     1.13935190673001E-01
         0.79135321322422    -2.96839198778921E-01     1.55478371508184E-01    -4.57130514546785E-01    -1.74074042233850E-01     4.80528707585028E-02
         0.25637832136461    -4.13830749486078E-01     7.64780064725183E-01    -7.85827350078076E-01    -3.56379778032304E-01     7.92655074185790E-01
         0.07926592480082    -8.18827514525381E-01    -5.43094206813758E-01    -3.98978368733847E-01     9.16580948505031E-01     5.96998850338669E-01
CL DZVP-MOLOPT-SCAN-GTH-Q7
 1
 2 0 2 4 2 2 1
         1.98895782558311     3.82563138452434E-01     3.13416775552572E-01     2.46104205595021E-01     4.60567257299505E-02     1.39724431087448E-01
         1.30620371241996    -6.93623541454071E-01     4.96560543201159E-01    -4.41620644091524E-01    -1.88587304112041E-01    -4.57272501212360E-02
         0.36385970961589    -4.24741043567718E-01    -7.73791557792669E-01    -6.76087737480438E-01    -5.19681413930429E-01     7.40712657646414E-01
         0.10715541435302    -4.38322796289609E-01     2.37579832533812E-01    -5.36012404641173E-01     8.32012520794044E-01     6.55538603558956E-01
H DZVP-MOLOPT-SCAN-GTH-Q1
 1
 2 0 1 5 2 1
         9.16876514496744     4.30245721944096E-02    -3.89199332255518E-02    -1.03225299298647E-01
         2.16119406948452     1.67758655334156E-01    -2.29436993766244E-01     3.18679005482070E-01
         0.61986766123499     5.51924571472773E-01    -2.73974309763091E-01     4.58038932787715E-01
         0.16131600752250     6.99078574975625E-01    -2.64330500496994E-01     8.23091485416057E-01
         0.41225503616229     4.20326460221825E-01     8.94936516623427E-01     2.25604019455304E-02
F DZVP-MOLOPT-SCAN-GTH-Q7
 1
 2 0 2 5 2 2 1
        13.16645520019096     1.25688709752362E-01    -6.90191648196731E-02    -9.31572868763813E-02     5.00225599861602E-02    -1.02513605924922E-02
         4.67863609541364     1.25206371205048E-01    -7.54523660806367E-02    -2.93923292691458E-01     1.19602022797720E-01     4.04484470063397E-02
         1.68188350144516    -4.93940854057955E-01     2.15904735709196E-01    -5.53343548452151E-01     3.11861936412921E-01     4.51403790784568E-01
         0.58393450944632    -7.58234802751956E-01     3.05654861844976E-01    -6.44505933144035E-01     2.69615230808562E-01     8.90352206116421E-01
         0.18571155118612    -3.86817953873203E-01    -9.21685166349822E-01    -4.28198362261887E-01    -9.01799789070697E-01     4.20285554084608E-02
