CD TZV2P-MOLOPT-PBE0-GTH-Q12
 1
 2 0 3 5 3 3 3 2
         2.52594538346214     6.40301340175739E-02    -3.06021743938590E-02    -7.67693984628617E-02    -3.30096212536594E-02    -4.78404381684780E-02    -2.65393276203805E-01    -5.16182022298032E-01    -1.62781423718901E-02    -7.62913333477166E-02    -9.39908096143309E-03    -1.58092633979513E-02
         1.17150095538990    -1.65636868962358E-01     5.29513588458408E-02     2.54556361242881E-01     1.41000192858272E-01     1.97866027340923E-01     9.30997696077668E-01    -6.59635999344239E-01    -3.97334715161252E-01     3.37634263075646E-01    -2.84844936625345E-02     3.88424188768242E-02
         0.51282001983739    -4.20350496730940E-01     1.91675597750062E-01     8.25934388375475E-01    -1.24854866114893E-01     2.09570232575231E-01    -4.79243401913481E-02    -4.77598781649024E-01     1.39855468098259E-01    -2.02200773763229E-01    -6.40053430368932E-01    -8.71347383412988E-02
         0.22435740050707     6.80168290379365E-01    -5.49659348737230E-01     4.84034004662067E-01    -1.65730041413332E-01    -9.42061803522105E-01     2.18221667718926E-01    -2.56573838923323E-01     6.21079599182392E-01    -5.33088764882885E-01    -7.30822397312523E-01    -2.36200799870428E-01
         0.07487658991959     5.73708223959272E-01     8.10798819739932E-01     1.13362193168918E-01     9.67457557880028E-01    -1.64803530493770E-01    -1.13544089230038E-01    -6.71247880663910E-02     6.60727421658208E-01     7.45059697405909E-01    -2.35224405105443E-01     9.66880578562510E-01
CD TZVP-MOLOPT-PBE0-GTH-q12
 1
 2 0 3 5 3 3 3 1
         2.52594538346214     6.40301340175739E-02    -3.06021743938590E-02    -7.67693984628617E-02    -3.30096212536594E-02    -4.78404381684780E-02    -2.65393276203805E-01    -5.16182022298032E-01    -1.62781423718901E-02    -7.62913333477166E-02    -9.39908096143309E-03
         1.17150095538990    -1.65636868962358E-01     5.29513588458408E-02     2.54556361242881E-01     1.41000192858272E-01     1.97866027340923E-01     9.30997696077668E-01    -6.59635999344239E-01    -3.97334715161252E-01     3.37634263075646E-01    -2.84844936625345E-02
         0.51282001983739    -4.20350496730940E-01     1.91675597750062E-01     8.25934388375475E-01    -1.24854866114893E-01     2.09570232575231E-01    -4.79243401913481E-02    -4.77598781649024E-01     1.39855468098259E-01    -2.02200773763229E-01    -6.40053430368932E-01
         0.22435740050707     6.80168290379365E-01    -5.49659348737230E-01     4.84034004662067E-01    -1.65730041413332E-01    -9.42061803522105E-01     2.18221667718926E-01    -2.56573838923323E-01     6.21079599182392E-01    -5.33088764882885E-01    -7.30822397312523E-01
         0.07487658991959     5.73708223959272E-01     8.10798819739932E-01     1.13362193168918E-01     9.67457557880028E-01    -1.64803530493770E-01    -1.13544089230038E-01    -6.71247880663910E-02     6.60727421658208E-01     7.45059697405909E-01    -2.35224405105443E-01
CD DZVP-MOLOPT-PBE0-GTH-q12
 1
 2 0 3 5 2 2 2 1
         2.52594538346214     6.40301340175739E-02    -3.06021743938590E-02    -3.30096212536594E-02    -4.78404381684780E-02    -5.16182022298032E-01    -1.62781423718901E-02    -9.39908096143309E-03
         1.17150095538990    -1.65636868962358E-01     5.29513588458408E-02     1.41000192858272E-01     1.97866027340923E-01    -6.59635999344239E-01    -3.97334715161252E-01    -2.84844936625345E-02
         0.51282001983739    -4.20350496730940E-01     1.91675597750062E-01    -1.24854866114893E-01     2.09570232575231E-01    -4.77598781649024E-01     1.39855468098259E-01    -6.40053430368932E-01
         0.22435740050707     6.80168290379365E-01    -5.49659348737230E-01    -1.65730041413332E-01    -9.42061803522105E-01    -2.56573838923323E-01     6.21079599182392E-01    -7.30822397312523E-01
         0.07487658991959     5.73708223959272E-01     8.10798819739932E-01     9.67457557880028E-01    -1.64803530493770E-01    -6.71247880663910E-02     6.60727421658208E-01    -2.35224405105443E-01
H TZV2P-MOLOPT-PBE0-GTH-Q1
 1
 2 0 2 5 3 2 1
         9.40376558777484     5.57995409025206E-02    -4.70579310756749E-02    -9.03982952048893E-02    -9.22922683878503E-02     5.62771387719766E-01     7.80341103329014E-02
         2.19236236036235     2.26741263852150E-01    -2.37595450605385E-01    -3.31859181820579E-01     3.56629407794935E-01    -1.55610962004131E-01     3.11602862374432E-01
         0.70785664525623     4.70071809062586E-01    -3.84865803668886E-01    -6.33091997698946E-01     4.70685683046521E-01    -1.55533260185636E-01     6.35783567219683E-05
         0.37495748172786     5.50419957177599E-01     8.25544608526065E-01    -1.19262368808400E-01     4.93402007633953E-01     7.41061881197701E-01     9.44971331284660E-01
         0.15142571456720     6.49265104227107E-01    -3.34198093163844E-01     6.83131496493313E-01     6.31907468961614E-01    -2.92763192495008E-01     6.19960707827798E-02
H TZVP-MOLOPT-PBE0-GTH-q1
 1
 2 0 1 5 3 1
         9.40376558777484     5.57995409025206E-02    -4.70579310756749E-02    -9.03982952048893E-02    -9.22922683878503E-02
         2.19236236036235     2.26741263852150E-01    -2.37595450605385E-01    -3.31859181820579E-01     3.56629407794935E-01
         0.70785664525623     4.70071809062586E-01    -3.84865803668886E-01    -6.33091997698946E-01     4.70685683046521E-01
         0.37495748172786     5.50419957177599E-01     8.25544608526065E-01    -1.19262368808400E-01     4.93402007633953E-01
         0.15142571456720     6.49265104227107E-01    -3.34198093163844E-01     6.83131496493313E-01     6.31907468961614E-01
H DZVP-MOLOPT-PBE0-GTH-q1
 1
 2 0 1 5 2 1
         9.40376558777484     5.57995409025206E-02    -4.70579310756749E-02    -9.22922683878503E-02
         2.19236236036235     2.26741263852150E-01    -2.37595450605385E-01     3.56629407794935E-01
         0.70785664525623     4.70071809062586E-01    -3.84865803668886E-01     4.70685683046521E-01
         0.37495748172786     5.50419957177599E-01     8.25544608526065E-01     4.93402007633953E-01
         0.15142571456720     6.49265104227107E-01    -3.34198093163844E-01     6.31907468961614E-01
C TZV2P-MOLOPT-PBE0-GTH-Q4
 1
 2 0 3 5 3 3 2 1
         5.37649556675185    -1.22404309942338E-01     1.51052142999233E-01    -2.91603005508096E-01    -1.02230399503479E-01     7.40025761345854E-02     8.94622998880541E-02    -3.33102657255285E-02     9.86374456561292E-02     7.95121951184048E-02
         1.95241253925289    -1.29373346346520E-01     2.06617207371748E-01    -1.01805179489666E-01    -3.09172408281985E-01     2.20213934213870E-01     3.39999059653624E-01     2.24862943378639E-01    -4.25828317504440E-02     4.21381944948773E-01
         0.69884308058897     4.93419910923422E-01    -4.42585619435647E-01     6.21910558850215E-01    -6.76608029554237E-01     4.84079784827656E-01     2.48477330781687E-01     7.92785845721874E-01    -5.17543483541305E-01     3.21750315531954E-01
         0.25544398452951     7.50469724701437E-01    -1.05635637414093E-01    -6.44963922243512E-01    -6.23090735983644E-01    -3.82982660790289E-01    -6.66883209981747E-01     5.31193096205402E-01     8.40388777086484E-01     8.41599833069726E-01
         0.08778128068034     4.02009584429917E-01     8.52907768337305E-01     3.19142896525367E-01    -2.18908374551020E-01    -7.51678445453038E-01     6.08212904060281E-01     1.94040151152179E-01    -1.19803183369898E-01    -6.55859949283386E-02
C TZVP-MOLOPT-PBE0-GTH-q4
 1
 2 0 2 5 3 3 1
         5.37649556675185    -1.22404309942338E-01     1.51052142999233E-01    -2.91603005508096E-01    -1.02230399503479E-01     7.40025761345854E-02     8.94622998880541E-02    -3.33102657255285E-02
         1.95241253925289    -1.29373346346520E-01     2.06617207371748E-01    -1.01805179489666E-01    -3.09172408281985E-01     2.20213934213870E-01     3.39999059653624E-01     2.24862943378639E-01
         0.69884308058897     4.93419910923422E-01    -4.42585619435647E-01     6.21910558850215E-01    -6.76608029554237E-01     4.84079784827656E-01     2.48477330781687E-01     7.92785845721874E-01
         0.25544398452951     7.50469724701437E-01    -1.05635637414093E-01    -6.44963922243512E-01    -6.23090735983644E-01    -3.82982660790289E-01    -6.66883209981747E-01     5.31193096205402E-01
         0.08778128068034     4.02009584429917E-01     8.52907768337305E-01     3.19142896525367E-01    -2.18908374551020E-01    -7.51678445453038E-01     6.08212904060281E-01     1.94040151152179E-01
C DZVP-MOLOPT-PBE0-GTH-q4
 1
 2 0 2 5 2 2 1
         5.37649556675185    -1.22404309942338E-01     1.51052142999233E-01    -1.02230399503479E-01     7.40025761345854E-02    -3.33102657255285E-02
         1.95241253925289    -1.29373346346520E-01     2.06617207371748E-01    -3.09172408281985E-01     2.20213934213870E-01     2.24862943378639E-01
         0.69884308058897     4.93419910923422E-01    -4.42585619435647E-01    -6.76608029554237E-01     4.84079784827656E-01     7.92785845721874E-01
         0.25544398452951     7.50469724701437E-01    -1.05635637414093E-01    -6.23090735983644E-01    -3.82982660790289E-01     5.31193096205402E-01
         0.08778128068034     4.02009584429917E-01     8.52907768337305E-01    -2.18908374551020E-01    -7.51678445453038E-01     1.94040151152179E-01
F TZV2P-MOLOPT-PBE0-GTH-Q7
 1
 2 0 3 5 3 3 2 1
        13.31501907729122     1.31813146289282E-01    -5.24225688764356E-02    -5.17923286744451E-01    -9.80506809064632E-02     4.64420401614479E-02     6.35659142568778E-02     4.89385522399914E-03     1.52535072278595E-01     5.41962851226601E-02
         4.62512020147175     1.34547810393351E-01    -5.37398783766778E-02    -2.73506612070950E-02    -3.12727206728056E-01     1.25929415842544E-01     1.88833971660508E-01     2.30296758923593E-02    -1.84322551941015E-01     3.68925101794283E-02
         1.62272294024072    -5.51865766775749E-01     1.65440705311574E-01    -7.34790083225985E-01    -5.86706702362430E-01     2.77907352966805E-01     6.51110127867809E-01     5.26472480151814E-01    -8.13967424463323E-01     8.50449987353287E-02
         0.55216173678272    -7.87309125215089E-01     1.14519053917377E-01     4.34902286738320E-01    -6.52997838515906E-01     1.82287680337408E-01    -7.27945836193775E-01     8.49582617686734E-01     5.11993820603493E-01     9.94034575948952E-01
         0.17330337957192    -2.00276553789357E-01    -9.76667117835106E-01    -4.41695026221844E-02    -3.49223175694863E-01    -9.33554296168888E-01     8.03216449515110E-02    -2.19496600587510E-02     1.34452996051777E-01    -1.90870474316679E-02
F TZVP-MOLOPT-PBE0-GTH-q7
 1
 2 0 2 5 3 3 1
        13.31501907729122     1.31813146289282E-01    -5.24225688764356E-02    -5.17923286744451E-01    -9.80506809064632E-02     4.64420401614479E-02     6.35659142568778E-02     4.89385522399914E-03
         4.62512020147175     1.34547810393351E-01    -5.37398783766778E-02    -2.73506612070950E-02    -3.12727206728056E-01     1.25929415842544E-01     1.88833971660508E-01     2.30296758923593E-02
         1.62272294024072    -5.51865766775749E-01     1.65440705311574E-01    -7.34790083225985E-01    -5.86706702362430E-01     2.77907352966805E-01     6.51110127867809E-01     5.26472480151814E-01
         0.55216173678272    -7.87309125215089E-01     1.14519053917377E-01     4.34902286738320E-01    -6.52997838515906E-01     1.82287680337408E-01    -7.27945836193775E-01     8.49582617686734E-01
         0.17330337957192    -2.00276553789357E-01    -9.76667117835106E-01    -4.41695026221844E-02    -3.49223175694863E-01    -9.33554296168888E-01     8.03216449515110E-02    -2.19496600587510E-02
F DZVP-MOLOPT-PBE0-GTH-q7
 1
 2 0 2 5 2 2 1
        13.31501907729122     1.31813146289282E-01    -5.24225688764356E-02    -9.80506809064632E-02     4.64420401614479E-02     4.89385522399914E-03
         4.62512020147175     1.34547810393351E-01    -5.37398783766778E-02    -3.12727206728056E-01     1.25929415842544E-01     2.30296758923593E-02
         1.62272294024072    -5.51865766775749E-01     1.65440705311574E-01    -5.86706702362430E-01     2.77907352966805E-01     5.26472480151814E-01
         0.55216173678272    -7.87309125215089E-01     1.14519053917377E-01    -6.52997838515906E-01     1.82287680337408E-01     8.49582617686734E-01
         0.17330337957192    -2.00276553789357E-01    -9.76667117835106E-01    -3.49223175694863E-01    -9.33554296168888E-01    -2.19496600587510E-02
