CD TZV2P-MOLOPT-PBE0-GTH-Q12
 1
 2 0 3 5 3 3 3 2
         2.52594538346214     6.78874986936404E-02    -5.23640871656249E-02     6.45554696516952E-02     4.38311559373497E-03    -3.58482998307478E-02    -2.56531802814159E-01    -5.16711382842044E-01     1.04328309124111E-02    -3.57662625729890E-02    -1.50693469926460E-02    -2.30072041820839E-03
         1.17150095538990    -1.77884618005750E-01     8.44256025979222E-02     2.72196023884206E-01    -1.34092364136821E-02     1.49611237299277E-01     9.53663256888232E-01    -6.80187666514721E-01    -3.96565345439085E-01     4.17520412633688E-01    -5.52175320400278E-03    -8.43036552742232E-04
         0.51282001983739    -4.17815068544756E-01     1.75922728482771E-01     8.26431357429095E-01     4.85898692696783E-02     2.59093914430361E-01    -6.83659653164911E-02    -4.71448121163791E-01     3.15651352111622E-01    -3.79282523455462E-01    -6.68306936624065E-01    -1.02034110401177E-01
         0.22435740050707     7.00190715243165E-01    -5.17667497657532E-01     4.78400338454428E-01    -1.71156917378324E-01    -9.37568582579837E-01     1.35484721811736E-01    -2.17140664913052E-01     4.26251006232221E-01    -4.92731487916125E-01    -7.28237199760715E-01    -1.11183994608793E-01
         0.07487658991959     5.46728342947643E-01     8.31385515554279E-01     9.94295908885771E-02     9.83943755971041E-01    -1.73686135132924E-01     4.10829836816718E-02    -3.06706024552998E-02     7.49200498152568E-01     6.61632774061996E-01    -1.50926619148511E-01     9.88544968947999E-01
CD TZVP-MOLOPT-PBE0-GTH-q12
 1
 2 0 3 5 3 3 3 1
         2.52594538346214     6.78874986936404E-02    -5.23640871656249E-02     6.45554696516952E-02     4.38311559373497E-03    -3.58482998307478E-02    -2.56531802814159E-01    -5.16711382842044E-01     1.04328309124111E-02    -3.57662625729890E-02    -1.50693469926460E-02
         1.17150095538990    -1.77884618005750E-01     8.44256025979222E-02     2.72196023884206E-01    -1.34092364136821E-02     1.49611237299277E-01     9.53663256888232E-01    -6.80187666514721E-01    -3.96565345439085E-01     4.17520412633688E-01    -5.52175320400278E-03
         0.51282001983739    -4.17815068544756E-01     1.75922728482771E-01     8.26431357429095E-01     4.85898692696783E-02     2.59093914430361E-01    -6.83659653164911E-02    -4.71448121163791E-01     3.15651352111622E-01    -3.79282523455462E-01    -6.68306936624065E-01
         0.22435740050707     7.00190715243165E-01    -5.17667497657532E-01     4.78400338454428E-01    -1.71156917378324E-01    -9.37568582579837E-01     1.35484721811736E-01    -2.17140664913052E-01     4.26251006232221E-01    -4.92731487916125E-01    -7.28237199760715E-01
         0.07487658991959     5.46728342947643E-01     8.31385515554279E-01     9.94295908885771E-02     9.83943755971041E-01    -1.73686135132924E-01     4.10829836816718E-02    -3.06706024552998E-02     7.49200498152568E-01     6.61632774061996E-01    -1.50926619148511E-01
CD DZVP-MOLOPT-PBE0-GTH-q12
 1
 2 0 3 5 2 2 2 1
         2.52594538346214     6.78874986936404E-02    -5.23640871656249E-02     4.38311559373497E-03    -3.58482998307478E-02    -5.16711382842044E-01     1.04328309124111E-02    -1.50693469926460E-02
         1.17150095538990    -1.77884618005750E-01     8.44256025979222E-02    -1.34092364136821E-02     1.49611237299277E-01    -6.80187666514721E-01    -3.96565345439085E-01    -5.52175320400278E-03
         0.51282001983739    -4.17815068544756E-01     1.75922728482771E-01     4.85898692696783E-02     2.59093914430361E-01    -4.71448121163791E-01     3.15651352111622E-01    -6.68306936624065E-01
         0.22435740050707     7.00190715243165E-01    -5.17667497657532E-01    -1.71156917378324E-01    -9.37568582579837E-01    -2.17140664913052E-01     4.26251006232221E-01    -7.28237199760715E-01
         0.07487658991959     5.46728342947643E-01     8.31385515554279E-01     9.83943755971041E-01    -1.73686135132924E-01    -3.06706024552998E-02     7.49200498152568E-01    -1.50926619148511E-01
H TZV2P-MOLOPT-PBE0-GTH-Q1
 1
 2 0 2 5 3 2 1
         9.40376558777484     5.57995409025206E-02    -4.70579310756749E-02    -9.03982952048893E-02    -9.22922683878503E-02     5.62771387719766E-01     7.80341103329014E-02
         2.19236236036235     2.26741263852150E-01    -2.37595450605385E-01    -3.31859181820579E-01     3.56629407794935E-01    -1.55610962004131E-01     3.11602862374432E-01
         0.70785664525623     4.70071809062586E-01    -3.84865803668886E-01    -6.33091997698946E-01     4.70685683046521E-01    -1.55533260185636E-01     6.35783567219683E-05
         0.37495748172786     5.50419957177599E-01     8.25544608526065E-01    -1.19262368808400E-01     4.93402007633953E-01     7.41061881197701E-01     9.44971331284660E-01
         0.15142571456720     6.49265104227107E-01    -3.34198093163844E-01     6.83131496493313E-01     6.31907468961614E-01    -2.92763192495008E-01     6.19960707827798E-02
H TZVP-MOLOPT-PBE0-GTH-q1
 1
 2 0 1 5 3 1
         9.40376558777484     5.57995409025206E-02    -4.70579310756749E-02    -9.03982952048893E-02    -9.22922683878503E-02
         2.19236236036235     2.26741263852150E-01    -2.37595450605385E-01    -3.31859181820579E-01     3.56629407794935E-01
         0.70785664525623     4.70071809062586E-01    -3.84865803668886E-01    -6.33091997698946E-01     4.70685683046521E-01
         0.37495748172786     5.50419957177599E-01     8.25544608526065E-01    -1.19262368808400E-01     4.93402007633953E-01
         0.15142571456720     6.49265104227107E-01    -3.34198093163844E-01     6.83131496493313E-01     6.31907468961614E-01
H DZVP-MOLOPT-PBE0-GTH-q1
 1
 2 0 1 5 2 1
         9.40376558777484     5.57995409025206E-02    -4.70579310756749E-02    -9.22922683878503E-02
         2.19236236036235     2.26741263852150E-01    -2.37595450605385E-01     3.56629407794935E-01
         0.70785664525623     4.70071809062586E-01    -3.84865803668886E-01     4.70685683046521E-01
         0.37495748172786     5.50419957177599E-01     8.25544608526065E-01     4.93402007633953E-01
         0.15142571456720     6.49265104227107E-01    -3.34198093163844E-01     6.31907468961614E-01
C TZV2P-MOLOPT-PBE0-GTH-Q4
 1
 2 0 3 5 3 3 2 1
         5.37649556675185    -1.22404309942338E-01     1.51052142999233E-01    -2.91603005508096E-01    -1.02230399503479E-01     7.40025761345854E-02     8.94622998880541E-02    -3.33102657255285E-02     9.86374456561292E-02     7.95121951184048E-02
         1.95241253925289    -1.29373346346520E-01     2.06617207371748E-01    -1.01805179489666E-01    -3.09172408281985E-01     2.20213934213870E-01     3.39999059653624E-01     2.24862943378639E-01    -4.25828317504440E-02     4.21381944948773E-01
         0.69884308058897     4.93419910923422E-01    -4.42585619435647E-01     6.21910558850215E-01    -6.76608029554237E-01     4.84079784827656E-01     2.48477330781687E-01     7.92785845721874E-01    -5.17543483541305E-01     3.21750315531954E-01
         0.25544398452951     7.50469724701437E-01    -1.05635637414093E-01    -6.44963922243512E-01    -6.23090735983644E-01    -3.82982660790289E-01    -6.66883209981747E-01     5.31193096205402E-01     8.40388777086484E-01     8.41599833069726E-01
         0.08778128068034     4.02009584429917E-01     8.52907768337305E-01     3.19142896525367E-01    -2.18908374551020E-01    -7.51678445453038E-01     6.08212904060281E-01     1.94040151152179E-01    -1.19803183369898E-01    -6.55859949283386E-02
C TZVP-MOLOPT-PBE0-GTH-q4
 1
 2 0 2 5 3 3 1
         5.37649556675185    -1.22404309942338E-01     1.51052142999233E-01    -2.91603005508096E-01    -1.02230399503479E-01     7.40025761345854E-02     8.94622998880541E-02    -3.33102657255285E-02
         1.95241253925289    -1.29373346346520E-01     2.06617207371748E-01    -1.01805179489666E-01    -3.09172408281985E-01     2.20213934213870E-01     3.39999059653624E-01     2.24862943378639E-01
         0.69884308058897     4.93419910923422E-01    -4.42585619435647E-01     6.21910558850215E-01    -6.76608029554237E-01     4.84079784827656E-01     2.48477330781687E-01     7.92785845721874E-01
         0.25544398452951     7.50469724701437E-01    -1.05635637414093E-01    -6.44963922243512E-01    -6.23090735983644E-01    -3.82982660790289E-01    -6.66883209981747E-01     5.31193096205402E-01
         0.08778128068034     4.02009584429917E-01     8.52907768337305E-01     3.19142896525367E-01    -2.18908374551020E-01    -7.51678445453038E-01     6.08212904060281E-01     1.94040151152179E-01
C DZVP-MOLOPT-PBE0-GTH-q4
 1
 2 0 2 5 2 2 1
         5.37649556675185    -1.22404309942338E-01     1.51052142999233E-01    -1.02230399503479E-01     7.40025761345854E-02    -3.33102657255285E-02
         1.95241253925289    -1.29373346346520E-01     2.06617207371748E-01    -3.09172408281985E-01     2.20213934213870E-01     2.24862943378639E-01
         0.69884308058897     4.93419910923422E-01    -4.42585619435647E-01    -6.76608029554237E-01     4.84079784827656E-01     7.92785845721874E-01
         0.25544398452951     7.50469724701437E-01    -1.05635637414093E-01    -6.23090735983644E-01    -3.82982660790289E-01     5.31193096205402E-01
         0.08778128068034     4.02009584429917E-01     8.52907768337305E-01    -2.18908374551020E-01    -7.51678445453038E-01     1.94040151152179E-01
F TZV2P-MOLOPT-PBE0-GTH-Q7
 1
 2 0 3 5 3 3 2 1
        13.31501907729122     1.31813146289282E-01    -5.24225688764356E-02    -5.17923286744451E-01    -9.80506809064632E-02     4.64420401614479E-02     6.35659142568778E-02     4.89385522399914E-03     1.52535072278595E-01     5.41962851226601E-02
         4.62512020147175     1.34547810393351E-01    -5.37398783766778E-02    -2.73506612070950E-02    -3.12727206728056E-01     1.25929415842544E-01     1.88833971660508E-01     2.30296758923593E-02    -1.84322551941015E-01     3.68925101794283E-02
         1.62272294024072    -5.51865766775749E-01     1.65440705311574E-01    -7.34790083225985E-01    -5.86706702362430E-01     2.77907352966805E-01     6.51110127867809E-01     5.26472480151814E-01    -8.13967424463323E-01     8.50449987353287E-02
         0.55216173678272    -7.87309125215089E-01     1.14519053917377E-01     4.34902286738320E-01    -6.52997838515906E-01     1.82287680337408E-01    -7.27945836193775E-01     8.49582617686734E-01     5.11993820603493E-01     9.94034575948952E-01
         0.17330337957192    -2.00276553789357E-01    -9.76667117835106E-01    -4.41695026221844E-02    -3.49223175694863E-01    -9.33554296168888E-01     8.03216449515110E-02    -2.19496600587510E-02     1.34452996051777E-01    -1.90870474316679E-02
F TZVP-MOLOPT-PBE0-GTH-q7
 1
 2 0 2 5 3 3 1
        13.31501907729122     1.31813146289282E-01    -5.24225688764356E-02    -5.17923286744451E-01    -9.80506809064632E-02     4.64420401614479E-02     6.35659142568778E-02     4.89385522399914E-03
         4.62512020147175     1.34547810393351E-01    -5.37398783766778E-02    -2.73506612070950E-02    -3.12727206728056E-01     1.25929415842544E-01     1.88833971660508E-01     2.30296758923593E-02
         1.62272294024072    -5.51865766775749E-01     1.65440705311574E-01    -7.34790083225985E-01    -5.86706702362430E-01     2.77907352966805E-01     6.51110127867809E-01     5.26472480151814E-01
         0.55216173678272    -7.87309125215089E-01     1.14519053917377E-01     4.34902286738320E-01    -6.52997838515906E-01     1.82287680337408E-01    -7.27945836193775E-01     8.49582617686734E-01
         0.17330337957192    -2.00276553789357E-01    -9.76667117835106E-01    -4.41695026221844E-02    -3.49223175694863E-01    -9.33554296168888E-01     8.03216449515110E-02    -2.19496600587510E-02
F DZVP-MOLOPT-PBE0-GTH-q7
 1
 2 0 2 5 2 2 1
        13.31501907729122     1.31813146289282E-01    -5.24225688764356E-02    -9.80506809064632E-02     4.64420401614479E-02     4.89385522399914E-03
         4.62512020147175     1.34547810393351E-01    -5.37398783766778E-02    -3.12727206728056E-01     1.25929415842544E-01     2.30296758923593E-02
         1.62272294024072    -5.51865766775749E-01     1.65440705311574E-01    -5.86706702362430E-01     2.77907352966805E-01     5.26472480151814E-01
         0.55216173678272    -7.87309125215089E-01     1.14519053917377E-01    -6.52997838515906E-01     1.82287680337408E-01     8.49582617686734E-01
         0.17330337957192    -2.00276553789357E-01    -9.76667117835106E-01    -3.49223175694863E-01    -9.33554296168888E-01    -2.19496600587510E-02
