
RH SVP-MOLOPT-PBE-Q17
 1
 1 0 3 7 5 3 2 1
         6.77354404446428     4.27651298004027E-01    -1.28401380742781E-01     2.43332140499226E-01    -2.31536907005920E-01     6.40718063105935E-02    -1.21925126434103E-01     1.90128542152080E-01    -1.92266127589490E-02    -1.08840878932216E-01    -2.88742406923557E-02     8.90255385207754E-03
         5.60073099164407    -6.56036777830495E-01     8.96681364677024E-02    -3.63793729453125E-01     3.33852358245211E-01    -6.94118779926543E-02    -2.80531551454785E-02    -2.34555872407324E-01     3.64444728557321E-02     1.34108812404579E-01     3.61216980874193E-02    -2.29569755555459E-03
         1.71890601932780     1.09398608057614E-01     2.71125893753551E-01    -1.86186589609053E-01    -1.33014339663949E-01    -5.42946823680522E-02     3.82082502414669E-01     1.80491601112455E-01    -1.39546574858062E-02     4.77331309693825E-01    -1.12305356878394E-01     8.36163719060696E-02
         0.67842383783570     4.18699166241179E-01     7.04376218658683E-01    -2.08859928303326E-01     2.53357319714303E-01    -3.70966848689366E-01     7.31779769816471E-01     5.11072307490167E-01    -5.38189677808634E-02     7.61575107525053E-01    -2.98299471592461E-01     6.49628172574327E-01
         0.30719211207532    -4.28395970649599E-01     5.61767960586972E-01     4.29873126428766E-01    -5.49924489811817E-01     4.82736370908854E-02     5.47335898149386E-01    -7.60324549472707E-01     1.81554363804894E-01     3.67144696637877E-01     3.47767335267511E-01     7.42170775681927E-01
         0.10965617768026     4.07952728947629E-02     2.51963724506106E-01     4.56211519111678E-01     6.08354883326149E-01     5.81783442108646E-01    -4.67187812514469E-02     1.87198949067079E-01     8.46972097809870E-01     1.65897001042841E-01     8.72523650641143E-01    -6.94883751404663E-02
         0.04128782967143     1.19439123547855E-01     1.63550123941118E-01    -5.80720088350407E-01    -2.83792017184474E-01     7.13939886769115E-01    -3.31569591744195E-02     4.38827022892795E-02     4.94860791047835E-01     3.10204264155628E-03     1.18434761825169E-01     1.23535094198677E-01


RH TZVPP-MOLOPT-PBE-Q17
 1
 1 0 4 7 6 4 3 2 1
        16.94311060019446     2.34399514748973E-01    -2.44541433968350E-01     1.07256535397831E-01    -1.86456297949368E-01    -2.11336625391619E-01    -1.91597559129400E-01     1.29946776857764E-01    -2.46792748013485E-01     2.05989260396980E-01     1.33951258025546E-01     7.71758884652049E-02     7.78710915044073E-03    -1.65382249815990E-02    -4.03919537441640E-02     5.25486141901750E-02    -2.17430845717272E-01
        13.91507658983832     9.51733043577887E-01     5.39223288505801E-02     9.21998744636886E-02     2.00743126431416E-02     2.12690798460854E-01     2.43116092962902E-02     1.18188731774698E-01    -2.69556082193563E-01    -3.83650108356679E-02    -1.45107051504916E-01    -1.06598753693177E-01    -1.32343979452371E-02     3.35864033188682E-02     9.88291066816215E-02    -5.26801139337915E-02     2.93369895397129E-01
         4.25529086158834    -3.51633274485534E-02     9.29151473720048E-01     1.20927013924127E-02     7.09878147983447E-03     1.96545212437473E-01    -6.53290309649740E-02    -4.32223036188100E-01     5.06158438658840E-01    -2.48805180394928E-01    -6.25420912191121E-02     9.22085033176395E-02     3.78001128423111E-03    -6.99349852250739E-02    -4.37680286011220E-01    -2.77545389438502E-02    -3.33981863744536E-01
         1.93698948832434    -1.41504394430299E-01    -1.67393915412988E-02     8.96157066288509E-01    -3.59742293983316E-01     1.81856776003569E-01    -2.65799157692667E-02     5.08309141904611E-01    -2.08527656983719E-01     2.27648218211614E-01     1.83307337109731E-01     1.39532467497625E-01     3.44282519229768E-01     1.03877842466497E-01     8.55715317854875E-01     1.47168699406917E-01     2.79173593160527E-01
         0.70929872201438    -8.66762185426012E-02    -1.82997665414173E-01     2.40761562499970E-01     7.98327559455239E-01     4.58496978155420E-01     2.44324689136181E-02     5.42255734804991E-01     7.09048360912325E-01     5.37720512190531E-02     3.30080903408764E-01     4.93235842954253E-01     7.81185871570569E-01    -9.24749557107932E-02     5.84893606891473E-02     6.50224237072265E-01     8.18424985471219E-01
         0.23209987554931    -1.02206709829837E-01    -2.00405956752171E-01    -3.44647455256196E-01    -4.29491060158989E-01     7.90906993831466E-01    -1.12735223270689E-01    -3.94176083208839E-01     1.36736228829573E-01     8.78047399113045E-01     1.42439642407245E-01    -1.04284360958947E-01     1.27582050990958E-01     9.72034828285360E-01    -2.31123147166689E-01     7.40623979703945E-01     7.36968739121555E-02
         0.06274612431649     6.49227325309656E-03    -6.20549191702109E-03    -1.87069119370298E-03    -1.16519085156871E-01     5.14217428573191E-02     9.71812106673327E-01    -2.73009625485151E-01    -2.12852848091699E-01    -2.61744441998146E-01     8.91204497598813E-01     8.36989871901210E-01    -5.04669123716790E-01     1.71795248709540E-01    -8.91607834243831E-02    -2.68154887478712E-02    -4.38801243039224E-02


RH QZVPP-MOLOPT-PBE-Q17
 2
 1 0 2 6 2 1 1
        26.29562895397173    -2.57080215090667E-02     2.02115178607921E-01     1.35563071765519E-02     5.16668226379345E-04
        14.80371886627388     3.33193669479933E-01    -9.72504380712789E-02    -1.23631017572088E-01     2.99321377265453E-02
        11.84367155903612    -6.07502840731402E-01     3.72406956330118E-01     2.57991381559343E-01    -4.62664056975157E-02
         6.64738868170641     5.85787064611723E-01     7.70818720464047E-01    -4.86313903170137E-01    -3.88658398937871E-03
         1.86772638208693    -3.91205649058526E-01     4.63850515071591E-01     4.72568520594256E-01     3.67657684395940E-01
         0.90070508611607     1.51898090278128E-01    -4.10617291179944E-02     6.76867657668550E-01     9.28318879188830E-01
 1 0 4 6 5 4 3 4 2
         2.89550548004982     1.99319146036885E-01    -3.08054564996513E-01     3.34689238765581E-02     8.65047385612791E-02    -1.46788501699823E-01     1.25278432874886E-01     3.03120314645035E-02    -3.24498763851289E-02     1.77301648228684E-02     1.97584775132277E-01    -9.42526872632480E-03    -2.04404323087665E-02     9.81885478767592E-01    -2.05700061247311E-03     1.62118805542620E-02     5.25267608034198E-02     8.35627218951717E-02    -1.05803494508491E-01
         0.91233724047316     8.77331277884174E-01     3.12043488749764E-01    -9.05029822188623E-02     3.33455822699092E-01     4.53986701920060E-02     3.09956719560630E-01     3.87697682552146E-02     7.18319752960105E-02     4.46585771172015E-04     4.83808253449665E-02     1.79134899810603E-01    -7.59153870824851E-02    -1.20295621405020E-02     9.48674613920858E-01     1.67495511810288E-02     1.58255513206618E-01     3.60617716378827E-01     2.83374968546776E-01
         0.40542527933180    -9.97168853443996E-02     7.55522987870981E-01    -2.22711657972128E-01    -4.21520795635387E-01     2.44291220320152E-01     9.10117482215085E-01     9.61495577862994E-02     2.13467652827482E-01    -2.36584925176999E-02     7.80991535741172E-01    -5.61431818911008E-01    -2.04117038764209E-01    -1.36059308309908E-02     1.94286812204372E-01     5.00589421465412E-01    -7.48246331195554E-01     7.17132709201181E-01     4.18146091444337E-01
         0.30243859714499    -1.80449152108674E-01     3.20529664805604E-01     8.06637351150550E-01     4.02561778610764E-01     1.98763906599362E-01     8.02794886585361E-02     7.05017206628849E-01    -7.00231879282550E-01    -5.73512056135824E-02     5.82759956273460E-01     7.06695263285547E-01     2.77076788963851E-01    -5.24051934640870E-03    -6.56703532270940E-02     8.27739586394909E-01     5.12399351332876E-01     3.81489955043157E-01    -8.41375827636127E-01
         0.15338093086171    -3.64473986880756E-01     9.77945542846917E-02    -5.38903758578332E-01     7.26721269461619E-01     1.75143918693756E-01    -2.25006762793823E-01     6.99236413396356E-01     6.65652881429873E-01     1.28925926004801E-01    -4.28873003441385E-02    -3.89676190663002E-01     8.06843507874050E-01    -1.61698459162392E-01     4.45417938981406E-02    -1.08408299963031E-01     3.83714828661505E-01     4.47587323117878E-01    -1.60052747626978E-01
         0.04950317775074     1.23349365774489E-01    -3.53005977348906E-01    -2.73522692200851E-03    -1.16036952197383E-01     9.20071417535598E-01     5.33429959776183E-02    -4.85028338686017E-02    -1.21656445470533E-01     9.89552758758605E-01     8.49899188660631E-02     3.67482785134403E-02     4.73695349392683E-01    -9.69392599917821E-02    -2.36576232021347E-01     2.27951039030231E-01    -5.03328402787211E-02    -5.31395702119080E-02     1.13105529222504E-02
