RH QZVPP-MOLOPT-PBE-Q17
 2
 1 0 2 6 2 1 1
        26.25127996040171    -4.90101651895610E-02     1.83025986689528E-01     1.15971858549645E-02     2.71638493669105E-03
        14.83555424933729     3.72520277853170E-01    -7.96990817484393E-02    -1.06767297068805E-01     1.23085874206541E-02
        11.81537105714948    -6.89874942927914E-01     3.46470498340751E-01     2.45990469554020E-01    -2.29449055756100E-02
         6.65657211826705     5.37339390035835E-01     7.78160517315649E-01    -5.06568042936425E-01    -1.95567692950805E-02
         1.88518613287758    -2.84818462293490E-01     4.83763586299236E-01     3.95169742676154E-01     3.64093135594889E-01
         0.94904001376906     1.14210476179658E-01    -2.33824764777997E-02     7.17763631562844E-01     9.30789112862914E-01
 1 0 4 6 5 4 3 4 2
         2.93506740353796     1.79722569658731E-01    -2.62431335018494E-01     5.36078407391633E-02     5.97216499555671E-02    -1.81371038867967E-01     1.42054247804123E-01     4.23577629718796E-02    -3.75121232842337E-02     2.19583606965620E-02     1.87823774406073E-01    -1.04446437281400E-02    -1.40187824472919E-02     9.80395129903590E-01    -1.51128832123373E-02     2.26906168697188E-02     8.70581731879760E-02     5.56806714696595E-02    -1.01546585140731E-01
         1.01460581835934     9.14915893618045E-01     2.41762286861450E-01    -3.95792034001502E-02     2.87606101301909E-01    -4.65510248215375E-02     2.92874503549847E-01     4.05159666610126E-02     4.79766750691010E-02     2.53157887439031E-02    -9.50375138981920E-03     1.73016143613644E-01    -3.60504500954385E-02     1.73833642257224E-02     9.42016587999271E-01     6.81451774667678E-03     1.42242533908491E-01     3.33755579592589E-01     1.91672438500597E-01
         0.43530778892676    -5.20089797797686E-02     7.90608717990927E-01    -3.04932270473820E-01    -3.55714059535471E-01     2.26188790046540E-01     9.07450214641842E-01     1.12213776588016E-01     2.38882318421905E-01     4.47519099892465E-03     8.18354131430375E-01    -4.79559902228416E-01    -2.48180310366593E-01    -2.34087610399634E-02     2.09947954276957E-01     5.31572222349556E-01    -6.66661935890615E-01     7.36346598756991E-01     4.77636187020210E-01
         0.30855348281954    -1.61497419606713E-01     3.74124034282740E-01     7.96486138860371E-01     3.88804887784015E-01     1.93826161404082E-01     7.70867246583223E-02     7.14870788100472E-01    -6.89135515591093E-01    -5.68730900509734E-02     5.37867780000809E-01     7.22211462174273E-01     3.38779577412469E-01    -1.31495741502400E-02    -7.97410187599500E-02     8.20075897049080E-01     4.84804933803789E-01     4.12141081421073E-01    -8.36875989679444E-01
         0.15100667988384    -2.65002742087653E-01     5.67064624837495E-02    -5.17725471068274E-01     7.89172270547956E-01     1.71235457662088E-01    -2.53222422072419E-01     6.85820202491899E-01     6.69212209403007E-01     1.29017286489277E-01    -1.02139901487359E-02    -4.65751147346028E-01     8.02475025156325E-01    -1.83471740054612E-01     7.10743297775722E-02    -7.38651568216441E-02     5.40102028896113E-01     4.14535934361850E-01    -1.55894541964386E-01
         0.04963807213482     1.77808609828157E-01    -3.23162853950235E-01     1.20898181791956E-02    -1.14984562019167E-01     9.20264101657734E-01     2.26994634064436E-02    -5.08207721308659E-02    -1.28349433728171E-01     9.89432617875677E-01     7.43125136868398E-02     3.82765762717127E-02     4.22104968297623E-01    -6.43463061651012E-02    -2.38512085152802E-01     1.97203276765795E-01    -3.16823895065841E-02    -4.00031316565243E-02     1.22110563855912E-02
F QZVPP-MOLOPT-PBE-AE
 3
 1 0 0 8 1
    132536.04395257573924     2.19133884152562E-04
     19758.15592578060023     2.13098802939830E-03
      4485.33885808192372     9.36952235670608E-03
      1273.60032301696378     4.57116768597223E-02
       418.75079369228018     1.29815698472524E-01
       152.24712142839283     3.88984269444136E-01
        59.93506405237581     3.48051089779771E-01
        24.88806979770636     8.41734891149259E-01
 1 0 1 5 2 1
       240.82710880865446    -5.22362746235088E-02     7.61618022060436E-02     2.22155163398913E-02
        56.74054074501728     8.36915891686098E-01    -3.52431037520191E-01     9.17502257704855E-02
        18.02568816680041     5.06654331012575E-01     3.90319004241376E-01     6.94833984744179E-01
         7.22835931546723     1.13647744824332E-01     8.46604124895882E-01     5.19336475096237E-01
         2.54051853711273     1.65011335426585E-01     3.00711541924844E-02     4.88450331337750E-01
 1 0 4 4 4 3 3 2 1
         4.64152109972176     7.99092172965100E-01     3.57185510151160E-01    -4.75225254357118E-01     8.96167845059309E-02     2.14101203990999E-03     4.09061558167189E-01    -4.32260580718334E-01     5.23415929943841E-01    -8.45844703511436E-01    -9.90960844591549E-02     6.49830793177351E-01    -6.47812475723957E-01     7.18812892465629E-01
         1.55189089466188    -5.65383503262805E-01     6.20688611440661E-01    -5.16124369070663E-01    -1.69418940846506E-01     9.01357430415779E-01    -3.23634717094166E-01     1.52228377872265E-01     8.31684066132871E-01     4.84322390964955E-01     2.69070652276370E-01     7.59749389285090E-01     5.45754817250953E-01     6.81802537410497E-01
         0.54311529853246     1.47999793272877E-01     6.59726542294831E-01     7.03321697890184E-01    -2.19534826074957E-01     3.64587678140232E-01     2.81361980784028E-01    -7.13536840615867E-01    -1.67858516623561E-01    -2.20433972029506E-01     9.41600143248362E-01     1.96681952393344E-02     4.63299478087506E-01    -2.42238812327185E-02
         0.17933709925335    -1.41029268364327E-01     2.27870683409749E-01     1.14521537491829E-01     9.56593181325010E-01     2.33722107747691E-01     8.05459277239079E-01     5.29945741006902E-01     7.84913805373263E-02     3.72481291736264E-02    -1.76550617000047E-01     1.06755709662101E-02    -2.60469325156765E-01    -1.33665736760872E-01
O QZVPP-MOLOPT-PBE-AE
 3
 1 0 0 8 1
    116506.38604434675653    -9.98096455193836E-05
     17504.60971368530591     2.33919295977431E-03
      3993.52399023383759     6.88020418607601E-03
      1133.09478918324885     4.13200618900893E-02
       369.82539210352701     1.15856592130636E-01
       133.78894948022503     3.83521465148008E-01
        52.21462909576736     4.11693815406844E-01
        21.67293595845605     8.17457382177472E-01
 1 0 1 5 2 1
       191.04192564330430    -5.10687570632457E-03     2.62695839052370E-02     1.26002594453494E-02
        45.06231751131436     7.10386627064769E-01    -6.24048153127723E-01     1.12036824182174E-01
        14.05235016622558     5.61186314944367E-01     2.63654168302179E-01     6.01861899721717E-01
         5.51919750076573     3.93930461642211E-01     7.34005739981864E-01     3.82904045403275E-01
         2.22318311118849     1.58787503341973E-01     3.99482759313346E-02     6.91690486537335E-01
 1 0 4 4 4 3 3 2 1
         4.07110969272635     8.35823185743741E-01     1.43707378138683E-01    -5.04975809725526E-01    -1.60459413041861E-01     1.72086536028372E-01     1.83573320585855E-01    -5.65096491463834E-01     5.87117703432284E-01    -6.86150954111257E-01     3.38448518372782E-01     7.96331496602706E-01    -4.06031379618403E-01     7.19190810290016E-01
         1.29660548931134    -3.21106263793023E-01     8.70808213615098E-01    -3.35156402976138E-01     1.62030885936799E-01     7.37714269017482E-01    -1.23907267761277E-01     5.94500398393531E-01     7.22514408166509E-01     6.34126435292987E-01    -1.48853997263073E-01     5.96617421514652E-01     6.47582903144410E-01     6.77717136798244E-01
         0.45442777800760     1.72702329034076E-01     4.19606306388715E-01     6.11297846324634E-01    -6.48397560346960E-01     6.52371782439809E-01     1.27228381173723E-01    -5.13977719496993E-01    -3.94104996625507E-02     3.37150724159123E-01     9.16679165386756E-01    -9.80648777410346E-02     6.03388801969736E-01     3.99419887891043E-02
         0.14870720086566     4.10443997485985E-01     2.12065537529809E-01     5.08905256619550E-01     7.26346592547186E-01    -2.39778831856476E-02     9.66830266380264E-01     2.51121754346111E-01     3.62922229719464E-01    -1.15801215165473E-01    -1.51639030780056E-01     1.69434240146108E-02    -2.27369426215928E-01    -1.47880689800770E-01
