PD QZVPP-MOLOPT-PBE-Q18
 2
 1 0 2 6 2 1 1
        28.88270440669856     2.88322540902022E-02    -1.06591507187938E-01    -2.30092113447332E-03     1.82921429255180E-03
        15.37463886735783     4.29015654517877E-01    -1.96742251158529E-01     3.32025689744369E-02     2.71011362669638E-02
        12.63351243510058    -8.11459588210321E-01     3.25272032097834E-01     3.56976713604278E-02    -4.11256005269908E-02
         7.23482334726954     3.42633478820292E-01     8.26988954795617E-01    -2.99408418305237E-01    -2.06319338235515E-02
         2.01341865686049    -1.70544009748507E-01    -4.00267943836016E-01     6.61557602591638E-01     5.13906560485110E-01
         0.91625744382443     1.00819868749259E-01    -1.91940687806788E-03     6.85794509263550E-01     8.56180610482666E-01
 1 0 4 6 5 4 3 4 2
         3.69133156967148    -1.56279874750465E-01    -2.88780472756553E-01     1.98213459963608E-02    -2.10726501656128E-01     2.48982758531152E-01    -5.26152435472582E-02    -1.94372735272372E-02     6.71154002902502E-03     1.25878549472313E-02     1.38313657989090E-01     7.76197691953105E-02     5.97365848891524E-03     9.84570588365917E-01    -7.70451376470966E-02    -2.76562142516320E-03    -1.21954012805819E-01     1.34756903241308E-02    -1.78662845619685E-01
         0.93973240959037     6.96188035146297E-01    -2.39955735324269E-01    -1.36243760803001E-01    -5.09867580808369E-01    -4.20976902752776E-01     8.33559028870795E-03    -8.55168925633652E-02     1.90850376303703E-01    -1.35576173413568E-01     4.72027380165284E-02     4.73667842117264E-02    -1.05755039137055E-01     5.84838629810053E-02     9.69703509591351E-01     7.06721206988819E-02    -1.65965152089153E-02     6.84430135168401E-01     3.88160238720408E-01
         0.50454503403365     2.54973506521992E-01     8.64077001460332E-01    -2.77216893887339E-01    -1.14568012954230E-01     1.84525103749209E-01     9.96936581308207E-01     3.72280107579684E-02     5.77639181837641E-03     4.38569226794897E-02     9.80689831858896E-01    -1.13133657591055E-01     2.02374690842025E-03    -7.85980124296363E-02    -1.39477796069359E-01     7.13127448526422E-01    -5.18700314316992E-01     5.47967633059761E-01     2.68915704823308E-01
         0.33077921005675     4.51263131351389E-01     1.08821671872867E-01     8.21609154705095E-01     2.86875992926015E-01     8.58249082621419E-02    -2.52565654977136E-02     7.65929839130313E-01    -6.14230550682953E-01    -1.55882759100389E-02     1.01620344854217E-01     9.52056769347730E-01    -2.53873671105335E-01     8.99975102329402E-02     7.99144740715564E-02     6.80958983927707E-01     4.46866609720583E-01     4.12747173986330E-01    -6.79007136646987E-01
         0.12619521730753     4.26105315895796E-01    -2.60710139303526E-01    -4.78616067362993E-01     6.88572272084020E-01     1.86121553993419E-01    -3.79672659239025E-02     6.16851537622133E-01     7.46827362413533E-01     2.38359545416593E-01     3.64275623844502E-02     2.46971439428904E-01     9.56716153230230E-01     5.62759425819642E-02    -1.40620471798294E-01     9.18535980878277E-02     7.18399510953814E-01     2.38770656292104E-01    -5.28645149529869E-01
         0.03528362845888     2.01700712659324E-01    -1.80516165985050E-01     8.97789481810552E-03    -3.55068940838076E-01     8.27483759145828E-01    -3.46438962593705E-02    -1.54171303303051E-01    -1.68722979320828E-01     9.60457677467568E-01    -7.23534756347431E-02     1.07356186357167E-01     9.49655348938704E-02    -9.87735449202125E-02    -9.01368648216798E-02     1.19602774126333E-01     3.75954107376116E-03    -6.11032979688647E-02     6.76695990233345E-02
C QZVPP-MOLOPT-PBE-AE
 3
 1 0 0 8 1
     67025.10701901487482     1.55242819581319E-04
     10039.96335431500120     1.79971855855663E-03
      2284.84440343404003     9.18465603393004E-03
       647.15582521948454     3.30943254643816E-02
       211.19400038923030     1.40054573872043E-01
        76.38630250999670     4.88904212464159E-01
        29.42939055659313     2.78742815383946E-01
        12.03316158077197     8.13926885458716E-01
 1 0 1 5 2 1
       105.22664287722547     1.24505987707591E-01    -1.23979079829649E-01     8.48724734240174E-03
        24.91583300068185     8.86899830964621E-01    -2.61079451396708E-01     7.12935689849336E-02
         7.80229155370005     4.00003776712541E-01     4.47986862457745E-01     2.93646788512991E-01
         3.21099181776232     6.52461897044525E-02     8.43161823281634E-01     4.71754813357094E-01
         1.56967041290132     1.83430810401738E-01     6.96607396504120E-02     8.28289896910713E-01
 1 0 4 4 4 3 3 2 1
         2.47850638544973     9.25363103371105E-01     3.63921965952564E-01    -4.09754907799388E-02     9.79027005345653E-02     8.73685730878957E-02     3.72622955903123E-01    -9.83513676753768E-02     4.18652943059247E-01    -8.11425670640435E-01    -2.99873003208179E-01     8.66784219363824E-01    -3.74034672761027E-01     4.58087622796984E-01
         0.78087017731256    -2.54208430662628E-01     7.69342245085598E-01    -2.12774533576705E-01    -5.46093015490870E-01     7.33644745126078E-01    -6.00104778885827E-01     2.48102701482297E-01     8.43800014184531E-01     5.13566081489940E-01    -1.18528266702603E-01     4.72493367712121E-01     8.15402228229376E-01     8.80208065556334E-01
         0.29223334789975    -1.80276620568274E-01     4.39776512878143E-01     7.84816560471271E-01     3.97693255169442E-01     5.19905537704389E-01     2.32993327506253E-01    -7.89436028296271E-01     2.94729082110152E-01    -2.41293925323745E-01     9.09144108822956E-01    -8.52078289092147E-02     3.90944163971848E-01    -9.54945193189171E-02
         0.09841607149407    -2.15827571862177E-01     2.86827354596128E-01    -5.80612584626446E-01     7.30778731527445E-01     4.28754419510502E-01     6.68386487318509E-01     5.52777364968373E-01     1.60829156214052E-01    -1.40055355380103E-01    -2.63598598880757E-01     1.34813799080373E-01    -2.05863863821392E-01    -7.91851498062194E-02
O QZVPP-MOLOPT-PBE-AE
 3
 1 0 0 8 1
    116506.38604434675653    -9.98096455193836E-05
     17504.60971368530591     2.33919295977431E-03
      3993.52399023383759     6.88020418607601E-03
      1133.09478918324885     4.13200618900893E-02
       369.82539210352701     1.15856592130636E-01
       133.78894948022503     3.83521465148008E-01
        52.21462909576736     4.11693815406844E-01
        21.67293595845605     8.17457382177472E-01
 1 0 1 5 2 1
       191.04192564330430    -5.10687570632457E-03     2.62695839052370E-02     1.26002594453494E-02
        45.06231751131436     7.10386627064769E-01    -6.24048153127724E-01     1.12036824182174E-01
        14.05235016622558     5.61186314944367E-01     2.63654168302179E-01     6.01861899721717E-01
         5.51919750076573     3.93930461642211E-01     7.34005739981864E-01     3.82904045403275E-01
         2.22318311118849     1.58787503341973E-01     3.99482759313346E-02     6.91690486537335E-01
 1 0 4 4 4 3 3 2 1
         4.07110969272635     8.35823185743741E-01     1.43707378138683E-01    -5.04975809725526E-01    -1.60459413041861E-01     1.72086536028372E-01     1.83573320585855E-01    -5.65096491463834E-01     5.87117703432284E-01    -6.86150954111257E-01     3.38448518372782E-01     7.96331496602706E-01    -4.06031379618403E-01     7.19190810290016E-01
         1.29660548931134    -3.21106263793023E-01     8.70808213615098E-01    -3.35156402976138E-01     1.62030885936799E-01     7.37714269017482E-01    -1.23907267761277E-01     5.94500398393531E-01     7.22514408166509E-01     6.34126435292987E-01    -1.48853997263073E-01     5.96617421514652E-01     6.47582903144410E-01     6.77717136798244E-01
         0.45442777800760     1.72702329034076E-01     4.19606306388715E-01     6.11297846324634E-01    -6.48397560346960E-01     6.52371782439809E-01     1.27228381173723E-01    -5.13977719496993E-01    -3.94104996625507E-02     3.37150724159123E-01     9.16679165386756E-01    -9.80648777410346E-02     6.03388801969736E-01     3.99419887891043E-02
         0.14870720086566     4.10443997485985E-01     2.12065537529809E-01     5.08905256619550E-01     7.26346592547186E-01    -2.39778831856476E-02     9.66830266380264E-01     2.51121754346111E-01     3.62922229719464E-01    -1.15801215165473E-01    -1.51639030780056E-01     1.69434240146108E-02    -2.27369426215928E-01    -1.47880689800770E-01
F QZVPP-MOLOPT-PBE-AE
 3
 1 0 0 8 1
    132536.04395257573924     2.19133884152562E-04
     19758.15592578060023     2.13098802939830E-03
      4485.33885808192372     9.36952235670608E-03
      1273.60032301696378     4.57116768597223E-02
       418.75079369228018     1.29815698472524E-01
       152.24712142839283     3.88984269444136E-01
        59.93506405237581     3.48051089779771E-01
        24.88806979770636     8.41734891149259E-01
 1 0 1 5 2 1
       240.82710880865446    -5.22362746235088E-02     7.61618022060436E-02     2.22155163398913E-02
        56.74054074501728     8.36915891686098E-01    -3.52431037520191E-01     9.17502257704855E-02
        18.02568816680041     5.06654331012575E-01     3.90319004241376E-01     6.94833984744179E-01
         7.22835931546723     1.13647744824332E-01     8.46604124895882E-01     5.19336475096237E-01
         2.54051853711273     1.65011335426585E-01     3.00711541924844E-02     4.88450331337750E-01
 1 0 4 4 4 3 3 2 1
         4.64152109972176     7.99092172965100E-01     3.57185510151160E-01    -4.75225254357118E-01     8.96167845059311E-02     2.14101203990999E-03     4.09061558167189E-01    -4.32260580718334E-01     5.23415929943841E-01    -8.45844703511436E-01    -9.90960844591549E-02     6.49830793177351E-01    -6.47812475723957E-01     7.18812892465629E-01
         1.55189089466188    -5.65383503262805E-01     6.20688611440661E-01    -5.16124369070663E-01    -1.69418940846506E-01     9.01357430415779E-01    -3.23634717094166E-01     1.52228377872265E-01     8.31684066132871E-01     4.84322390964955E-01     2.69070652276370E-01     7.59749389285090E-01     5.45754817250953E-01     6.81802537410497E-01
         0.54311529853246     1.47999793272877E-01     6.59726542294831E-01     7.03321697890184E-01    -2.19534826074957E-01     3.64587678140232E-01     2.81361980784028E-01    -7.13536840615867E-01    -1.67858516623561E-01    -2.20433972029506E-01     9.41600143248362E-01     1.96681952393344E-02     4.63299478087506E-01    -2.42238812327185E-02
         0.17933709925335    -1.41029268364327E-01     2.27870683409749E-01     1.14521537491829E-01     9.56593181325010E-01     2.33722107747691E-01     8.05459277239079E-01     5.29945741006902E-01     7.84913805373263E-02     3.72481291736264E-02    -1.76550617000047E-01     1.06755709662101E-02    -2.60469325156765E-01    -1.33665736760872E-01
