ZN DZVP-MOLOPT-PBE0-GTH-Q12
 1
 2 0 3 6 2 2 2 1
         6.05107638357362     7.74837171834869E-03    -7.84772381582722E-03     6.39702040432963E-03     2.17447061072049E-03     5.36316309241311E-01    -4.34369501024542E-02     1.03387272800833E-03
         2.64576045788914    -4.70913496563295E-02     7.65472982457823E-02    -2.87912080710509E-02    -2.00359298575943E-02     6.31886222992014E-01    -9.26281892812175E-02     2.66778900510689E-03
         1.00583223616755     3.06280158174615E-01    -4.75863928034300E-01    -5.25516929954781E-02    -2.35544184341791E-01     5.05195183614721E-01    -1.91223877954329E-01     1.06237352760277E-01
         0.37930939334260    -1.00955072201264E-01     4.28960841492011E-01     2.28088756893831E-01     5.54009117586822E-01     2.36513280144345E-01     6.81109313914200E-01     6.11647092448444E-01
         0.14410888504342    -7.14184140281052E-01     3.28388929049508E-01    -1.57418563067272E-01     7.98111972357384E-01     4.07030461616005E-02     5.81828674671999E-01     7.20455456167818E-01
         0.05295083876420    -6.19406102165328E-01    -6.89772247993590E-01    -9.58938673227609E-01     1.42810232666289E-02    -1.63454714120760E-02     3.87984760325892E-01     3.09090939473937E-01
H DZVP-MOLOPT-PBE0-GTH-Q1
 1
 2 0 1 5 2 1
         9.40376558777484     5.57995409025206E-02    -4.70579310756749E-02    -9.22922683878503E-02
         2.19236236036235     2.26741263852150E-01    -2.37595450605385E-01     3.56629407794935E-01
         0.70785664525623     4.70071809062586E-01    -3.84865803668886E-01     4.70685683046521E-01
         0.37495748172786     5.50419957177599E-01     8.25544608526065E-01     4.93402007633953E-01
         0.15142571456720     6.49265104227107E-01    -3.34198093163844E-01     6.31907468961614E-01
C DZVP-MOLOPT-PBE0-GTH-Q4
 1
 2 0 2 5 2 2 1
         5.37649556675185    -1.22404309942338E-01     1.51052142999233E-01    -1.02230399503479E-01     7.40025761345854E-02    -3.33102657255285E-02
         1.95241253925289    -1.29373346346520E-01     2.06617207371748E-01    -3.09172408281985E-01     2.20213934213870E-01     2.24862943378639E-01
         0.69884308058897     4.93419910923422E-01    -4.42585619435647E-01    -6.76608029554237E-01     4.84079784827656E-01     7.92785845721874E-01
         0.25544398452951     7.50469724701437E-01    -1.05635637414093E-01    -6.23090735983644E-01    -3.82982660790289E-01     5.31193096205402E-01
         0.08778128068034     4.02009584429917E-01     8.52907768337305E-01    -2.18908374551020E-01    -7.51678445453038E-01     1.94040151152179E-01
F DZVP-MOLOPT-PBE0-GTH-Q7
 1
 2 0 2 5 2 2 1
        13.31501907729122     1.31813146289282E-01    -5.24225688764356E-02    -9.80506809064632E-02     4.64420401614479E-02     4.89385522399914E-03
         4.62512020147175     1.34547810393351E-01    -5.37398783766778E-02    -3.12727206728056E-01     1.25929415842544E-01     2.30296758923593E-02
         1.62272294024072    -5.51865766775749E-01     1.65440705311574E-01    -5.86706702362430E-01     2.77907352966805E-01     5.26472480151814E-01
         0.55216173678272    -7.87309125215089E-01     1.14519053917377E-01    -6.52997838515906E-01     1.82287680337408E-01     8.49582617686734E-01
         0.17330337957192    -2.00276553789357E-01    -9.76667117835106E-01    -3.49223175694863E-01    -9.33554296168888E-01    -2.19496600587510E-02
CL DZVP-MOLOPT-PBE0-GTH-Q7
 1
 2 0 2 4 2 2 1
         1.95736377876919     5.14900988266686E-01     2.40693792976429E-01     3.91491934421244E-01     1.94579618291814E-01     1.03302579489917E-01
         1.54347371438383    -4.22981434715776E-01     4.84506053505592E-02    -5.31183852831214E-01    -2.06763688400425E-01     2.53080986425568E-01
         0.40766941393095    -4.94589672987331E-01    -6.25944067103656E-01    -6.13505638411310E-01    -3.32691397032460E-01     9.52098239408987E-01
         0.13062819821750    -5.57982735881729E-01     7.40211497966303E-01    -4.33807113141348E-01     8.99279702676011E-01     1.37067625261757E-01
