GA DZVP-MOLOPT-SCAN-GTH-Q13
 1
 2 0 3 6 2 2 2 1
         6.89010681504731     4.56561354517266E-05     1.04520058386079E-02    -1.57678815097097E-03    -1.09143830344053E-04    -4.86658211162645E-01    -1.62851361165605E-01     1.61835960693115E-03
         2.96034340827396    -1.67330089567301E-02    -3.99163956895713E-02     2.77701217822243E-02    -1.07782635265807E-02    -6.18954427007051E-01    -2.62294631836164E-01     2.50712728949057E-03
         1.07623937183923     4.35283548896310E-01     2.92178724530978E-01     1.89736738268762E-01    -6.37537567402283E-02    -4.65879842537852E-01    -2.26550577026432E-01     9.52241101939153E-02
         0.38673850184903    -3.59246359712073E-01    -3.75629897584507E-01    -6.37933467465270E-01     2.82576668189922E-01    -3.62778679949986E-01     6.24814718064784E-01     9.03028334727779E-01
         0.15005696753666    -8.04654108045659E-01     1.28240888743843E-01    -7.45050040626920E-01    -2.15823918617452E-01    -1.69216433609239E-01     6.40669182761969E-01     3.96574508224887E-01
         0.05966733926010    -1.83635660550651E-01     8.69129152862448E-01    -3.41706347032266E-02    -9.32410713351028E-01    -5.26555133254741E-02     2.29140486763398E-01     1.34877537669089E-01
H DZVP-MOLOPT-SCAN-GTH-Q1
 1
 2 0 1 5 2 1
         9.16876514496744     4.30245721944096E-02    -3.89199332255518E-02    -1.03225299298647E-01
         2.16119406948452     1.67758655334156E-01    -2.29436993766244E-01     3.18679005482070E-01
         0.61986766123499     5.51924571472773E-01    -2.73974309763091E-01     4.58038932787715E-01
         0.41225503616229     4.20326460221825E-01     8.94936516623427E-01     2.25604019455304E-02
         0.16131600752250     6.99078574975625E-01    -2.64330500496994E-01     8.23091485416057E-01
C DZVP-MOLOPT-SCAN-GTH-Q4
 1
 2 0 2 5 2 2 1
         5.62346013427220    -1.55253500731420E-01     5.81156225081139E-02    -9.29774868419450E-02     6.15864535855770E-02    -8.37519672759395E-02
         2.09855872766266    -2.36394508865927E-01     1.09598535828912E-01    -2.48489734215218E-01     2.22870166784096E-01     2.49479844044917E-01
         0.82051076634244     4.67426079878225E-01    -1.58417931802923E-01    -5.81990872631545E-01     3.41552398929665E-01     5.62523929081207E-01
         0.31733139976061     8.30527918853097E-01     3.37009387490940E-03    -6.83456388910509E-01     8.65714462205002E-02     7.72454993535448E-01
         0.11111607198944     1.08398443456976E-01     9.79542309813727E-01    -3.51826701035020E-01    -9.06853538878833E-01     1.32761167386880E-01
F DZVP-MOLOPT-SCAN-GTH-Q7
 1
 2 0 2 5 2 2 1
        13.16645520019096     1.25688709752362E-01    -6.90191648196731E-02    -9.31572868763813E-02     5.00225599861602E-02    -1.02513605924922E-02
         4.67863609541364     1.25206371205048E-01    -7.54523660806367E-02    -2.93923292691458E-01     1.19602022797720E-01     4.04484470063397E-02
         1.68188350144516    -4.93940854057955E-01     2.15904735709196E-01    -5.53343548452151E-01     3.11861936412921E-01     4.51403790784568E-01
         0.58393450944632    -7.58234802751956E-01     3.05654861844976E-01    -6.44505933144035E-01     2.69615230808562E-01     8.90352206116421E-01
         0.18571155118612    -3.86817953873203E-01    -9.21685166349822E-01    -4.28198362261887E-01    -9.01799789070697E-01     4.20285554084608E-02
CL DZVP-MOLOPT-SCAN-GTH-Q7
 1
 2 0 2 4 2 2 1
         1.99031135450461     4.85018816633289E-01     1.94158525239581E-01     3.26464872695311E-01     1.51626624474172E-01     1.14349988907458E-01
         1.46501921747017    -3.69443122264159E-01     8.84925501203065E-02    -4.91090003440862E-01    -1.60659090706497E-01     2.49763916797096E-01
         0.40655378963524    -5.57894471564660E-01    -6.37209072162332E-01    -6.93734950650820E-01    -3.56105172703454E-01     9.48735957067630E-01
         0.13370286337397    -5.63047320854067E-01     7.40564739914085E-01    -4.13501044329990E-01     9.07957669331436E-01     1.56339853108561E-01
