#
# Generated with CP2K Atom Code
#
 Hg ccGRB-VAL-0
   1
  2  0  2  6  1  0  1
   3.73813129025        0.0209160422    0.0177947865
   1.69015766705        0.0535813733   -0.3829792725
  0.764187428872       -0.5553783589   -0.4313287314
  0.345519496690        0.3112859031   -0.2697621590
  0.156223091460        0.4325986097   -0.1056687206
  0.706346661738E-01    0.5959041401   -0.0133759034

 Hg ccGRB-VAL-1
   1
  2  0  2  6  2  1  2
   3.73813129025        0.0209160422   -0.0378378676   -0.0047766262    0.0177947865   -0.0010119143
   1.69015766705        0.0535813733    0.0352816221    0.0319178755   -0.3829792725    0.0668932851
  0.764187428872       -0.5553783589    0.3347737906   -0.1628338383   -0.4313287314    0.2875485113
  0.345519496690        0.3112859031    0.4224224967    0.2078174741   -0.2697621590    0.1904368310
  0.156223091460        0.4325986097   -3.1324619059   -0.0711596076   -0.1056687206   -0.6767768334
  0.706346661738E-01    0.5959041401    2.5448480571    0.9900852845   -0.0133759034   -0.4943927872

 Hg ccGRB-POL-1
   1
  3  3  3  1  1
  0.250450520293        1.0000000000

 Hg ccGRB-EXT
   1
  2  0  2  1  3  2  1
  0.214746898847E-01    1.0000000000    7.0556950164  294.2027862416    7.0556950164  294.2027862416  294.2027862416

