RE TZVPP-MOLOPT-PBE-Q15
 2
 1 0 1 5 2 1
        29.75548605665480     5.66356960792750E-01     2.87587217111947E-01     1.20899714560630E-01
        26.62671282611858    -2.71956749407320E-01    -1.04175578002252E-02    -1.64923181460665E-01
        12.47331906576578    -1.75161230426377E-01    -3.50679696236652E-01     1.75779042183806E-01
         3.47360027701395    -5.54886211269918E-02     8.58981915625921E-01     1.84258256849444E-01
         1.71299056481826     7.55988674316187E-01    -2.37400266045086E-01    -9.45163597663282E-01
 1 0 4 6 4 3 3 2 1
         5.53764186839188    -3.54598418426465E-01     4.23584763267011E-01    -1.89739491858356E-01     4.64418929690516E-01    -1.88453506038964E-01     6.18682898523920E-02    -6.90125754371766E-02    -4.83696230111033E-02     7.18983484744854E-03    -9.70822882022611E-03     7.25230042440603E-02    -5.10117297737916E-02    -1.10658948231743E-02
         1.41046257271880     2.07794311325311E-01    -3.62190626847064E-01     2.53302886659358E-01    -4.43942172901607E-01     4.56102402989291E-01    -2.64779087402039E-01     7.43094583488097E-01     2.44884497428361E-01    -8.28713004744832E-02     7.89718339208997E-02     1.53389558498905E-01    -7.55748876208642E-02     1.38699416358778E-01
         0.69272115363826     6.14610249287760E-01     1.88850257356736E-01    -7.48033588562868E-01    -1.35261575190171E-01     5.87873946998312E-01    -5.88414973192537E-01    -4.59058315308099E-01     6.23767004826526E-01    -2.22778778926735E-01     6.96487780906346E-01     7.21905465999399E-01     9.21339604072738E-02    -3.41240670944069E-02
         0.28330754587080     3.63041768974949E-01     5.82714822047585E-01     4.46837111485644E-01     5.92660985652414E-02     5.51493813539174E-01     6.82807690215710E-01    -2.49546130529667E-01     7.10598246812318E-01    -5.96559818103819E-02    -6.71559993764571E-01     3.73042632942001E-01     7.79228502650119E-01     7.72477978410340E-01
         0.11563018260818     5.65857729888490E-01    -2.14061679385723E-01     2.99255164841079E-01     5.92883117802657E-01     3.26266942003587E-01     3.17569063492049E-01     1.88567620984369E-01     2.03567543312483E-01     9.58263183466253E-01     1.55111172720416E-01     5.57551083876804E-01    -6.13162814321602E-01    -6.18056784173788E-01
         0.04091169112587    -3.66255485380110E-02    -5.18025590133414E-01    -2.25976249495896E-01     4.62506053286923E-01    -1.62650752623384E-02     1.12941210384781E-01     3.66718077850868E-01     4.70858058840231E-02     1.47047966799301E-01    -1.83089239609337E-01     6.36696431735088E-03    -5.64596467543349E-03     2.75526827416776E-02
H TZVPP-MOLOPT-PBE-AE
 1
 1 0 2 5 3 2 1
        34.17773832674855    -4.67038702307212E-01     3.25930727691839E-01    -1.51283436822271E-01    -1.00054440080746E-01     7.49322156514700E-02     1.29694886730211E-02
         4.94770130521271    -8.38132979846024E-02     2.28656356488893E-01    -2.28133785557746E-02     1.35570007424312E-01    -4.78523016653350E-02    -4.42398660674758E-02
         1.06512662518152     8.14717082181122E-01     2.11440298046549E-01     2.96545250287854E-01     9.76472815332876E-01     6.34720246090092E-02     9.35175251752971E-01
         0.29382327136550    -1.33307568322592E-01     8.19165770735029E-01     3.66068869122815E-01    -2.64980945419224E-02     9.79893619096044E-01     2.87655408521357E-01
         0.09137129667664    -3.05475612542697E-01    -3.54606643763996E-01     8.68704419864991E-01     1.31941555275947E-01    -1.66958430843673E-01    -2.01435451376045E-01
F TZVPP-MOLOPT-PBE-AE
 2
 1 0 0 6 1
     35479.02878767263610     6.72585320603450E-04
      5318.56312951047130     8.20097950478645E-03
      1210.53207767191157     3.41581776414553E-02
       342.85143677005027     1.67981165419731E-01
       112.04698837680320     3.40179960458393E-01
        40.78491787387953     9.24567700620738E-01
 1 0 3 6 4 3 2 1
        79.87901815644609     1.16918239284466E-01    -1.68147951461107E-02    -2.12818697913285E-02    -7.26226478740871E-03    -2.45424567087636E-01     2.14619427519455E-01     6.35891870315225E-02     1.01451133211560E-01    -3.43565246327839E-02    -1.31870850864618E-02
        16.19635642859436     8.53271420269594E-01     1.38508493185373E-02     1.47303644984199E-01    -9.44612873543690E-02    -1.04048621424425E-01     1.57592183640012E-01     5.70164828779390E-02     5.65110690465166E-02     4.45853785965381E-03     1.05680763536942E-01
         5.77801148801512     4.75828101997680E-01     9.06865843090442E-03     4.56280442532805E-02    -3.42227538288074E-02     3.85471543429814E-01     1.08618595980577E-01    -3.86557846134089E-02     7.78219890128867E-01    -1.58938198405914E-01    -1.90738906372033E-01
         1.80048565891898     5.42202862380103E-03     9.84951172129337E-01    -1.65338157360222E-01    -4.82246452283399E-02     8.82036252116551E-01     2.29685585491659E-02     9.54990517737228E-02     5.96805252189064E-01     2.06883586435839E-01     7.91345089335059E-01
         0.61342852936985    -1.78123417267227E-01     1.16155230853301E-01     8.34960810060312E-01    -5.05012861636734E-01     2.35771402740000E-03     9.52591193174218E-01     7.86110613461027E-02     2.14870962580005E-02     9.58447372992515E-01     5.67195057415070E-01
         0.19458219035665     9.39552285204502E-03     1.25786831338083E-01     5.01268928973589E-01     8.55856016509765E-01    -4.85679584923393E-02    -9.66833470619191E-02     9.87882330256585E-01     1.55723360184243E-01    -1.10073678097833E-01    -6.58715646571095E-02
O TZVPP-MOLOPT-PBE-AE
 2
 1 0 0 6 1
     27032.34110717467047     7.35264897360634E-04
      4052.43915960016602     8.66846509689763E-03
       922.34965292725667     3.34607178584762E-02
       261.27735857055188     1.68914563970243E-01
        85.30942400544160     3.28333881314405E-01
        31.08080221478707     9.28692322525900E-01
 1 0 3 6 4 3 2 1
        62.91495630413323     1.16332726109966E-01    -5.81371416541881E-02     1.11937556008261E-02     5.75105170781195E-02    -1.16673038976174E-01     1.57254063503839E-01    -3.81929188419382E-02     1.36166697203113E-01    -8.71583721921845E-02     3.21000644845466E-04
        12.30944986692977     8.69241308775708E-01    -1.42460076990705E-02    -1.06600413011436E-01    -2.47597695986788E-02     1.45932079266690E-01    -6.05243600472558E-02     1.73638156652357E-02    -3.58452443966721E-02     4.76694147153259E-02     4.38837435813283E-02
         4.39539910954103     4.65741956926282E-01    -6.40342096322616E-02    -3.00344470998384E-02    -3.98106989985228E-03     3.91422103647488E-01     5.26377359502661E-02    -3.09523103597808E-02     7.70731222820744E-01    -3.53322944888660E-01    -1.34769543790620E-01
         1.33540846189799     9.21608149605863E-03     9.33076668604289E-01    -3.27550581669708E-01    -1.21459202569881E-01     9.00080356671289E-01     4.50466786404856E-02    -1.97504472088648E-02     5.53665920222864E-01     3.94485051877056E-01     9.40647803425498E-01
         0.45443287552085     9.32917636734327E-02     2.31107250617785E-01     8.41720615852045E-01    -4.78471205438802E-01    -3.61150582409544E-02     9.80775789580233E-01    -6.12678902654526E-02     1.14853463706434E-01     8.35162106564474E-01     2.94962206933611E-01
         0.14893102365245     7.19887781862831E-02     2.61293155746377E-01     4.14519004469322E-01     8.67396456641546E-01     2.07610475621550E-02     6.99062044682833E-02     9.96563053096360E-01     2.57701109533086E-01    -1.10361865139449E-01     8.99460419695147E-02
