NB TZV2P-MOLOPT-PBE0-GTH-Q13
 1
 2 0 3 6 4 3 3 2
         1.93756478949377     3.20662248093986E-01    -2.96244792537088E-01    -9.38717726349740E-02    -2.37244756850029E-01     6.84197038921847E-01     3.36053390322253E-01    -9.61264332962540E-02     5.76754507904729E-01    -8.93297021059213E-02    -7.61537938754519E-02     5.51521366952730E-01     1.84819580768899E-01
         1.84259169090789     8.31887650708702E-02     8.09849911471259E-02     7.28593495624029E-01     3.51504958049290E-01    -4.93451864650024E-01     1.39870994809518E-01     2.25810191046984E-01    -7.24277894168114E-01     2.60813786064396E-01     1.10423055724265E-01    -6.70417230106170E-01    -6.07792071399941E-02
         1.73074660927844    -8.54481228380100E-02     1.44684800737513E-01    -6.66931039288702E-01     3.01117722256604E-01    -2.83151379341163E-01    -5.04300705782969E-01     4.04862656979929E-02     6.19531828653051E-02    -1.42456996230527E-01     1.06298743247240E-01     6.47881260363285E-02    -2.11763338576035E-01
         0.55895692818689     4.37885650387059E-02     2.39179324724596E-01    -7.66056066032541E-02     7.70825742389149E-01    -1.42876712155067E-01    -1.80401921426327E-01    -7.47820320319728E-01    -1.42498888680715E-01     3.35875259375217E-01    -1.62499167680450E-01    -3.87092590994144E-01    -3.29294073615669E-01
         0.19477086976378    -9.17692558038379E-01     9.61265971907313E-02     9.61459955389759E-02    -1.17207740924580E-01     2.83160365653289E-01    -5.35261873248502E-01    -3.20142345727047E-01    -3.08503449869631E-01    -6.76460881504625E-01    -6.59516578932454E-01    -3.03371893755059E-01     8.25087853313178E-01
         0.05722780030501    -1.97172261765143E-01    -9.04599187748873E-01    -2.07394756149855E-02     3.48679405033486E-01     3.28041793111855E-01    -5.42342046685400E-01     5.25741358198288E-01    -1.53157634178424E-01    -5.77313488045286E-01     7.13680480497639E-01    -1.70949750796022E-02     3.57909690251080E-01
NB TZVP-MOLOPT-PBE0-GTH-q13
 1
 2 0 3 6 4 3 3 1
         1.93756478949377     3.20662248093986E-01    -2.96244792537088E-01    -9.38717726349740E-02    -2.37244756850029E-01     6.84197038921847E-01     3.36053390322253E-01    -9.61264332962540E-02     5.76754507904729E-01    -8.93297021059213E-02    -7.61537938754519E-02     5.51521366952730E-01
         1.84259169090789     8.31887650708702E-02     8.09849911471259E-02     7.28593495624029E-01     3.51504958049290E-01    -4.93451864650024E-01     1.39870994809518E-01     2.25810191046984E-01    -7.24277894168114E-01     2.60813786064396E-01     1.10423055724265E-01    -6.70417230106170E-01
         1.73074660927844    -8.54481228380100E-02     1.44684800737513E-01    -6.66931039288702E-01     3.01117722256604E-01    -2.83151379341163E-01    -5.04300705782969E-01     4.04862656979929E-02     6.19531828653051E-02    -1.42456996230527E-01     1.06298743247240E-01     6.47881260363285E-02
         0.55895692818689     4.37885650387059E-02     2.39179324724596E-01    -7.66056066032541E-02     7.70825742389149E-01    -1.42876712155067E-01    -1.80401921426327E-01    -7.47820320319728E-01    -1.42498888680715E-01     3.35875259375217E-01    -1.62499167680450E-01    -3.87092590994144E-01
         0.19477086976378    -9.17692558038379E-01     9.61265971907313E-02     9.61459955389759E-02    -1.17207740924580E-01     2.83160365653289E-01    -5.35261873248502E-01    -3.20142345727047E-01    -3.08503449869631E-01    -6.76460881504625E-01    -6.59516578932454E-01    -3.03371893755059E-01
         0.05722780030501    -1.97172261765143E-01    -9.04599187748873E-01    -2.07394756149855E-02     3.48679405033486E-01     3.28041793111855E-01    -5.42342046685400E-01     5.25741358198288E-01    -1.53157634178424E-01    -5.77313488045286E-01     7.13680480497639E-01    -1.70949750796022E-02
NB DZVP-MOLOPT-PBE0-GTH-q13
 1
 2 0 3 6 3 2 2 1
         1.93756478949377     3.20662248093986E-01    -2.96244792537088E-01    -9.38717726349740E-02     6.84197038921847E-01     3.36053390322253E-01     5.76754507904729E-01    -8.93297021059213E-02     5.51521366952730E-01
         1.84259169090789     8.31887650708702E-02     8.09849911471259E-02     7.28593495624029E-01    -4.93451864650024E-01     1.39870994809518E-01    -7.24277894168114E-01     2.60813786064396E-01    -6.70417230106170E-01
         1.73074660927844    -8.54481228380100E-02     1.44684800737513E-01    -6.66931039288702E-01    -2.83151379341163E-01    -5.04300705782969E-01     6.19531828653051E-02    -1.42456996230527E-01     6.47881260363285E-02
         0.55895692818689     4.37885650387059E-02     2.39179324724596E-01    -7.66056066032541E-02    -1.42876712155067E-01    -1.80401921426327E-01    -1.42498888680715E-01     3.35875259375217E-01    -3.87092590994144E-01
         0.19477086976378    -9.17692558038379E-01     9.61265971907313E-02     9.61459955389759E-02     2.83160365653289E-01    -5.35261873248502E-01    -3.08503449869631E-01    -6.76460881504625E-01    -3.03371893755059E-01
         0.05722780030501    -1.97172261765143E-01    -9.04599187748873E-01    -2.07394756149855E-02     3.28041793111855E-01    -5.42342046685400E-01    -1.53157634178424E-01    -5.77313488045286E-01    -1.70949750796022E-02
O TZV2P-MOLOPT-PBE0-GTH-Q6
 1
 2 0 3 5 3 3 2 1
        10.34082423621691    -1.29825249634708E-01     8.18793043945143E-02    -1.54163825083534E-01    -9.31315963557027E-02     6.07168741616306E-02     5.24249215362802E-02    -1.46443819746845E-04    -1.35615599706110E-01    -4.53627038333396E-02
         3.64864310376424    -1.27684551447027E-01     1.02649506262870E-01    -2.90598920673850E-01    -3.10412801135525E-01     1.66218217874094E-01     1.57277538743803E-01     4.82789843051162E-02    -2.03664714425298E-01    -7.75510089052828E-02
         1.25503633997207     5.26487514579900E-01    -3.65113179366377E-01     6.61471073309150E-01    -5.97863015525008E-01     4.26686208369503E-01     5.52189434348781E-01     7.18155124032992E-01    -6.65039106707507E-01     7.74070424398802E-02
         0.43936673910305     7.72667288737258E-01    -8.21060762059060E-02    -6.24492813862270E-01    -6.48920500304752E-01    -1.50379113770830E-02    -7.55332729990091E-01     6.93882202281484E-01     7.03924405563841E-01     9.92909576133937E-01
         0.14295518532255     3.04365270334762E-01     9.17992274956007E-01     2.53476876555698E-01    -3.41221918409427E-01    -8.86790677695403E-01     3.11568128998934E-01    -2.12090879301656E-02     4.83994939610748E-02     8.17248560335443E-03
O TZVP-MOLOPT-PBE0-GTH-q6
 1
 2 0 2 5 3 3 1
        10.34082423621691    -1.29825249634708E-01     8.18793043945143E-02    -1.54163825083534E-01    -9.31315963557027E-02     6.07168741616306E-02     5.24249215362802E-02    -1.46443819746845E-04
         3.64864310376424    -1.27684551447027E-01     1.02649506262870E-01    -2.90598920673850E-01    -3.10412801135525E-01     1.66218217874094E-01     1.57277538743803E-01     4.82789843051162E-02
         1.25503633997207     5.26487514579900E-01    -3.65113179366377E-01     6.61471073309150E-01    -5.97863015525008E-01     4.26686208369503E-01     5.52189434348781E-01     7.18155124032992E-01
         0.43936673910305     7.72667288737258E-01    -8.21060762059060E-02    -6.24492813862270E-01    -6.48920500304752E-01    -1.50379113770830E-02    -7.55332729990091E-01     6.93882202281484E-01
         0.14295518532255     3.04365270334762E-01     9.17992274956007E-01     2.53476876555698E-01    -3.41221918409427E-01    -8.86790677695403E-01     3.11568128998934E-01    -2.12090879301656E-02
O DZVP-MOLOPT-PBE0-GTH-q6
 1
 2 0 2 5 2 2 1
        10.34082423621691    -1.29825249634708E-01     8.18793043945143E-02    -9.31315963557027E-02     6.07168741616306E-02    -1.46443819746845E-04
         3.64864310376424    -1.27684551447027E-01     1.02649506262870E-01    -3.10412801135525E-01     1.66218217874094E-01     4.82789843051162E-02
         1.25503633997207     5.26487514579900E-01    -3.65113179366377E-01    -5.97863015525008E-01     4.26686208369503E-01     7.18155124032992E-01
         0.43936673910305     7.72667288737258E-01    -8.21060762059060E-02    -6.48920500304752E-01    -1.50379113770830E-02     6.93882202281484E-01
         0.14295518532255     3.04365270334762E-01     9.17992274956007E-01    -3.41221918409427E-01    -8.86790677695403E-01    -2.12090879301656E-02
F TZV2P-MOLOPT-PBE0-GTH-Q7
 1
 2 0 3 5 3 3 2 1
        13.31501907729122     1.31813146289282E-01    -5.24225688764356E-02    -5.17923286744451E-01    -9.80506809064632E-02     4.64420401614479E-02     6.35659142568778E-02     4.89385522399914E-03     1.52535072278595E-01     5.41962851226601E-02
         4.62512020147175     1.34547810393351E-01    -5.37398783766778E-02    -2.73506612070950E-02    -3.12727206728056E-01     1.25929415842544E-01     1.88833971660508E-01     2.30296758923593E-02    -1.84322551941015E-01     3.68925101794283E-02
         1.62272294024072    -5.51865766775749E-01     1.65440705311574E-01    -7.34790083225985E-01    -5.86706702362430E-01     2.77907352966805E-01     6.51110127867809E-01     5.26472480151814E-01    -8.13967424463323E-01     8.50449987353287E-02
         0.55216173678272    -7.87309125215089E-01     1.14519053917377E-01     4.34902286738320E-01    -6.52997838515906E-01     1.82287680337408E-01    -7.27945836193775E-01     8.49582617686734E-01     5.11993820603493E-01     9.94034575948952E-01
         0.17330337957192    -2.00276553789357E-01    -9.76667117835106E-01    -4.41695026221844E-02    -3.49223175694863E-01    -9.33554296168888E-01     8.03216449515110E-02    -2.19496600587510E-02     1.34452996051777E-01    -1.90870474316679E-02
F TZVP-MOLOPT-PBE0-GTH-q7
 1
 2 0 2 5 3 3 1
        13.31501907729122     1.31813146289282E-01    -5.24225688764356E-02    -5.17923286744451E-01    -9.80506809064632E-02     4.64420401614479E-02     6.35659142568778E-02     4.89385522399914E-03
         4.62512020147175     1.34547810393351E-01    -5.37398783766778E-02    -2.73506612070950E-02    -3.12727206728056E-01     1.25929415842544E-01     1.88833971660508E-01     2.30296758923593E-02
         1.62272294024072    -5.51865766775749E-01     1.65440705311574E-01    -7.34790083225985E-01    -5.86706702362430E-01     2.77907352966805E-01     6.51110127867809E-01     5.26472480151814E-01
         0.55216173678272    -7.87309125215089E-01     1.14519053917377E-01     4.34902286738320E-01    -6.52997838515906E-01     1.82287680337408E-01    -7.27945836193775E-01     8.49582617686734E-01
         0.17330337957192    -2.00276553789357E-01    -9.76667117835106E-01    -4.41695026221844E-02    -3.49223175694863E-01    -9.33554296168888E-01     8.03216449515110E-02    -2.19496600587510E-02
F DZVP-MOLOPT-PBE0-GTH-q7
 1
 2 0 2 5 2 2 1
        13.31501907729122     1.31813146289282E-01    -5.24225688764356E-02    -9.80506809064632E-02     4.64420401614479E-02     4.89385522399914E-03
         4.62512020147175     1.34547810393351E-01    -5.37398783766778E-02    -3.12727206728056E-01     1.25929415842544E-01     2.30296758923593E-02
         1.62272294024072    -5.51865766775749E-01     1.65440705311574E-01    -5.86706702362430E-01     2.77907352966805E-01     5.26472480151814E-01
         0.55216173678272    -7.87309125215089E-01     1.14519053917377E-01    -6.52997838515906E-01     1.82287680337408E-01     8.49582617686734E-01
         0.17330337957192    -2.00276553789357E-01    -9.76667117835106E-01    -3.49223175694863E-01    -9.33554296168888E-01    -2.19496600587510E-02
