NB TZV2P-MOLOPT-PBE0-GTH-Q13
 1
 2 0 3 6 4 3 3 2
         1.93756478949377     3.30193136693696E-01    -2.70220110185323E-01    -9.09740287596665E-02    -2.55238471420645E-01     6.84527748263326E-01     3.33774916164282E-01    -9.90040163509487E-02     5.78183539922205E-01    -8.27411838580238E-02    -5.07692278897675E-02     5.53658553054238E-01     1.47535621096442E-01
         1.84259169090789     7.71596169278383E-02     8.20318195888189E-02     7.28588143541719E-01     3.64723029915530E-01    -4.86665786405107E-01     1.38669198443873E-01     2.41208511007968E-01    -7.26043802400476E-01     2.54891806077071E-01     1.13527147169754E-01    -6.68882508436928E-01    -6.25362868823577E-02
         1.73074660927844    -8.89492623883218E-02     1.29557422588980E-01    -6.67813574906416E-01     3.19577269430524E-01    -2.91098489385216E-01    -5.00018826218414E-01     2.53835910839748E-02     6.18580379096409E-02    -1.43509926524372E-01     8.89409705595640E-02     6.07371017878993E-02    -1.79342031697536E-01
         0.55895692818689     4.10138558553499E-02     2.37222654856715E-01    -7.85693593609229E-02     7.55489090579117E-01    -1.43627303284269E-01    -1.80468201777910E-01    -7.41198130586930E-01    -1.45502723832659E-01     3.36449009169523E-01    -1.14176612576480E-01    -3.87406333416840E-01    -3.38995945826488E-01
         0.19477086976378    -9.22480452154834E-01     6.38495315424772E-02     9.20352194981726E-02    -1.15703547585089E-01     2.85042070840224E-01    -5.39300448765224E-01    -3.12586423249560E-01    -3.02285285944293E-01    -6.74911823464373E-01    -6.56333488213239E-01    -3.03195492721922E-01     7.74866939455193E-01
         0.05722780030501    -1.56379646171073E-01    -9.18213154024172E-01    -1.62618109052164E-02     3.39926059771212E-01     3.28575804465712E-01    -5.43996862379090E-01     5.33186075851450E-01    -1.48964215715421E-01    -5.82138350784718E-01     7.29940839726960E-01    -1.89268863009140E-02     4.76258190323066E-01
NB TZVP-MOLOPT-PBE0-GTH-q13
 1
 2 0 3 6 4 3 3 1
         1.93756478949377     3.30193136693696E-01    -2.70220110185323E-01    -9.09740287596665E-02    -2.55238471420645E-01     6.84527748263326E-01     3.33774916164282E-01    -9.90040163509487E-02     5.78183539922205E-01    -8.27411838580238E-02    -5.07692278897675E-02     5.53658553054238E-01
         1.84259169090789     7.71596169278383E-02     8.20318195888189E-02     7.28588143541719E-01     3.64723029915530E-01    -4.86665786405107E-01     1.38669198443873E-01     2.41208511007968E-01    -7.26043802400476E-01     2.54891806077071E-01     1.13527147169754E-01    -6.68882508436928E-01
         1.73074660927844    -8.89492623883218E-02     1.29557422588980E-01    -6.67813574906416E-01     3.19577269430524E-01    -2.91098489385216E-01    -5.00018826218414E-01     2.53835910839748E-02     6.18580379096409E-02    -1.43509926524372E-01     8.89409705595640E-02     6.07371017878993E-02
         0.55895692818689     4.10138558553499E-02     2.37222654856715E-01    -7.85693593609229E-02     7.55489090579117E-01    -1.43627303284269E-01    -1.80468201777910E-01    -7.41198130586930E-01    -1.45502723832659E-01     3.36449009169523E-01    -1.14176612576480E-01    -3.87406333416840E-01
         0.19477086976378    -9.22480452154834E-01     6.38495315424772E-02     9.20352194981726E-02    -1.15703547585089E-01     2.85042070840224E-01    -5.39300448765224E-01    -3.12586423249560E-01    -3.02285285944293E-01    -6.74911823464373E-01    -6.56333488213239E-01    -3.03195492721922E-01
         0.05722780030501    -1.56379646171073E-01    -9.18213154024172E-01    -1.62618109052164E-02     3.39926059771212E-01     3.28575804465712E-01    -5.43996862379090E-01     5.33186075851450E-01    -1.48964215715421E-01    -5.82138350784718E-01     7.29940839726960E-01    -1.89268863009140E-02
NB DZVP-MOLOPT-PBE0-GTH-q13
 1
 2 0 3 6 3 2 2 1
         1.93756478949377     3.30193136693696E-01    -2.70220110185323E-01    -9.09740287596665E-02     6.84527748263326E-01     3.33774916164282E-01     5.78183539922205E-01    -8.27411838580238E-02     5.53658553054238E-01
         1.84259169090789     7.71596169278383E-02     8.20318195888189E-02     7.28588143541719E-01    -4.86665786405107E-01     1.38669198443873E-01    -7.26043802400476E-01     2.54891806077071E-01    -6.68882508436928E-01
         1.73074660927844    -8.89492623883218E-02     1.29557422588980E-01    -6.67813574906416E-01    -2.91098489385216E-01    -5.00018826218414E-01     6.18580379096409E-02    -1.43509926524372E-01     6.07371017878993E-02
         0.55895692818689     4.10138558553499E-02     2.37222654856715E-01    -7.85693593609229E-02    -1.43627303284269E-01    -1.80468201777910E-01    -1.45502723832659E-01     3.36449009169523E-01    -3.87406333416840E-01
         0.19477086976378    -9.22480452154834E-01     6.38495315424772E-02     9.20352194981726E-02     2.85042070840224E-01    -5.39300448765224E-01    -3.02285285944293E-01    -6.74911823464373E-01    -3.03195492721922E-01
         0.05722780030501    -1.56379646171073E-01    -9.18213154024172E-01    -1.62618109052164E-02     3.28575804465712E-01    -5.43996862379090E-01    -1.48964215715421E-01    -5.82138350784718E-01    -1.89268863009140E-02
O TZV2P-MOLOPT-PBE0-GTH-Q6
 1
 2 0 3 5 3 3 2 1
        10.34082423621691    -1.29825249634708E-01     8.18793043945143E-02    -1.54163825083534E-01    -9.31315963557027E-02     6.07168741616306E-02     5.24249215362800E-02    -1.46443819746845E-04    -1.35615599706110E-01    -4.53627038333396E-02
         3.64864310376424    -1.27684551447027E-01     1.02649506262870E-01    -2.90598920673850E-01    -3.10412801135525E-01     1.66218217874094E-01     1.57277538743803E-01     4.82789843051162E-02    -2.03664714425298E-01    -7.75510089052828E-02
         1.25503633997207     5.26487514579900E-01    -3.65113179366377E-01     6.61471073309150E-01    -5.97863015525008E-01     4.26686208369503E-01     5.52189434348781E-01     7.18155124032992E-01    -6.65039106707507E-01     7.74070424398802E-02
         0.43936673910305     7.72667288737258E-01    -8.21060762059060E-02    -6.24492813862270E-01    -6.48920500304752E-01    -1.50379113770830E-02    -7.55332729990091E-01     6.93882202281484E-01     7.03924405563841E-01     9.92909576133937E-01
         0.14295518532255     3.04365270334762E-01     9.17992274956007E-01     2.53476876555698E-01    -3.41221918409427E-01    -8.86790677695403E-01     3.11568128998934E-01    -2.12090879301656E-02     4.83994939610748E-02     8.17248560335443E-03
O TZVP-MOLOPT-PBE0-GTH-q6
 1
 2 0 2 5 3 3 1
        10.34082423621691    -1.29825249634708E-01     8.18793043945143E-02    -1.54163825083534E-01    -9.31315963557027E-02     6.07168741616306E-02     5.24249215362800E-02    -1.46443819746845E-04
         3.64864310376424    -1.27684551447027E-01     1.02649506262870E-01    -2.90598920673850E-01    -3.10412801135525E-01     1.66218217874094E-01     1.57277538743803E-01     4.82789843051162E-02
         1.25503633997207     5.26487514579900E-01    -3.65113179366377E-01     6.61471073309150E-01    -5.97863015525008E-01     4.26686208369503E-01     5.52189434348781E-01     7.18155124032992E-01
         0.43936673910305     7.72667288737258E-01    -8.21060762059060E-02    -6.24492813862270E-01    -6.48920500304752E-01    -1.50379113770830E-02    -7.55332729990091E-01     6.93882202281484E-01
         0.14295518532255     3.04365270334762E-01     9.17992274956007E-01     2.53476876555698E-01    -3.41221918409427E-01    -8.86790677695403E-01     3.11568128998934E-01    -2.12090879301656E-02
O DZVP-MOLOPT-PBE0-GTH-q6
 1
 2 0 2 5 2 2 1
        10.34082423621691    -1.29825249634708E-01     8.18793043945143E-02    -9.31315963557027E-02     6.07168741616306E-02    -1.46443819746845E-04
         3.64864310376424    -1.27684551447027E-01     1.02649506262870E-01    -3.10412801135525E-01     1.66218217874094E-01     4.82789843051162E-02
         1.25503633997207     5.26487514579900E-01    -3.65113179366377E-01    -5.97863015525008E-01     4.26686208369503E-01     7.18155124032992E-01
         0.43936673910305     7.72667288737258E-01    -8.21060762059060E-02    -6.48920500304752E-01    -1.50379113770830E-02     6.93882202281484E-01
         0.14295518532255     3.04365270334762E-01     9.17992274956007E-01    -3.41221918409427E-01    -8.86790677695403E-01    -2.12090879301656E-02
F TZV2P-MOLOPT-PBE0-GTH-Q7
 1
 2 0 3 5 3 3 2 1
        13.31501907729122     1.31813146289282E-01    -5.24225688764356E-02    -5.17923286744451E-01    -9.80506809064632E-02     4.64420401614479E-02     6.35659142568778E-02     4.89385522399914E-03     1.52535072278595E-01     5.41962851226601E-02
         4.62512020147175     1.34547810393351E-01    -5.37398783766778E-02    -2.73506612070950E-02    -3.12727206728056E-01     1.25929415842544E-01     1.88833971660508E-01     2.30296758923593E-02    -1.84322551941015E-01     3.68925101794283E-02
         1.62272294024072    -5.51865766775749E-01     1.65440705311574E-01    -7.34790083225985E-01    -5.86706702362430E-01     2.77907352966805E-01     6.51110127867809E-01     5.26472480151814E-01    -8.13967424463323E-01     8.50449987353287E-02
         0.55216173678272    -7.87309125215089E-01     1.14519053917377E-01     4.34902286738320E-01    -6.52997838515906E-01     1.82287680337408E-01    -7.27945836193775E-01     8.49582617686734E-01     5.11993820603493E-01     9.94034575948952E-01
         0.17330337957192    -2.00276553789357E-01    -9.76667117835106E-01    -4.41695026221844E-02    -3.49223175694863E-01    -9.33554296168888E-01     8.03216449515110E-02    -2.19496600587510E-02     1.34452996051777E-01    -1.90870474316679E-02
F TZVP-MOLOPT-PBE0-GTH-q7
 1
 2 0 2 5 3 3 1
        13.31501907729122     1.31813146289282E-01    -5.24225688764356E-02    -5.17923286744451E-01    -9.80506809064632E-02     4.64420401614479E-02     6.35659142568778E-02     4.89385522399914E-03
         4.62512020147175     1.34547810393351E-01    -5.37398783766778E-02    -2.73506612070950E-02    -3.12727206728056E-01     1.25929415842544E-01     1.88833971660508E-01     2.30296758923593E-02
         1.62272294024072    -5.51865766775749E-01     1.65440705311574E-01    -7.34790083225985E-01    -5.86706702362430E-01     2.77907352966805E-01     6.51110127867809E-01     5.26472480151814E-01
         0.55216173678272    -7.87309125215089E-01     1.14519053917377E-01     4.34902286738320E-01    -6.52997838515906E-01     1.82287680337408E-01    -7.27945836193775E-01     8.49582617686734E-01
         0.17330337957192    -2.00276553789357E-01    -9.76667117835106E-01    -4.41695026221844E-02    -3.49223175694863E-01    -9.33554296168888E-01     8.03216449515110E-02    -2.19496600587510E-02
F DZVP-MOLOPT-PBE0-GTH-q7
 1
 2 0 2 5 2 2 1
        13.31501907729122     1.31813146289282E-01    -5.24225688764356E-02    -9.80506809064632E-02     4.64420401614479E-02     4.89385522399914E-03
         4.62512020147175     1.34547810393351E-01    -5.37398783766778E-02    -3.12727206728056E-01     1.25929415842544E-01     2.30296758923593E-02
         1.62272294024072    -5.51865766775749E-01     1.65440705311574E-01    -5.86706702362430E-01     2.77907352966805E-01     5.26472480151814E-01
         0.55216173678272    -7.87309125215089E-01     1.14519053917377E-01    -6.52997838515906E-01     1.82287680337408E-01     8.49582617686734E-01
         0.17330337957192    -2.00276553789357E-01    -9.76667117835106E-01    -3.49223175694863E-01    -9.33554296168888E-01    -2.19496600587510E-02
