Al admm-dz
    4
1 0 0 2 1
        0.97511684     -0.24161151
        0.19332430      0.55106348  
1 0 0 1 1
        0.07533715      1.00000000  
1 1 1 1 1
        0.24317689      1.00000000
1 1 1 1 1
        0.07612307      1.00000000  

Al admm-dzp
    5
1 0 0 2 1
        0.97511684     -0.24161151
        0.19332430      0.55106348  
1 0 0 1 1
        0.07533715      1.00000000  
1 1 1 1 1
        0.24317689      1.00000000
1 1 1 1 1
        0.07612307      1.00000000  
1 2 2 1 1
        0.18900000      1.00000000

Al admm-tzp
    7
1 0 0 2 1
        8.34477535      0.00116247
        0.96840036      0.24304699
1 0 0 1 1
        0.19440689      1.00000000
1 0 0 1 1
        0.07543009      1.00000000
1 1 1 1 1
        0.35936323      1.00000000
1 1 1 1 1
        0.32112547      1.00000000
1 1 1 1 1
        0.07709747      1.00000000
1 2 2 1 1
        0.18900000      1.0000000

Al admm-tz2p
    9
1 0 0 2 1
        8.34477535      0.00116247
        0.96840036      0.24304699
1 0 0 1 1
        0.19440689      1.00000000
1 0 0 1 1
        0.07543009      1.00000000
1 1 1 1 1
        0.35936323      1.00000000
1 1 1 1 1
        0.32112547      1.00000000
1 1 1 1 1
        0.07709747      1.00000000
1 2 2 1 1
        0.33300000      1.00000000
1 2 2 1 1
        0.10900000      1.00000000
1 3 3 1 1
        0.24400000      1.00000000

