NI TZVPP-MOLOPT-PBE-AE
 4
 1 0 0 8 1
    351535.66470707522240     4.08579565489572E-04
     52695.74364122284896     3.11674372942011E-03
     11992.39599334972991     1.64051852111681E-02
      3394.65426776657705     6.58679242447087E-02
      1105.48045083159741     2.15218170123933E-01
       397.23214678217619     5.10838910200327E-01
       154.38858921059833     7.31870078364675E-01
        60.68205951242794     3.90478348815240E-01
 1 0 1 6 1 1
      1883.24735324490052    -1.63643673147306E-03     3.88428203598022E-03
       445.97315094442871    -2.68733753077727E-02     3.48436387398254E-02
       143.09294905909198    -1.21469077510871E-01     1.53530962401948E-01
        53.35118228380222    -8.24304165464095E-02     4.69783954751406E-01
        20.47767604264917     6.97073726336840E-01     7.69674778182799E-01
         7.94500152284956     7.01294412826672E-01     4.02619980209319E-01
 1 0 2 4 1 1 1
        74.49803989110499     3.70093417260021E-02    -1.76607285689269E-02     3.27484394617992E-02
        20.91335277773906    -2.36662959058003E-01    -7.57144960692309E-02     1.84820472252744E-01
         8.48105550050240    -3.65151773783472E-01     1.14121134436750E-01     3.91854562326765E-01
         1.81930753671829     8.99602764856635E-01     9.90420002032605E-01     9.00676931387048E-01
 1 0 4 4 3 3 3 2 1
         4.20177213306247     3.30412346163898E-01    -1.45433915577369E-01    -5.91022638370516E-02     6.96390649773563E-01    -3.27504054917498E-01     3.70197575171358E-01     6.18986952901305E-01    -1.19305429533618E-01     4.53866047490823E-02     9.83347660454448E-01     1.08769352866311E-01     3.04046454756579E-01
         0.62951001374370     7.38391605181622E-01    -5.37675285956382E-01    -1.92930804108676E-01     6.71350052735883E-01     2.91346246674023E-04    -3.29697281818919E-01     7.70266215289151E-01     2.02931815004509E-02     1.45276915580001E-01     2.09999023355968E-02     7.27735264812131E-01     8.51556630784736E-01
         0.17487717773023     5.83138427159186E-01     7.94252624876483E-01     1.54160829385168E-01     2.47127630735863E-01     9.41215268733529E-01     5.26605685161196E-02     5.27981624754329E-02     9.91819077082899E-01     4.29186561508997E-02    -1.80332313901162E-01     6.76312094298066E-01     4.23454169215696E-01
         0.03121766829370     7.45325007636691E-02    -2.42728306854339E-01     9.67222345646849E-01    -5.70710410485126E-02     8.27938828225388E-02     8.66879646907241E-01    -1.44074507673298E-01    -4.06118160492259E-02     9.87417167595902E-01    -8.16329245535368E-03     3.42427121009128E-02     5.56203603939171E-02
CL TZVPP-MOLOPT-PBE-AE
 3
 1 0 0 7 1
     69508.00450217274192     8.54639670881115E-04
     10426.07404861877149     6.36610882195957E-03
      2373.21372557596396     3.32269466123591E-02
       671.48082610673112     1.29170911439118E-01
       218.35953271185565     3.78680461942424E-01
        77.68193958237838     7.12972790189941E-01
        28.63569494373375     5.74839539435266E-01
 1 0 1 5 1 1
       666.45268090401123     1.43814656418117E-03     5.81778333606563E-03
       157.54073854080110     2.68716178613030E-02     4.29983499959330E-02
        50.27147981024441     2.23252919385808E-01     2.08198314680469E-01
        18.56181800307728     1.26049949313096E-01     5.59198731644810E-01
         7.67698456608668    -9.66201527711407E-01     8.01291167794660E-01
 1 0 3 5 3 4 3 1
         7.92291630827550    -3.55714849236007E-02    -2.05335282550433E-02    -6.21248979322774E-03     1.19403838140099E-01     1.05841381548266E-01    -1.46122271692274E-02     1.83454633514421E-02    -6.37399836508334E-02     8.49429480795528E-02     1.55420574128900E-02     9.92703827764435E-03
         3.21359254353200     9.59549625721583E-01    -2.59950857602373E-02    -1.29366285576508E-01     9.67663531581177E-01     2.77689868599939E-03     2.12406118864057E-01    -7.59992235115861E-02     9.93189642383517E-01     9.67974271551950E-02     3.26871756359324E-02     7.10821712077589E-02
         1.26147295769703     2.42813469124242E-01     1.04956178351874E-01    -5.23619012807165E-02    -7.82419592685200E-03     9.92946336504231E-01    -1.67130180932944E-02     4.83191202193001E-02    -8.82726077217294E-02     9.57739641027515E-01    -9.19882652581050E-02     1.80157385026295E-01
         0.41296442360435    -1.45904199321127E-02     9.89285109716447E-01    -9.35576426318929E-02    -2.17443131180686E-01     2.49858269018969E-02     9.66832988440939E-01    -1.25324606656001E-01    -3.65554258774248E-02     3.24811484808539E-02     9.74023579148050E-01     9.80783981908141E-01
         0.13005620364658     1.37214882924396E-01     9.59260238559098E-02     9.85764154311841E-01     4.50253233824506E-02    -4.71505255802842E-02     1.40088439832982E-01     9.87849466056346E-01    -1.95754006656028E-02     2.55136647045343E-01     2.03730752020278E-01    -2.13278292454652E-02
S TZVPP-MOLOPT-PBE-AE
 3
 1 0 0 7 1
     60700.94366395807447     8.62221922262633E-04
      9102.63045975282512     6.58114066512290E-03
      2071.46478936221865     3.37606270243409E-02
       585.93482287830705     1.31916746497162E-01
       190.47913006129434     3.83015696749392E-01
        67.66807502649665     7.19277158425508E-01
        24.76514807848007     5.63341355332923E-01
 1 0 1 5 1 1
       564.29994748762977    -1.00574746546293E-03     5.43973838625324E-03
       133.43593772359748     1.95795911791318E-02     4.01411842803258E-02
        42.45853750153181     1.79491615852029E-01     1.94773603391971E-01
        15.60204677258736     7.60015980310123E-02     5.12907070193976E-01
         6.41245540094229    -9.80623345131480E-01     8.35074053804572E-01
 1 0 3 5 3 4 3 1
         6.97974169262497    -1.31656492931084E-01    -3.49435720482791E-02     2.60745792249960E-02    -2.04676456768718E-02     2.35405160966626E-01    -9.68948142644655E-02    -2.97647950956991E-03     9.82903022915916E-02    -4.58088644661971E-02     8.64436828202630E-02    -3.34913871177732E-02
         2.58898151897930     9.62071337824640E-01    -9.92353221585030E-02    -6.71904133733868E-02     9.97046620525467E-01    -4.86590527658889E-02     2.73261660242076E-02     3.87436318177789E-02     9.88168452464528E-01    -5.84352510710973E-02     4.18412033047573E-03     3.21669286655233E-02
         0.96089457327268     2.08479193164192E-01     8.46023816383715E-02    -1.04337567607444E-01     5.69051907211020E-02     9.65809757047878E-01     6.66066440844520E-02    -8.80863479561085E-02     7.94107544148521E-02     9.79536615989028E-01     2.82613127632868E-02     4.12244961786603E-01
         0.33737394764153     4.24486333804668E-02     9.42543939158042E-01    -3.02973280284459E-01    -3.36055891031887E-02    -3.95796693716816E-02     9.92635254366953E-01     1.47529280095543E-02     7.00150639394903E-04    -5.65539466059057E-02     9.79623100512979E-01     9.08394125822953E-01
         0.10883542027229     1.08719125949087E-01     3.05589033484780E-01     9.44524445468930E-01    -3.33403003767745E-02     8.86660574162969E-02    -1.01726285065988E-02     9.95245305430876E-01    -8.69227697535795E-02     1.78315838972973E-01     1.79024752422017E-01     5.21327089366065E-02
C TZVPP-MOLOPT-PBE-AE
 2
 1 0 0 6 1
     13575.36958405577388     4.58147950944622E-04
      2035.23751738363671     1.21337901046264E-02
       463.11111195382159     3.94772659786306E-02
       131.31855343946540     2.27675432947388E-01
        42.89959282566456     1.83999091958326E-01
        15.85510154272720     9.55302223434938E-01
 1 0 3 6 4 3 2 1
        34.41721150609357     9.02610706533540E-02     1.45960387814647E-01    -5.81350391534647E-01    -1.86791853710472E-01     2.24000414781332E-02     1.35113513652918E-02    -9.87851280080972E-02     2.98612069007889E-01    -2.24236690578969E-01     1.44118218013727E-02
         6.73967331854110     8.42948760302444E-01    -1.29849205041561E-01    -5.44525843040446E-02    -6.71931413988591E-02     1.91277633948411E-01    -1.66915456837718E-01     1.05142388826124E-01     1.25840321584798E-01    -1.04282075437448E-01    -2.31687139463439E-02
         2.44162428858657     4.59593591138479E-01    -1.00655279581068E-01    -1.37653511557023E-01    -1.93557517366444E-02     2.11051684448653E-01     1.99160136414799E-01    -1.81772636941788E-01     6.58919643733437E-01    -3.51581809254503E-01     1.16047272341388E-01
         0.80676393803573     8.72690243543751E-03     8.01077547688240E-01    -4.00910108714892E-01     7.51099749711393E-02     9.43473200180869E-01    -1.64395137159315E-01    -5.93836313870153E-02     6.64977833395214E-01     3.14836909427245E-01     7.81790432912519E-01
         0.28395954992898     1.42303776998465E-01     4.59233425841999E-01     5.88311261894914E-01    -6.15166888615124E-01     1.43785506703447E-01     9.46250030657811E-01    -5.39147063185988E-02     1.17179343018990E-01     8.44845722597378E-01     5.98727626814855E-01
         0.09709795396584     2.23019133348180E-01     3.14774025311408E-01     3.65074092396285E-01     7.59043760808618E-01     8.69042000524980E-02     9.93832585229523E-02     9.69387473501416E-01     6.99530662023376E-02     4.84439079059064E-02    -1.26954671295191E-01
O TZVPP-MOLOPT-PBE-AE
 2
 1 0 0 6 1
     27032.34110717467047     7.35264897360634E-04
      4052.43915960016602     8.66846509689763E-03
       922.34965292725667     3.34607178584762E-02
       261.27735857055188     1.68914563970243E-01
        85.30942400544160     3.28333881314405E-01
        31.08080221478707     9.28692322525900E-01
 1 0 3 6 4 3 2 1
        62.91495630413323     1.16332726109966E-01    -5.81371416541881E-02     1.11937556008261E-02     5.75105170781195E-02    -1.16673038976174E-01     1.57254063503839E-01    -3.81929188419382E-02     1.36166697203113E-01    -8.71583721921845E-02     3.21000644845466E-04
        12.30944986692977     8.69241308775708E-01    -1.42460076990705E-02    -1.06600413011436E-01    -2.47597695986788E-02     1.45932079266690E-01    -6.05243600472558E-02     1.73638156652357E-02    -3.58452443966721E-02     4.76694147153259E-02     4.38837435813283E-02
         4.39539910954103     4.65741956926282E-01    -6.40342096322616E-02    -3.00344470998384E-02    -3.98106989985228E-03     3.91422103647488E-01     5.26377359502661E-02    -3.09523103597808E-02     7.70731222820744E-01    -3.53322944888660E-01    -1.34769543790620E-01
         1.33540846189799     9.21608149605863E-03     9.33076668604289E-01    -3.27550581669708E-01    -1.21459202569881E-01     9.00080356671289E-01     4.50466786404856E-02    -1.97504472088648E-02     5.53665920222864E-01     3.94485051877056E-01     9.40647803425498E-01
         0.45443287552085     9.32917636734327E-02     2.31107250617785E-01     8.41720615852045E-01    -4.78471205438802E-01    -3.61150582409544E-02     9.80775789580233E-01    -6.12678902654526E-02     1.14853463706434E-01     8.35162106564474E-01     2.94962206933611E-01
         0.14893102365245     7.19887781862831E-02     2.61293155746377E-01     4.14519004469322E-01     8.67396456641546E-01     2.07610475621550E-02     6.99062044682833E-02     9.96563053096360E-01     2.57701109533086E-01    -1.10361865139449E-01     8.99460419695147E-02
F TZVPP-MOLOPT-PBE-AE
 2
 1 0 0 6 1
     35479.02878767263610     6.72585320603450E-04
      5318.56312951047130     8.20097950478645E-03
      1210.53207767191157     3.41581776414553E-02
       342.85143677005027     1.67981165419731E-01
       112.04698837680320     3.40179960458393E-01
        40.78491787387953     9.24567700620738E-01
 1 0 3 6 4 3 2 1
        79.87901815644609     1.16918239284466E-01    -1.68147951461107E-02    -2.12818697913285E-02    -7.26226478740949E-03    -2.45424567087636E-01     2.14619427519455E-01     6.35891870315225E-02     1.01451133211560E-01    -3.43565246327839E-02    -1.31870850864618E-02
        16.19635642859436     8.53271420269594E-01     1.38508493185086E-02     1.47303644984199E-01    -9.44612873543678E-02    -1.04048621424425E-01     1.57592183640012E-01     5.70164828779390E-02     5.65110690465166E-02     4.45853785965381E-03     1.05680763536942E-01
         5.77801148801512     4.75828101997680E-01     9.06865843095588E-03     4.56280442532806E-02    -3.42227538288093E-02     3.85471543429814E-01     1.08618595980577E-01    -3.86557846134089E-02     7.78219890128867E-01    -1.58938198405914E-01    -1.90738906372033E-01
         1.80048565891898     5.42202862380103E-03     9.84951172129337E-01    -1.65338157360220E-01    -4.82246452283408E-02     8.82036252116551E-01     2.29685585491659E-02     9.54990517737228E-02     5.96805252189064E-01     2.06883586435839E-01     7.91345089335059E-01
         0.61342852936985    -1.78123417267227E-01     1.16155230853301E-01     8.34960810060312E-01    -5.05012861636734E-01     2.35771402740000E-03     9.52591193174218E-01     7.86110613461027E-02     2.14870962580005E-02     9.58447372992515E-01     5.67195057415070E-01
         0.19458219035665     9.39552285204502E-03     1.25786831338083E-01     5.01268928973589E-01     8.55856016509765E-01    -4.85679584923393E-02    -9.66833470619191E-02     9.87882330256585E-01     1.55723360184243E-01    -1.10073678097833E-01    -6.58715646571095E-02
