NI SVP-MOLOPT-PBE-AE
 4
 1 0 0 6 1
     71074.87500910150993     2.90997873145796E-03
     10672.04913320842570     2.02863456272024E-02
      2428.22163075163280     1.05886539670660E-01
       685.29219957428927     3.50750264011073E-01
       222.48597099313741     7.49556331474808E-01
        74.60138577092555     5.50915234100166E-01
 1 0 0 8 4
       148.63742565362551    -1.37010908013817E-01    -1.55886048480255E-02     2.95695817478977E-03     2.68905432375911E-02
        17.46221706247326     7.95580088788954E-01     3.79459594360547E-02    -2.39519121210915E-03    -1.36359288012204E-01
        12.55304579715643     2.96965098208620E-02    -1.74336379654949E-01     2.43494609063374E-02    -9.02841742646685E-03
         7.13444469857250     5.66628961445188E-01     1.39448148892460E-02     5.79971332065600E-03    -7.53454244882216E-02
         2.15016767032082    -4.67805636605412E-02     7.95833625272781E-01    -1.92667684953158E-01    -1.69020283981734E-01
         0.85034448369510    -4.52941310334070E-02     4.81819772645929E-01    -1.78167979132445E-01    -7.95048326603144E-02
         0.12127046747040     6.70672910246170E-02     3.19129307080378E-01     7.96386887146524E-01     5.06626865546433E-01
         0.02761516562896     1.32635100165630E-01     1.96087063031934E-02    -5.44299776689373E-01     8.26658903198678E-01
 1 1 1 5 1
       916.76277423217687     1.41017178119248E-02
       216.24245918415360     9.85583947805420E-02
        67.73128175451326     4.06047852129062E-01
        23.34295182621283     7.90607741792154E-01
         8.52789745943677     4.47383420314972E-01
 1 1 3 5 2 2 1
        14.80935639038580     4.53018308620841E-03    -1.80671749843921E-02     2.66572370484039E-01     6.50590865915413E-03    -5.52129775151113E-02
         4.22428142667772     5.86307482297067E-01    -3.39858026494217E-02     5.97520275489707E-01     5.16760133999738E-02     9.12846487686228E-02
         1.47316719652526     7.76527637971537E-01    -1.76378663649492E-01     6.52827865187217E-01    -2.24571477176917E-03     9.97894669697996E-02
         0.46934900306390     2.14035175389796E-01     3.66062536432426E-01     3.22703623733037E-01     4.62728304963442E-01     8.59803284102369E-01
         0.12834708024624     8.61207571139769E-02     9.12911457281721E-01    -2.03928520167954E-01     8.84965951515892E-01     4.89284186278045E-01
CL SVP-MOLOPT-PBE-AE
 3
 1 0 0 5 1
     10449.73865986333476     7.92960573941961E-03
      1571.78177464848341     6.21680867531297E-02
       357.17329535888280     2.69577117620510E-01
       100.08667457398440     7.19173472798793E-01
        30.61002596530858     6.37330325671244E-01
 1 0 0 5 3
        51.91245118574216    -1.18096328736624E-01    -6.40377047377502E-02     3.89634888740843E-02
         5.60412729707609     7.74483936348342E-01    -1.94653261999477E-01     5.74322043222265E-01
         2.19075124977087     6.12385827448821E-01     3.85229430631324E-01    -6.60064309823226E-01
         0.56484358945251    -5.02206802462349E-02     5.97599003556938E-01     4.62892544090272E-01
         0.20200153999791    -9.32167961943450E-02     6.72668563772758E-01     1.36680784044379E-01
 1 1 2 7 3 1
       307.66262352364191    -1.41860191757227E-02     4.53707609941391E-03    -4.23704216636409E-03     5.12444630001981E-03
        72.14728379673939    -8.85277776059412E-02    -4.94482703050064E-03    -1.47096881368273E-02    -3.60621072277412E-03
        22.55518606717056    -3.78386770918235E-01    -9.49655880135036E-04     2.33703317780398E-03     7.21261594348665E-03
         7.24782137179115    -7.68325377362051E-01    -8.89706781187266E-02    -6.32538811770098E-02    -8.30729065003500E-03
         2.47105439082271    -5.07191220590418E-01     1.39408082259565E-01     2.81680450029172E-02     2.51018124766366E-01
         0.54359214040661     1.77332693550757E-03     9.86199274331532E-01    -1.36123356582732E-02     8.60344615069135E-01
         0.15406764967487    -3.48579490965011E-02     3.82859289817821E-03     9.97386797034735E-01     4.43437421456475E-01
S SVP-MOLOPT-PBE-AE
 3
 1 0 0 5 1
      9184.96860696107433    -7.71786840291379E-03
      1381.51400838981726    -6.24039790772488E-02
       313.89281891758924    -2.64955476073617E-01
        87.51457876494304    -7.29865325618015E-01
        25.93139624764258    -6.27009872379816E-01
 1 0 0 5 3
        45.48284978592206    -1.17170830297159E-01    -3.16680267451198E-02     7.98216380989382E-03
         4.87633307381987     7.61443727008839E-01     1.27227635333993E-01    -2.80177602679904E-02
         1.86406639687820     6.26717336923555E-01    -1.01322679524420E-02    -7.26181990838241E-02
         0.43025042118793    -1.11972074429798E-01     9.38663299177241E-01    -3.17638615698874E-01
         0.15287248143189     3.40893131890180E-02     3.18777058166406E-01     9.44978093475824E-01
 1 1 2 7 3 1
       262.03717999008273    -1.40783640264207E-02     5.05186350960515E-03    -5.91979864920292E-03     2.73567974708351E-03
        61.24324399362200    -9.50073267501190E-02    -9.97714102551339E-03     2.54477408773944E-03    -6.54868553542722E-03
        18.81757601711188    -3.86400409125808E-01     3.47067320851585E-02    -4.64624726240253E-02     2.01706189417252E-02
         6.03024687952456    -7.73455398949426E-01    -6.81153146748288E-02    -4.07603942016905E-02    -2.20075057424989E-02
         2.04326094618689    -4.83921927804103E-01     1.73437851923462E-01    -7.00014248570178E-02     3.00876144437373E-01
         0.46190328828318     5.57301141088318E-02     9.72479700780142E-01    -1.25789697052281E-01     9.17113664398799E-01
         0.13202620214187    -7.71401281131005E-02     1.35030459813691E-01     9.87631035176833E-01     2.59681572080285E-01
C SVP-MOLOPT-PBE-AE
 2
 1 0 0 7 3
      1238.39426419178358    -4.78406537374023E-03     1.27146911459613E-03    -5.36949721028131E-02
       186.27092160057330     7.27577956373038E-02    -3.87014813631117E-03     3.12678868824760E-02
        40.80523427140306     2.82729712730794E-01     3.91219182986007E-02    -1.20909941390461E-01
        10.50190712188572     7.36614416920618E-01    -1.03553210085742E-02    -1.50059003947046E-01
         3.17652800649052     5.70205094939138E-01    -6.02785487184621E-02    -1.16302283183318E-01
         0.52377208128119    -9.67834489581362E-02     8.18843449080152E-01    -5.58118156557381E-01
         0.16127813865472     1.94024843588592E-01     5.69392264276621E-01     7.96228706387491E-01
 2 1 2 4 2 1
         4.14554558811762     2.38798494806177E-01    -1.02514582239433E-01     4.69156263784244E-02
         0.93752931792561     7.23206993243051E-01    -3.26894283377303E-01     7.30958288976847E-01
         0.30089930346209     6.40598750295380E-01     2.69762855262236E-01     6.78270396676493E-01
         0.09693513829087     9.78783169177316E-02     8.99921602054468E-01     5.87211441464886E-02
O SVP-MOLOPT-PBE-AE
 2
 1 0 0 7 3
      2266.11882679815517    -6.53195164418799E-03     4.31511781018852E-03    -1.50255386286268E-02
       340.90332514956907    -6.49692043203330E-02    -8.38643395903431E-03     2.78970138112306E-02
        76.92814265988143    -2.68398557546813E-01     9.66356731438743E-02    -1.03149893654597E-01
        19.69260394517260    -7.46654382968193E-01     7.27513962145946E-02    -4.77845342576543E-02
         5.94653840051691    -5.84020787076508E-01     6.76448442348491E-02    -6.55152912382769E-02
         0.94188304160944     1.58317373375200E-01     7.83140450398519E-01    -5.91846167956205E-01
         0.29333843489112    -7.81743877443225E-03     6.06131205686227E-01     7.94668854066698E-01
 2 1 2 4 2 1
        16.36868614237306     1.01723539743118E-01    -2.55855611750852E-02     8.33706707858758E-03
         2.90797745788635     5.10732722414240E-01    -9.49942456369113E-02     1.82905409616553E-01
         0.75006795444374     8.35859133120747E-01    -1.43391921218567E-01     8.94419927848460E-01
         0.19193642427748     1.73620037138872E-01     9.84764047518226E-01     4.08030755106872E-01
F SVP-MOLOPT-PBE-AE
 2
 1 0 0 7 3
      2894.85760373222138    -1.89225166552882E-02    -1.69242373474079E-02     1.56429205622782E-01
       435.72006333230098    -5.47718508603712E-02     4.35884037952142E-03    -7.98432634961778E-02
        98.52635730461387    -2.73685193620500E-01     1.03734081139359E-01    -3.50907504362976E-02
        25.52164954648142    -7.37742492792940E-01     9.09854482000018E-02     1.19033433504314E-02
         7.74033527583515    -5.97666004055640E-01     7.53553007481536E-02    -4.08316440936959E-03
         1.29027540045465     1.18958584280118E-01     8.03005387331711E-01    -5.67628929674378E-01
         0.39691722964189     7.82215741311875E-02     5.74594975519432E-01     8.03469123562649E-01
 2 1 2 4 2 1
        20.86106496273842    -1.10459850494974E-01    -4.27931460741902E-02     1.87770753897563E-02
         3.47280160970880    -5.28022336274227E-01    -8.76852813264224E-03     1.42075306386988E-01
         0.85628499813330    -8.26328796839365E-01    -1.81029642926015E-01     9.03974169721402E-01
         0.22140677163303    -1.61776862802262E-01     9.82507062542321E-01     4.02855717635176E-01
