RH SVP-MOLOPT-PBE-Q17
 1
 1 0 3 7 5 3 2 1
         6.77354404446428     4.27651298004027E-01    -1.28401380742781E-01     2.43332140499226E-01    -2.31536907005920E-01     6.40718063105935E-02    -1.21925126434103E-01     1.90128542152080E-01    -1.92266127589490E-02    -1.08840878932216E-01    -2.88742406923557E-02     8.90255385207754E-03
         5.60073099164407    -6.56036777830495E-01     8.96681364677024E-02    -3.63793729453125E-01     3.33852358245211E-01    -6.94118779926543E-02    -2.80531551454785E-02    -2.34555872407324E-01     3.64444728557321E-02     1.34108812404579E-01     3.61216980874193E-02    -2.29569755555459E-03
         1.71890601932780     1.09398608057614E-01     2.71125893753551E-01    -1.86186589609053E-01    -1.33014339663949E-01    -5.42946823680522E-02     3.82082502414669E-01     1.80491601112455E-01    -1.39546574858062E-02     4.77331309693825E-01    -1.12305356878394E-01     8.36163719060696E-02
         0.67842383783570     4.18699166241179E-01     7.04376218658683E-01    -2.08859928303326E-01     2.53357319714303E-01    -3.70966848689366E-01     7.31779769816471E-01     5.11072307490167E-01    -5.38189677808634E-02     7.61575107525053E-01    -2.98299471592461E-01     6.49628172574327E-01
         0.30719211207532    -4.28395970649599E-01     5.61767960586972E-01     4.29873126428766E-01    -5.49924489811817E-01     4.82736370908854E-02     5.47335898149386E-01    -7.60324549472707E-01     1.81554363804894E-01     3.67144696637877E-01     3.47767335267511E-01     7.42170775681927E-01
         0.10965617768026     4.07952728947629E-02     2.51963724506106E-01     4.56211519111678E-01     6.08354883326149E-01     5.81783442108646E-01    -4.67187812514469E-02     1.87198949067079E-01     8.46972097809870E-01     1.65897001042841E-01     8.72523650641143E-01    -6.94883751404663E-02
         0.04128782967143     1.19439123547855E-01     1.63550123941118E-01    -5.80720088350407E-01    -2.83792017184474E-01     7.13939886769115E-01    -3.31569591744195E-02     4.38827022892795E-02     4.94860791047835E-01     3.10204264155628E-03     1.18434761825169E-01     1.23535094198677E-01
F SVP-MOLOPT-PBE-AE
 2
 1 0 0 7 3
      2894.85760373222138    -1.89225166552882E-02    -1.69242373474079E-02     1.56429205622782E-01
       435.72006333230098    -5.47718508603712E-02     4.35884037952142E-03    -7.98432634961778E-02
        98.52635730461387    -2.73685193620500E-01     1.03734081139359E-01    -3.50907504362976E-02
        25.52164954648142    -7.37742492792940E-01     9.09854482000018E-02     1.19033433504314E-02
         7.74033527583515    -5.97666004055640E-01     7.53553007481536E-02    -4.08316440936959E-03
         1.29027540045465     1.18958584280118E-01     8.03005387331711E-01    -5.67628929674378E-01
         0.39691722964189     7.82215741311875E-02     5.74594975519432E-01     8.03469123562649E-01
 2 1 2 4 2 1
        20.86106496273842    -1.10459850494974E-01    -4.27931460741902E-02     1.87770753897563E-02
         3.47280160970880    -5.28022336274227E-01    -8.76852813264224E-03     1.42075306386988E-01
         0.85628499813330    -8.26328796839365E-01    -1.81029642926015E-01     9.03974169721402E-01
         0.22140677163303    -1.61776862802262E-01     9.82507062542321E-01     4.02855717635176E-01
O SVP-MOLOPT-PBE-AE
 2
 1 0 0 7 3
      2266.11882679815517    -6.53195164418799E-03     4.31511781018852E-03    -1.50255386286268E-02
       340.90332514956907    -6.49692043203330E-02    -8.38643395903431E-03     2.78970138112306E-02
        76.92814265988143    -2.68398557546813E-01     9.66356731438743E-02    -1.03149893654597E-01
        19.69260394517260    -7.46654382968193E-01     7.27513962145946E-02    -4.77845342576543E-02
         5.94653840051691    -5.84020787076508E-01     6.76448442348491E-02    -6.55152912382769E-02
         0.94188304160944     1.58317373375200E-01     7.83140450398519E-01    -5.91846167956205E-01
         0.29333843489112    -7.81743877443225E-03     6.06131205686227E-01     7.94668854066698E-01
 2 1 2 4 2 1
        16.36868614237306     1.01723539743118E-01    -2.55855611750852E-02     8.33706707858758E-03
         2.90797745788635     5.10732722414240E-01    -9.49942456369113E-02     1.82905409616553E-01
         0.75006795444374     8.35859133120747E-01    -1.43391921218567E-01     8.94419927848460E-01
         0.19193642427748     1.73620037138872E-01     9.84764047518226E-01     4.08030755106872E-01
