RH QZVPP-MOLOPT-PBE-Q17
 2
 1 0 2 6 2 1 1
        26.29562895397173    -2.57080215090667E-02     2.02115178607921E-01     1.35563071765519E-02     5.16668226379345E-04
        14.80371886627388     3.33193669479933E-01    -9.72504380712789E-02    -1.23631017572088E-01     2.99321377265453E-02
        11.84367155903612    -6.07502840731402E-01     3.72406956330118E-01     2.57991381559343E-01    -4.62664056975157E-02
         6.64738868170641     5.85787064611723E-01     7.70818720464047E-01    -4.86313903170137E-01    -3.88658398937871E-03
         1.86772638208693    -3.91205649058526E-01     4.63850515071591E-01     4.72568520594256E-01     3.67657684395940E-01
         0.90070508611607     1.51898090278128E-01    -4.10617291179944E-02     6.76867657668550E-01     9.28318879188830E-01
 1 0 4 6 5 4 3 4 2
         2.89550548004982     1.99319146036885E-01    -3.08054564996513E-01     3.34689238765581E-02     8.65047385612791E-02    -1.46788501699823E-01     1.25278432874886E-01     3.03120314645035E-02    -3.24498763851289E-02     1.77301648228684E-02     1.97584775132277E-01    -9.42526872632480E-03    -2.04404323087665E-02     9.81885478767592E-01    -2.05700061247311E-03     1.62118805542620E-02     5.25267608034198E-02     8.35627218951717E-02    -1.05803494508491E-01
         0.91233724047316     8.77331277884174E-01     3.12043488749764E-01    -9.05029822188623E-02     3.33455822699092E-01     4.53986701920060E-02     3.09956719560630E-01     3.87697682552146E-02     7.18319752960105E-02     4.46585771172015E-04     4.83808253449665E-02     1.79134899810603E-01    -7.59153870824851E-02    -1.20295621405020E-02     9.48674613920858E-01     1.67495511810288E-02     1.58255513206618E-01     3.60617716378827E-01     2.83374968546776E-01
         0.40542527933180    -9.97168853443996E-02     7.55522987870981E-01    -2.22711657972128E-01    -4.21520795635387E-01     2.44291220320152E-01     9.10117482215085E-01     9.61495577862994E-02     2.13467652827482E-01    -2.36584925176999E-02     7.80991535741172E-01    -5.61431818911008E-01    -2.04117038764209E-01    -1.36059308309908E-02     1.94286812204372E-01     5.00589421465412E-01    -7.48246331195554E-01     7.17132709201181E-01     4.18146091444337E-01
         0.30243859714499    -1.80449152108674E-01     3.20529664805604E-01     8.06637351150550E-01     4.02561778610764E-01     1.98763906599362E-01     8.02794886585361E-02     7.05017206628849E-01    -7.00231879282550E-01    -5.73512056135824E-02     5.82759956273460E-01     7.06695263285547E-01     2.77076788963851E-01    -5.24051934640870E-03    -6.56703532270940E-02     8.27739586394909E-01     5.12399351332876E-01     3.81489955043157E-01    -8.41375827636127E-01
         0.15338093086171    -3.64473986880756E-01     9.77945542846917E-02    -5.38903758578332E-01     7.26721269461619E-01     1.75143918693756E-01    -2.25006762793823E-01     6.99236413396356E-01     6.65652881429873E-01     1.28925926004801E-01    -4.28873003441385E-02    -3.89676190663002E-01     8.06843507874050E-01    -1.61698459162392E-01     4.45417938981406E-02    -1.08408299963031E-01     3.83714828661505E-01     4.47587323117878E-01    -1.60052747626978E-01
         0.04950317775074     1.23349365774489E-01    -3.53005977348906E-01    -2.73522692200851E-03    -1.16036952197383E-01     9.20071417535598E-01     5.33429959776183E-02    -4.85028338686017E-02    -1.21656445470533E-01     9.89552758758605E-01     8.49899188660631E-02     3.67482785134403E-02     4.73695349392683E-01    -9.69392599917821E-02    -2.36576232021347E-01     2.27951039030231E-01    -5.03328402787211E-02    -5.31395702119080E-02     1.13105529222504E-02
F QZVPP-MOLOPT-PBE-AE
 3
 1 0 0 8 1
    132536.04395257573924     2.19133884152562E-04
     19758.15592578060023     2.13098802939830E-03
      4485.33885808192372     9.36952235670608E-03
      1273.60032301696378     4.57116768597223E-02
       418.75079369228018     1.29815698472524E-01
       152.24712142839283     3.88984269444136E-01
        59.93506405237581     3.48051089779771E-01
        24.88806979770636     8.41734891149259E-01
 1 0 1 5 2 1
       240.82710880865446    -5.22362746235088E-02     7.61618022060436E-02     2.22155163398913E-02
        56.74054074501728     8.36915891686098E-01    -3.52431037520191E-01     9.17502257704855E-02
        18.02568816680041     5.06654331012575E-01     3.90319004241376E-01     6.94833984744179E-01
         7.22835931546723     1.13647744824332E-01     8.46604124895882E-01     5.19336475096237E-01
         2.54051853711273     1.65011335426585E-01     3.00711541924844E-02     4.88450331337750E-01
 1 0 4 4 4 3 3 2 1
         4.64152109972176     7.99092172965100E-01     3.57185510151160E-01    -4.75225254357118E-01     8.96167845059310E-02     2.14101203990999E-03     4.09061558167189E-01    -4.32260580718334E-01     5.23415929943841E-01    -8.45844703511436E-01    -9.90960844591549E-02     6.49830793177351E-01    -6.47812475723957E-01     7.18812892465629E-01
         1.55189089466188    -5.65383503262805E-01     6.20688611440661E-01    -5.16124369070663E-01    -1.69418940846506E-01     9.01357430415779E-01    -3.23634717094166E-01     1.52228377872265E-01     8.31684066132871E-01     4.84322390964955E-01     2.69070652276370E-01     7.59749389285090E-01     5.45754817250953E-01     6.81802537410497E-01
         0.54311529853246     1.47999793272877E-01     6.59726542294831E-01     7.03321697890184E-01    -2.19534826074957E-01     3.64587678140232E-01     2.81361980784028E-01    -7.13536840615867E-01    -1.67858516623561E-01    -2.20433972029506E-01     9.41600143248362E-01     1.96681952393344E-02     4.63299478087506E-01    -2.42238812327185E-02
         0.17933709925335    -1.41029268364327E-01     2.27870683409749E-01     1.14521537491829E-01     9.56593181325010E-01     2.33722107747691E-01     8.05459277239079E-01     5.29945741006902E-01     7.84913805373263E-02     3.72481291736264E-02    -1.76550617000047E-01     1.06755709662101E-02    -2.60469325156765E-01    -1.33665736760872E-01
O QZVPP-MOLOPT-PBE-AE
 3
 1 0 0 8 1
    116506.38604434675653    -9.98096455193836E-05
     17504.60971368530591     2.33919295977431E-03
      3993.52399023383759     6.88020418607601E-03
      1133.09478918324885     4.13200618900893E-02
       369.82539210352701     1.15856592130636E-01
       133.78894948022503     3.83521465148008E-01
        52.21462909576736     4.11693815406844E-01
        21.67293595845605     8.17457382177472E-01
 1 0 1 5 2 1
       191.04192564330430    -5.10687570632457E-03     2.62695839052370E-02     1.26002594453494E-02
        45.06231751131436     7.10386627064769E-01    -6.24048153127724E-01     1.12036824182174E-01
        14.05235016622558     5.61186314944367E-01     2.63654168302179E-01     6.01861899721717E-01
         5.51919750076573     3.93930461642211E-01     7.34005739981864E-01     3.82904045403275E-01
         2.22318311118849     1.58787503341973E-01     3.99482759313346E-02     6.91690486537335E-01
 1 0 4 4 4 3 3 2 1
         4.07110969272635     8.35823185743741E-01     1.43707378138683E-01    -5.04975809725526E-01    -1.60459413041861E-01     1.72086536028372E-01     1.83573320585855E-01    -5.65096491463834E-01     5.87117703432284E-01    -6.86150954111257E-01     3.38448518372782E-01     7.96331496602706E-01    -4.06031379618403E-01     7.19190810290016E-01
         1.29660548931134    -3.21106263793023E-01     8.70808213615098E-01    -3.35156402976138E-01     1.62030885936799E-01     7.37714269017482E-01    -1.23907267761277E-01     5.94500398393531E-01     7.22514408166509E-01     6.34126435292987E-01    -1.48853997263073E-01     5.96617421514652E-01     6.47582903144410E-01     6.77717136798244E-01
         0.45442777800760     1.72702329034076E-01     4.19606306388715E-01     6.11297846324634E-01    -6.48397560346960E-01     6.52371782439809E-01     1.27228381173723E-01    -5.13977719496993E-01    -3.94104996625507E-02     3.37150724159123E-01     9.16679165386756E-01    -9.80648777410346E-02     6.03388801969736E-01     3.99419887891043E-02
         0.14870720086566     4.10443997485985E-01     2.12065537529809E-01     5.08905256619550E-01     7.26346592547186E-01    -2.39778831856476E-02     9.66830266380264E-01     2.51121754346111E-01     3.62922229719464E-01    -1.15801215165473E-01    -1.51639030780056E-01     1.69434240146108E-02    -2.27369426215928E-01    -1.47880689800770E-01
