RH TZVPP-MOLOPT-PBE-Q17
 1
 1 0 4 7 6 4 3 2 1
        16.94311060019446     2.34399514748973E-01    -2.44541433968350E-01     1.07256535397831E-01    -1.86456297949368E-01    -2.11336625391619E-01    -1.91597559129400E-01     1.29946776857764E-01    -2.46792748013485E-01     2.05989260396980E-01     1.33951258025546E-01     7.71758884652049E-02     7.78710915044073E-03    -1.65382249815990E-02    -4.03919537441640E-02     5.25486141901750E-02    -2.17430845717272E-01
        13.91507658983832     9.51733043577887E-01     5.39223288505801E-02     9.21998744636886E-02     2.00743126431416E-02     2.12690798460854E-01     2.43116092962902E-02     1.18188731774698E-01    -2.69556082193563E-01    -3.83650108356679E-02    -1.45107051504916E-01    -1.06598753693177E-01    -1.32343979452371E-02     3.35864033188682E-02     9.88291066816215E-02    -5.26801139337915E-02     2.93369895397129E-01
         4.25529086158834    -3.51633274485534E-02     9.29151473720048E-01     1.20927013924127E-02     7.09878147983447E-03     1.96545212437473E-01    -6.53290309649740E-02    -4.32223036188100E-01     5.06158438658840E-01    -2.48805180394928E-01    -6.25420912191121E-02     9.22085033176395E-02     3.78001128423111E-03    -6.99349852250739E-02    -4.37680286011220E-01    -2.77545389438502E-02    -3.33981863744536E-01
         1.93698948832434    -1.41504394430299E-01    -1.67393915412988E-02     8.96157066288509E-01    -3.59742293983316E-01     1.81856776003569E-01    -2.65799157692667E-02     5.08309141904611E-01    -2.08527656983719E-01     2.27648218211614E-01     1.83307337109731E-01     1.39532467497625E-01     3.44282519229768E-01     1.03877842466497E-01     8.55715317854875E-01     1.47168699406917E-01     2.79173593160527E-01
         0.70929872201438    -8.66762185426012E-02    -1.82997665414173E-01     2.40761562499970E-01     7.98327559455239E-01     4.58496978155420E-01     2.44324689136181E-02     5.42255734804991E-01     7.09048360912325E-01     5.37720512190531E-02     3.30080903408764E-01     4.93235842954253E-01     7.81185871570569E-01    -9.24749557107932E-02     5.84893606891473E-02     6.50224237072265E-01     8.18424985471219E-01
         0.23209987554931    -1.02206709829837E-01    -2.00405956752171E-01    -3.44647455256196E-01    -4.29491060158989E-01     7.90906993831466E-01    -1.12735223270689E-01    -3.94176083208839E-01     1.36736228829573E-01     8.78047399113045E-01     1.42439642407245E-01    -1.04284360958947E-01     1.27582050990958E-01     9.72034828285360E-01    -2.31123147166689E-01     7.40623979703945E-01     7.36968739121555E-02
         0.06274612431649     6.49227325309656E-03    -6.20549191702109E-03    -1.87069119370298E-03    -1.16519085156871E-01     5.14217428573191E-02     9.71812106673327E-01    -2.73009625485151E-01    -2.12852848091699E-01    -2.61744441998146E-01     8.91204497598813E-01     8.36989871901210E-01    -5.04669123716790E-01     1.71795248709540E-01    -8.91607834243831E-02    -2.68154887478712E-02    -4.38801243039224E-02
F TZVPP-MOLOPT-PBE-AE
 2
 1 0 0 6 1
     35479.02878767263610     6.72585320603450E-04
      5318.56312951047130     8.20097950478645E-03
      1210.53207767191157     3.41581776414553E-02
       342.85143677005027     1.67981165419731E-01
       112.04698837680320     3.40179960458393E-01
        40.78491787387953     9.24567700620738E-01
 1 0 3 6 4 3 2 1
        79.87901815644609     1.16918239284466E-01    -1.68147951461107E-02    -2.12818697913285E-02    -7.26226478740949E-03    -2.45424567087636E-01     2.14619427519455E-01     6.35891870315225E-02     1.01451133211560E-01    -3.43565246327839E-02    -1.31870850864618E-02
        16.19635642859436     8.53271420269594E-01     1.38508493185086E-02     1.47303644984199E-01    -9.44612873543678E-02    -1.04048621424425E-01     1.57592183640012E-01     5.70164828779390E-02     5.65110690465166E-02     4.45853785965381E-03     1.05680763536942E-01
         5.77801148801512     4.75828101997680E-01     9.06865843095588E-03     4.56280442532806E-02    -3.42227538288093E-02     3.85471543429814E-01     1.08618595980577E-01    -3.86557846134089E-02     7.78219890128867E-01    -1.58938198405914E-01    -1.90738906372033E-01
         1.80048565891898     5.42202862380103E-03     9.84951172129337E-01    -1.65338157360220E-01    -4.82246452283408E-02     8.82036252116551E-01     2.29685585491659E-02     9.54990517737228E-02     5.96805252189064E-01     2.06883586435839E-01     7.91345089335059E-01
         0.61342852936985    -1.78123417267227E-01     1.16155230853301E-01     8.34960810060312E-01    -5.05012861636734E-01     2.35771402740000E-03     9.52591193174218E-01     7.86110613461027E-02     2.14870962580005E-02     9.58447372992515E-01     5.67195057415070E-01
         0.19458219035665     9.39552285204502E-03     1.25786831338083E-01     5.01268928973589E-01     8.55856016509765E-01    -4.85679584923393E-02    -9.66833470619191E-02     9.87882330256585E-01     1.55723360184243E-01    -1.10073678097833E-01    -6.58715646571095E-02
O TZVPP-MOLOPT-PBE-AE
 2
 1 0 0 6 1
     27032.34110717467047     7.35264897360634E-04
      4052.43915960016602     8.66846509689763E-03
       922.34965292725667     3.34607178584762E-02
       261.27735857055188     1.68914563970243E-01
        85.30942400544160     3.28333881314405E-01
        31.08080221478707     9.28692322525900E-01
 1 0 3 6 4 3 2 1
        62.91495630413323     1.16332726109966E-01    -5.81371416541881E-02     1.11937556008261E-02     5.75105170781195E-02    -1.16673038976174E-01     1.57254063503839E-01    -3.81929188419382E-02     1.36166697203113E-01    -8.71583721921845E-02     3.21000644845466E-04
        12.30944986692977     8.69241308775708E-01    -1.42460076990705E-02    -1.06600413011436E-01    -2.47597695986788E-02     1.45932079266690E-01    -6.05243600472558E-02     1.73638156652357E-02    -3.58452443966721E-02     4.76694147153259E-02     4.38837435813283E-02
         4.39539910954103     4.65741956926282E-01    -6.40342096322616E-02    -3.00344470998384E-02    -3.98106989985228E-03     3.91422103647488E-01     5.26377359502661E-02    -3.09523103597808E-02     7.70731222820744E-01    -3.53322944888660E-01    -1.34769543790620E-01
         1.33540846189799     9.21608149605863E-03     9.33076668604289E-01    -3.27550581669708E-01    -1.21459202569881E-01     9.00080356671289E-01     4.50466786404856E-02    -1.97504472088648E-02     5.53665920222864E-01     3.94485051877056E-01     9.40647803425498E-01
         0.45443287552085     9.32917636734327E-02     2.31107250617785E-01     8.41720615852045E-01    -4.78471205438802E-01    -3.61150582409544E-02     9.80775789580233E-01    -6.12678902654526E-02     1.14853463706434E-01     8.35162106564474E-01     2.94962206933611E-01
         0.14893102365245     7.19887781862831E-02     2.61293155746377E-01     4.14519004469322E-01     8.67396456641546E-01     2.07610475621550E-02     6.99062044682833E-02     9.96563053096360E-01     2.57701109533086E-01    -1.10361865139449E-01     8.99460419695147E-02
