At admm-dz
    4
1 0 0 2 1
        0.65360470   -0.50440272
        0.58704761    0.51796412
1 0 0 1 1
        0.15507414    1.00000000
2 1 1 2 1
        1.09547159   -0.15716676
        0.31389446    0.58782347
2 1 1 1 1
        0.10624125    1.00000000

At admm-dzp
    5
1 0 0 2 1
        0.65360470   -0.50440272
        0.58704761    0.51796412
1 0 0 1 1
        0.15507414    1.00000000
2 1 1 2 1
        1.09547159   -0.15716676
        0.31389446    0.58782347
2 1 1 1 1
        0.10624125    1.00000000
2 2 2 1 1
  0.841552697620E-01  1.00000000

At admm-tzp
    7
1 0 0 1 1
        1.91430456    1.00000000
1 0 0 1 1
        1.72121520    1.00000000
1 0 0 1 1
        0.22209882    1.00000000
2 1 1 2 1
        0.84283629   -0.93100827
        0.75618680    0.87351512
2 1 1 1 1
        0.26830736    1.00000000
2 1 1 1 1
        0.10188447    1.00000000
2 2 2 1 1
  0.841552697620E-01  1.00000000

At admm-tz2p
    9
1 0 0 1 1
        1.91430456    1.00000000
1 0 0 1 1
        1.72121520    1.00000000
1 0 0 1 1
        0.22209882    1.00000000
2 1 1 2 1
        0.84283629   -0.93100827
        0.75618680    0.87351512
2 1 1 1 1
        0.26830736    1.00000000
2 1 1 1 1
        0.10188447    1.00000000
2 2 2 1 1
  0.241794947416      1.00000000
2 2 2 1 1
  0.696887004392E-01  1.00000000
3 3 3 1 1
      0.3719000       1.00000000
