################################################################################################
# Scandium
################################################################################################
Sc ccGRB-D-q11
    2
  2  0  2  6  3  2  2
   7.68960491810        0.0481188119    0.0119211888   -0.0398525197    0.0982414076   -0.0769307083   -0.0543987899    0.0386235844
   2.96257816402        0.4295265686    0.1279532631   -0.0746262192   -0.1328016440    0.1045457511   -0.2072304142    0.1514604453
   1.14139406009       -0.8280802262   -0.3391904073    0.1921182123   -0.5898402954    0.8273542273   -0.3065722954    0.2342097824
  0.439745494725       -0.4969634713   -0.2833741805    1.7064366669   -0.3828908676   -0.4707443597   -0.3498276443    0.1853679304
  0.169420979917       -0.0300933776   -0.0781856010   -3.6103173487   -0.0465423662   -0.7187912403   -0.2874440863    0.0780079809
  0.652729107638E-01    0.0017597264    1.1810112105    2.0646344099   -0.0006497768   -0.0372713281   -0.2101738243   -0.9692965808
1 3 3 2 1
      7.126000E-01           3.617450E-01
      1.636000E-01           8.218680E-01

Sc ccGRB-T-q11
    3
  2  0  2  7  4  3  3
   7.82989531219        0.0093702061    0.0029332956    0.0123937624   -0.0606630995   -0.0920902744    0.0742998668   -0.0729394403   -0.0435997947    0.0317199986   -0.0395449594
   3.47635266794        0.4482573262    0.1236198431   -0.2459306576   -0.0445542992    0.0537490957    0.0037142409    0.0530305042   -0.1641156426    0.1174490868   -0.1340384557
   1.54344692874       -0.4189733191   -0.1403434660    0.4693007375   -0.1696885610    0.4127683548   -0.7777816107    0.8693806088   -0.2235749816    0.1818418897   -0.2768651128
  0.685266613997       -0.7121137160   -0.3749017180   -0.0747680087    3.7815219408    0.4807298870   -0.1765946206   -0.7478824089   -0.3175282763    0.1972777286   -0.1016070271
  0.304247799854       -0.2007124156   -0.1115931945    1.7408781702   -7.2855019294    0.1814563461    0.9389732813   -0.7500295270   -0.2542194812    0.1409839414   -0.1924117584
  0.135081327217       -0.0015977234    0.0248471638   -4.2845110389    5.8821024124    0.0180465940    0.2422924110    0.8582534603   -0.2627187700   -0.1067414515    1.6224149082
  0.599740243689E-01   -0.0008491555    1.1053083972    2.6475286019   -2.0166470389   -0.0001778792   -0.0413560435    0.4830959773   -0.1443324504   -0.8637992117   -1.2886210094
    3  3 3 2 2
      7.267000E-01           1.000000E+00           0.000000E+00
      1.665000E-01           0.000000E+00           1.000000E+00
    4  4 4 1 1
      4.187000E-01           1.0000000

Sc ccGRB-Q-q11
    4
  2  0  2  8  5  4  4
   7.82062318913        0.0125034573    0.0035116760    0.0076891749    0.0769033314    0.2589079119    0.0925802481   -0.0631556537    0.0896651241   -0.0482458329   -0.0446571360    0.0320047289   -0.0388837678    0.0336260600
   3.42287773970        0.4512043546    0.1254961189   -0.2235328685   -0.0785165196   -1.7497788406   -0.0597720762   -0.0061282700   -0.0872138621   -0.1084261273   -0.1678832438    0.1191592216   -0.1386902100    0.2637896083
   1.49810209975       -0.4627506221   -0.1604588841    0.4301303481    0.5521397027    5.8519306673   -0.4321041513    0.6732796741   -0.9675459341    1.5580624475   -0.2323471687    0.1853038774   -0.2684500809    0.1965300789
  0.655679247679       -0.7023879883   -0.3670022731    0.0487366629   -4.1019307142   -7.6539800445   -0.4773005990    0.2164388813    0.8460360388   -2.4097126666   -0.3210421802    0.1955977176   -0.1180382059    0.5371979995
  0.286973281667       -0.1753548837   -0.1235637957    1.4111817718    7.3567763318    5.2428579454   -0.1646256415   -0.8463361115    0.7080741101    1.1097597636   -0.2599522737    0.1350747201   -0.1163135817   -2.2144252326
  0.125600535143        0.0014198685    0.1446348509   -3.9911257329   -5.8283482460   -1.3902492130   -0.0133534860   -0.3127728030   -0.7902200131    1.0608373580   -0.2562003066   -0.1496839514    1.5630385244    2.2706339454
  0.549719971720E-01   -0.0013386644    1.0396438606    2.6404428480    1.9125015589   -1.0441440351    0.0001576120   -0.0276898818   -0.4767867332   -1.4613629344   -0.1367638358   -0.8703199084   -1.3582017447   -1.0492293272
  0.240597738667E-01    0.0001548080   -0.0299270404   -0.0520693014    0.0886360832    0.9862263724   -0.0000234996    0.0019170835    0.0278064865    0.0755753667    0.0082998049    0.0523942920    0.0779041516    0.0479595897
   3  3 3 3 3
      1.416700E+00           1.000000E+00           0.000000E+00           0.000000E+00
      3.992000E-01           0.000000E+00           1.000000E+00           0.000000E+00
      1.125000E-01           0.000000E+00           0.000000E+00           1.000000E+00
   4  4 4 2 2
      9.963000E-01           1.000000E+00           0.000000E+00
      2.573000E-01           0.000000E+00           1.000000E+00
   5  5 5 1 1
      5.016000E-01           1.0000000

Sc aug-cc-D
    4
1 0 0 1 1
      1.110000E-02           1.000000E+00
1 1 1 1 1
      1.066000E-02           1.000000E+00
1 2 2 1 1
      1.244000E-02           1.000000E+00
1 3 3 1 1
      4.063000E-02           1.000000E+00

Sc aug-cc-T
     5
1 0 0 1 1
      1.110000E-02           1.000000E+00
1 1 1 1 1
      1.066000E-02           1.000000E+00
1 2 2 1 1
      1.244000E-02           1.000000E+00
1 3 3 1 1
      4.063000E-02           1.000000E+00
1 4 4 1 1
      9.473000E-02           1.000000E+00

Sc aug-cc-Q
     6
1 0 0 1 1
      0.0104700              1.0000000
1 1 1 1 1
      0.0101200              1.0000000
1 2 2 1 1
      0.0095200              1.0000000
1 3 3 1 1
      0.0312800              1.0000000
1 4 4 1 1
      0.0723600              1.0000000
1 5 5 1 1
      0.1226400              1.0000000

