#
# Generated with CP2K Atom Code
#
 Sc ccGRB-VAL-0
   1
  2  0  2  8  2  1  1
   7.82062318913        0.0125034573    0.0035116760    0.0925802481   -0.0446571360
   3.42287773970        0.4512043546    0.1254961189   -0.0597720762   -0.1678832438
   1.49810209975       -0.4627506221   -0.1604588841   -0.4321041513   -0.2323471687
  0.655679247679       -0.7023879883   -0.3670022731   -0.4773005990   -0.3210421802
  0.286973281667       -0.1753548837   -0.1235637957   -0.1646256415   -0.2599522737
  0.125600535143        0.0014198685    0.1446348509   -0.0133534860   -0.2562003066
  0.549719971720E-01   -0.0013386644    1.0396438606    0.0001576120   -0.1367638358
  0.240597738667E-01    0.0001548080   -0.0299270404   -0.0000234996    0.0082998049

 Sc ccGRB-VAL-1
   1
  2  0  2  8  3  2  2
   7.82062318913        0.0125034573    0.0035116760    0.0076891749    0.0925802481   -0.0631556537   -0.0446571360    0.0320047289
   3.42287773970        0.4512043546    0.1254961189   -0.2235328685   -0.0597720762   -0.0061282700   -0.1678832438    0.1191592216
   1.49810209975       -0.4627506221   -0.1604588841    0.4301303481   -0.4321041513    0.6732796741   -0.2323471687    0.1853038774
  0.655679247679       -0.7023879883   -0.3670022731    0.0487366629   -0.4773005990    0.2164388813   -0.3210421802    0.1955977176
  0.286973281667       -0.1753548837   -0.1235637957    1.4111817718   -0.1646256415   -0.8463361115   -0.2599522737    0.1350747201
  0.125600535143        0.0014198685    0.1446348509   -3.9911257329   -0.0133534860   -0.3127728030   -0.2562003066   -0.1496839514
  0.549719971720E-01   -0.0013386644    1.0396438606    2.6404428480    0.0001576120   -0.0276898818   -0.1367638358   -0.8703199084
  0.240597738667E-01    0.0001548080   -0.0299270404   -0.0520693014   -0.0000234996    0.0019170835    0.0082998049    0.0523942920

 Sc ccGRB-VAL-2
   1
  2  0  2  8  4  3  3
   7.82062318913        0.0125034573    0.0035116760    0.0076891749    0.0769033314    0.0925802481   -0.0631556537    0.0896651241   -0.0446571360    0.0320047289   -0.0388837678
   3.42287773970        0.4512043546    0.1254961189   -0.2235328685   -0.0785165196   -0.0597720762   -0.0061282700   -0.0872138621   -0.1678832438    0.1191592216   -0.1386902100
   1.49810209975       -0.4627506221   -0.1604588841    0.4301303481    0.5521397027   -0.4321041513    0.6732796741   -0.9675459341   -0.2323471687    0.1853038774   -0.2684500809
  0.655679247679       -0.7023879883   -0.3670022731    0.0487366629   -4.1019307142   -0.4773005990    0.2164388813    0.8460360388   -0.3210421802    0.1955977176   -0.1180382059
  0.286973281667       -0.1753548837   -0.1235637957    1.4111817718    7.3567763318   -0.1646256415   -0.8463361115    0.7080741101   -0.2599522737    0.1350747201   -0.1163135817
  0.125600535143        0.0014198685    0.1446348509   -3.9911257329   -5.8283482460   -0.0133534860   -0.3127728030   -0.7902200131   -0.2562003066   -0.1496839514    1.5630385244
  0.549719971720E-01   -0.0013386644    1.0396438606    2.6404428480    1.9125015589    0.0001576120   -0.0276898818   -0.4767867332   -0.1367638358   -0.8703199084   -1.3582017447
  0.240597738667E-01    0.0001548080   -0.0299270404   -0.0520693014    0.0886360832   -0.0000234996    0.0019170835    0.0278064865    0.0082998049    0.0523942920    0.0779041516

 Sc ccGRB-VAL-3
   1
  2  0  2  8  5  4  4
   7.82062318913        0.0125034573    0.0035116760    0.0076891749    0.0769033314    0.2589079119    0.0925802481   -0.0631556537    0.0896651241   -0.0482458329   -0.0446571360    0.0320047289   -0.0388837678    0.0336260600
   3.42287773970        0.4512043546    0.1254961189   -0.2235328685   -0.0785165196   -1.7497788406   -0.0597720762   -0.0061282700   -0.0872138621   -0.1084261273   -0.1678832438    0.1191592216   -0.1386902100    0.2637896083
   1.49810209975       -0.4627506221   -0.1604588841    0.4301303481    0.5521397027    5.8519306673   -0.4321041513    0.6732796741   -0.9675459341    1.5580624475   -0.2323471687    0.1853038774   -0.2684500809    0.1965300789
  0.655679247679       -0.7023879883   -0.3670022731    0.0487366629   -4.1019307142   -7.6539800445   -0.4773005990    0.2164388813    0.8460360388   -2.4097126666   -0.3210421802    0.1955977176   -0.1180382059    0.5371979995
  0.286973281667       -0.1753548837   -0.1235637957    1.4111817718    7.3567763318    5.2428579454   -0.1646256415   -0.8463361115    0.7080741101    1.1097597636   -0.2599522737    0.1350747201   -0.1163135817   -2.2144252326
  0.125600535143        0.0014198685    0.1446348509   -3.9911257329   -5.8283482460   -1.3902492130   -0.0133534860   -0.3127728030   -0.7902200131    1.0608373580   -0.2562003066   -0.1496839514    1.5630385244    2.2706339454
  0.549719971720E-01   -0.0013386644    1.0396438606    2.6404428480    1.9125015589   -1.0441440351    0.0001576120   -0.0276898818   -0.4767867332   -1.4613629344   -0.1367638358   -0.8703199084   -1.3582017447   -1.0492293272
  0.240597738667E-01    0.0001548080   -0.0299270404   -0.0520693014    0.0886360832    0.9862263724   -0.0000234996    0.0019170835    0.0278064865    0.0755753667    0.0082998049    0.0523942920    0.0779041516    0.0479595897

 Sc ccGRB-POL-1
   1
  3  3  3  1  1
  0.445978910027        1.0000000000

 Sc ccGRB-EXT
   1
  2  0  2  1  3  2  1
  0.696653109158E-02    1.0000000000   16.4143065890 2795.5510269737   16.4143065890 2795.5510269737 2795.5510269737

