Be admm-dz
    4
1 0 0 2 1
       11.85505121      0.31459683
        3.65456090      0.44877252
1 0 0 1 1
        1.20196438      1.00000000  
1 0 0 1 1
        0.10777349      1.00000000  
1 1 1 2 1
      1.7945400000      0.16531000
      0.3417270000      0.50000000



Be admm-dzp
    5
1 0 0 2 1
       11.85505121      0.31459683
        3.65456090      0.44877252
1 0 0 1 1
        1.20196438      1.00000000  
1 0 0 1 1
        0.10777349      1.00000000  
1 1 1 2 1
      1.7945400000      0.16531000
      0.3417270000      0.50000000
1 1 1 1 1
      0.0758163000      1.00000000


Be admm-tzp
    6
1 0 0 2 1
       12.15898521      0.29613374
        3.97353816      0.42674385
1 0 0 1 1
        1.31897233      1.00000000
1 0 0 1 1
        0.25319695      1.00000000
1 0 0 1 1
        0.08640478      1.00000000
1 1 1 2 1
      1.7945400000      0.16531000
      0.3417270000      0.50000000
1 1 1 1 1
      0.0758163000      1.00000000


Be admm-tz2p
    8
1 0 0 2 1
       12.15898521      0.29613374
        3.97353816      0.42674385
1 0 0 1 1
        1.31897233      1.00000000
1 0 0 1 1
        0.25319695      1.00000000
1 0 0 1 1
        0.08640478      1.00000000
1 1 1 1 1
      1.7945400000      1.00000000
1 1 1 1 1
      0.3417270000      1.00000000
1 1 1 1 1
      0.0758163000      1.00000000
1 2 2 1 1
      0.3900000000      1.0000000



