Mo admm-dz
    7
1 0 0 2 1
        1.95512562    4.62683244
        1.75710596   -4.69596717
1 0 0 1 1
        0.53380648    1.00000000
1 0 0 1 1
        0.07011943    1.00000000
2 1 1 2 1
        3.38133863   -0.14311046 
        1.15151906    0.70671365
2 1 1 1 1
        0.42392288    1.00000000
2 2 2 2 1
        1.22026895   -0.40805823 
        0.42033455   -0.51026032
2 2 2 1 1
        0.13037814    1.00000000

Mo admm-dzp
    8
1 0 0 2 1
        1.95512562    4.62683244  
        1.75710596   -4.69596717 
1 0 0 1 1
        0.53380648    1.00000000
1 0 0 1 1
        0.07011943    1.00000000
2 1 1 2 1
        3.38133863   -0.14311046 
        1.15151906    0.70671365  
2 1 1 1 1
        0.42392288    1.00000000
2 2 2 2 1
        1.22026895   -0.40805823 
        0.42033455   -0.51026032 
2 2 2 1 1
        0.13037814    1.00000000
3 3 3 1 1
      0.6007000       1.0000000

Mo admm-tzp
   11
1 0 0 2 1
        4.47397227    1.18298785 
        4.01239398   -1.64878816
1 0 0 1 1
        0.89809313    1.00000000
1 0 0 1 1
        0.39345927    1.00000000
1 0 0 1 1
        0.06873761    1.00000000
2 1 1 2 1
        5.53581339    0.26431710 
        4.97045391   -0.37396539
2 1 1 1 1
        1.08563279    1.00000000
2 1 1 1 1
        0.40614490    1.00000000
2 2 2 2 1
        1.25023351   -0.38146860 
        0.47294822   -0.45141396
2 2 2 1 1
        0.18226571    1.00000000
2 2 2 1 1
        0.06820628    1.00000000
3 3 3 1 1
      0.6007000       1.0000000

Mo admm-tz2p
   13
1 0 0 2 1
        4.47397227    1.18298785 
        4.01239398   -1.64878816  
1 0 0 1 1
        0.89809313    1.00000000
1 0 0 1 1
        0.39345927    1.00000000
1 0 0 1 1
        0.06873761    1.00000000
2 1 1 2 1
        5.53581339    0.26431710 
        4.97045391   -0.37396539  
2 1 1 1 1
        1.08563279    1.00000000
2 1 1 1 1
        0.40614490    1.00000000
2 2 2 2 1
        1.25023351   -0.38146860 
        0.47294822   -0.45141396 
2 2 2 1 1
        0.18226571    1.00000000
2 2 2 1 1
        0.06820628    1.00000000
3 3 3 1 1
      1.2203000       1.0000000
3 3 3 1 1
      0.3332000       1.0000000
4 4 4 1 1
      0.7324000       1.0000000
