MN DZVP-MOLOPT-PBE-GTH-Q15
 1
 2 0 3 6 3 2 2 1
         7.78333004650085     1.96863549820587E-01     1.71792287956477E-02     8.70811918452078E-02    -1.44904885689914E-01     1.38564671243111E-02     1.89973188798305E-01    -1.42981142913233E-01     4.39601966018516E-02
         3.85663635084843     2.51633571219686E-01     6.23632158716067E-02     7.90371218938651E-02     2.76818696446866E-01    -7.47854507640253E-02     2.25261331020934E-01    -3.78591366585590E-01    -8.43330785205789E-02
         1.67464743405056    -7.74851583334173E-01    -3.36926381777364E-01    -3.34297703487583E-02     7.18511637645530E-01    -4.01009279505523E-01     4.36917237978446E-01    -4.62103517540415E-01    -4.42854582303759E-02
         0.62510925163344    -2.89341163234983E-01    -3.89978396282153E-01     4.94535405414563E-02     5.13342901422983E-01    -1.68112829668842E-02     5.26396191079117E-01    -2.81228768947924E-01    -8.01950744753075E-01
         0.21464665494615    -2.74128809647874E-01     5.75554071584838E-01    -7.31437000494830E-01     3.18436735495993E-01     8.19521020901972E-01     6.10954163326852E-01     5.33412729841624E-01    -5.57665761325054E-01
         0.06290792151480    -3.72378032878762E-01     6.31625425218038E-01     6.69034163162855E-01     1.45575138721824E-01     4.01882283122947E-01     2.68165821410468E-01     5.08985803489448E-01    -1.86756881552007E-01

########################################################################################################
S DZVP-MOLOPT-PBE-GTH-Q6
 1
 2 0 2 4 2 2 1
 1.90928473004308  3.13525266390759E-01 -1.51675736920755E-01  2.14054427784196E-01  1.45259453005035E-01  7.24574522157166E-02
 1.19506924590343 -7.14378794138229E-02 -1.22108655812001E-01 -3.46925058611244E-01 -1.90735670677686E-01  3.77729399511775E-01
 0.37255650459583 -7.35868321394835E-01  5.84868049787620E-01 -8.25555992336665E-01 -3.16083367485666E-01  9.06091042409042E-01
 0.11964558871342 -5.95899614269892E-01 -7.87409240067043E-01 -3.90231994037637E-01  9.17938396649107E-01  1.76265258145152E-01

O DZVP-MOLOPT-PBE-GTH-Q6
 1
 2 0 2 5 2 2 1
        10.34256722623639    -1.36612866576817E-01     5.36780510727693E-02    -9.23817206645146E-02     5.83443637080248E-02    -9.48473896502772E-02
         3.67715896642206    -1.53385468202307E-01     9.10278370989298E-02    -2.98264530995839E-01     1.75046650342809E-01     1.72754284852763E-01
         1.30046451996361     5.48080652961239E-01    -2.61157543615482E-01    -5.68590641449654E-01     3.64872626600995E-01     4.96868401181124E-01
         0.46645021946921     7.84467551986126E-01    -4.09115659592466E-02    -6.49258120291653E-01     1.42983044083434E-01     8.41501659783491E-01
         0.14793951916337     2.05007513424509E-01     9.58621708960114E-01    -3.97079920076698E-01    -9.01320376386329E-01    -7.84645029990108E-02

F DZVP-MOLOPT-PBE-GTH-Q7
 1
 2 0 2 5 2 2 1
        13.30428004732790     1.38300641201995E-01    -4.13429187269840E-02    -9.35306094799813E-02     5.06566246623838E-02    -3.27607844899301E-02
         4.80605774544240     1.37253664661734E-01    -3.39425431978004E-02    -2.95918398172795E-01     1.05639317967558E-01     1.33212173705781E-01
         1.70698523266130    -5.18315587577063E-01     1.04830293747595E-01    -5.65287543674134E-01     3.02725510725546E-01     2.66499630071583E-01
         0.58735472443375    -8.26234910698634E-01     4.59821538585407E-02    -6.52514099592094E-01     2.40459771924833E-01     9.50816701157307E-01
         0.17874874061685    -1.03533512436824E-01    -9.91985341560913E-01    -3.97944304537121E-01    -9.14773526135829E-01     7.81459899689756E-02
