MN TZV2P-MOLOPT-PBE-GTH-Q15
 1
 2 0 3 6 4 3 3 2
         7.84483957911887     1.84547840357355E-01     5.34950135182282E-02     7.47665568141734E-02     2.88479269059230E-01    -1.41644193234772E-01     1.73559764938431E-02     2.25160612027339E-02     2.38423000487411E-01    -3.81899295219044E-02     2.97248692790365E-01     5.20724047127872E-02    -3.91089248101674E-01
         3.84362830743163     2.37228597432717E-01     1.14637694722424E-01     9.37427116740569E-02     1.82219385424144E-01     2.73084494087093E-01    -7.59800304299479E-02    -2.27593089996893E-03     3.76862718630841E-01    -9.47795760440491E-02    -5.88992767568201E-02    -1.02004736424756E-01     4.49987785507834E-01
         1.68083261404695    -6.88387993660475E-01    -4.91597327895646E-01    -4.95888273545769E-02    -3.15696721803340E-01     7.10399487584923E-01    -4.20529320874721E-01     1.54919359835941E-01     6.01640518399405E-01    -1.20438665925877E-01     5.32539739478340E-01    -4.55987553880697E-02    -7.09207894365534E-01
         0.62762838600659    -1.99662112058069E-01    -4.36946093666132E-01     2.91505451921794E-02     8.48822779241689E-01     5.04636603835451E-01    -4.52199661388643E-02    -2.29529001547107E-01     6.07151975327814E-01    -5.39846387190611E-02    -3.71115417027917E-01    -8.03498860721244E-01    -2.30937013019215E-01
         0.20915226996615    -3.88689442045788E-01     5.35309651223154E-01    -7.12067911586812E-01     2.23441778845601E-01     3.08571924720631E-01     7.09097021099525E-01    -5.46237062369990E-01     2.61436415545533E-01     6.98184654180600E-01    -4.55558302658638E-01    -5.77395919960821E-01     2.76835736365813E-01
         0.05908643708107    -4.94815335265888E-01     5.14636024992932E-01     6.89400282270859E-01     1.16125137881740E-01     2.25432062925338E-01     5.58764229949121E-01     7.90208420745228E-01    -4.66382916398509E-02     6.96187285467859E-01     5.28503070786974E-01    -7.62088207077320E-02    -1.07770249007734E-01
MN TZVP-MOLOPT-PBE-GTH-q15
 1
 2 0 3 6 4 3 3 1
         7.84483957911887     1.84547840357355E-01     5.34950135182282E-02     7.47665568141734E-02     2.88479269059230E-01    -1.41644193234772E-01     1.73559764938431E-02     2.25160612027339E-02     2.38423000487411E-01    -3.81899295219044E-02     2.97248692790365E-01     5.20724047127872E-02
         3.84362830743163     2.37228597432717E-01     1.14637694722424E-01     9.37427116740569E-02     1.82219385424144E-01     2.73084494087093E-01    -7.59800304299479E-02    -2.27593089996893E-03     3.76862718630841E-01    -9.47795760440491E-02    -5.88992767568201E-02    -1.02004736424756E-01
         1.68083261404695    -6.88387993660475E-01    -4.91597327895646E-01    -4.95888273545769E-02    -3.15696721803340E-01     7.10399487584923E-01    -4.20529320874721E-01     1.54919359835941E-01     6.01640518399405E-01    -1.20438665925877E-01     5.32539739478340E-01    -4.55987553880697E-02
         0.62762838600659    -1.99662112058069E-01    -4.36946093666132E-01     2.91505451921794E-02     8.48822779241689E-01     5.04636603835451E-01    -4.52199661388643E-02    -2.29529001547107E-01     6.07151975327814E-01    -5.39846387190611E-02    -3.71115417027917E-01    -8.03498860721244E-01
         0.20915226996615    -3.88689442045788E-01     5.35309651223154E-01    -7.12067911586812E-01     2.23441778845601E-01     3.08571924720631E-01     7.09097021099525E-01    -5.46237062369990E-01     2.61436415545533E-01     6.98184654180600E-01    -4.55558302658638E-01    -5.77395919960821E-01
         0.05908643708107    -4.94815335265888E-01     5.14636024992932E-01     6.89400282270859E-01     1.16125137881740E-01     2.25432062925338E-01     5.58764229949121E-01     7.90208420745228E-01    -4.66382916398509E-02     6.96187285467859E-01     5.28503070786974E-01    -7.62088207077320E-02
MN DZVP-MOLOPT-PBE-GTH-q15
 1
 2 0 3 6 3 2 2 1
         7.84483957911887     1.84547840357355E-01     5.34950135182282E-02     7.47665568141734E-02    -1.41644193234772E-01     1.73559764938431E-02     2.38423000487411E-01    -3.81899295219044E-02     5.20724047127872E-02
         3.84362830743163     2.37228597432717E-01     1.14637694722424E-01     9.37427116740569E-02     2.73084494087093E-01    -7.59800304299479E-02     3.76862718630841E-01    -9.47795760440491E-02    -1.02004736424756E-01
         1.68083261404695    -6.88387993660475E-01    -4.91597327895646E-01    -4.95888273545769E-02     7.10399487584923E-01    -4.20529320874721E-01     6.01640518399405E-01    -1.20438665925877E-01    -4.55987553880697E-02
         0.62762838600659    -1.99662112058069E-01    -4.36946093666132E-01     2.91505451921794E-02     5.04636603835451E-01    -4.52199661388643E-02     6.07151975327814E-01    -5.39846387190611E-02    -8.03498860721244E-01
         0.20915226996615    -3.88689442045788E-01     5.35309651223154E-01    -7.12067911586812E-01     3.08571924720631E-01     7.09097021099525E-01     2.61436415545533E-01     6.98184654180600E-01    -5.77395919960821E-01
         0.05908643708107    -4.94815335265888E-01     5.14636024992932E-01     6.89400282270859E-01     2.25432062925338E-01     5.58764229949121E-01    -4.66382916398509E-02     6.96187285467859E-01    -7.62088207077320E-02
S TZV2P-MOLOPT-PBE-GTH-Q6
 1
 2 0 3 4 3 3 2 1
         1.90928473004308     3.15669989593405E-01    -1.65456324788273E-01     3.10548000189879E-01     2.12914054759076E-01     1.55419933935669E-01    -7.11939992762134E-01     7.69801068642102E-02    -1.88997576689492E-01    -1.06596717424030E-01
         1.19506924590343    -6.18859553620396E-02    -9.38673161414144E-02    -9.35734177878882E-01    -3.46018377109546E-01    -2.07811881091118E-01     5.31802271666964E-01     3.74453729277594E-01     9.11097678000808E-01     4.72918833714747E-01
         0.37255650459583    -7.61235407877732E-01     5.43670742015259E-01     1.15196623983730E-01    -8.19216679563436E-01    -3.21721314227605E-01    -4.50938487460970E-01     8.99702285348994E-01    -3.66075556598411E-01     8.72423546594614E-01
         0.11964558871342    -5.63065928637358E-01    -8.17456577332731E-01     1.21207366732185E-01    -4.04750441523642E-01     9.10579080686826E-01     8.35599849337092E-02     2.10699467287116E-01     1.30239782017600E-02     6.21455702329570E-02
S TZVP-MOLOPT-PBE-GTH-q6
 1
 2 0 2 4 3 3 1
         1.90928473004308     3.15669989593405E-01    -1.65456324788273E-01     3.10548000189879E-01     2.12914054759076E-01     1.55419933935669E-01    -7.11939992762134E-01     7.69801068642102E-02
         1.19506924590343    -6.18859553620396E-02    -9.38673161414144E-02    -9.35734177878882E-01    -3.46018377109546E-01    -2.07811881091118E-01     5.31802271666964E-01     3.74453729277594E-01
         0.37255650459583    -7.61235407877732E-01     5.43670742015259E-01     1.15196623983730E-01    -8.19216679563436E-01    -3.21721314227605E-01    -4.50938487460970E-01     8.99702285348994E-01
         0.11964558871342    -5.63065928637358E-01    -8.17456577332731E-01     1.21207366732185E-01    -4.04750441523642E-01     9.10579080686826E-01     8.35599849337092E-02     2.10699467287116E-01
S DZVP-MOLOPT-PBE-GTH-q6
 1
 2 0 2 4 2 2 1
         1.90928473004308     3.15669989593405E-01    -1.65456324788273E-01     2.12914054759076E-01     1.55419933935669E-01     7.69801068642102E-02
         1.19506924590343    -6.18859553620396E-02    -9.38673161414144E-02    -3.46018377109546E-01    -2.07811881091118E-01     3.74453729277594E-01
         0.37255650459583    -7.61235407877732E-01     5.43670742015259E-01    -8.19216679563436E-01    -3.21721314227605E-01     8.99702285348994E-01
         0.11964558871342    -5.63065928637358E-01    -8.17456577332731E-01    -4.04750441523642E-01     9.10579080686826E-01     2.10699467287116E-01
O TZV2P-MOLOPT-PBE-GTH-Q6
 1
 2 0 3 5 3 3 2 1
        10.34256722623639    -1.36598767253985E-01     5.35898017733314E-02    -1.18707008771107E-01    -9.23673397522993E-02     5.82948619873808E-02     9.18414097966573E-02    -9.48396929864874E-02     1.47739306049945E-01    -6.27421636348332E-05
         3.67715896642206    -1.53365311059511E-01     9.09944842814309E-02    -2.82507973527509E-01    -2.98268574244154E-01     1.75273022378177E-01     2.27281538167357E-01     1.72695668110757E-01    -2.69128753144972E-01     1.08668748395417E-04
         1.30046451996361     5.48021970885945E-01    -2.61169567089594E-01     6.98682645593308E-01    -5.68604037326135E-01     3.64979965319240E-01     5.95584075165259E-01     4.96837623369842E-01    -7.73936715688092E-01     3.17226823696088E-04
         0.46645021946921     7.84538402757388E-01    -4.08365744734644E-02    -6.15550727563364E-01    -6.49207117094457E-01     1.42847181972710E-01    -7.45101990481658E-01     8.41535542399250E-01     5.40201745515093E-01     9.99999938769363E-01
         0.14793951916337     2.04917720496501E-01     9.58629734771334E-01     1.97579739611495E-01    -3.97144432185278E-01    -9.01257668045223E-01     1.73236517641798E-01    -7.84343402663362E-02     1.22257293978271E-01     7.79931889816245E-05
O TZVP-MOLOPT-PBE-GTH-q6
 1
 2 0 2 5 3 3 1
        10.34256722623639    -1.36598767253985E-01     5.35898017733314E-02    -1.18707008771107E-01    -9.23673397522993E-02     5.82948619873808E-02     9.18414097966573E-02    -9.48396929864874E-02
         3.67715896642206    -1.53365311059511E-01     9.09944842814309E-02    -2.82507973527509E-01    -2.98268574244154E-01     1.75273022378177E-01     2.27281538167357E-01     1.72695668110757E-01
         1.30046451996361     5.48021970885945E-01    -2.61169567089594E-01     6.98682645593308E-01    -5.68604037326135E-01     3.64979965319240E-01     5.95584075165259E-01     4.96837623369842E-01
         0.46645021946921     7.84538402757388E-01    -4.08365744734644E-02    -6.15550727563364E-01    -6.49207117094457E-01     1.42847181972710E-01    -7.45101990481658E-01     8.41535542399250E-01
         0.14793951916337     2.04917720496501E-01     9.58629734771334E-01     1.97579739611495E-01    -3.97144432185278E-01    -9.01257668045223E-01     1.73236517641798E-01    -7.84343402663362E-02
O DZVP-MOLOPT-PBE-GTH-q6
 1
 2 0 2 5 2 2 1
        10.34256722623639    -1.36598767253985E-01     5.35898017733314E-02    -9.23673397522993E-02     5.82948619873808E-02    -9.48396929864874E-02
         3.67715896642206    -1.53365311059511E-01     9.09944842814309E-02    -2.98268574244154E-01     1.75273022378177E-01     1.72695668110757E-01
         1.30046451996361     5.48021970885945E-01    -2.61169567089594E-01    -5.68604037326135E-01     3.64979965319240E-01     4.96837623369842E-01
         0.46645021946921     7.84538402757388E-01    -4.08365744734644E-02    -6.49207117094457E-01     1.42847181972710E-01     8.41535542399250E-01
         0.14793951916337     2.04917720496501E-01     9.58629734771334E-01    -3.97144432185278E-01    -9.01257668045223E-01    -7.84343402663362E-02
F TZV2P-MOLOPT-PBE-GTH-Q7
 1
 2 0 3 5 3 3 2 1
        13.30428004732790     1.38292090777636E-01    -4.13851185732434E-02    -3.68601172475513E-01    -9.35531482386367E-02     5.06296345689289E-02     1.31156005847365E-01    -3.26022751966033E-02     1.00541308351024E-01     9.72064409635608E-05
         4.80605774544240     1.37268979809070E-01    -3.39565337061055E-02    -2.68712697428403E-01    -2.95910126104609E-01     1.05677150923709E-01    -3.03933997040743E-01     1.33191225710905E-01    -4.08920622745241E-01     5.04092340544058E-06
         1.70698523266130    -5.18264453672791E-01     1.04861752881122E-01     6.94838249064691E-01    -5.65276724858415E-01     3.02716360438154E-01     7.47866109869779E-01     2.66499643835383E-01    -8.18034852203344E-01     5.83002400834836E-05
         0.58735472443375    -8.26267224974586E-01     4.59440905301858E-02    -5.51244775686392E-01    -6.52493507471700E-01     2.40526134346493E-01    -5.71224059806739E-01     9.50822081343244E-01     3.09737546860849E-01     9.99999990598423E-01
         0.17874874061685    -1.03522721189923E-01    -9.91981541717081E-01     7.24959778581021E-02    -3.97994287350983E-01    -9.14756231842929E-01     6.94376178966045E-02     7.81824693351836E-02    -2.39910404638869E-01    -7.70047573235798E-05
F TZVP-MOLOPT-PBE-GTH-q7
 1
 2 0 2 5 3 3 1
        13.30428004732790     1.38292090777636E-01    -4.13851185732434E-02    -3.68601172475513E-01    -9.35531482386367E-02     5.06296345689289E-02     1.31156005847365E-01    -3.26022751966033E-02
         4.80605774544240     1.37268979809070E-01    -3.39565337061055E-02    -2.68712697428403E-01    -2.95910126104609E-01     1.05677150923709E-01    -3.03933997040743E-01     1.33191225710905E-01
         1.70698523266130    -5.18264453672791E-01     1.04861752881122E-01     6.94838249064691E-01    -5.65276724858415E-01     3.02716360438154E-01     7.47866109869779E-01     2.66499643835383E-01
         0.58735472443375    -8.26267224974586E-01     4.59440905301858E-02    -5.51244775686392E-01    -6.52493507471700E-01     2.40526134346493E-01    -5.71224059806739E-01     9.50822081343244E-01
         0.17874874061685    -1.03522721189923E-01    -9.91981541717081E-01     7.24959778581021E-02    -3.97994287350983E-01    -9.14756231842929E-01     6.94376178966045E-02     7.81824693351836E-02
F DZVP-MOLOPT-PBE-GTH-q7
 1
 2 0 2 5 2 2 1
        13.30428004732790     1.38292090777636E-01    -4.13851185732434E-02    -9.35531482386367E-02     5.06296345689289E-02    -3.26022751966033E-02
         4.80605774544240     1.37268979809070E-01    -3.39565337061055E-02    -2.95910126104609E-01     1.05677150923709E-01     1.33191225710905E-01
         1.70698523266130    -5.18264453672791E-01     1.04861752881122E-01    -5.65276724858415E-01     3.02716360438154E-01     2.66499643835383E-01
         0.58735472443375    -8.26267224974586E-01     4.59440905301858E-02    -6.52493507471700E-01     2.40526134346493E-01     9.50822081343244E-01
         0.17874874061685    -1.03522721189923E-01    -9.91981541717081E-01    -3.97994287350983E-01    -9.14756231842929E-01     7.81824693351836E-02
