# Molybdenum def2-SVP (7s,6p,5d,1f) -> [5s,3p,2d,1f]
Mo SVP-MOLOPT-PBE-q14
    1
1 0 3 7 5 3 2 1
      7.2033800000          -0.89310617237  0.00  0.00  0.00  0.00  0.00  0.00  0.00  0.00  0.00  0.00
      5.0522950000           1.6074095756   0.00  0.00  0.00  0.00 -0.70  0.00  0.00 -0.02  0.00  0.00
      2.9135330000           0.27804186088  0.00  0.00  0.00  0.00  0.70  0.00  0.00  0.20  0.00  0.00
      0.97858218681          0.0000000      1.00  0.00  0.00  0.00  0.65  0.00  0.00  0.43  0.00  0.00
      0.44369153753          0.0000000      0.00  1.00  0.00  0.00  0.27  0.00  0.00  0.41  0.00  1.00
      0.92150090705E-01      0.0000000      0.00  0.00  1.00  0.00  0.00  1.00  0.00  0.00  1.00  0.00
      0.34802246935E-01      0.0000000      0.00  0.00  0.00  1.00  0.00  0.00  1.00  0.00  0.00  0.00

AL SVP-MOLOPT-PBE-AE
 3
 1 0 0 5 1
      5887.76564985927780     8.08329183631207E-03
       885.61793120195614     6.46609272511959E-02
       201.17662046469465     2.73825762630539E-01
        56.17289934655495     7.31654464730571E-01
        16.85699811380921     6.20850079197652E-01
 1 0 0 5 3
        29.25006508324461     1.15110742820419E-01     3.54642271544876E-03    -2.94292705038565E-02
         3.02754908288506    -7.24058083829591E-01    -2.73522095997273E-01     3.58785941291633E-01
         1.08659153844896    -6.75452003877098E-01     1.86792747247580E-01    -3.85985822122173E-01
         0.22740617710523    -7.87081700691270E-02     9.32462804807733E-01     5.15666841482762E-02
         0.09327756840295     7.68261356150844E-03     1.44203582178042E-01     8.47798554242522E-01
 1 1 2 7 3 1
       145.05298360697188     1.66692313111525E-02    -4.19791359422863E-04    -3.58736644292308E-03    -2.66042201096219E-03
        33.68554703246697     1.07745121687986E-01    -1.36513924113383E-02     8.02263547626426E-03    -4.55689330885671E-03
        10.28701172852607     3.97853545398269E-01    -9.93445941870373E-03    -9.68224337333587E-02     2.86006828619727E-02
         3.27517801560679     7.61624363825554E-01    -1.13823439041484E-01     7.41949928158196E-02    -9.86853680211961E-03
         1.05469266435421     4.89490843752306E-01     7.42326219376125E-02    -2.06707694420671E-01     2.97305507031039E-01
         0.28043016647681     5.06060521158605E-02     9.88365732912790E-01    -4.17473082136354E-02     9.06700787042111E-01
         0.07189925653065     8.71306587441356E-02     6.61943377133160E-02     9.69831108396320E-01     2.97590134355193E-01
SI SVP-MOLOPT-PBE-AE
 3
 1 0 0 5 1
      6903.59526528482002     7.90438458506956E-03
      1038.47970998727669     6.37222937737922E-02
       235.94260524557674     2.70805597784413E-01
        66.09157895351893     7.27060997767843E-01
        19.82152975326310     6.27633351339771E-01
 1 0 0 5 3
        34.22023241364037     1.19410556428656E-01    -9.33471053935925E-03    -1.18021683536850E-02
         3.60195913384409    -7.52601311305746E-01    -1.18831632043657E-01     2.13707014695224E-01
         1.33432737150384    -6.36976589976605E-01    -3.60818441491701E-02    -3.03573771626314E-01
         0.33338305200004    -1.04711471726092E-01     9.76318021562347E-01    -1.51298994209681E-01
         0.14650847309932    -5.12710127167665E-02     1.76898636796237E-01     9.16046723821400E-01
 1 1 2 7 3 1
       179.80230838616103     1.57406930130952E-02     3.09661399246433E-05     4.89681105231883E-03     4.86056836780689E-03
        41.95562622759873     1.01651885029655E-01     1.05331555518185E-02     1.04927263267089E-02    -9.67073527676059E-03
        12.91644728459194     3.92363756698080E-01     2.19817140413546E-02     9.82293826680489E-03     1.71546927888936E-02
         4.23163922289192     7.35764570517397E-01    -2.68343660098643E-02     1.99359169605237E-01     5.35307915251087E-03
         1.40385185679736     5.26179287254157E-01     1.20628313529896E-01    -6.43385723325430E-02     2.60629142988229E-01
         0.36058656146596    -5.13252846937954E-02     9.91816803472698E-01    -7.64605015565176E-03     9.51089846299313E-01
         0.10048116284445    -1.20918885498976E-01     2.08329318149101E-02     9.77664278441784E-01     1.64500659283859E-01
P SVP-MOLOPT-PBE-AE
 3
 1 0 0 5 1
      8002.48155347461579     7.94375601210656E-03
      1203.61999906783853     6.25055505329215E-02
       273.35463100896362     2.68040140710475E-01
        76.53593782019827     7.26335850012515E-01
        22.79878583203780     6.29778269589784E-01
 1 0 0 5 3
        39.91462164469178     1.16691655594697E-01    -2.65850757234754E-02     1.22896386198334E-03
         4.19433326740894    -7.57266020298398E-01     1.05153259039863E-01    -3.05464261895798E-03
         1.57462825325275    -6.39740940204358E-01    -4.63754290419714E-02    -4.06665364067331E-02
         0.34718451731416     5.64886012198208E-02     9.85682895631531E-01    -1.22753753351109E-01
         0.11558062700184    -2.17209432269073E-02     1.20476448746993E-01     9.91598158359116E-01
 1 1 2 7 3 1
       219.56085645850590     1.45643159907647E-02     3.84664175001889E-03    -3.25524931366788E-03     2.62026532564054E-03
        51.31372472892709     9.85700759969381E-02     3.87243883153066E-03     5.09458331711824E-03    -8.63217641830208E-03
        15.96513988629049     3.77425974096409E-01     3.63271005348519E-02    -5.71111630687712E-03     1.74014092741508E-02
         5.26632950469177     7.55007129117811E-01    -2.46796027010825E-02     7.34521471295530E-02    -2.37615492404968E-03
         1.77666183264770     5.21261746028724E-01     1.41950987855114E-01    -4.36843786032273E-02     2.90063887840276E-01
         0.44388392433760    -6.83636767077984E-02     9.87155000078020E-01    -5.05947026760102E-02     9.49583764350574E-01
         0.12755685241191    -3.46163214454569E-02     5.84498880231003E-02     9.95021338933238E-01     1.17319137551101E-01
S SVP-MOLOPT-PBE-AE
 3
 1 0 0 5 1
      9184.96860696107433    -7.71786840291379E-03
      1381.51400838981726    -6.24039790772488E-02
       313.89281891758924    -2.64955476073617E-01
        87.51457876494304    -7.29865325618015E-01
        25.93139624764258    -6.27009872379816E-01
 1 0 0 5 3
        45.48284978592206    -1.17170830297159E-01    -3.16680267451197E-02     7.98216380988980E-03
         4.87633307381987     7.61443727008839E-01     1.27227635333993E-01    -2.80177602679909E-02
         1.86406639687820     6.26717336923555E-01    -1.01322679524423E-02    -7.26181990838241E-02
         0.43025042118793    -1.11972074429798E-01     9.38663299177241E-01    -3.17638615698873E-01
         0.15287248143189     3.40893131890180E-02     3.18777058166406E-01     9.44978093475824E-01
 1 1 2 7 3 1
       262.03717999008273    -1.40783640264207E-02     5.05186350960515E-03    -5.91979864920292E-03     2.73567974708351E-03
        61.24324399362200    -9.50073267501190E-02    -9.97714102551337E-03     2.54477408773938E-03    -6.54868553542722E-03
        18.81757601711188    -3.86400409125808E-01     3.47067320851586E-02    -4.64624726240281E-02     2.01706189417252E-02
         6.03024687952456    -7.73455398949426E-01    -6.81153146748286E-02    -4.07603942016890E-02    -2.20075057424989E-02
         2.04326094618689    -4.83921927804103E-01     1.73437851923462E-01    -7.00014248570173E-02     3.00876144437373E-01
         0.46190328828318     5.57301141088318E-02     9.72479700780142E-01    -1.25789697052281E-01     9.17113664398799E-01
         0.13202620214187    -7.71401281131002E-02     1.35030459813691E-01     9.87631035176833E-01     2.59681572080285E-01
CL SVP-MOLOPT-PBE-AE
 3
 1 0 0 5 1
     10449.73865986333476     7.92960573941961E-03
      1571.78177464848341     6.21680867531297E-02
       357.17329535888280     2.69577117620510E-01
       100.08667457398440     7.19173472798793E-01
        30.61002596530858     6.37330325671244E-01
 1 0 0 5 3
        51.91245118574216    -1.18096328736624E-01    -6.40377047377502E-02     3.89634888740844E-02
         5.60412729707609     7.74483936348342E-01    -1.94653261999477E-01     5.74322043222265E-01
         2.19075124977087     6.12385827448821E-01     3.85229430631324E-01    -6.60064309823226E-01
         0.56484358945251    -5.02206802462349E-02     5.97599003556938E-01     4.62892544090272E-01
         0.20200153999791    -9.32167961943450E-02     6.72668563772758E-01     1.36680784044379E-01
 1 1 2 7 3 1
       307.66262352364191    -1.41860191757227E-02     4.53707609941391E-03    -4.23704216636409E-03     5.12444630001981E-03
        72.14728379673939    -8.85277776059411E-02    -4.94482703049275E-03    -1.47096881368280E-02    -3.60621072277412E-03
        22.55518606717056    -3.78386770918235E-01    -9.49655880131227E-04     2.33703317777841E-03     7.21261594348665E-03
         7.24782137179115    -7.68325377362050E-01    -8.89706781187292E-02    -6.32538811770040E-02    -8.30729065003500E-03
         2.47105439082271    -5.07191220590418E-01     1.39408082259565E-01     2.81680450029277E-02     2.51018124766366E-01
         0.54359214040661     1.77332693550757E-03     9.86199274331532E-01    -1.36123356582741E-02     8.60344615069135E-01
         0.15406764967487    -3.48579490965011E-02     3.82859289817810E-03     9.97386797034736E-01     4.43437421456475E-01
H SVP-MOLOPT-PBE-AE
 1
 2 0 1 4 2 1
        12.24885489931877     9.13601065893484E-02    -2.92233653979741E-02    -2.98536765580705E-02
         1.44668572118719     5.46801357436806E-01    -1.89238960127749E-01     5.05674686289909E-01
         0.37494771895490     8.27248429081306E-01     2.01024168753657E-02     8.56401740098416E-01
         0.11192006491493     9.12230399173390E-02     9.81290224001215E-01     9.98895850325395E-02
B SVP-MOLOPT-PBE-AE
 2
 1 0 0 7 3
       839.32456154418310    -8.08476454892380E-03     5.42293630939449E-04    -1.13144893476012E-02
       126.17464277453013    -6.41169920724297E-02    -5.12563384317105E-03     2.30412615728091E-03
        28.33953198324206    -2.91109630498128E-01    -2.28967091806252E-02    -6.99056120212862E-02
         7.32911140552824    -7.26249894486993E-01    -1.08394696106634E-01    -8.67168157611935E-02
         2.20803105428043    -5.68884621430622E-01    -2.26861207294684E-01    -2.76166553285798E-02
         0.41020916208509    -1.15808224697267E-01     7.75218638612267E-01    -6.08610498585152E-01
         0.15169365534375    -2.15867237650488E-01     5.79024886626571E-01     7.85041816698970E-01
 2 1 2 4 2 1
         4.51087315495629    -1.52985966036637E-01    -5.36515554588876E-02    -1.48772523857171E-02
         0.88127364942332    -6.63754996160475E-01    -4.70275872066633E-01     6.10603551954354E-01
         0.27962536944541    -7.24172708216807E-01     3.20342150992908E-01     7.91418589257257E-01
         0.08213372463735    -1.07696276359866E-01     8.20574811364599E-01     2.44660229753563E-02
C SVP-MOLOPT-PBE-AE
 2
 1 0 0 7 3
      1238.39426419178358    -4.78406537374023E-03     1.27146911459613E-03    -5.36949721028131E-02
       186.27092160057330     7.27577956373038E-02    -3.87014813631117E-03     3.12678868824760E-02
        40.80523427140306     2.82729712730794E-01     3.91219182986007E-02    -1.20909941390461E-01
        10.50190712188572     7.36614416920618E-01    -1.03553210085742E-02    -1.50059003947046E-01
         3.17652800649052     5.70205094939138E-01    -6.02785487184621E-02    -1.16302283183318E-01
         0.52377208128119    -9.67834489581362E-02     8.18843449080152E-01    -5.58118156557381E-01
         0.16127813865472     1.94024843588592E-01     5.69392264276621E-01     7.96228706387491E-01
 2 1 2 4 2 1
         4.14554558811762     2.38798494806177E-01    -1.02514582239433E-01     4.69156263784244E-02
         0.93752931792561     7.23206993243051E-01    -3.26894283377303E-01     7.30958288976847E-01
         0.30089930346209     6.40598750295380E-01     2.69762855262236E-01     6.78270396676493E-01
         0.09693513829087     9.78783169177316E-02     8.99921602054468E-01     5.87211441464886E-02
N SVP-MOLOPT-PBE-AE
 2
 1 0 0 7 3
      1713.05443342227522    -9.02267109872643E-03     3.54744015758891E-03    -8.48014533324300E-04
       257.99755360302373    -6.07027609710637E-02    -1.29122509479344E-02     9.61884783760317E-03
        57.69202644388076    -2.91056886183100E-01     6.69817372653438E-02    -5.03673508979993E-02
        14.65138025783163    -7.56095560798595E-01     1.02708502876140E-04    -1.06274936690858E-02
         4.40348733402154    -5.81552253154902E-01     5.46385314024127E-03    -2.00461137804448E-02
         0.66662912936985     3.60183764403149E-02     8.64889333414764E-01    -4.94508900898556E-01
         0.19101191930887    -1.84068349221356E-02     4.97263223073951E-01     8.67361542399629E-01
 2 1 2 4 2 1
        12.26817365346670    -9.79706976890647E-02    -2.60660726440463E-02    -3.94693063065687E-03
         2.32535393155006    -4.60186859856937E-01    -1.68910278576476E-01     2.13621248384777E-01
         0.63407322138920    -8.34182297956770E-01    -2.33857785713777E-01     9.18261304642697E-01
         0.16638378906980    -2.87697219633581E-01     9.57131346111484E-01     3.33386502985678E-01
O SVP-MOLOPT-PBE-AE
 2
 1 0 0 7 3
      2266.11882679815517    -6.53195164418799E-03     4.31511781018852E-03    -1.50255386286268E-02
       340.90332514956907    -6.49692043203330E-02    -8.38643395903430E-03     2.78970138112306E-02
        76.92814265988143    -2.68398557546813E-01     9.66356731438743E-02    -1.03149893654597E-01
        19.69260394517260    -7.46654382968193E-01     7.27513962145946E-02    -4.77845342576543E-02
         5.94653840051691    -5.84020787076508E-01     6.76448442348491E-02    -6.55152912382769E-02
         0.94188304160944     1.58317373375200E-01     7.83140450398519E-01    -5.91846167956205E-01
         0.29333843489112    -7.81743877443225E-03     6.06131205686227E-01     7.94668854066698E-01
 2 1 2 4 2 1
        16.36868614237306     1.01723539743118E-01    -2.55855611750852E-02     8.33706707858758E-03
         2.90797745788635     5.10732722414240E-01    -9.49942456369113E-02     1.82905409616553E-01
         0.75006795444374     8.35859133120747E-01    -1.43391921218567E-01     8.94419927848460E-01
         0.19193642427748     1.73620037138872E-01     9.84764047518226E-01     4.08030755106872E-01
F SVP-MOLOPT-PBE-AE
 2
 1 0 0 7 3
      2894.85760373222138    -1.89225166552882E-02    -1.69242373474079E-02     1.56429205622782E-01
       435.72006333230098    -5.47718508603712E-02     4.35884037952142E-03    -7.98432634961778E-02
        98.52635730461387    -2.73685193620500E-01     1.03734081139359E-01    -3.50907504362976E-02
        25.52164954648142    -7.37742492792940E-01     9.09854482000018E-02     1.19033433504314E-02
         7.74033527583515    -5.97666004055640E-01     7.53553007481536E-02    -4.08316440936961E-03
         1.29027540045465     1.18958584280118E-01     8.03005387331711E-01    -5.67628929674378E-01
         0.39691722964189     7.82215741311875E-02     5.74594975519432E-01     8.03469123562649E-01
 2 1 2 4 2 1
        20.86106496273842    -1.10459850494974E-01    -4.27931460741902E-02     1.87770753897563E-02
         3.47280160970880    -5.28022336274227E-01    -8.76852813264226E-03     1.42075306386988E-01
         0.85628499813330    -8.26328796839365E-01    -1.81029642926015E-01     9.03974169721402E-01
         0.22140677163303    -1.61776862802262E-01     9.82507062542321E-01     4.02855717635176E-01
