MO QZVPP-MOLOPT-PBE-Q14
 2
 1 0 2 6 2 1 1
        17.39787593759432    -3.00557989929104E-02    -1.27173764819820E-02     3.58365909399424E-03    -9.09303514943705E-02
        13.45497233097365    -9.41668523164209E-01    -2.48186253845962E-02     1.63090819303439E-02     2.24081649011846E-01
         8.90205297349163     2.72979239880752E-01    -2.35473543014470E-01     5.50318729740699E-02    -2.29107850341905E-01
         4.85259697674118     1.70600863870734E-01     5.96803798098180E-01    -4.72960897191919E-01     8.87789078178112E-02
         1.45242800891829     9.19657998292928E-02    -7.15984116309964E-01     8.16311941088308E-01     6.40045426820386E-01
         0.90856471977563    -1.66437054491978E-02    -2.73800084874116E-01     3.26550867025502E-01     6.86650446586864E-01
 1 0 4 6 5 4 3 3 2
         1.83191111865240    -4.91353603904469E-01     6.41766040732021E-02    -3.85398810662549E-01    -5.17308333273983E-01    -4.68222103278435E-01     1.63145671914239E-01     1.74498196360280E-01     2.15678921097924E-02    -1.33239695498414E-01    -9.01692927732101E-02     1.01853424734814E-03     1.15753282189485E-01     9.37568026246541E-01     7.90660437965695E-02     9.55605717379223E-02     3.47683189243573E-01    -5.19093113982115E-02
         0.54778286069042     5.08372871929625E-01    -4.17718822017219E-01    -3.47640798219660E-02    -3.90652456350552E-01     2.91680896121325E-01     2.89064843554738E-02    -4.41915366407100E-01    -7.16774263467126E-01    -3.77671003536139E-01     2.50535017065389E-01    -9.62403349251630E-02     6.78916870377916E-01    -7.05971772586783E-02     9.02685781078431E-01    -2.08671779033522E-01     8.64936116427540E-01    -1.80948604468313E-02
         0.28793095215735     2.52344500241348E-01     7.38551309668333E-01     3.38627322682484E-01     8.68455844836559E-02    -1.80045175032333E-01     9.38600141880285E-01    -2.48936838110029E-01     1.87764781417552E-01     6.87944733540804E-02     6.76942001913259E-01     1.65627781592761E-01     3.82987815669048E-01     6.31162312128603E-03     3.75938245613152E-01    -1.43553431696484E-02     1.20170700461562E-01     7.61268582131550E-01
         0.16959719072606    -3.32471916302919E-01    -3.85300298763881E-01     9.33405173371655E-02     6.60494516607177E-01    -1.19226766415521E-01    -1.15461699075195E-01     1.29296361006083E-01     4.54692405785935E-01    -1.58529074909229E-01    -3.85923633949923E-01    -7.26369235736030E-01     4.08901355119039E-01     1.04132282742187E-01     1.63967748961368E-01     7.31024944232606E-01     1.05162888952545E-01    -6.44030900219628E-01
         0.14370688180897    -1.89333452909974E-01    -2.74992462096381E-01     8.43613815525867E-01    -3.39241125955077E-01    -2.29270647421312E-01     2.59642148158299E-01     7.91112157727156E-01    -4.70415723609386E-01     1.61438249710768E-01    -5.54704587210082E-01     6.59800946329799E-01     4.50131896690039E-01     2.76620543130567E-01    -1.03102362942854E-01    -6.42234346868351E-01     2.92081600938357E-01     4.57536148840550E-02
         0.04604476240199    -5.38577924439083E-01     2.27721623417721E-01     1.23264065745195E-01    -1.44578847418456E-01     7.72330240368760E-01    -1.04077997226022E-01    -2.64037201846516E-01    -1.49925752364213E-01     8.85260041460236E-01    -1.19235060269503E-01     1.88319697508569E-02     9.57828334917556E-02    -1.69056029013749E-01     7.86491567844250E-03     1.59926388968812E-02    -1.42091598441571E-01     2.40614123095628E-02
C QZVPP-MOLOPT-PBE-AE
 3
 1 0 0 8 1
     67025.10701901487482     1.55242819581319E-04
     10039.96335431500120     1.79971855855663E-03
      2284.84440343404003     9.18465603393004E-03
       647.15582521948454     3.30943254643816E-02
       211.19400038923030     1.40054573872043E-01
        76.38630250999670     4.88904212464159E-01
        29.42939055659313     2.78742815383946E-01
        12.03316158077197     8.13926885458716E-01
 1 0 1 5 2 1
       105.22664287722547     1.24505987707591E-01    -1.23979079829649E-01     8.48724734240174E-03
        24.91583300068185     8.86899830964621E-01    -2.61079451396708E-01     7.12935689849336E-02
         7.80229155370005     4.00003776712541E-01     4.47986862457745E-01     2.93646788512991E-01
         3.21099181776232     6.52461897044525E-02     8.43161823281634E-01     4.71754813357094E-01
         1.56967041290132     1.83430810401738E-01     6.96607396504121E-02     8.28289896910713E-01
 1 0 4 4 4 3 3 2 1
         2.47850638544973     9.25363103371105E-01     3.63921965952564E-01    -4.09754907799388E-02     9.79027005345653E-02     8.73685730878957E-02     3.72622955903123E-01    -9.83513676753767E-02     4.18652943059247E-01    -8.11425670640435E-01    -2.99873003208179E-01     8.66784219363824E-01    -3.74034672761027E-01     4.58087622796984E-01
         0.78087017731256    -2.54208430662628E-01     7.69342245085598E-01    -2.12774533576705E-01    -5.46093015490870E-01     7.33644745126078E-01    -6.00104778885827E-01     2.48102701482297E-01     8.43800014184531E-01     5.13566081489940E-01    -1.18528266702603E-01     4.72493367712121E-01     8.15402228229376E-01     8.80208065556334E-01
         0.29223334789975    -1.80276620568274E-01     4.39776512878143E-01     7.84816560471271E-01     3.97693255169442E-01     5.19905537704389E-01     2.32993327506253E-01    -7.89436028296271E-01     2.94729082110152E-01    -2.41293925323745E-01     9.09144108822956E-01    -8.52078289092147E-02     3.90944163971848E-01    -9.54945193189171E-02
         0.09841607149407    -2.15827571862177E-01     2.86827354596128E-01    -5.80612584626446E-01     7.30778731527445E-01     4.28754419510502E-01     6.68386487318509E-01     5.52777364968373E-01     1.60829156214052E-01    -1.40055355380103E-01    -2.63598598880757E-01     1.34813799080373E-01    -2.05863863821392E-01    -7.91851498062194E-02
O QZVPP-MOLOPT-PBE-AE
 3
 1 0 0 8 1
    116506.38604434675653    -9.98096455193836E-05
     17504.60971368530591     2.33919295977431E-03
      3993.52399023383759     6.88020418607601E-03
      1133.09478918324885     4.13200618900893E-02
       369.82539210352701     1.15856592130636E-01
       133.78894948022503     3.83521465148008E-01
        52.21462909576736     4.11693815406844E-01
        21.67293595845605     8.17457382177472E-01
 1 0 1 5 2 1
       191.04192564330430    -5.10687570632457E-03     2.62695839052370E-02     1.26002594453494E-02
        45.06231751131436     7.10386627064769E-01    -6.24048153127723E-01     1.12036824182174E-01
        14.05235016622558     5.61186314944367E-01     2.63654168302179E-01     6.01861899721717E-01
         5.51919750076573     3.93930461642211E-01     7.34005739981864E-01     3.82904045403275E-01
         2.22318311118849     1.58787503341973E-01     3.99482759313346E-02     6.91690486537335E-01
 1 0 4 4 4 3 3 2 1
         4.07110969272635     8.35823185743741E-01     1.43707378138683E-01    -5.04975809725526E-01    -1.60459413041861E-01     1.72086536028372E-01     1.83573320585855E-01    -5.65096491463834E-01     5.87117703432284E-01    -6.86150954111257E-01     3.38448518372782E-01     7.96331496602706E-01    -4.06031379618403E-01     7.19190810290016E-01
         1.29660548931134    -3.21106263793023E-01     8.70808213615098E-01    -3.35156402976138E-01     1.62030885936799E-01     7.37714269017482E-01    -1.23907267761277E-01     5.94500398393531E-01     7.22514408166509E-01     6.34126435292987E-01    -1.48853997263073E-01     5.96617421514652E-01     6.47582903144410E-01     6.77717136798244E-01
         0.45442777800760     1.72702329034076E-01     4.19606306388715E-01     6.11297846324634E-01    -6.48397560346960E-01     6.52371782439809E-01     1.27228381173723E-01    -5.13977719496993E-01    -3.94104996625507E-02     3.37150724159123E-01     9.16679165386756E-01    -9.80648777410346E-02     6.03388801969736E-01     3.99419887891043E-02
         0.14870720086566     4.10443997485985E-01     2.12065537529809E-01     5.08905256619550E-01     7.26346592547186E-01    -2.39778831856476E-02     9.66830266380264E-01     2.51121754346111E-01     3.62922229719464E-01    -1.15801215165473E-01    -1.51639030780056E-01     1.69434240146108E-02    -2.27369426215928E-01    -1.47880689800770E-01
F QZVPP-MOLOPT-PBE-AE
 3
 1 0 0 8 1
    132536.04395257573924     2.19133884152562E-04
     19758.15592578060023     2.13098802939830E-03
      4485.33885808192372     9.36952235670608E-03
      1273.60032301696378     4.57116768597223E-02
       418.75079369228018     1.29815698472524E-01
       152.24712142839283     3.88984269444136E-01
        59.93506405237581     3.48051089779771E-01
        24.88806979770636     8.41734891149259E-01
 1 0 1 5 2 1
       240.82710880865446    -5.22362746235088E-02     7.61618022060436E-02     2.22155163398913E-02
        56.74054074501728     8.36915891686098E-01    -3.52431037520191E-01     9.17502257704855E-02
        18.02568816680041     5.06654331012575E-01     3.90319004241376E-01     6.94833984744179E-01
         7.22835931546723     1.13647744824332E-01     8.46604124895882E-01     5.19336475096237E-01
         2.54051853711273     1.65011335426585E-01     3.00711541924844E-02     4.88450331337750E-01
 1 0 4 4 4 3 3 2 1
         4.64152109972176     7.99092172965100E-01     3.57185510151160E-01    -4.75225254357118E-01     8.96167845059309E-02     2.14101203990999E-03     4.09061558167189E-01    -4.32260580718334E-01     5.23415929943841E-01    -8.45844703511436E-01    -9.90960844591549E-02     6.49830793177351E-01    -6.47812475723957E-01     7.18812892465629E-01
         1.55189089466188    -5.65383503262805E-01     6.20688611440661E-01    -5.16124369070663E-01    -1.69418940846506E-01     9.01357430415779E-01    -3.23634717094166E-01     1.52228377872265E-01     8.31684066132871E-01     4.84322390964955E-01     2.69070652276370E-01     7.59749389285090E-01     5.45754817250953E-01     6.81802537410497E-01
         0.54311529853246     1.47999793272877E-01     6.59726542294831E-01     7.03321697890184E-01    -2.19534826074957E-01     3.64587678140232E-01     2.81361980784028E-01    -7.13536840615867E-01    -1.67858516623561E-01    -2.20433972029506E-01     9.41600143248362E-01     1.96681952393344E-02     4.63299478087506E-01    -2.42238812327185E-02
         0.17933709925335    -1.41029268364327E-01     2.27870683409749E-01     1.14521537491829E-01     9.56593181325010E-01     2.33722107747691E-01     8.05459277239079E-01     5.29945741006902E-01     7.84913805373263E-02     3.72481291736264E-02    -1.76550617000047E-01     1.06755709662101E-02    -2.60469325156765E-01    -1.33665736760872E-01
H QZVPP-MOLOPT-PBE-AE
 2
 1 0 0 4 1
       190.54117440353127     1.96600972886938E-02
        28.48589623081718     5.38615245148400E-01
         6.82683105625948     8.41690491707832E-01
         1.91976916792120    -3.26222996883324E-02
 1 0 3 4 3 3 2 1
         3.13044722440195    -3.66327628299461E-01     2.56023465069061E-01     1.80301571342015E-01     9.57864765395543E-01    -2.86990854469403E-01     7.09708425215967E-03     9.99207337838246E-01    -1.14391682399844E-02     5.85140484472903E-01
         0.96627664577475     8.95826280526715E-01     1.78507674168198E-01     3.15139388181339E-01     2.45050348375012E-01     8.29767518144689E-01     5.01170647875718E-01     1.62635846128724E-02     9.81329325317073E-01     6.84086073735301E-01
         0.31928820204257    -2.30012077387642E-01     6.10224429055026E-01     6.40105374762635E-01    -1.47922353363481E-01    -4.66731275488582E-01     8.51205422301253E-01    -4.48915950780499E-03     1.60295348734119E-01    -4.27324109791794E-01
         0.10666805621490    -1.01949929465328E-01    -7.28157360590113E-01     6.77084646545968E-01     2.37570063441528E-02     1.06226323308904E-01    -1.55650063115620E-01     3.60560573643188E-02    -1.05675455413839E-01    -8.38508338830758E-02
