MO DZVP-MOLOPT-SCAN-GTH-Q14
 1
 2 0 3 6 3 2 2 1
         2.54468372351744    -1.79450200836521E-01    -3.63746429788612E-01     5.85912168084515E-01     5.42574717418136E-01     3.56825721519468E-01    -7.97002614306775E-01     3.98125017561983E-02     5.75463917959844E-03
         2.31624458403262     3.03753876708485E-01     2.33295852185351E-01     4.46717429362323E-01    -5.10624173422084E-01    -4.06373024226742E-01     3.49774394277804E-01     5.32986808659549E-01    -7.26397610650623E-03
         1.08341339475384     7.84409967953886E-01     1.76670659955597E-01    -1.01626154979829E-01    -2.30611165110333E-01    -1.82571478376935E-01     4.62890718563381E-01    -1.35769358420434E-01    -2.37520578386779E-01
         0.49304953123563     5.85373490065598E-02     3.06436923214911E-01    -3.69936652989199E-01    -2.97922438054167E-01    -2.75030019805119E-02    -1.55232248774799E-01     7.43099533486818E-01    -6.76563209484635E-01
         0.17115655125569     4.88431935723133E-01    -3.97917325684472E-01     2.78325964497559E-01    -4.96533437243876E-01     7.27613927221704E-01     6.38511915028553E-02     3.70274167997928E-01    -6.82661280431064E-01
         0.05724923145677     1.35054925552236E-01    -7.27878610820994E-01    -4.82186814917299E-01    -2.37467653933630E-01     3.79507025918167E-01    -1.69199516043236E-03     8.12824191202658E-02    -1.40477376804654E-01
C DZVP-MOLOPT-SCAN-GTH-Q4
 1
 2 0 2 5 2 2 1
         5.62346013427220    -1.55253500731420E-01     5.81156225081139E-02    -9.29774868419450E-02     6.15864535855770E-02    -8.37519672759395E-02
         2.09855872766266    -2.36394508865927E-01     1.09598535828912E-01    -2.48489734215218E-01     2.22870166784096E-01     2.49479844044917E-01
         0.82051076634244     4.67426079878225E-01    -1.58417931802923E-01    -5.81990872631545E-01     3.41552398929665E-01     5.62523929081207E-01
         0.31733139976061     8.30527918853097E-01     3.37009387490941E-03    -6.83456388910509E-01     8.65714462205002E-02     7.72454993535448E-01
         0.11111607198944     1.08398443456976E-01     9.79542309813727E-01    -3.51826701035020E-01    -9.06853538878833E-01     1.32761167386880E-01
O DZVP-MOLOPT-SCAN-GTH-Q6
 1
 2 0 2 5 2 2 1
        10.25781699497238    -1.37093335568261E-01     6.42341766590814E-02    -1.01541960662273E-01     5.12250917317880E-02    -1.55308630843787E-02
         3.64428735012608    -1.53382903419191E-01     6.95730187369108E-02    -2.97888826596963E-01     1.18416114723772E-01     1.12242705044625E-01
         1.40222472037927     4.52964005356058E-01    -1.60546208430784E-01    -5.48743422499672E-01     2.65706574607295E-01     4.02080210361362E-01
         0.52205700268808     8.05450964095097E-01    -2.63981031214717E-01    -6.95022929228448E-01     1.92118246587555E-01     9.01700430010169E-01
         0.16818943371335     3.22104729197730E-01     9.46346921445871E-01    -3.41723954857718E-01    -9.35865486749767E-01    -1.11481865840859E-01
F DZVP-MOLOPT-SCAN-GTH-Q7
 1
 2 0 2 5 2 2 1
        13.16645520019096     1.25688709752362E-01    -6.90191648196731E-02    -9.31572868763813E-02     5.00225599861602E-02    -1.02513605924922E-02
         4.67863609541364     1.25206371205048E-01    -7.54523660806367E-02    -2.93923292691458E-01     1.19602022797720E-01     4.04484470063397E-02
         1.68188350144516    -4.93940854057955E-01     2.15904735709196E-01    -5.53343548452151E-01     3.11861936412921E-01     4.51403790784568E-01
         0.58393450944632    -7.58234802751956E-01     3.05654861844976E-01    -6.44505933144035E-01     2.69615230808562E-01     8.90352206116421E-01
         0.18571155118612    -3.86817953873203E-01    -9.21685166349822E-01    -4.28198362261887E-01    -9.01799789070697E-01     4.20285554084608E-02
H DZVP-MOLOPT-SCAN-GTH-Q1
 1
 2 0 1 5 2 1
         9.16876514496744     4.30245721944096E-02    -3.89199332255518E-02    -1.03225299298647E-01
         2.16119406948452     1.67758655334156E-01    -2.29436993766244E-01     3.18679005482070E-01
         0.61986766123499     5.51924571472773E-01    -2.73974309763091E-01     4.58038932787715E-01
         0.41225503616229     4.20326460221825E-01     8.94936516623427E-01     2.25604019455304E-02
         0.16131600752250     6.99078574975625E-01    -2.64330500496994E-01     8.23091485416057E-01
