OS TZV2P-MOLOPT-PBE-GTH-Q16
 1
 2 0 3 6 4 3 3 2
         3.44583669179052     5.23768829581665E-01    -3.66429314451391E-01     4.12719688172789E-02     4.58258859562460E-01     6.08826974606566E-01    -7.52201895388827E-02     3.68246770186814E-02     1.27421497953512E-01     9.42530472030484E-02    -1.40273439354708E-02     7.85856441209681E-03     1.33112914835046E-02
         3.16893710719654    -4.90402750426747E-02     5.63187006641380E-01     9.54563600173661E-03    -4.35829688411235E-01    -5.12928688359407E-01     9.25303623437312E-02    -2.80847737452569E-02    -1.71202013178287E-01    -1.20926392688460E-01     4.74687133514540E-02     7.39542074736738E-03    -1.72982254350693E-02
         1.22022737531185    -7.39233343944343E-01    -4.73883240653803E-01     1.62135463090282E-02     1.77398629948762E-02    -5.00829439394089E-01    -3.75971789642977E-01     2.08019684576407E-01    -4.52506757728089E-01    -2.75630251450522E-01     2.54216939012223E-01    -1.64461755410916E-01     1.51559979033017E-02
         0.52225204932076    -2.14354689337893E-01    -2.49456301835631E-01    -9.51504073705281E-02    -1.23087397206143E-01    -3.26814654637972E-01     3.02927997994527E-02    -2.29721960836911E-01    -5.92289473749481E-01    -5.14082853132940E-01     6.16648809983821E-02    -8.18202432548429E-01     3.33201907442891E-02
         0.20183063290334    -3.28478663111347E-01     4.82765573916797E-01    -3.40847574317607E-01     7.27043210924698E-01    -8.93075479319786E-02     8.80566800134767E-01    -1.73874450317675E-01    -6.06927712747862E-01     6.14794918466219E-01    -5.02781484818991E-01    -5.47801631660943E-01     5.01834563614527E-02
         0.07083037538395    -1.51489810953389E-01     1.69391798513775E-01     9.34190535917796E-01     2.36631062394871E-01    -2.49016401419183E-02     2.60978400071071E-01     9.33583684364102E-01    -1.74708893699231E-01     5.08199924707226E-01     8.22394019779324E-01     5.73936707830378E-02     9.97830277271529E-01
OS TZVP-MOLOPT-PBE-GTH-q16
 1
 2 0 3 6 4 3 3 1
         3.44583669179052     5.23768829581665E-01    -3.66429314451391E-01     4.12719688172789E-02     4.58258859562460E-01     6.08826974606566E-01    -7.52201895388827E-02     3.68246770186814E-02     1.27421497953512E-01     9.42530472030484E-02    -1.40273439354708E-02     7.85856441209681E-03
         3.16893710719654    -4.90402750426747E-02     5.63187006641380E-01     9.54563600173661E-03    -4.35829688411235E-01    -5.12928688359407E-01     9.25303623437312E-02    -2.80847737452569E-02    -1.71202013178287E-01    -1.20926392688460E-01     4.74687133514540E-02     7.39542074736738E-03
         1.22022737531185    -7.39233343944343E-01    -4.73883240653803E-01     1.62135463090282E-02     1.77398629948762E-02    -5.00829439394089E-01    -3.75971789642977E-01     2.08019684576407E-01    -4.52506757728089E-01    -2.75630251450522E-01     2.54216939012223E-01    -1.64461755410916E-01
         0.52225204932076    -2.14354689337893E-01    -2.49456301835631E-01    -9.51504073705281E-02    -1.23087397206143E-01    -3.26814654637972E-01     3.02927997994527E-02    -2.29721960836911E-01    -5.92289473749481E-01    -5.14082853132940E-01     6.16648809983821E-02    -8.18202432548429E-01
         0.20183063290334    -3.28478663111347E-01     4.82765573916797E-01    -3.40847574317607E-01     7.27043210924698E-01    -8.93075479319786E-02     8.80566800134767E-01    -1.73874450317675E-01    -6.06927712747862E-01     6.14794918466219E-01    -5.02781484818991E-01    -5.47801631660943E-01
         0.07083037538395    -1.51489810953389E-01     1.69391798513775E-01     9.34190535917796E-01     2.36631062394871E-01    -2.49016401419183E-02     2.60978400071071E-01     9.33583684364102E-01    -1.74708893699231E-01     5.08199924707226E-01     8.22394019779324E-01     5.73936707830378E-02
OS DZVP-MOLOPT-PBE-GTH-q16
 1
 2 0 3 6 3 2 2 1
         3.44583669179052     5.23768829581665E-01    -3.66429314451391E-01     4.12719688172789E-02     6.08826974606566E-01    -7.52201895388827E-02     1.27421497953512E-01     9.42530472030484E-02     7.85856441209681E-03
         3.16893710719654    -4.90402750426747E-02     5.63187006641380E-01     9.54563600173661E-03    -5.12928688359407E-01     9.25303623437312E-02    -1.71202013178287E-01    -1.20926392688460E-01     7.39542074736738E-03
         1.22022737531185    -7.39233343944343E-01    -4.73883240653803E-01     1.62135463090282E-02    -5.00829439394089E-01    -3.75971789642977E-01    -4.52506757728089E-01    -2.75630251450522E-01    -1.64461755410916E-01
         0.52225204932076    -2.14354689337893E-01    -2.49456301835631E-01    -9.51504073705281E-02    -3.26814654637972E-01     3.02927997994527E-02    -5.92289473749481E-01    -5.14082853132940E-01    -8.18202432548429E-01
         0.20183063290334    -3.28478663111347E-01     4.82765573916797E-01    -3.40847574317607E-01    -8.93075479319786E-02     8.80566800134767E-01    -6.06927712747862E-01     6.14794918466219E-01    -5.47801631660943E-01
         0.07083037538395    -1.51489810953389E-01     1.69391798513775E-01     9.34190535917796E-01    -2.49016401419183E-02     2.60978400071071E-01    -1.74708893699231E-01     5.08199924707226E-01     5.73936707830378E-02
F TZV2P-MOLOPT-PBE-GTH-Q7
 1
 2 0 3 5 3 3 2 1
        13.30428004732790     1.38292090777636E-01    -4.13851185732434E-02    -3.68601172475513E-01    -9.35531482386367E-02     5.06296345689289E-02     1.31156005847365E-01    -3.26022751966033E-02     1.00541308351024E-01     9.72064409635608E-05
         4.80605774544240     1.37268979809070E-01    -3.39565337061055E-02    -2.68712697428403E-01    -2.95910126104609E-01     1.05677150923709E-01    -3.03933997040743E-01     1.33191225710905E-01    -4.08920622745241E-01     5.04092340544058E-06
         1.70698523266130    -5.18264453672791E-01     1.04861752881122E-01     6.94838249064691E-01    -5.65276724858415E-01     3.02716360438154E-01     7.47866109869779E-01     2.66499643835383E-01    -8.18034852203344E-01     5.83002400834836E-05
         0.58735472443375    -8.26267224974586E-01     4.59440905301858E-02    -5.51244775686392E-01    -6.52493507471700E-01     2.40526134346493E-01    -5.71224059806739E-01     9.50822081343244E-01     3.09737546860849E-01     9.99999990598423E-01
         0.17874874061685    -1.03522721189923E-01    -9.91981541717081E-01     7.24959778581021E-02    -3.97994287350983E-01    -9.14756231842929E-01     6.94376178966045E-02     7.81824693351836E-02    -2.39910404638869E-01    -7.70047573235798E-05
F TZVP-MOLOPT-PBE-GTH-q7
 1
 2 0 2 5 3 3 1
        13.30428004732790     1.38292090777636E-01    -4.13851185732434E-02    -3.68601172475513E-01    -9.35531482386367E-02     5.06296345689289E-02     1.31156005847365E-01    -3.26022751966033E-02
         4.80605774544240     1.37268979809070E-01    -3.39565337061055E-02    -2.68712697428403E-01    -2.95910126104609E-01     1.05677150923709E-01    -3.03933997040743E-01     1.33191225710905E-01
         1.70698523266130    -5.18264453672791E-01     1.04861752881122E-01     6.94838249064691E-01    -5.65276724858415E-01     3.02716360438154E-01     7.47866109869779E-01     2.66499643835383E-01
         0.58735472443375    -8.26267224974586E-01     4.59440905301858E-02    -5.51244775686392E-01    -6.52493507471700E-01     2.40526134346493E-01    -5.71224059806739E-01     9.50822081343244E-01
         0.17874874061685    -1.03522721189923E-01    -9.91981541717081E-01     7.24959778581021E-02    -3.97994287350983E-01    -9.14756231842929E-01     6.94376178966045E-02     7.81824693351836E-02
F DZVP-MOLOPT-PBE-GTH-q7
 1
 2 0 2 5 2 2 1
        13.30428004732790     1.38292090777636E-01    -4.13851185732434E-02    -9.35531482386367E-02     5.06296345689289E-02    -3.26022751966033E-02
         4.80605774544240     1.37268979809070E-01    -3.39565337061055E-02    -2.95910126104609E-01     1.05677150923709E-01     1.33191225710905E-01
         1.70698523266130    -5.18264453672791E-01     1.04861752881122E-01    -5.65276724858415E-01     3.02716360438154E-01     2.66499643835383E-01
         0.58735472443375    -8.26267224974586E-01     4.59440905301858E-02    -6.52493507471700E-01     2.40526134346493E-01     9.50822081343244E-01
         0.17874874061685    -1.03522721189923E-01    -9.91981541717081E-01    -3.97994287350983E-01    -9.14756231842929E-01     7.81824693351836E-02
O TZV2P-MOLOPT-PBE-GTH-Q6
 1
 2 0 3 5 3 3 2 1
        10.34256722623639    -1.36598767253985E-01     5.35898017733314E-02    -1.18707008771107E-01    -9.23673397522993E-02     5.82948619873808E-02     9.18414097966573E-02    -9.48396929864874E-02     1.47739306049945E-01    -6.27421636348332E-05
         3.67715896642206    -1.53365311059511E-01     9.09944842814309E-02    -2.82507973527509E-01    -2.98268574244154E-01     1.75273022378177E-01     2.27281538167357E-01     1.72695668110757E-01    -2.69128753144972E-01     1.08668748395417E-04
         1.30046451996361     5.48021970885945E-01    -2.61169567089594E-01     6.98682645593308E-01    -5.68604037326135E-01     3.64979965319240E-01     5.95584075165259E-01     4.96837623369842E-01    -7.73936715688092E-01     3.17226823696088E-04
         0.46645021946921     7.84538402757388E-01    -4.08365744734644E-02    -6.15550727563364E-01    -6.49207117094457E-01     1.42847181972710E-01    -7.45101990481658E-01     8.41535542399250E-01     5.40201745515093E-01     9.99999938769363E-01
         0.14793951916337     2.04917720496501E-01     9.58629734771334E-01     1.97579739611495E-01    -3.97144432185278E-01    -9.01257668045223E-01     1.73236517641798E-01    -7.84343402663362E-02     1.22257293978271E-01     7.79931889816245E-05
O TZVP-MOLOPT-PBE-GTH-q6
 1
 2 0 2 5 3 3 1
        10.34256722623639    -1.36598767253985E-01     5.35898017733314E-02    -1.18707008771107E-01    -9.23673397522993E-02     5.82948619873808E-02     9.18414097966573E-02    -9.48396929864874E-02
         3.67715896642206    -1.53365311059511E-01     9.09944842814309E-02    -2.82507973527509E-01    -2.98268574244154E-01     1.75273022378177E-01     2.27281538167357E-01     1.72695668110757E-01
         1.30046451996361     5.48021970885945E-01    -2.61169567089594E-01     6.98682645593308E-01    -5.68604037326135E-01     3.64979965319240E-01     5.95584075165259E-01     4.96837623369842E-01
         0.46645021946921     7.84538402757388E-01    -4.08365744734644E-02    -6.15550727563364E-01    -6.49207117094457E-01     1.42847181972710E-01    -7.45101990481658E-01     8.41535542399250E-01
         0.14793951916337     2.04917720496501E-01     9.58629734771334E-01     1.97579739611495E-01    -3.97144432185278E-01    -9.01257668045223E-01     1.73236517641798E-01    -7.84343402663362E-02
O DZVP-MOLOPT-PBE-GTH-q6
 1
 2 0 2 5 2 2 1
        10.34256722623639    -1.36598767253985E-01     5.35898017733314E-02    -9.23673397522993E-02     5.82948619873808E-02    -9.48396929864874E-02
         3.67715896642206    -1.53365311059511E-01     9.09944842814309E-02    -2.98268574244154E-01     1.75273022378177E-01     1.72695668110757E-01
         1.30046451996361     5.48021970885945E-01    -2.61169567089594E-01    -5.68604037326135E-01     3.64979965319240E-01     4.96837623369842E-01
         0.46645021946921     7.84538402757388E-01    -4.08365744734644E-02    -6.49207117094457E-01     1.42847181972710E-01     8.41535542399250E-01
         0.14793951916337     2.04917720496501E-01     9.58629734771334E-01    -3.97144432185278E-01    -9.01257668045223E-01    -7.84343402663362E-02
C TZV2P-MOLOPT-PBE-GTH-Q4
 1
 2 0 3 5 3 3 2 1
         5.26168129831067    -1.61141917378974E-01     9.96686652890171E-02    -1.17238307580140E-01    -9.87481588337120E-02     8.04369823930186E-02     7.08590015603763E-02    -7.94823942452603E-02     1.04464800757986E-01    -1.15487166610279E-05
         1.93765185829818    -1.80855958455182E-01     2.07650729566158E-01    -3.33811408541760E-01    -2.33439340416087E-01     3.08796108490828E-01     4.56576584711807E-01     2.69082041591327E-01    -3.53701545984790E-01     9.95236583846123E-02
         0.75874037796781     4.91788265416699E-01    -4.16657014983378E-01     5.95870904155683E-01    -5.45250710497427E-01     4.47197164192854E-01     3.99065341940114E-01     5.09051672136440E-01    -6.69295761141920E-01    -1.83046665174320E-05
         0.29195902016920     8.01306792979118E-01     6.03691230508770E-02    -5.88930355080236E-01    -6.71258492279101E-01     5.58623031841720E-02    -7.14283704651730E-01     7.95918282332624E-01     6.05404067152161E-01     9.95035195799905E-01
         0.09607356854063     2.39533150688254E-01     8.77325385770500E-01     4.15841346199326E-01    -4.33438086372545E-01    -8.33707955260866E-01     3.42143926326319E-01     1.69286404775650E-01    -2.22511620738430E-01    -8.52958759292650E-06
C TZVP-MOLOPT-PBE-GTH-q4
 1
 2 0 2 5 3 3 1
         5.26168129831067    -1.61141917378974E-01     9.96686652890171E-02    -1.17238307580140E-01    -9.87481588337120E-02     8.04369823930186E-02     7.08590015603763E-02    -7.94823942452603E-02
         1.93765185829818    -1.80855958455182E-01     2.07650729566158E-01    -3.33811408541760E-01    -2.33439340416087E-01     3.08796108490828E-01     4.56576584711807E-01     2.69082041591327E-01
         0.75874037796781     4.91788265416699E-01    -4.16657014983378E-01     5.95870904155683E-01    -5.45250710497427E-01     4.47197164192854E-01     3.99065341940114E-01     5.09051672136440E-01
         0.29195902016920     8.01306792979118E-01     6.03691230508770E-02    -5.88930355080236E-01    -6.71258492279101E-01     5.58623031841720E-02    -7.14283704651730E-01     7.95918282332624E-01
         0.09607356854063     2.39533150688254E-01     8.77325385770500E-01     4.15841346199326E-01    -4.33438086372545E-01    -8.33707955260866E-01     3.42143926326319E-01     1.69286404775650E-01
C DZVP-MOLOPT-PBE-GTH-q4
 1
 2 0 2 5 2 2 1
         5.26168129831067    -1.61141917378974E-01     9.96686652890171E-02    -9.87481588337120E-02     8.04369823930186E-02    -7.94823942452603E-02
         1.93765185829818    -1.80855958455182E-01     2.07650729566158E-01    -2.33439340416087E-01     3.08796108490828E-01     2.69082041591327E-01
         0.75874037796781     4.91788265416699E-01    -4.16657014983378E-01    -5.45250710497427E-01     4.47197164192854E-01     5.09051672136440E-01
         0.29195902016920     8.01306792979118E-01     6.03691230508770E-02    -6.71258492279101E-01     5.58623031841720E-02     7.95918282332624E-01
         0.09607356854063     2.39533150688254E-01     8.77325385770500E-01    -4.33438086372545E-01    -8.33707955260866E-01     1.69286404775650E-01
