SR TZVPP-MOLOPT-PBE-Q10
 2
 1 0 1 5 2 1
         9.97294002507167    -5.13770060867246E-01    -1.35900249822957E-01     3.09488418972552E-02
         8.40966124710822     8.14199626642571E-01     1.79645653004826E-01    -3.10053422225172E-02
         3.15334466233320    -2.67963385000844E-01     8.21918738367074E-01    -2.59337041963196E-01
         0.92190431465187     3.61700821237703E-02     7.80197651014094E-02     3.02535144011024E-01
         0.41162913962871    -2.57720577655148E-03    -5.17321046574684E-01     9.16131880922661E-01
 1 0 3 5 4 3 3 1
         3.20294244479704     1.99167004502326E-01     3.88996795178136E-01    -3.68770563425539E-02    -3.24294331710292E-02     2.71804549039582E-01     4.76934843890075E-01    -6.66052812800711E-01     7.77111017557440E-02    -7.92405687139738E-02     1.35598401288800E-01     4.77014222371823E-02
         0.64918654888036     8.05198732709092E-01     3.89540671521543E-01    -1.98980888034495E-01    -1.71822599214818E-01    -1.84870041678782E-01    -9.31591825918566E-02    -1.61018417450978E-01     6.89469111949828E-01    -1.02061226172482E-01    -1.54254117661411E-01     5.98898036647468E-01
         0.21265440474333    -5.47586126226359E-01     7.75026831012169E-01    -1.85026663074504E-01    -1.18783198568658E-01     9.19637103344472E-01     3.88558714336416E-02     2.08112476154847E-01     6.94846698860504E-01     2.35201122391348E-01    -9.29163516529461E-02     7.62425655586325E-01
         0.07022471807582     1.00426957809645E-01     3.04640958403632E-01     8.56688784495828E-01     3.90098192523950E-01    -2.13497747904818E-01     8.19882498993594E-01     1.06717514876082E-01    -9.46896843281356E-02     9.62965064155780E-01    -8.93893064045582E-03     2.38396358337406E-01
         0.02542515397474     4.52920044903457E-02     5.88800156745640E-02    -4.36916638940526E-01     8.96180382618709E-01    -2.51329386032604E-02     3.00228963428777E-01     6.89744365028969E-01     1.63753647579289E-01     2.61372459023515E-02     9.74220400046587E-01     3.03317004400193E-02
H TZVPP-MOLOPT-PBE-AE
 1
 1 0 2 5 3 2 1
        34.17773832674855    -4.67038702307212E-01     3.25930727691839E-01    -1.51283436822271E-01    -1.00054440080746E-01     7.49322156514700E-02     1.29694886730211E-02
         4.94770130521271    -8.38132979846024E-02     2.28656356488893E-01    -2.28133785557746E-02     1.35570007424312E-01    -4.78523016653350E-02    -4.42398660674758E-02
         1.06512662518152     8.14717082181122E-01     2.11440298046549E-01     2.96545250287854E-01     9.76472815332876E-01     6.34720246090092E-02     9.35175251752971E-01
         0.29382327136550    -1.33307568322592E-01     8.19165770735029E-01     3.66068869122815E-01    -2.64980945419224E-02     9.79893619096044E-01     2.87655408521357E-01
         0.09137129667664    -3.05475612542697E-01    -3.54606643763996E-01     8.68704419864991E-01     1.31941555275947E-01    -1.66958430843673E-01    -2.01435451376045E-01
F TZVPP-MOLOPT-PBE-AE
 2
 1 0 0 6 1
     35479.02878767263610     6.72585320603450E-04
      5318.56312951047130     8.20097950478645E-03
      1210.53207767191157     3.41581776414553E-02
       342.85143677005027     1.67981165419731E-01
       112.04698837680320     3.40179960458393E-01
        40.78491787387953     9.24567700620738E-01
 1 0 3 6 4 3 2 1
        79.87901815644609     1.16918239284466E-01    -1.68147951461107E-02    -2.12818697913285E-02    -7.26226478740978E-03    -2.45424567087636E-01     2.14619427519455E-01     6.35891870315225E-02     1.01451133211560E-01    -3.43565246327839E-02    -1.31870850864618E-02
        16.19635642859436     8.53271420269594E-01     1.38508493184948E-02     1.47303644984199E-01    -9.44612873543674E-02    -1.04048621424425E-01     1.57592183640012E-01     5.70164828779390E-02     5.65110690465166E-02     4.45853785965381E-03     1.05680763536942E-01
         5.77801148801512     4.75828101997680E-01     9.06865843098061E-03     4.56280442532806E-02    -3.42227538288100E-02     3.85471543429814E-01     1.08618595980577E-01    -3.86557846134089E-02     7.78219890128867E-01    -1.58938198405914E-01    -1.90738906372033E-01
         1.80048565891898     5.42202862380103E-03     9.84951172129337E-01    -1.65338157360219E-01    -4.82246452283413E-02     8.82036252116551E-01     2.29685585491659E-02     9.54990517737228E-02     5.96805252189064E-01     2.06883586435839E-01     7.91345089335059E-01
         0.61342852936985    -1.78123417267227E-01     1.16155230853301E-01     8.34960810060313E-01    -5.05012861636734E-01     2.35771402740000E-03     9.52591193174218E-01     7.86110613461027E-02     2.14870962580005E-02     9.58447372992515E-01     5.67195057415070E-01
         0.19458219035665     9.39552285204502E-03     1.25786831338083E-01     5.01268928973589E-01     8.55856016509765E-01    -4.85679584923393E-02    -9.66833470619191E-02     9.87882330256585E-01     1.55723360184243E-01    -1.10073678097833E-01    -6.58715646571095E-02
O TZVPP-MOLOPT-PBE-AE
 2
 1 0 0 6 1
     27032.34110717467047     7.35264897360634E-04
      4052.43915960016602     8.66846509689763E-03
       922.34965292725667     3.34607178584762E-02
       261.27735857055188     1.68914563970243E-01
        85.30942400544160     3.28333881314405E-01
        31.08080221478707     9.28692322525900E-01
 1 0 3 6 4 3 2 1
        62.91495630413323     1.16332726109966E-01    -5.81371416541881E-02     1.11937556008261E-02     5.75105170781195E-02    -1.16673038976174E-01     1.57254063503839E-01    -3.81929188419382E-02     1.36166697203113E-01    -8.71583721921845E-02     3.21000644845466E-04
        12.30944986692977     8.69241308775708E-01    -1.42460076990705E-02    -1.06600413011436E-01    -2.47597695986788E-02     1.45932079266690E-01    -6.05243600472558E-02     1.73638156652357E-02    -3.58452443966721E-02     4.76694147153259E-02     4.38837435813283E-02
         4.39539910954103     4.65741956926282E-01    -6.40342096322616E-02    -3.00344470998384E-02    -3.98106989985228E-03     3.91422103647488E-01     5.26377359502661E-02    -3.09523103597808E-02     7.70731222820744E-01    -3.53322944888660E-01    -1.34769543790620E-01
         1.33540846189799     9.21608149605863E-03     9.33076668604289E-01    -3.27550581669708E-01    -1.21459202569881E-01     9.00080356671289E-01     4.50466786404856E-02    -1.97504472088648E-02     5.53665920222864E-01     3.94485051877056E-01     9.40647803425498E-01
         0.45443287552085     9.32917636734327E-02     2.31107250617785E-01     8.41720615852045E-01    -4.78471205438802E-01    -3.61150582409544E-02     9.80775789580233E-01    -6.12678902654526E-02     1.14853463706434E-01     8.35162106564474E-01     2.94962206933611E-01
         0.14893102365245     7.19887781862831E-02     2.61293155746377E-01     4.14519004469322E-01     8.67396456641546E-01     2.07610475621550E-02     6.99062044682833E-02     9.96563053096360E-01     2.57701109533086E-01    -1.10361865139449E-01     8.99460419695147E-02
S TZVPP-MOLOPT-PBE-AE
 3
 1 0 0 7 1
     60700.94366395807447     8.62221922262633E-04
      9102.63045975282512     6.58114066512290E-03
      2071.46478936221865     3.37606270243409E-02
       585.93482287830705     1.31916746497162E-01
       190.47913006129434     3.83015696749392E-01
        67.66807502649665     7.19277158425508E-01
        24.76514807848007     5.63341355332923E-01
 1 0 1 5 1 1
       564.29994748762977    -1.00574746546293E-03     5.43973838625324E-03
       133.43593772359748     1.95795911791318E-02     4.01411842803258E-02
        42.45853750153181     1.79491615852029E-01     1.94773603391971E-01
        15.60204677258736     7.60015980310123E-02     5.12907070193976E-01
         6.41245540094229    -9.80623345131480E-01     8.35074053804572E-01
 1 0 3 5 3 4 3 1
         6.97974169262497    -1.31656492931084E-01    -3.49435720482791E-02     2.60745792249960E-02    -2.04676456768718E-02     2.35405160966626E-01    -9.68948142644655E-02    -2.97647950957065E-03     9.82903022915916E-02    -4.58088644661971E-02     8.64436828202630E-02    -3.34913871177732E-02
         2.58898151897930     9.62071337824640E-01    -9.92353221585030E-02    -6.71904133733868E-02     9.97046620525467E-01    -4.86590527658889E-02     2.73261660242076E-02     3.87436318177789E-02     9.88168452464528E-01    -5.84352510710973E-02     4.18412033047573E-03     3.21669286655233E-02
         0.96089457327268     2.08479193164192E-01     8.46023816383715E-02    -1.04337567607444E-01     5.69051907211020E-02     9.65809757047878E-01     6.66066440844520E-02    -8.80863479561083E-02     7.94107544148521E-02     9.79536615989028E-01     2.82613127632868E-02     4.12244961786603E-01
         0.33737394764153     4.24486333804668E-02     9.42543939158042E-01    -3.02973280284459E-01    -3.36055891031887E-02    -3.95796693716816E-02     9.92635254366953E-01     1.47529280095542E-02     7.00150639394903E-04    -5.65539466059057E-02     9.79623100512979E-01     9.08394125822953E-01
         0.10883542027229     1.08719125949087E-01     3.05589033484780E-01     9.44524445468930E-01    -3.33403003767745E-02     8.86660574162969E-02    -1.01726285065988E-02     9.95245305430876E-01    -8.69227697535795E-02     1.78315838972973E-01     1.79024752422017E-01     5.21327089366065E-02
