####################################################################################################
# Tellurium 
####################################################################################################
 Te ccGRB-D-q6 
   2
  1  0  1  4  2  2
   3.14011399636        0.0348225586   -0.0908434897   -0.0072455654   -0.0185695947
   1.01941346851       -0.5422906585    0.9285480523   -0.1427659630    0.3427948589
  0.330944615700        0.8216809345   -2.5131724530    0.5350378964   -1.5957945370
  0.107438583111        0.5404866163    1.8258726227    0.6234152259    1.3094166039
  2  2  2  1  1
  0.899079371126E-01    1.0000000000

 Te ccGRB-T-q6 
   3
  1  0  1  5  3  3
   2.48272507274        0.0676901655   -0.0254125430    0.5394310146    0.0020173113    0.0220542882    0.2040926551
   1.10575599435       -0.5531310519    0.3748635284   -3.2638552554   -0.1759277834    0.0719312920   -1.3375587261
  0.492481560877        0.2664929692    0.1461000773    7.2652285942    0.2566230415    0.0516511466    3.7860209298
  0.219341418036        0.7550978215   -2.6820165396   -6.6997353511    0.4409631412   -1.7625743093   -3.7520839791
  0.976902720592E-01    0.3106620859    2.4272829517    2.5229650170    0.4871532824    1.7593738657    1.5026359345
  2  2  2  2  2
  0.898368966237E-01    1.0000000000    0.0000000000
  0.318769978738E-01    0.0000000000    1.0000000000
  3 3 3 1 1
      0.3494000              1.0000000


 Te ccGRB-Q-q6 
   4
  1  0  1  6  4  4
   2.53567457239       -0.0634737905    0.0407800032   -0.4244263516   -1.1364092074   -0.0006474276   -0.0144370063   -0.1597156296   -1.0192193879
   1.09499343409        0.5551448267   -0.4671518628    2.7169439062    2.5575948870    0.1726699837   -0.1059837300    1.1273608301    3.1266921119
  0.472856664556       -0.3188888632    0.1930860117   -6.2445643159   -0.4862837755   -0.2784905422    0.0939676473   -3.3897642520   -2.6020579123
  0.204196133286       -0.7752721589    2.2120967533    5.7702862978   -2.7817641877   -0.4806557435    1.5378421211    3.4339466322    0.8782135366
  0.881790698417E-01   -0.2501678298   -2.2731288292   -2.0116820260    4.1904015858   -0.4410515265   -1.7180686473   -1.3965973562    0.4342801176
  0.380788227133E-01    0.0059294273    0.0404226017   -0.1977212620   -2.3699145428    0.0159342844    0.0490105776   -0.0266127175   -0.6090279521
  2  2  2  3  3
  0.291368867395        1.0000000000    0.0000000000    0.0000000000
  0.814416987979E-01    0.0000000000    1.0000000000    0.0000000000
  0.227641009226E-01    0.0000000000    0.0000000000    1.0000000000
  3 3 3 2 2
      0.5184000              1.000000E+00           0.000000E+00
      0.2135000              0.000000E+00           1.000000E+00
  4 4 4 1 1
      0.4294000              1.0000000

Te aug-cc-D
    3
1 0 0 1 1
      0.0369000              1.0000000
1 1 1 1 1
      0.0299000              1.0000000
1 2 2 1 1
      0.0988000              1.0000000

Te aug-cc-T
    4
1 0 0 1 1
      0.0354000              1.0000000
1 1 1 1 1
      0.0306000              1.0000000
1 2 2 1 1
      0.0643000              1.0000000
1 3 3 1 1
      0.1413000              1.0000000

Te aug-cc-Q
     5
1 0 0 1 1
      0.0296000              1.0000000
1 1 1 1 1
      0.0226000              1.0000000
1 2 2 1 1
      0.0531000              1.0000000
1 3 3 1 1
      0.0931000              1.0000000
1 4 4 1 1
      0.2029000              1.0000000

