ZR TZVPP-MOLOPT-PBE-Q12
 1
 1 0 4 7 6 4 3 2 1
        10.97252477341376    -3.04368161311590E-01    -3.65786107573673E-01    -6.23400086531297E-02    -3.73921375894526E-01    -1.27093090644082E-01    -1.77606252074487E-01     1.13181581812844E-01    -2.45138230592174E-01     1.84971484263469E-01     1.21371422761066E-01     1.11432518707733E-01    -6.86116681768352E-02     2.61246863474539E-02     4.01845265112572E-03     6.42497538206737E-03     2.92623558630998E-02
         9.24852730150017     8.37290256405463E-01    -8.68038648477648E-03     2.13040613537347E-02     2.96097624571945E-01    -7.00929006460106E-02    -7.68813871372378E-02    -1.32332799303678E-01    -7.50431496299868E-03    -1.98500078166454E-01    -1.83029670842675E-01    -1.71619965646424E-01     1.57016627132824E-01    -5.28920912029180E-02    -9.44931244705255E-03    -9.52936738492196E-03    -2.05176556136175E-02
         3.33588660893302    -1.48168948953392E-01     8.98146912990594E-01     1.78763472348455E-01    -8.27996205168523E-02    -1.97126145247946E-01    -3.86695662220301E-02    -9.48077828390977E-02     4.27380034183866E-02     1.47441376624485E-01    -1.11401428646877E-03     1.27646111883406E-01    -2.03413588353602E-01     4.64800390430995E-02     4.51709688355877E-02     1.57056848514623E-02    -4.16425058519529E-02
         1.27749425406902     1.60541178174515E-01    -1.85083618549516E-01     7.24284536211585E-01    -3.14325943319917E-01    -5.05091838669370E-01    -9.98390825072864E-02     2.49061420947106E-01    -9.21648758207601E-01    -1.53020508218203E-01    -7.13722828356007E-03     3.43418558398498E-01    -3.62675639154537E-01     3.25611341817719E-01     2.07408392175440E-01     1.58308541871762E-01     1.51563857247492E-01
         0.53078483349334    -3.59926032479467E-01    -1.38906602991227E-01     5.32950634793105E-01     6.99571783181879E-01     1.50358479166486E-01     8.13889540320941E-02     8.29203311805765E-01     2.95829382661545E-01    -4.38899597817807E-01     1.01980827415331E-01     8.87900213010037E-01     6.55374852324252E-02    -4.23935546385354E-02     4.95077121999988E-01     8.10063150951446E-01     4.67780337609552E-01
         0.17400854978650     1.68847681765886E-01     5.84468093663316E-02     3.91726455013020E-01    -4.15547680246485E-01     7.78384089410316E-01     1.66100059642792E-01     4.12771528189864E-01     2.95664872004783E-02     8.13501638239912E-01     1.73750038916363E-01     1.02806789666052E-01     8.56025996048080E-01     4.08149998788172E-01    -7.60708954163087E-01     5.64015604904039E-01     8.63862385704743E-01
         0.05007248294994     2.28309677967924E-02    -4.99026787556885E-02    -4.03657920300642E-02    -6.90787318050729E-02    -2.37630776740847E-01     9.57532611526330E-01    -2.01740887977358E-01    -1.40982944353159E-02    -1.63741445936410E-01     9.54530131053505E-01    -1.57998483441482E-01    -2.46275948379224E-01     8.48500531830105E-01    -3.62017175408203E-01     1.56120715381141E-02    -9.45535484817830E-02
O TZVPP-MOLOPT-PBE-AE
 2
 1 0 0 6 1
     27032.34110717467047     7.35264897360634E-04
      4052.43915960016602     8.66846509689763E-03
       922.34965292725667     3.34607178584762E-02
       261.27735857055188     1.68914563970243E-01
        85.30942400544160     3.28333881314405E-01
        31.08080221478707     9.28692322525900E-01
 1 0 3 6 4 3 2 1
        62.91495630413323     1.16332726109966E-01    -5.81371416541881E-02     1.11937556008261E-02     5.75105170781195E-02    -1.16673038976174E-01     1.57254063503839E-01    -3.81929188419382E-02     1.36166697203113E-01    -8.71583721921845E-02     3.21000644845466E-04
        12.30944986692977     8.69241308775708E-01    -1.42460076990705E-02    -1.06600413011436E-01    -2.47597695986788E-02     1.45932079266690E-01    -6.05243600472558E-02     1.73638156652357E-02    -3.58452443966721E-02     4.76694147153259E-02     4.38837435813283E-02
         4.39539910954103     4.65741956926282E-01    -6.40342096322616E-02    -3.00344470998384E-02    -3.98106989985228E-03     3.91422103647488E-01     5.26377359502661E-02    -3.09523103597808E-02     7.70731222820744E-01    -3.53322944888660E-01    -1.34769543790620E-01
         1.33540846189799     9.21608149605863E-03     9.33076668604289E-01    -3.27550581669708E-01    -1.21459202569881E-01     9.00080356671289E-01     4.50466786404856E-02    -1.97504472088648E-02     5.53665920222864E-01     3.94485051877056E-01     9.40647803425498E-01
         0.45443287552085     9.32917636734327E-02     2.31107250617785E-01     8.41720615852045E-01    -4.78471205438802E-01    -3.61150582409544E-02     9.80775789580233E-01    -6.12678902654526E-02     1.14853463706434E-01     8.35162106564474E-01     2.94962206933611E-01
         0.14893102365245     7.19887781862831E-02     2.61293155746377E-01     4.14519004469322E-01     8.67396456641546E-01     2.07610475621550E-02     6.99062044682833E-02     9.96563053096360E-01     2.57701109533086E-01    -1.10361865139449E-01     8.99460419695147E-02
F TZVPP-MOLOPT-PBE-AE
 2
 1 0 0 6 1
     35479.02878767263610     6.72585320603450E-04
      5318.56312951047130     8.20097950478645E-03
      1210.53207767191157     3.41581776414553E-02
       342.85143677005027     1.67981165419731E-01
       112.04698837680320     3.40179960458393E-01
        40.78491787387953     9.24567700620738E-01
 1 0 3 6 4 3 2 1
        79.87901815644609     1.16918239284466E-01    -1.68147951461107E-02    -2.12818697913285E-02    -7.26226478740949E-03    -2.45424567087636E-01     2.14619427519455E-01     6.35891870315225E-02     1.01451133211560E-01    -3.43565246327839E-02    -1.31870850864618E-02
        16.19635642859436     8.53271420269594E-01     1.38508493185086E-02     1.47303644984199E-01    -9.44612873543678E-02    -1.04048621424425E-01     1.57592183640012E-01     5.70164828779390E-02     5.65110690465166E-02     4.45853785965381E-03     1.05680763536942E-01
         5.77801148801512     4.75828101997680E-01     9.06865843095588E-03     4.56280442532806E-02    -3.42227538288093E-02     3.85471543429814E-01     1.08618595980577E-01    -3.86557846134089E-02     7.78219890128867E-01    -1.58938198405914E-01    -1.90738906372033E-01
         1.80048565891898     5.42202862380103E-03     9.84951172129337E-01    -1.65338157360220E-01    -4.82246452283408E-02     8.82036252116551E-01     2.29685585491659E-02     9.54990517737228E-02     5.96805252189064E-01     2.06883586435839E-01     7.91345089335059E-01
         0.61342852936985    -1.78123417267227E-01     1.16155230853301E-01     8.34960810060312E-01    -5.05012861636734E-01     2.35771402740000E-03     9.52591193174218E-01     7.86110613461027E-02     2.14870962580005E-02     9.58447372992515E-01     5.67195057415070E-01
         0.19458219035665     9.39552285204502E-03     1.25786831338083E-01     5.01268928973589E-01     8.55856016509765E-01    -4.85679584923393E-02    -9.66833470619191E-02     9.87882330256585E-01     1.55723360184243E-01    -1.10073678097833E-01    -6.58715646571095E-02
