RU TZVPP-MOLOPT-PBE-Q16
 1
 1 0 4 7 6 4 3 2 1
        15.87271414114642    -3.62602319458183E-01    -2.15682713112754E-01     3.68182084025705E-01     1.67310569742079E-02     3.12664504327337E-01    -9.01364841559464E-03    -9.05853555499397E-02     2.08991747833103E-01     3.62165338710889E-02     2.79412598919746E-01     7.55831467303268E-02    -6.23658691872666E-02    -1.50830426608892E-01    -2.57556310764114E-01    -6.79946975599517E-02    -1.43883039370289E-01
        13.58579312519948     5.55728882335955E-01     6.65136888550172E-02    -9.42223436287002E-02     6.75470449374900E-04    -3.84561841752570E-01    -5.50012157013124E-01    -5.00432131496771E-02    -2.07507982692484E-01    -1.70531464269533E-01    -7.27112752157586E-02    -9.49248199926033E-02     7.39524209844696E-02     1.86979701485422E-01     3.24615547295762E-01     8.86577452609178E-02     1.72136254666557E-01
         4.81585781492207    -9.43410739410310E-02     7.83268966684993E-01    -2.71540329919622E-01    -3.51622940330484E-01     2.63757261008724E-02     2.92691421305368E-01     2.70840963160471E-01    -1.46079888359263E-01     3.52085000858178E-01    -6.39554787128198E-01    -2.04776894266651E-05    -2.78669304774161E-02    -8.21943075509735E-02    -2.27866961186633E-01    -6.85369484517614E-02    -8.38033442087669E-02
         1.88694849802870    -7.90020095637947E-02     5.69691479027096E-01     5.72776380766205E-01     3.29348429559804E-01     1.44278090175586E-01    -4.02741122227178E-01     5.12541520098713E-01     3.35045213317478E-02     1.04346295365304E-01    -3.50501855502900E-01     3.82583898263875E-01     1.50614964609361E-02     1.53097660718711E-02     4.03258616744709E-01     1.51278046970282E-01    -4.77837438714661E-02
         0.72790088397847    -4.45861046883926E-01     8.00733843200305E-02    -3.51356241298033E-01     6.87374796394769E-01    -4.22548730726300E-01     3.53823118812276E-02     6.85268178350600E-01     3.95152687229664E-01    -4.82731517985955E-01     1.87589579499442E-01     8.33719615311469E-01     1.00171421590837E-01    -3.68852417593067E-01     4.56768905310338E-01     6.56923402695430E-01     8.90162060688756E-01
         0.25636914578586     4.51781451756988E-01     5.75745101225034E-02    -3.00171469338304E-01     5.01861627720638E-01     6.46013103333699E-01     1.51677033296617E-01     1.67645952237235E-01     3.78469899212630E-01     7.65984117530975E-01     3.54953015049716E-01     3.73281937188115E-01    -3.03835955603837E-02     8.93165789016427E-01    -5.71668964367261E-01     7.26376595336588E-01     3.16336897382134E-01
         0.07396434691890     3.76357354430108E-01     3.56604811949126E-02     4.90105142314704E-01     2.07993584407970E-01    -3.70082277138889E-01     6.52134089906151E-01     3.94383939157360E-01    -7.69035687656297E-01     1.22449983323620E-01     4.72840671201388E-01     6.69195432110720E-02    -9.89282895191497E-01    -3.87459401338574E-02     2.79831005396158E-01    -2.76197257235187E-02    -2.18867464911952E-01
F TZVPP-MOLOPT-PBE-AE
 2
 1 0 0 6 1
     35479.02878767263610     6.72585320603450E-04
      5318.56312951047130     8.20097950478645E-03
      1210.53207767191157     3.41581776414553E-02
       342.85143677005027     1.67981165419731E-01
       112.04698837680320     3.40179960458393E-01
        40.78491787387953     9.24567700620738E-01
 1 0 3 6 4 3 2 1
        79.87901815644609     1.16918239284466E-01    -1.68147951461107E-02    -2.12818697913285E-02    -7.26226478740949E-03    -2.45424567087636E-01     2.14619427519455E-01     6.35891870315225E-02     1.01451133211560E-01    -3.43565246327839E-02    -1.31870850864618E-02
        16.19635642859436     8.53271420269594E-01     1.38508493185086E-02     1.47303644984199E-01    -9.44612873543678E-02    -1.04048621424425E-01     1.57592183640012E-01     5.70164828779390E-02     5.65110690465166E-02     4.45853785965381E-03     1.05680763536942E-01
         5.77801148801512     4.75828101997680E-01     9.06865843095588E-03     4.56280442532806E-02    -3.42227538288093E-02     3.85471543429814E-01     1.08618595980577E-01    -3.86557846134089E-02     7.78219890128867E-01    -1.58938198405914E-01    -1.90738906372033E-01
         1.80048565891898     5.42202862380103E-03     9.84951172129337E-01    -1.65338157360220E-01    -4.82246452283408E-02     8.82036252116551E-01     2.29685585491659E-02     9.54990517737228E-02     5.96805252189064E-01     2.06883586435839E-01     7.91345089335059E-01
         0.61342852936985    -1.78123417267227E-01     1.16155230853301E-01     8.34960810060312E-01    -5.05012861636734E-01     2.35771402740000E-03     9.52591193174218E-01     7.86110613461027E-02     2.14870962580005E-02     9.58447372992515E-01     5.67195057415070E-01
         0.19458219035665     9.39552285204502E-03     1.25786831338083E-01     5.01268928973589E-01     8.55856016509765E-01    -4.85679584923393E-02    -9.66833470619191E-02     9.87882330256585E-01     1.55723360184243E-01    -1.10073678097833E-01    -6.58715646571095E-02
C TZVPP-MOLOPT-PBE-AE
 2
 1 0 0 6 1
     13575.36958405577388     4.58147950944622E-04
      2035.23751738363671     1.21337901046264E-02
       463.11111195382159     3.94772659786306E-02
       131.31855343946540     2.27675432947388E-01
        42.89959282566456     1.83999091958326E-01
        15.85510154272720     9.55302223434938E-01
 1 0 3 6 4 3 2 1
        34.41721150609357     9.02610706533540E-02     1.45960387814647E-01    -5.81350391534647E-01    -1.86791853710472E-01     2.24000414781332E-02     1.35113513652918E-02    -9.87851280080972E-02     2.98612069007889E-01    -2.24236690578969E-01     1.44118218013727E-02
         6.73967331854110     8.42948760302444E-01    -1.29849205041561E-01    -5.44525843040446E-02    -6.71931413988591E-02     1.91277633948411E-01    -1.66915456837718E-01     1.05142388826124E-01     1.25840321584798E-01    -1.04282075437448E-01    -2.31687139463439E-02
         2.44162428858657     4.59593591138479E-01    -1.00655279581068E-01    -1.37653511557023E-01    -1.93557517366444E-02     2.11051684448653E-01     1.99160136414799E-01    -1.81772636941788E-01     6.58919643733437E-01    -3.51581809254503E-01     1.16047272341388E-01
         0.80676393803573     8.72690243543751E-03     8.01077547688240E-01    -4.00910108714892E-01     7.51099749711393E-02     9.43473200180869E-01    -1.64395137159315E-01    -5.93836313870153E-02     6.64977833395214E-01     3.14836909427245E-01     7.81790432912519E-01
         0.28395954992898     1.42303776998465E-01     4.59233425841999E-01     5.88311261894914E-01    -6.15166888615124E-01     1.43785506703447E-01     9.46250030657811E-01    -5.39147063185988E-02     1.17179343018990E-01     8.44845722597378E-01     5.98727626814855E-01
         0.09709795396584     2.23019133348180E-01     3.14774025311408E-01     3.65074092396285E-01     7.59043760808618E-01     8.69042000524980E-02     9.93832585229523E-02     9.69387473501416E-01     6.99530662023376E-02     4.84439079059064E-02    -1.26954671295191E-01
O TZVPP-MOLOPT-PBE-AE
 2
 1 0 0 6 1
     27032.34110717467047     7.35264897360634E-04
      4052.43915960016602     8.66846509689763E-03
       922.34965292725667     3.34607178584762E-02
       261.27735857055188     1.68914563970243E-01
        85.30942400544160     3.28333881314405E-01
        31.08080221478707     9.28692322525900E-01
 1 0 3 6 4 3 2 1
        62.91495630413323     1.16332726109966E-01    -5.81371416541881E-02     1.11937556008261E-02     5.75105170781195E-02    -1.16673038976174E-01     1.57254063503839E-01    -3.81929188419382E-02     1.36166697203113E-01    -8.71583721921845E-02     3.21000644845466E-04
        12.30944986692977     8.69241308775708E-01    -1.42460076990705E-02    -1.06600413011436E-01    -2.47597695986788E-02     1.45932079266690E-01    -6.05243600472558E-02     1.73638156652357E-02    -3.58452443966721E-02     4.76694147153259E-02     4.38837435813283E-02
         4.39539910954103     4.65741956926282E-01    -6.40342096322616E-02    -3.00344470998384E-02    -3.98106989985228E-03     3.91422103647488E-01     5.26377359502661E-02    -3.09523103597808E-02     7.70731222820744E-01    -3.53322944888660E-01    -1.34769543790620E-01
         1.33540846189799     9.21608149605863E-03     9.33076668604289E-01    -3.27550581669708E-01    -1.21459202569881E-01     9.00080356671289E-01     4.50466786404856E-02    -1.97504472088648E-02     5.53665920222864E-01     3.94485051877056E-01     9.40647803425498E-01
         0.45443287552085     9.32917636734327E-02     2.31107250617785E-01     8.41720615852045E-01    -4.78471205438802E-01    -3.61150582409544E-02     9.80775789580233E-01    -6.12678902654526E-02     1.14853463706434E-01     8.35162106564474E-01     2.94962206933611E-01
         0.14893102365245     7.19887781862831E-02     2.61293155746377E-01     4.14519004469322E-01     8.67396456641546E-01     2.07610475621550E-02     6.99062044682833E-02     9.96563053096360E-01     2.57701109533086E-01    -1.10361865139449E-01     8.99460419695147E-02
