HE TZV2P-MOLOPT-PBE-GTH-Q2
 1
 2 0 2 5 3 2 1
        38.83834951325591     1.07779536329287E-02    -6.01855985495963E-03     5.31162993859462E-01    -1.65296603010114E-02     4.26027818889182E-01    -1.03177096346277E-01
         7.26157718348106     1.85518703096362E-01    -1.20971423469788E-01     6.95964868135726E-01     2.68250053023608E-03     4.51365077599950E-01     1.70809575922556E-01
         1.69839295227130     4.96639729709180E-01    -3.74612299375729E-01     2.44963432500456E-01     3.67723526953633E-01     5.97510963678931E-01     1.55918132602473E-01
         0.49094249383918     6.88602026403913E-01    -3.16925265493855E-01    -4.12737418750455E-01     6.11113557272744E-01     1.89897735732105E-01     9.15964008356020E-01
         0.15326473021556     4.94613864164509E-01     8.62875247581621E-01     5.60313856323507E-02    -7.00741894254562E-01     4.70838998494190E-01    -3.11252384544823E-01
NE TZV2P-MOLOPT-PBE-GTH-Q8
 1
 2 0 3 5 3 3 2 1
        23.44931735321249     4.77344713473331E-02    -3.62447352523068E-02    -4.40996828265734E-01    -4.04538831761613E-02     1.55053452094749E-02    -9.52776013297029E-02    -5.11345689764288E-03     7.75724500697985E-03     1.58379073776543E-01
         8.28086305335605     1.77646946140302E-01    -9.92407366429158E-02    -2.75788894364903E-01    -2.47706010410846E-01     1.20026803864233E-01    -7.20035106175112E-01    -2.94431119780833E-02    -3.22390361113468E-02     2.78867767062952E-02
         2.54586272804216    -3.70392290234994E-01     1.66636336104685E-01    -8.07809276622814E-01    -5.73910406672836E-01     2.53179067309684E-01    -3.57971161323006E-01     3.81370949797038E-01    -1.63631751431341E-01     2.70862757861118E-01
         0.79769551662061    -6.47733299017192E-01     6.22749425568597E-01     2.60884961937683E-01    -6.43938789674620E-01     3.39627373275877E-01     5.86345742626334E-01     8.16382443464874E-01    -4.01827996598413E-01     9.40483157914612E-01
         0.23522224983943    -6.39854754964747E-01    -7.57134783113714E-01     9.40504781563944E-02    -4.39289080227721E-01    -8.97723096406681E-01     2.29552243570957E-02     4.32646345609007E-01     9.00366248131132E-01    -1.27527223593420E-01
AR TZV2P-MOLOPT-PBE-GTH-Q8
 1
 2 0 3 5 3 3 2 1
        24.19812352591251     2.83319930538483E-04    -4.35203513877210E-03    -2.10632730565790E-02     4.38551611892260E-03    -2.54770847904302E-04    -1.36740848296259E-01     7.45226653808545E-03    -1.52804672001386E-01    -8.27866252359333E-02
         2.28358816639044     3.42396359309627E-01     4.39892022595071E-01    -2.36275935940172E-01     2.41005348069944E-01    -2.80183986040030E-01    -1.41846000291228E-01    -3.11601766681075E-01    -3.84899142496818E-01     1.79489456304232E-01
         1.67494008137116    -2.77682588876696E-01    -2.66868901416902E-01    -9.22606663034273E-01    -3.88999590253482E-01     4.15164637405259E-01    -8.08690385206442E-01     7.21800667589827E-01     5.09095763355270E-02     1.69038785308265E-01
         0.45680390084308    -3.47638565922084E-01    -6.59132836970072E-01     2.90650266380761E-01    -4.73432052821527E-01     5.62284121589722E-01     5.53762625750327E-01     5.76613223058618E-01     7.91149353575697E-02     9.57742020956150E-01
         0.14119791024647    -8.27529129505241E-01     5.48453244070713E-01     8.97183849681616E-02    -7.52621152768027E-01    -6.58005896261401E-01     2.34193895172358E-02    -2.22193136675082E-01     9.05346576930883E-01    -1.22825160752967E-01
H TZV2P-MOLOPT-PBE-GTH-Q1
 1
 2 0 2 5 3 2 1
         9.42354063693337     1.73389254674243E-02    -1.21441381781897E-01     8.48842952201243E-01    -8.76722314909129E-02     1.38509912982294E-01     1.01583846424117E-05
         2.22615949373757     1.93701953472634E-01    -1.18295700700916E-01     4.34966851840939E-01     2.94035801652179E-01    -4.64264354132394E-01    -5.41805899933135E-06
         0.63906011750762     5.93968178416321E-01    -1.91886640436410E-01     8.47731161618518E-02     4.09268475073086E-01    -6.46177309023364E-01    -2.13029117448260E-05
         0.31891311049636     2.87977189530933E-01     9.48793640784133E-01     1.29845157344792E-01     1.56986057354678E-01    -2.47870371773730E-01     1.00804100896023E-05
         0.16139156624546     7.25568643357183E-01    -1.85008817130971E-01    -2.57338753762772E-01     8.44814311123899E-01     5.35059601902204E-01     9.99999999656012E-01
