He DZVP-MOLOPT-PBE-GTH-q2
 1
 2 0 1 5 2 1
      0.3842163400E+02       0.4013973935E-01  0.00  0.00
      0.5778030000E+01       0.2612460970E+00  0.00  0.00
      0.1241774000E+01       0.7931846246E+00  0.00  0.70
      0.2979640000E+00       0.0000000         0.70  0.70
      0.1100000000E+00       0.0000000         0.70  0.00

Ne DZVP-MOLOPT-PBE-GTH-q8
 1
 2 0 2 5 2 2 1
 24.9018301500  9.859197E-02  -6.424637E-02  -6.321393E-02   4.431286E-02 0.00
  6.0652344400  1.066610E-01  -1.240961E-01  -1.959829E-01   1.544715E-01 0.00
  1.2063538800 -3.956547E-01   5.621641E-01  -3.772344E-01   2.856923E-01 0.00
  0.4036017200 -6.179865E-01   6.878625E-01  -4.134155E-01   3.442552E-01 1.00
  0.1100000000 -1.628233E-01  -1.367476E+00  -2.268046E-01  -1.103465E+00 0.00

Ar DZVP-MOLOPT-PBE-GTH-q8
 1
 2 0 2 5 2 2 1
 24.9018301500  9.859197E-02  -6.424637E-02  -6.321393E-02   4.431286E-02 0.00
  6.0652344400  1.066610E-01  -1.240961E-01  -1.959829E-01   1.544715E-01 0.00
  1.2063538800 -3.956547E-01   5.621641E-01  -3.772344E-01   2.856923E-01 0.00
  0.4036017200 -6.179865E-01   6.878625E-01  -4.134155E-01   3.442552E-01 1.00
  0.1100000000 -1.628233E-01  -1.367476E+00  -2.268046E-01  -1.103465E+00 0.00

##################################################################################
H DZVP-MOLOPT-PBE-GTH-Q1
 1
 2 0 1 5 2 1
         9.42354063693337     1.73378201014863E-02    -1.21445159969598E-01    -8.76671027046430E-02
         2.22615949373757     1.93709872716504E-01    -1.18321991639862E-01     2.94039390163616E-01
         0.63906011750762     5.93969954529689E-01    -1.91879319676876E-01     4.09265411017209E-01
         0.31891311049636     2.87972643705189E-01     9.48793006176853E-01     1.56988630151590E-01
         0.16139156624546     7.25566905805197E-01    -1.85000371687637E-01     8.44814600657224E-01

