HE DZVP-MOLOPT-PBE-GTH-Q2
 1
 2 0 1 5 2 1
        38.83834951325591     1.05630422265614E-02    -6.79877585726681E-03     2.85199121334726E-02
         7.26157718348106     1.85284019218124E-01    -1.21278696308164E-01    -1.20645605076664E-02
         1.69839295227130     4.97147029525102E-01    -3.70573221298977E-01     4.25896240559819E-01
         0.49094249383918     6.88013369718110E-01    -3.20548093096077E-01     5.85278862753206E-01
         0.15326473021556     4.95015846700685E-01     8.63232102123874E-01    -6.89276509162312E-01
NE DZVP-MOLOPT-PBE-GTH-Q8
 1
 2 0 2 5 2 2 1
        23.44931735321249     4.76682230738863E-02    -3.62402567941514E-02    -4.03958623535197E-02     1.59695563200299E-02    -1.33332287261659E-02
         8.28086305335605     1.76411707116317E-01    -1.01121804035666E-01    -2.47382789410176E-01     1.22860665158638E-01    -2.82392387456895E-02
         2.54586272804216    -3.66664184947121E-01     1.72131548983871E-01    -5.72896679074809E-01     2.55605871745142E-01     3.72489729731750E-01
         0.79769551662061    -6.49189072516861E-01     6.20466167639908E-01    -6.44793754395086E-01     3.36729701114097E-01     8.69640093991795E-01
         0.23522224983943    -6.40872509710821E-01    -7.57531180344892E-01    -4.39545605377304E-01    -8.97735471586556E-01     3.22493842690227E-01
AR DZVP-MOLOPT-PBE-GTH-Q8
 1
 2 0 2 5 2 2 1
        24.19812352591251     1.89682852086581E-02    -1.45070079289288E-02     4.40485554390677E-03     4.68281727545177E-04     1.33785668388561E-03
         2.28358816639044    -8.71354799885557E-02     6.92185407589176E-01     3.07021189893969E-01    -1.68078817697658E-01    -9.20384153660609E-02
         1.67494008137116    -6.04879966219743E-01    -8.82038233085917E-02    -4.78071934951414E-01     2.64093983615970E-01     4.25442279892742E-01
         0.45680390084308    -2.60373796015028E-01    -6.79237159823264E-01    -4.81857782318384E-01     6.23124873918992E-01     9.00132957444510E-01
         0.14119791024647    -7.47243819043111E-01     2.26993115557560E-01    -6.67067379531295E-01    -7.16741969661934E-01     1.69312030955620E-02
H DZVP-MOLOPT-PBE-GTH-Q1
 1
 2 0 1 5 2 1
         9.42354063693337     1.73378201014863E-02    -1.21445159969598E-01    -8.76671027046430E-02
         2.22615949373757     1.93709872716504E-01    -1.18321991639862E-01     2.94039390163616E-01
         0.63906011750762     5.93969954529689E-01    -1.91879319676876E-01     4.09265411017209E-01
         0.31891311049636     2.87972643705189E-01     9.48793006176853E-01     1.56988630151590E-01
         0.16139156624546     7.25566905805197E-01    -1.85000371687637E-01     8.44814600657224E-01
