NA SVP-MOLOPT-PBE-AE
 3
 1 0 0 5 1
      4098.27075867175427    -9.25893361518764E-03
       616.74725409830546    -7.00093778333670E-02
       138.82160000392258    -3.04383551771586E-01
        40.54880453367701    -6.97318535965615E-01
        14.10989567498297    -6.45066253940927E-01
 1 0 0 5 3
        19.23872011927648     1.86426909543573E-01    -4.96614228696320E-02     3.82257993916445E-02
         5.09022569187006    -5.93290254839253E-01     7.31461490490196E-01    -2.90686170510167E-01
         1.69643962699229    -6.16910113999708E-01    -5.48468370225424E-01     2.37189782410493E-02
         0.05032783737497    -1.92086746880798E-01     2.23693980017839E-01     9.54849389845991E-01
         0.55312566202043    -4.42466127323241E-01    -3.34127642038893E-01    -4.17179975183696E-02
 1 1 2 6 2 1
        75.33590466374153     3.25536962486529E-02    -2.29999364533504E-03     1.23329278081420E-02
        12.04972568955694     2.48962982498095E-01    -6.09865522334213E-02    -5.02654818146823E-02
         3.27975370473286     6.33220994233386E-01    -6.24969700473357E-02     1.10183723149614E-01
         1.01384563116994     6.55431264933927E-01    -2.42877309272150E-01    -2.23554110891098E-02
         0.30516442520946     2.78766115572165E-01     1.92516556315892E-01     5.48116151189599E-01
         0.04519555361943     1.69375831877529E-01     9.46740443519661E-01     8.27193899749414E-01

NA TZVPP-MOLOPT-PBE-AE
 3
 1 0 0 7 1
     26041.21169179473509     9.97113987664471E-04
      3906.21505164870950     7.20005138244479E-03
       889.01460264013258     3.81206921107092E-02
       251.47603973999838     1.43642247419521E-01
        81.68966630858061     4.16423538433971E-01
        28.44825148479649     7.44356638028598E-01
        10.25697029076055     5.00385366166866E-01
 1 0 1 5 1 1
       138.06700549553611    -5.21643663620234E-03     8.67687303945964E-03
        32.12614828287997     1.52960798233404E-01     7.81746251107621E-02
         8.85238916265016     2.53269732259537E-01     3.34122330776216E-01
         3.03525373347397    -8.04962649183011E-01     5.82898637537071E-01
         0.92524237727581     5.14261955752194E-01     7.36481422913806E-01
 1 0 2 5 3 3 3
         1.87364524322429     2.53882939719182E-01    -4.28575366800581E-02    -4.04833336906430E-02     4.33155598909540E-01    -2.02616042791280E-02    -5.88938004586848E-01     8.77495045482970E-01     1.06958149789372E-01    -8.83832183146944E-02
         0.89532631604673     8.45522650632675E-01     3.28113607512401E-01    -3.26247009220764E-01    -2.06226419722302E-01    -2.51362326611273E-03     7.47047775513248E-02     4.42927961936196E-01    -1.62309119814708E-01    -2.56629547437934E-02
         0.31725793865805     3.33294887703121E-01    -4.85232769105457E-01     8.55949960292933E-02     7.09673757292758E-01    -4.51166455794508E-01    -1.71855463139988E-02    -6.78107146270458E-02     9.35795944913012E-01    -2.56630337804776E-01
         0.02498551602373    -1.69607264883246E-01     8.01882826353445E-01     5.46550166772128E-02     2.90510710394717E-01     8.75059992166847E-01    -1.78345845402869E-01    -8.16487966278366E-02     2.99515929576027E-02     5.61296124418249E-01
         0.07157294601612     2.84223140712417E-01     1.09716838728506E-01     9.38941060170742E-01     4.26396032225647E-01     1.74074663190517E-01     7.84518093729963E-01     1.50174720505430E-01     2.92582561651023E-01     7.81420085424873E-01

NA QZVPP-MOLOPT-PBE-AE
 3
 1 0 0 10 1
    379852.21273491339525     2.98523694799688E-05
     56886.06435843584040     3.03655468774839E-04
     12942.71851690826043     1.41662673077383E-03
      3664.25425952143951     6.44479967989830E-03
      1194.76833654666325     2.21982725493634E-02
       430.95176726193574     7.30774219595531E-02
       167.81421832304517     1.30425013180016E-01
        69.34233969181835     4.47198388111909E-01
        29.91648154227245     7.15664069898366E-01
        13.47660764964489     5.14734055981498E-01
 1 0 1 8 2 1
       690.80452788668310    -1.72672604212998E-02     7.47304988076001E-03     7.05369773621052E-04
       163.77159167199045     2.44407742581188E-01     1.36910900258201E-01     5.66568479896389E-03
        52.84247866854174    -2.45738454037721E-01    -2.03434951293169E-01     2.94146594334949E-02
        19.65971075444232     3.56990543628116E-01    -6.83229550881459E-01     1.07578678509624E-01
         8.18725327874197     8.10340523220480E-01     2.53182041532634E-01     2.76081399965775E-01
         3.58184419931632    -1.34518054319669E-01     6.19233852042086E-01     5.03722319151227E-01
         1.51934568643818    -9.22509462651193E-02    -1.19778580054253E-01     6.42672192704315E-01
         0.65482164723122    -2.62449906559638E-01    -1.05416044325845E-01     4.94514253299387E-01
 1 0 3 7 6 4 4 2
         5.18406552693620    -1.21738098600665E-01    -7.44602351304117E-02     4.51546127045580E-02    -1.63356124916877E-02     6.73443570682372E-02    -1.89961531601477E-01     1.42017356065978E-01    -5.58256391202366E-01    -2.85785345837020E-01     1.52336977626396E-01     9.92212463071176E-01     2.90515220791114E-02    -2.09635380456007E-02     5.56430383110425E-02     7.30450173083628E-01     2.91730554076622E-02
         2.39259968665616     9.76803201827711E-01     9.30961147364328E-02     1.01407194946226E-01    -4.67905740130843E-03     5.64149672695890E-02    -1.18740139503824E-01     1.12607837963667E-01     3.08606541452205E-01    -1.73776970608396E-02     5.15016211989834E-01    -6.50397712531315E-02     7.24692745517239E-01    -2.00269107515270E-02    -3.28761141435820E-01     6.80558940643731E-01     3.91035972626254E-02
         0.90510005672540    -1.37904063013002E-01     9.07841840540410E-01     3.10127098495699E-01     7.63623650127517E-02    -1.08553830334326E-01    -2.07300406036776E-01    -5.44343048738979E-02     1.08528679552064E-01    -5.37786238647955E-02    -4.92269528685261E-01     4.16714668005107E-02     6.74563614135858E-01     1.90416027818726E-02     1.76546640915413E-01     1.94912530864860E-02    -1.81284145451881E-01
         0.30562652203104    -4.95797180458350E-02    -2.98776990999213E-01     7.23895113848493E-01    -4.89757365909564E-01    -2.93597002911135E-01    -2.21983425008191E-01     9.22571000907402E-01    -1.29932558759151E-01    -8.49873436908267E-02    -2.18658143276483E-01     7.96761154291561E-02    -9.95552685864535E-02     6.30937711431768E-01    -7.20838490791405E-01    -1.35983442295627E-02     5.75243132404377E-01
         0.15688676740026    -3.97484082326613E-02    -2.34884288565627E-01     4.96961764578624E-01     8.03529180923819E-01     2.04394854953137E-01    -7.15892659980283E-02     3.11379803789177E-01     6.73894997324622E-01     1.51189690528893E-01     9.77260882383254E-02    -5.31388938870780E-02     6.15711949644316E-02     7.02903231449388E-01     5.56541067166478E-01    -3.48948360426063E-02     7.30938531146137E-01
         0.04897058574336    -6.18651688214270E-02     8.60610059960197E-02     2.09695052515225E-01    -3.29117634486292E-01     9.02867378393600E-01     1.36160769139462E-01     8.31846799056964E-02    -2.91159673524804E-01     9.37870327334044E-01     4.25749689693298E-02     1.78755317788309E-02     6.73608552055225E-02     3.26489013423304E-01     1.68088840696530E-01     2.95075018027828E-02    -3.04533853170559E-01
         0.01586088530613     6.44393213875973E-02     9.88289595762987E-02     2.76643594155173E-01     6.34066300833463E-03    -1.93267160018810E-01     9.13181536389160E-01     9.57764426359016E-02    -1.59820015133843E-01    -7.38287840978946E-02     6.40349949509692E-01     7.49567118186862E-03     2.64691476412634E-02    -6.81512340222652E-03     7.16241124767068E-03    -2.50780141604594E-02     8.26996657049252E-02
