NA TZVPP-MOLOPT-PBE-AE
 3
 1 0 0 7 1
     26041.21169179473509     9.97113987664471E-04
      3906.21505164870950     7.20005138244479E-03
       889.01460264013258     3.81206921107092E-02
       251.47603973999838     1.43642247419521E-01
        81.68966630858061     4.16423538433971E-01
        28.44825148479649     7.44356638028598E-01
        10.25697029076055     5.00385366166866E-01
 1 0 1 5 1 1
       138.06700549553611    -5.21643663620234E-03     8.67687303945964E-03
        32.12614828287997     1.52960798233404E-01     7.81746251107621E-02
         8.85238916265016     2.53269732259537E-01     3.34122330776216E-01
         3.03525373347397    -8.04962649183011E-01     5.82898637537071E-01
         0.92524237727581     5.14261955752194E-01     7.36481422913806E-01
 1 0 2 5 3 3 3
         1.87364524322429     2.53882939719182E-01    -4.28575366800581E-02    -4.04833336906430E-02     4.33155598909540E-01    -2.02616042791280E-02    -5.88938004586848E-01     8.77495045482970E-01     1.06958149789372E-01    -8.83832183146944E-02
         0.89532631604673     8.45522650632675E-01     3.28113607512401E-01    -3.26247009220764E-01    -2.06226419722302E-01    -2.51362326611273E-03     7.47047775513248E-02     4.42927961936196E-01    -1.62309119814708E-01    -2.56629547437934E-02
         0.31725793865805     3.33294887703121E-01    -4.85232769105457E-01     8.55949960292933E-02     7.09673757292758E-01    -4.51166455794508E-01    -1.71855463139988E-02    -6.78107146270458E-02     9.35795944913012E-01    -2.56630337804776E-01
         0.02498551602373    -1.69607264883246E-01     8.01882826353445E-01     5.46550166772128E-02     2.90510710394717E-01     8.75059992166847E-01    -1.78345845402869E-01    -8.16487966278366E-02     2.99515929576027E-02     5.61296124418249E-01
         0.07157294601612     2.84223140712417E-01     1.09716838728506E-01     9.38941060170742E-01     4.26396032225647E-01     1.74074663190517E-01     7.84518093729963E-01     1.50174720505430E-01     2.92582561651023E-01     7.81420085424873E-01
H TZVPP-MOLOPT-PBE-AE
 1
 1 0 2 5 3 2 1
        34.17773832674855    -4.67038702307212E-01     3.25930727691839E-01    -1.51283436822271E-01    -1.00054440080746E-01     7.49322156514700E-02     1.29694886730211E-02
         4.94770130521271    -8.38132979846024E-02     2.28656356488893E-01    -2.28133785557746E-02     1.35570007424312E-01    -4.78523016653350E-02    -4.42398660674758E-02
         1.06512662518152     8.14717082181122E-01     2.11440298046549E-01     2.96545250287854E-01     9.76472815332876E-01     6.34720246090092E-02     9.35175251752971E-01
         0.29382327136550    -1.33307568322592E-01     8.19165770735029E-01     3.66068869122815E-01    -2.64980945419224E-02     9.79893619096044E-01     2.87655408521357E-01
         0.09137129667664    -3.05475612542697E-01    -3.54606643763996E-01     8.68704419864991E-01     1.31941555275947E-01    -1.66958430843673E-01    -2.01435451376045E-01
N TZVPP-MOLOPT-PBE-AE
 2
 1 0 0 6 1
     19730.75824182919678     7.22964064508883E-04
      2958.00601959929054     8.10852260928819E-03
       673.38751790289609     3.22944067450557E-02
       190.67517365843383     1.62881946262878E-01
        62.36644795836300     2.92108641483281E-01
        22.83385778926520     9.41824194650706E-01
 1 0 3 6 4 3 2 1
        49.27018969922231     7.90153286191207E-02    -6.79831257458342E-02    -2.20769484607360E-02    -3.43103579795470E-01     9.13540230902624E-02    -1.48245230759408E-01     3.97755478922930E-02    -3.62727818728141E-02     4.31462803116720E-02     2.98117256722158E-02
         8.60862515112235     8.66559838210787E-01    -2.48285195558708E-02    -1.93669978112821E-01    -1.70341376197876E-01     8.56964280926226E-02     1.73443828861939E-02    -1.70060403621914E-02    -2.52571416739013E-01     2.32697746208576E-01    -4.45634770018399E-02
         2.98737804271963     4.31666468498623E-01     4.90519136613344E-02    -1.13211501250090E-01     2.49960726953066E-01     4.37091135835993E-01    -1.32674225885002E-01    -7.82208041738156E-03     5.04712730634885E-01    -2.80541189526024E-01     8.66643487461023E-02
         0.93055037824227    -1.19116201118466E-01     8.49738919705135E-01    -4.81863688217323E-01    -1.77595897015557E-01     8.70196988886698E-01    -1.14638913303163E-01    -8.30619169867094E-02     7.79832477996793E-01     3.02948048327394E-01     9.57010146256693E-01
         0.32203179478436     1.54513789720171E-01     3.93935276614361E-01     8.01001492186483E-01    -3.89360785087713E-01     1.64439471244190E-01     9.66294224090141E-01    -1.22235496450781E-01     2.11827659005198E-02     8.57338128183533E-01     2.69002884270538E-01
         0.11351161197277     1.35762675410626E-01     3.39285300556578E-01     2.74575489441008E-01     7.79513476770454E-01     9.47563426924374E-02     1.15123697699062E-01     9.88041859838406E-01     2.67524991294118E-01    -1.96164758204469E-01     3.71978010403736E-02
O TZVPP-MOLOPT-PBE-AE
 2
 1 0 0 6 1
     27032.34110717467047     7.35264897360634E-04
      4052.43915960016602     8.66846509689763E-03
       922.34965292725667     3.34607178584762E-02
       261.27735857055188     1.68914563970243E-01
        85.30942400544160     3.28333881314405E-01
        31.08080221478707     9.28692322525900E-01
 1 0 3 6 4 3 2 1
        62.91495630413323     1.16332726109966E-01    -5.81371416541881E-02     1.11937556008261E-02     5.75105170781195E-02    -1.16673038976174E-01     1.57254063503839E-01    -3.81929188419382E-02     1.36166697203113E-01    -8.71583721921845E-02     3.21000644845466E-04
        12.30944986692977     8.69241308775708E-01    -1.42460076990705E-02    -1.06600413011436E-01    -2.47597695986788E-02     1.45932079266690E-01    -6.05243600472558E-02     1.73638156652357E-02    -3.58452443966721E-02     4.76694147153259E-02     4.38837435813283E-02
         4.39539910954103     4.65741956926282E-01    -6.40342096322616E-02    -3.00344470998384E-02    -3.98106989985228E-03     3.91422103647488E-01     5.26377359502661E-02    -3.09523103597808E-02     7.70731222820744E-01    -3.53322944888660E-01    -1.34769543790620E-01
         1.33540846189799     9.21608149605863E-03     9.33076668604289E-01    -3.27550581669708E-01    -1.21459202569881E-01     9.00080356671289E-01     4.50466786404856E-02    -1.97504472088648E-02     5.53665920222864E-01     3.94485051877056E-01     9.40647803425498E-01
         0.45443287552085     9.32917636734327E-02     2.31107250617785E-01     8.41720615852045E-01    -4.78471205438802E-01    -3.61150582409544E-02     9.80775789580233E-01    -6.12678902654526E-02     1.14853463706434E-01     8.35162106564474E-01     2.94962206933611E-01
         0.14893102365245     7.19887781862831E-02     2.61293155746377E-01     4.14519004469322E-01     8.67396456641546E-01     2.07610475621550E-02     6.99062044682833E-02     9.96563053096360E-01     2.57701109533086E-01    -1.10361865139449E-01     8.99460419695147E-02
F TZVPP-MOLOPT-PBE-AE
 2
 1 0 0 6 1
     35479.02878767263610     6.72585320603450E-04
      5318.56312951047130     8.20097950478645E-03
      1210.53207767191157     3.41581776414553E-02
       342.85143677005027     1.67981165419731E-01
       112.04698837680320     3.40179960458393E-01
        40.78491787387953     9.24567700620738E-01
 1 0 3 6 4 3 2 1
        79.87901815644609     1.16918239284466E-01    -1.68147951461107E-02    -2.12818697913285E-02    -7.26226478740949E-03    -2.45424567087636E-01     2.14619427519455E-01     6.35891870315225E-02     1.01451133211560E-01    -3.43565246327839E-02    -1.31870850864618E-02
        16.19635642859436     8.53271420269594E-01     1.38508493185086E-02     1.47303644984199E-01    -9.44612873543678E-02    -1.04048621424425E-01     1.57592183640012E-01     5.70164828779390E-02     5.65110690465166E-02     4.45853785965381E-03     1.05680763536942E-01
         5.77801148801512     4.75828101997680E-01     9.06865843095588E-03     4.56280442532806E-02    -3.42227538288093E-02     3.85471543429814E-01     1.08618595980577E-01    -3.86557846134089E-02     7.78219890128867E-01    -1.58938198405914E-01    -1.90738906372033E-01
         1.80048565891898     5.42202862380103E-03     9.84951172129337E-01    -1.65338157360220E-01    -4.82246452283408E-02     8.82036252116551E-01     2.29685585491659E-02     9.54990517737228E-02     5.96805252189064E-01     2.06883586435839E-01     7.91345089335059E-01
         0.61342852936985    -1.78123417267227E-01     1.16155230853301E-01     8.34960810060312E-01    -5.05012861636734E-01     2.35771402740000E-03     9.52591193174218E-01     7.86110613461027E-02     2.14870962580005E-02     9.58447372992515E-01     5.67195057415070E-01
         0.19458219035665     9.39552285204502E-03     1.25786831338083E-01     5.01268928973589E-01     8.55856016509765E-01    -4.85679584923393E-02    -9.66833470619191E-02     9.87882330256585E-01     1.55723360184243E-01    -1.10073678097833E-01    -6.58715646571095E-02
P TZVPP-MOLOPT-PBE-AE
 3
 1 0 0 7 1
     52427.01181952292973     7.72339572390042E-04
      7863.31428997371677     6.69930503475801E-03
      1789.60658227635668     3.44640759982576E-02
       506.36648892965411     1.33567262583859E-01
       164.62257893817289     3.88407254304863E-01
        58.42150598929056     7.19832848054577E-01
        21.51697780437941     5.58486358204094E-01
 1 0 1 5 1 1
       472.27751310857604    -1.08458889732994E-03     6.00189680857268E-03
       111.67117212005350     2.36019136734883E-02     4.39309149236891E-02
        35.44836328287644     2.70985443154717E-01     2.06339194802388E-01
        12.88758441792702     5.17830715878247E-02     5.57273292363530E-01
         5.35054554442723    -9.60899149980395E-01     8.03059565820170E-01
 1 0 3 5 3 4 3 1
         5.01952979417067     8.34794976381815E-02    -4.36029138401838E-03    -1.21092215099466E-02     8.72138593430289E-03     1.70547846815882E-03     8.76237313555788E-02    -7.29103916998465E-02    -7.71449081462982E-02     4.69253000363664E-02     8.27557016333079E-02    -3.94258804630375E-02
         2.32518392665792     9.48198848739157E-01    -6.20459165981899E-02    -4.61313005094314E-02     9.95712955004953E-01     4.46416127070479E-02     7.80996093115905E-02    -1.35758221656033E-02     9.94043564576628E-01     7.19917253024922E-02     4.09985303287007E-02     4.51155273617963E-02
         0.95357302192278     2.92026751409329E-01     5.31849049606261E-02    -1.26112142148179E-01    -4.52733490055532E-02     9.98951483794617E-01     5.05768522885267E-03    -4.05324063055065E-03    -6.79774757032757E-02     9.96250097472960E-01    -1.43291307293617E-02     3.84852273200212E-01
         0.29398542637484     3.19865547317256E-02     9.87004458343397E-01    -1.33721887416139E-01    -7.99131528019287E-02    -9.19207789773389E-03     9.88067704919458E-01    -9.25260759412988E-02    -3.60161545628566E-02     6.70272898740327E-03     9.89778435210264E-01     9.18614233187086E-01
         0.09423975581794     8.74491480891763E-02     1.38292650517385E-01     9.81804183275053E-01     6.62272917806865E-03     3.95682784102190E-03     9.95949950751669E-02     9.92936185434894E-01     2.82033303101964E-03     7.48494580516303E-03     1.07721583553750E-01    -6.66843875229656E-02
S TZVPP-MOLOPT-PBE-AE
 3
 1 0 0 7 1
     60700.94366395807447     8.62221922262633E-04
      9102.63045975282512     6.58114066512290E-03
      2071.46478936221865     3.37606270243409E-02
       585.93482287830705     1.31916746497162E-01
       190.47913006129434     3.83015696749392E-01
        67.66807502649665     7.19277158425508E-01
        24.76514807848007     5.63341355332923E-01
 1 0 1 5 1 1
       564.29994748762977    -1.00574746546293E-03     5.43973838625324E-03
       133.43593772359748     1.95795911791318E-02     4.01411842803258E-02
        42.45853750153181     1.79491615852029E-01     1.94773603391971E-01
        15.60204677258736     7.60015980310123E-02     5.12907070193976E-01
         6.41245540094229    -9.80623345131480E-01     8.35074053804572E-01
 1 0 3 5 3 4 3 1
         6.97974169262497    -1.31656492931084E-01    -3.49435720482791E-02     2.60745792249960E-02    -2.04676456768718E-02     2.35405160966626E-01    -9.68948142644655E-02    -2.97647950956991E-03     9.82903022915916E-02    -4.58088644661971E-02     8.64436828202630E-02    -3.34913871177732E-02
         2.58898151897930     9.62071337824640E-01    -9.92353221585030E-02    -6.71904133733868E-02     9.97046620525467E-01    -4.86590527658889E-02     2.73261660242076E-02     3.87436318177789E-02     9.88168452464528E-01    -5.84352510710973E-02     4.18412033047573E-03     3.21669286655233E-02
         0.96089457327268     2.08479193164192E-01     8.46023816383715E-02    -1.04337567607444E-01     5.69051907211020E-02     9.65809757047878E-01     6.66066440844520E-02    -8.80863479561085E-02     7.94107544148521E-02     9.79536615989028E-01     2.82613127632868E-02     4.12244961786603E-01
         0.33737394764153     4.24486333804668E-02     9.42543939158042E-01    -3.02973280284459E-01    -3.36055891031887E-02    -3.95796693716816E-02     9.92635254366953E-01     1.47529280095543E-02     7.00150639394903E-04    -5.65539466059057E-02     9.79623100512979E-01     9.08394125822953E-01
         0.10883542027229     1.08719125949087E-01     3.05589033484780E-01     9.44524445468930E-01    -3.33403003767745E-02     8.86660574162969E-02    -1.01726285065988E-02     9.95245305430876E-01    -8.69227697535795E-02     1.78315838972973E-01     1.79024752422017E-01     5.21327089366065E-02
CL TZVPP-MOLOPT-PBE-AE
 3
 1 0 0 7 1
     69508.00450217274192     8.54639670881115E-04
     10426.07404861877149     6.36610882195957E-03
      2373.21372557596396     3.32269466123591E-02
       671.48082610673112     1.29170911439118E-01
       218.35953271185565     3.78680461942424E-01
        77.68193958237838     7.12972790189941E-01
        28.63569494373375     5.74839539435266E-01
 1 0 1 5 1 1
       666.45268090401123     1.43814656418117E-03     5.81778333606563E-03
       157.54073854080110     2.68716178613030E-02     4.29983499959330E-02
        50.27147981024441     2.23252919385808E-01     2.08198314680469E-01
        18.56181800307728     1.26049949313096E-01     5.59198731644810E-01
         7.67698456608668    -9.66201527711407E-01     8.01291167794660E-01
 1 0 3 5 3 4 3 1
         7.92291630827550    -3.55714849236007E-02    -2.05335282550433E-02    -6.21248979322774E-03     1.19403838140099E-01     1.05841381548266E-01    -1.46122271692274E-02     1.83454633514421E-02    -6.37399836508334E-02     8.49429480795528E-02     1.55420574128900E-02     9.92703827764435E-03
         3.21359254353200     9.59549625721583E-01    -2.59950857602373E-02    -1.29366285576508E-01     9.67663531581177E-01     2.77689868599939E-03     2.12406118864057E-01    -7.59992235115861E-02     9.93189642383517E-01     9.67974271551950E-02     3.26871756359324E-02     7.10821712077589E-02
         1.26147295769703     2.42813469124242E-01     1.04956178351874E-01    -5.23619012807165E-02    -7.82419592685200E-03     9.92946336504231E-01    -1.67130180932944E-02     4.83191202193001E-02    -8.82726077217294E-02     9.57739641027515E-01    -9.19882652581050E-02     1.80157385026295E-01
         0.41296442360435    -1.45904199321127E-02     9.89285109716447E-01    -9.35576426318929E-02    -2.17443131180686E-01     2.49858269018969E-02     9.66832988440939E-01    -1.25324606656001E-01    -3.65554258774248E-02     3.24811484808539E-02     9.74023579148050E-01     9.80783981908141E-01
         0.13005620364658     1.37214882924396E-01     9.59260238559098E-02     9.85764154311841E-01     4.50253233824506E-02    -4.71505255802842E-02     1.40088439832982E-01     9.87849466056346E-01    -1.95754006656028E-02     2.55136647045343E-01     2.03730752020278E-01    -2.13278292454652E-02
