NA QZVPP-MOLOPT-PBE-AE
 3
 1 0 0 10 1
    379852.20081000000937     3.81861253311176E-05
     56886.00637799999822     2.96868772053601E-04
     12942.70183800000086     1.56027822593838E-03
      3664.30179039999985     6.56140850982803E-03
      1194.74174990000006     2.35604518616726E-02
       430.98192917000000     7.36986505556655E-02
       167.83169423999999     1.98032775145408E-01
        69.30666904000000     4.31149504953205E-01
        29.95117088600000     6.71178771356285E-01
        13.38079109700000     5.64251733805760E-01
 1 0 1 8 2 1
       690.77627016999998     0.00000000000000E+00     0.00000000000000E+00     6.57200044070806E-04
       163.82806120999999     3.19928344075492E-02    -2.41994389726088E-02     5.57194417720829E-03
        52.87646076900000     2.98599787803793E-01    -2.25861430411015E-01     2.86415547602636E-02
        19.81227049300000     4.26571125433989E-01    -3.22659186301450E-01     1.04782489471599E-01
         8.13203787840000     8.53142250867979E-01     2.41288572756053E-01     2.78450057163531E-01
         3.49690683770000     0.00000000000000E+00     8.86606945358953E-01     5.09391609436193E-01
         1.51172441460000     0.00000000000000E+00     0.00000000000000E+00     6.37728981777404E-01
         0.64479294912000     0.00000000000000E+00     0.00000000000000E+00     4.94425234459189E-01
 1 0 3 7 6 4 4 2
         5.30000000000000     0.00000000000000E+00     0.00000000000000E+00     0.00000000000000E+00     0.00000000000000E+00     0.00000000000000E+00     0.00000000000000E+00     0.00000000000000E+00     0.00000000000000E+00     0.00000000000000E+00     0.00000000000000E+00     1.00000000000000E+00     0.00000000000000E+00     0.00000000000000E+00     0.00000000000000E+00     7.07106781186548E-01     0.00000000000000E+00
         2.48304551180000     1.00000000000000E+00     0.00000000000000E+00     0.00000000000000E+00     0.00000000000000E+00     0.00000000000000E+00     0.00000000000000E+00     0.00000000000000E+00     0.00000000000000E+00     0.00000000000000E+00     0.00000000000000E+00     0.00000000000000E+00     7.07106781186548E-01     0.00000000000000E+00     0.00000000000000E+00     7.07106781186548E-01     0.00000000000000E+00
         1.04525061870000     0.00000000000000E+00     1.00000000000000E+00     0.00000000000000E+00     0.00000000000000E+00     0.00000000000000E+00     0.00000000000000E+00     0.00000000000000E+00     0.00000000000000E+00     0.00000000000000E+00     0.00000000000000E+00     0.00000000000000E+00     7.07106781186548E-01     0.00000000000000E+00     0.00000000000000E+00     0.00000000000000E+00     0.00000000000000E+00
         0.43875640383000     0.00000000000000E+00     0.00000000000000E+00     1.00000000000000E+00     0.00000000000000E+00     0.00000000000000E+00     0.00000000000000E+00     1.00000000000000E+00     0.00000000000000E+00     0.00000000000000E+00     0.00000000000000E+00     0.00000000000000E+00     0.00000000000000E+00     7.07106781186548E-01    -7.07106781186547E-01     0.00000000000000E+00     7.07106781186548E-01
         0.06559563318500     0.00000000000000E+00     0.00000000000000E+00     0.00000000000000E+00     1.00000000000000E+00     0.00000000000000E+00     0.00000000000000E+00     0.00000000000000E+00     1.00000000000000E+00     0.00000000000000E+00     0.00000000000000E+00     0.00000000000000E+00     0.00000000000000E+00     7.07106781186548E-01     7.07106781186547E-01     0.00000000000000E+00     7.07106781186548E-01
         0.03056192507200     0.00000000000000E+00     0.00000000000000E+00     0.00000000000000E+00     0.00000000000000E+00     1.00000000000000E+00     0.00000000000000E+00     0.00000000000000E+00     0.00000000000000E+00     1.00000000000000E+00     0.00000000000000E+00     0.00000000000000E+00     0.00000000000000E+00     0.00000000000000E+00     0.00000000000000E+00     0.00000000000000E+00     0.00000000000000E+00
         0.01550906401800     0.00000000000000E+00     0.00000000000000E+00     0.00000000000000E+00     0.00000000000000E+00     0.00000000000000E+00     1.00000000000000E+00     0.00000000000000E+00     0.00000000000000E+00     0.00000000000000E+00     1.00000000000000E+00     0.00000000000000E+00     0.00000000000000E+00     0.00000000000000E+00     0.00000000000000E+00     0.00000000000000E+00     0.00000000000000E+00
H QZVPP-MOLOPT-PBE-AE
 2
 1 0 0 4 1
       190.54117440353127     1.96600972886938E-02
        28.48589623081718     5.38615245148400E-01
         6.82683105625948     8.41690491707832E-01
         1.91976916792120    -3.26222996883324E-02
 1 0 3 4 3 3 2 1
         3.13044722440195    -3.66327628299461E-01     2.56023465069061E-01     1.80301571342015E-01     9.57864765395543E-01    -2.86990854469403E-01     7.09708425215967E-03     9.99207337838246E-01    -1.14391682399844E-02     5.85140484472903E-01
         0.96627664577475     8.95826280526715E-01     1.78507674168198E-01     3.15139388181339E-01     2.45050348375012E-01     8.29767518144689E-01     5.01170647875718E-01     1.62635846128724E-02     9.81329325317073E-01     6.84086073735301E-01
         0.31928820204257    -2.30012077387642E-01     6.10224429055026E-01     6.40105374762635E-01    -1.47922353363481E-01    -4.66731275488582E-01     8.51205422301253E-01    -4.48915950780499E-03     1.60295348734119E-01    -4.27324109791794E-01
         0.10666805621490    -1.01949929465328E-01    -7.28157360590113E-01     6.77084646545968E-01     2.37570063441528E-02     1.06226323308904E-01    -1.55650063115620E-01     3.60560573643188E-02    -1.05675455413839E-01    -8.38508338830758E-02
N QZVPP-MOLOPT-PBE-AE
 3
 1 0 0 8 1
     90726.87801209182362    -9.00543793386274E-05
     13590.34107513649724     2.35919992481698E-03
      3092.94460323843668     7.72464819069405E-03
       875.92236195468035     4.39398550876599E-02
       285.80469156577431     1.14183199278572E-01
       103.11134152931639     3.87374730248252E-01
        40.16748016048255     3.54617733607723E-01
        16.67530522856683     8.42112417311166E-01
 1 0 1 5 2 1
       150.05498861520869    -8.73536500292584E-02     5.04585425120854E-02    -9.70670072748020E-03
        35.43613681440323     9.53646344407521E-01    -4.84316025957162E-02    -6.55837250219302E-02
        11.10077761034690     2.64099244508266E-01     5.35712161227111E-01    -3.57635044076150E-01
         4.39804116450023    -1.14027171688238E-01     8.19426713287987E-01    -4.48715250016059E-01
         1.85639340490487     1.33185131182832E-02     1.91469729255022E-01    -8.16306532268921E-01
 1 0 4 4 4 3 3 2 1
         3.07897485127428     4.56777531893941E-01    -6.43769628264295E-01    -2.71323871194007E-01     5.50725257275921E-01     2.78141419001643E-01     2.09001035213597E-01    -2.63596852184033E-01     7.06353791508846E-01    -6.13082676510378E-01     1.41847125141774E-01     6.72928890192765E-01    -5.91023518214182E-01     6.88098054709740E-01
         0.95872461568156     7.65809383560593E-01     4.12988323825014E-01    -3.64407284859796E-01    -3.31939698101720E-01     5.21164303217252E-01    -6.59091011335774E-01     5.22442073526948E-01     5.72461082023286E-01     7.88134753542146E-01     5.39142044104175E-02     7.14872789661157E-01     4.08239990560159E-01     7.24101687343080E-01
         0.34239561043029     3.86655174159414E-01    -3.75885670334206E-01     7.44722387457275E-01    -3.93187365963220E-01     8.03169524343064E-01     2.91859996959772E-01    -3.19271718363766E-01    -2.06274083177801E-02     3.49574055294791E-02     9.51402086210885E-01     1.83504302451346E-01     6.46382448075782E-01     3.76327735976467E-02
         0.11652708898669     2.35346660701140E-01     5.23174228098117E-01     4.88855043219712E-01     6.57207290791433E-01     7.70962726360063E-02     6.60859552575790E-01     7.45410322695212E-01     4.15845092331143E-01    -4.18476023277237E-02    -2.67967762996560E-01     4.94951949976257E-02    -2.57334494082567E-01     2.79568925834708E-02
O QZVPP-MOLOPT-PBE-AE
 3
 1 0 0 8 1
    116506.38604434675653    -9.98096455193836E-05
     17504.60971368530591     2.33919295977431E-03
      3993.52399023383759     6.88020418607601E-03
      1133.09478918324885     4.13200618900893E-02
       369.82539210352701     1.15856592130636E-01
       133.78894948022503     3.83521465148008E-01
        52.21462909576736     4.11693815406844E-01
        21.67293595845605     8.17457382177472E-01
 1 0 1 5 2 1
       191.04192564330430    -5.10687570632457E-03     2.62695839052370E-02     1.26002594453494E-02
        45.06231751131436     7.10386627064769E-01    -6.24048153127723E-01     1.12036824182174E-01
        14.05235016622558     5.61186314944367E-01     2.63654168302179E-01     6.01861899721717E-01
         5.51919750076573     3.93930461642211E-01     7.34005739981864E-01     3.82904045403275E-01
         2.22318311118849     1.58787503341973E-01     3.99482759313346E-02     6.91690486537335E-01
 1 0 4 4 4 3 3 2 1
         4.07110969272635     8.35823185743741E-01     1.43707378138683E-01    -5.04975809725526E-01    -1.60459413041861E-01     1.72086536028372E-01     1.83573320585855E-01    -5.65096491463834E-01     5.87117703432284E-01    -6.86150954111257E-01     3.38448518372782E-01     7.96331496602706E-01    -4.06031379618403E-01     7.19190810290016E-01
         1.29660548931134    -3.21106263793023E-01     8.70808213615098E-01    -3.35156402976138E-01     1.62030885936799E-01     7.37714269017482E-01    -1.23907267761277E-01     5.94500398393531E-01     7.22514408166509E-01     6.34126435292987E-01    -1.48853997263073E-01     5.96617421514652E-01     6.47582903144410E-01     6.77717136798244E-01
         0.45442777800760     1.72702329034076E-01     4.19606306388715E-01     6.11297846324634E-01    -6.48397560346960E-01     6.52371782439809E-01     1.27228381173723E-01    -5.13977719496993E-01    -3.94104996625507E-02     3.37150724159123E-01     9.16679165386756E-01    -9.80648777410346E-02     6.03388801969736E-01     3.99419887891043E-02
         0.14870720086566     4.10443997485985E-01     2.12065537529809E-01     5.08905256619551E-01     7.26346592547186E-01    -2.39778831856476E-02     9.66830266380264E-01     2.51121754346111E-01     3.62922229719464E-01    -1.15801215165473E-01    -1.51639030780056E-01     1.69434240146108E-02    -2.27369426215928E-01    -1.47880689800770E-01
F QZVPP-MOLOPT-PBE-AE
 3
 1 0 0 8 1
    132536.04395257573924     2.19133884152562E-04
     19758.15592578060023     2.13098802939830E-03
      4485.33885808192372     9.36952235670608E-03
      1273.60032301696378     4.57116768597223E-02
       418.75079369228018     1.29815698472524E-01
       152.24712142839283     3.88984269444136E-01
        59.93506405237581     3.48051089779771E-01
        24.88806979770636     8.41734891149259E-01
 1 0 1 5 2 1
       240.82710880865446    -5.22362746235088E-02     7.61618022060436E-02     2.22155163398913E-02
        56.74054074501728     8.36915891686098E-01    -3.52431037520191E-01     9.17502257704855E-02
        18.02568816680041     5.06654331012575E-01     3.90319004241376E-01     6.94833984744179E-01
         7.22835931546723     1.13647744824332E-01     8.46604124895882E-01     5.19336475096237E-01
         2.54051853711273     1.65011335426585E-01     3.00711541924844E-02     4.88450331337750E-01
 1 0 4 4 4 3 3 2 1
         4.64152109972176     7.99092172965100E-01     3.57185510151160E-01    -4.75225254357118E-01     8.96167845059310E-02     2.14101203990999E-03     4.09061558167189E-01    -4.32260580718334E-01     5.23415929943841E-01    -8.45844703511436E-01    -9.90960844591549E-02     6.49830793177351E-01    -6.47812475723957E-01     7.18812892465629E-01
         1.55189089466188    -5.65383503262805E-01     6.20688611440661E-01    -5.16124369070663E-01    -1.69418940846506E-01     9.01357430415779E-01    -3.23634717094166E-01     1.52228377872265E-01     8.31684066132871E-01     4.84322390964955E-01     2.69070652276370E-01     7.59749389285090E-01     5.45754817250953E-01     6.81802537410497E-01
         0.54311529853246     1.47999793272877E-01     6.59726542294831E-01     7.03321697890184E-01    -2.19534826074957E-01     3.64587678140232E-01     2.81361980784028E-01    -7.13536840615867E-01    -1.67858516623561E-01    -2.20433972029506E-01     9.41600143248362E-01     1.96681952393344E-02     4.63299478087506E-01    -2.42238812327185E-02
         0.17933709925335    -1.41029268364327E-01     2.27870683409749E-01     1.14521537491829E-01     9.56593181325010E-01     2.33722107747691E-01     8.05459277239079E-01     5.29945741006902E-01     7.84913805373263E-02     3.72481291736264E-02    -1.76550617000047E-01     1.06755709662101E-02    -2.60469325156765E-01    -1.33665736760872E-01
P QZVPP-MOLOPT-PBE-AE
 3
 1 0 0 10 1
   1090561.80519910156727     3.52542703036201E-05
    163316.42223638814176     2.65812391400548E-04
     37166.66764260317723     8.78769920797847E-04
     10526.95431290921442     5.74870195413521E-03
      3434.00821150373713     1.27781475558078E-02
      1239.56529505795584     4.94718273943585E-02
       483.08677037206735     1.30577749894589E-01
       200.17197303488049     3.92745417499836E-01
        87.04268136526592     6.97306809419922E-01
        39.23648463776314     5.82940020354956E-01
 1 0 1 8 2 2
      2019.66669522970460    -1.50379543898873E-02     5.44055003330132E-02     6.13101039434597E-04     4.90165486351040E-03
       478.50295035269306    -3.03418544710924E-02     1.36456355631242E-01     9.24007000862928E-04    -7.04459453080016E-02
       155.24574725703317    -9.20309200764451E-03    -1.11967751055017E-01     1.85592811283677E-02    -1.36913469831226E-02
        58.85220789169924     3.28592537547140E-01    -2.54402182682373E-01     9.98644719616298E-02     5.48226428248905E-01
        24.59273591476416     9.31674838018863E-01     4.65587390438970E-02     2.30480176434614E-01     2.11161271535046E-01
        10.90316439971332     1.83934516165056E-02     9.27031779179398E-01     5.04169695380833E-01     3.44293088652745E-01
         4.83711140891655    -7.25042640645371E-02    -1.48935747075499E-02     6.73408920787555E-01    -6.47927885393933E-01
         2.40220057237067    -1.31081226701116E-01    -1.98456550292584E-01     4.78428304530584E-01     3.33670967863701E-01
 1 0 4 6 6 4 4 2 1
         7.07830462744184     9.25159674924853E-01    -2.93745396143060E-01    -1.14294531465365E-01    -9.72728047366900E-02    -1.46297723112662E-01    -1.17749547283711E-01     5.28268171268182E-02    -5.72709352184299E-02     5.43026289896627E-03     4.12789200473613E-02     5.96645988959911E-03    -1.08197887088445E-01     7.22425619773628E-02     1.54667255465566E-01     4.38082215310121E-02     4.37467808537918E-03    -3.69229608081541E-02
         3.22230066127189     3.20568750900544E-01     9.00994980476936E-01     2.56427084890918E-01    -1.15127929147318E-01     7.73961736088525E-02     2.10775586046973E-02     1.21212590042048E-02    -5.17801056415129E-02     2.87439241319745E-02     2.47209938134635E-04     9.95785570697782E-01     6.31388360356930E-02    -1.78646086466045E-02     5.19835557470612E-02    -5.01890308836965E-02    -7.49930207843985E-02    -4.38148347371995E-02
         1.35996719129839    -1.17057780245034E-02    -2.85028426239111E-01     9.23216954134580E-01    -2.48940894203969E-01    -6.50526555454891E-02     9.42389486219108E-03     9.95820913287177E-01    -3.48465705187304E-03    -5.53086232328822E-02    -5.09020798128179E-02    -4.83164426092236E-02     6.55648455905245E-01    -7.35596730713736E-01    -6.57468397733475E-02     6.99799029332912E-01    -4.41536988652351E-01     6.71458906758837E-01
         0.56757663496052     1.80526228827227E-01    -4.85396995477491E-02     2.40249569971980E-01     8.79762194709331E-01     2.60247889457559E-01     2.56171503478861E-01     6.27278022129899E-03     9.96523888659499E-01     1.19657688169591E-02    -2.71744139842213E-02    -3.71119979499216E-02     7.41422214352477E-01     6.64690241722525E-01    -1.11718717013319E-02     7.04955469979424E-01     4.48323073754384E-01     7.20574356707641E-01
         0.21277080846222     7.43583175488499E-02    -1.30885013007251E-01    -5.39311757445584E-02    -2.97801984539030E-01     9.40251449665058E-01     4.08970863458324E-02     5.55975051482730E-02    -9.65617563171914E-03     9.97700961056408E-01     2.03895677130300E-02    -5.61403540972439E-02     6.63819283585834E-02    -4.94281637092287E-02     9.83979809126514E-01    -2.70704879459577E-02     7.66036144958509E-01     1.41233517499211E-01
         0.07435626011417     5.53113723981880E-02    -3.45469908050341E-02    -9.06859317701239E-02    -2.29443786899260E-01    -1.28736972020018E-01     9.58282609660206E-01     4.76726418596468E-02     2.95569857615782E-02    -2.31272123301705E-02     9.97271670444313E-01    -3.88841892042113E-02    -1.78422682074917E-02    -9.54099415747602E-02     2.66838451595388E-02    -9.02673444741528E-02    -1.07689566967376E-01    -8.17654067837254E-02
S QZVPP-MOLOPT-PBE-AE
 3
 1 0 0 10 1
   1273410.95499193668365     9.87888036232276E-05
    190697.78010723757325     1.57116366687795E-04
     43397.85422073691734     1.55336389518796E-03
     12291.76862965425789     5.35130499026067E-03
      4009.68458722298510     2.20901350356112E-02
      1447.39797042309806     6.91332148544144E-02
       564.26114559975247     1.84765485267749E-01
       233.63615488869064     4.28663595365080E-01
       101.59995544167144     6.85536035546053E-01
        45.79212563563329     5.53941442861056E-01
 1 0 1 8 2 2
      2189.84619127130554    -5.40227560754291E-02     1.38052066203343E-01     3.98527892046305E-04     4.18881101431139E-03
       518.99909644515526    -6.58816147847172E-02     1.79541187126077E-01     4.06904977423878E-03    -6.17151367487119E-03
       168.30022124117258     7.81490079613725E-02    -3.12549353668520E-02     2.18314673607633E-02     1.87827054701608E-02
        63.73025058358672     5.39631563414771E-01    -2.12047125707757E-01     8.90037859454533E-02    -1.69845333087510E-01
        26.53481464879668     8.31112359293335E-01     1.27604008666390E-01     2.52488946762031E-01    -1.33109680285919E-01
        11.73573877226582     1.76065971579368E-02     9.05018568494592E-01     5.25051079820914E-01    -4.70786937561725E-01
         5.34671198699199    -4.45272502949781E-02    -3.57561642893771E-02     6.54661094190783E-01     7.49238560313875E-01
         2.74105475330837    -4.89003162373073E-02    -2.57188333724953E-01     4.72836699320733E-01    -4.12343535488415E-01
 1 0 4 6 6 4 4 2 1
         8.31619263028394     9.13504257378449E-01    -3.70949282897382E-01    -1.04635636758499E-01    -8.98471926323209E-03    -1.28281446961303E-01    -2.05214515759989E-02     4.81277411771223E-02     8.12380004889105E-02    -1.31315910072865E-01    -3.08915562199779E-03    -6.95036598625231E-02    -2.34623669626775E-01     1.23132825188173E-01     3.42787393017896E-01    -6.38941916706414E-03     1.27346818698528E-02    -3.33563932068701E-02
         3.50409771984308     3.54784636910908E-01     8.34057192385490E-01     3.49038244323994E-01    -1.69012021220416E-01    -1.44720565316922E-01    -8.44965082035499E-02     8.90564670475032E-02    -2.55250590638002E-02    -6.01964016737590E-04    -5.72786490857093E-02     9.86423469842716E-01     4.73874946937614E-02    -7.59528378218381E-02    -5.02787514488447E-02    -3.14629288022827E-02    -1.00376642324275E-02    -1.44297988699904E-01
         1.47335900731238    -9.94815366557345E-02    -3.91289711006025E-01     8.60671926785472E-01    -1.42912323360204E-01    -2.73723672154681E-01     2.98502848020429E-02     9.88144088819932E-01     6.00975069534849E-02    -4.12578816148234E-02     9.01981372587149E-02    -1.28379177667563E-01     5.81853465346992E-01    -7.39784243987395E-01    -8.92077279775996E-02     7.19747987104971E-01    -4.85052712095381E-01     5.66114428416292E-01
         0.59510246212960     1.12541080200268E-01     3.83178786238540E-02     3.07054988424223E-01     8.14370088810093E-01     4.19685019393301E-01    -2.28581106999705E-01    -7.32747548336724E-02     9.68205908353383E-01    -2.11609950482653E-01     2.28310159884936E-02    -2.62223279341700E-05     7.57307044919181E-01     6.37174742814052E-01     5.58068668304718E-02     6.84438273300100E-01     3.85957797347188E-01     8.08809892114526E-01
         0.23342257972438     7.57895118564870E-02    -9.11140702055609E-02     1.34835871245620E-01    -5.35711805426834E-01     7.75700675346518E-01    -2.81202396365756E-01     2.26492583044408E-02     2.20083907821256E-01     9.60818126370448E-01     1.25913313153398E-01     7.11620728748775E-02     1.20508948307327E-01    -1.60602881599418E-01     9.20685481429436E-01     1.11693108549250E-01     7.56628659739873E-01     4.98568279336959E-02
         0.08708605907321     1.06450515207633E-01     6.21896920487338E-02     1.18338682906245E-01     2.72855146973977E-02     3.31403268550300E-01     9.27482646966941E-01    -8.62655628785583E-02    -5.72498108473270E-02    -1.14469705601204E-01     9.86001263584984E-01     2.43459410808561E-02     1.26950135702378E-01    -1.95132718855549E-03    -1.45721204735027E-01    -9.97013949975358E-04    -2.07389945731456E-01     3.03438717761065E-02
CL QZVPP-MOLOPT-PBE-AE
 3
 1 0 0 10 1
   1467458.93775052158162     5.00027973996311E-05
    219756.22561595341540     2.92119625382510E-04
     50010.78269045410707     1.28590722749441E-03
     14164.71914344428478     6.48940441751174E-03
      4620.77877126598923     1.97871266811614E-02
      1667.78852683964556     6.65018359892871E-02
       650.34523295930057     1.78047411514083E-01
       269.43766657761569     4.24217234215202E-01
       117.09536851846944     6.88319212568402E-01
        52.76000788002602     5.56504843396412E-01
 1 0 1 8 2 2
      2501.95646798690223    -3.82883357554072E-02     8.37909091563773E-02     4.17887012633053E-04     1.59916949870661E-03
       592.94635448432632    -4.07348538060098E-02     1.30718267465741E-01     3.99041739687339E-03    -2.59213449401013E-02
       192.18114183797039     2.20528820527411E-01    -1.98966788392605E-01     2.18359541428443E-02     3.32964376441369E-02
        72.87930898689872     7.33114974004280E-01    -3.92594344886566E-01     8.68350005331845E-02    -2.17375228769997E-01
        30.43574290352728     6.34280900802578E-01     5.37964084760841E-01     2.47733889523512E-01    -2.17956740087419E-01
        13.46035723428640     7.71650835004062E-03     6.98209154610030E-01     5.32066586940945E-01    -4.48983934995352E-01
         5.97563269106637     1.31312121901711E-02     1.06376827476728E-02     7.10008437176348E-01     6.90916424895068E-01
         3.08191027511841    -9.07739768895670E-02     7.18273987087124E-02     3.78665897473595E-01    -4.73822396122835E-01
 1 0 4 6 6 4 4 2 1
         9.78337990819075     8.91563859098250E-01     4.20492586467600E-01    -1.05500184052396E-01    -6.37580026009097E-03    -1.27727899356303E-01    -2.85396905660188E-02    -1.53857744271598E-02     1.06253051057092E-01    -1.15431250361608E-01    -2.24073346383234E-02     3.39725575429827E-02     1.01895475255016E-01     3.78215008137413E-02    -4.46426713878059E-02    -6.35534933198293E-02     3.84866238399183E-02    -6.11006722560778E-02
         4.33269446539561    -4.29731410091877E-01     7.82174610574314E-01    -3.34369761244485E-01    -2.72432075009675E-01    -1.25354633131214E-01    -4.23985492338584E-02     7.30865995598478E-02    -1.69780800664228E-01     9.20852072943818E-03     3.68926930660954E-02     9.84874476080405E-01    -1.38014851189017E-01    -4.74208272594508E-02     1.83642605819760E-02     4.69010615356294E-02    -6.41463169582076E-02    -1.95982450216892E-02
         1.89618722201134    -1.08607609504601E-01     3.85249243565499E-01     8.24406939689850E-01     3.51646048346057E-01    -1.90711290748148E-01     1.07175344599850E-02     9.91627029311956E-01     8.56131566559374E-02    -7.28575131920513E-02     2.31284362812144E-02     7.90619312155555E-02     7.33791834593761E-01    -6.62746105231222E-01     4.37386186866967E-02     6.43881756150717E-01    -4.40208755319482E-01     7.22168984314687E-01
         0.75937665037877    -8.64870311670285E-02     5.72642042507304E-02    -4.40832017733930E-01     8.81987013108728E-01    -1.10544464050763E-01     6.91864630354050E-02    -7.17104623334244E-02     9.75883878241501E-01     2.82742999161818E-02    -5.63192675837824E-03     1.32325112586378E-01     6.30921978952516E-01     7.45720946790107E-01     7.09504044527997E-02     7.55448939940310E-01     4.62184592162924E-01     6.65787803325587E-01
         0.29257745973674     3.21350778484430E-02     2.43787785919905E-01     5.55589531759151E-02     1.28047138769592E-01     9.55294229503361E-01     8.63997700254051E-02     6.90556986584205E-02    -6.16188331121305E-03     9.83715665542611E-01     1.12973648641345E-01    -3.38233190166359E-02    -5.85726486891373E-02    -1.98834428606854E-02     9.93139085193975E-01    -8.21528343028837E-02     7.63814987833132E-01     1.70005500533451E-01
         0.10605356801669     1.16840788925550E-02     1.61310253462363E-02    -3.26472144511987E-04    -8.82496986965603E-02    -8.24248737035741E-02     9.92482391084379E-01    -3.44438923863824E-02     1.29554489179424E-02    -1.13078139742878E-01     9.92374501940459E-01    -6.29554636350571E-02     1.75001307873770E-01     2.43581082505283E-02    -6.63137740448836E-02    -4.15371998214924E-02    -5.99362050420123E-02     4.66830318968192E-02
