FE DZVP-MOLOPT-PBE-GTH-Q16
 1
 2 0 3 6 3 2 2 1
         8.42825156785373    -1.78140945320323E-01    -4.06802016185226E-02    -3.68083367389072E-02    -1.05930941237105E-01    -2.32839278128261E-02     1.87392086898836E-01    -7.78240785299474E-02    -2.59371854773241E-02
         4.83004539358797    -3.02874860291050E-01    -7.10765996545175E-02    -1.48697512292277E-01     1.95770989540439E-01     7.64353550071464E-03     3.16515471216786E-01    -8.52784112159628E-02     5.19813294119985E-02
         2.20589364304387     7.01374017450915E-01     9.53126924596003E-02     1.91359714544589E-01     7.66169300698900E-01     1.21517132975131E-02     5.34317684954572E-01    -3.52132109316395E-01    -1.28698578206278E-01
         0.86792702647641     6.15977472239270E-01    -2.14834971869163E-01    -3.82235317315895E-01     5.98775657460143E-01    -3.09809756534052E-02     5.76136874021401E-01    -1.37519276733122E-01    -4.36478975519627E-01
         0.30234419396488     6.96753397267686E-02     2.87884826591287E-01     8.08940269707234E-01     5.34389629149434E-02     7.01448888335677E-01     4.72759688634494E-01     3.80919154935634E-01    -5.45625238294278E-01
         0.08680770056394     1.80058595046297E-02     9.24757800894056E-01    -3.73399863519554E-01    -4.52652989086096E-02     7.11520489609960E-01     1.54179612750734E-01     8.35860651603934E-01     7.01313826354085E-01
H DZVP-MOLOPT-PBE-GTH-Q1
 1
 2 0 1 5 2 1
         9.42354063693337     1.73378201014863E-02    -1.21445159969598E-01    -8.76671027046430E-02
         2.22615949373757     1.93709872716504E-01    -1.18321991639862E-01     2.94039390163616E-01
         0.63906011750762     5.93969954529689E-01    -1.91879319676876E-01     4.09265411017209E-01
         0.31891311049636     2.87972643705189E-01     9.48793006176853E-01     1.56988630151590E-01
         0.16139156624546     7.25566905805197E-01    -1.85000371687637E-01     8.44814600657224E-01
F DZVP-MOLOPT-PBE-GTH-Q7
 1
 2 0 2 5 2 2 1
        13.30428004732790     1.38300641201995E-01    -4.13429187269840E-02    -9.35306094799813E-02     5.06566246623838E-02    -3.27607844899301E-02
         4.80605774544240     1.37253664661734E-01    -3.39425431978004E-02    -2.95918398172795E-01     1.05639317967558E-01     1.33212173705781E-01
         1.70698523266130    -5.18315587577063E-01     1.04830293747595E-01    -5.65287543674134E-01     3.02725510725546E-01     2.66499630071583E-01
         0.58735472443375    -8.26234910698634E-01     4.59821538585404E-02    -6.52514099592094E-01     2.40459771924833E-01     9.50816701157307E-01
         0.17874874061685    -1.03533512436824E-01    -9.91985341560913E-01    -3.97944304537121E-01    -9.14773526135829E-01     7.81459899689756E-02
C DZVP-MOLOPT-PBE-GTH-Q4
 1
 2 0 2 5 2 2 1
         5.26168129831067    -1.61180329987319E-01     9.95867208365846E-02    -9.87196463656005E-02     8.04180361628404E-02    -7.94810431764520E-02
         1.93765185829818    -1.80818549742989E-01     2.07627108755464E-01    -2.33418997562279E-01     3.08840032955768E-01     2.69065919998737E-01
         0.75874037796781     4.91719768047513E-01    -4.16765369564797E-01    -5.45204647452669E-01     4.47360294645044E-01     5.09115674523642E-01
         0.29195902016920     8.01363369134776E-01     6.04318650540438E-02    -6.71299816524380E-01     5.57121483533110E-02     7.95876444290429E-01
         0.09607356854063     2.39486896539835E-01     8.77284494996048E-01    -4.33449480019086E-01    -8.33616036796648E-01     1.69316891799892E-01
O DZVP-MOLOPT-PBE-GTH-Q6
 1
 2 0 2 5 2 2 1
        10.34256722623639    -1.36612866576817E-01     5.36780510727693E-02    -9.23817206645146E-02     5.83443637080248E-02    -9.48473896502772E-02
         3.67715896642206    -1.53385468202307E-01     9.10278370989298E-02    -2.98264530995839E-01     1.75046650342809E-01     1.72754284852763E-01
         1.30046451996361     5.48080652961239E-01    -2.61157543615482E-01    -5.68590641449654E-01     3.64872626600995E-01     4.96868401181124E-01
         0.46645021946921     7.84467551986126E-01    -4.09115659592467E-02    -6.49258120291653E-01     1.42983044083434E-01     8.41501659783491E-01
         0.14793951916337     2.05007513424509E-01     9.58621708960114E-01    -3.97079920076698E-01    -9.01320376386329E-01    -7.84645029990108E-02
