OS TZV2P-MOLOPT-PBE0-GTH-Q16
 1
 2 0 3 6 4 3 3 2
         3.43909462446473     5.28241553150508E-01    -4.10828254286357E-01     2.78684112803018E-02     4.29035420711193E-01     6.24538981813369E-01    -8.08358675505262E-02     4.30928224324998E-02     1.42540145977643E-01     9.42025351550098E-02    -1.52929541049436E-02    -7.89498296973426E-03    -1.92444254770069E-05
         3.20558106715876    -3.77912378148519E-02     6.20495332054143E-01    -1.53372975135024E-02    -3.34408643183331E-01    -5.18345440520931E-01     1.06891645300434E-01    -4.88221952762350E-02    -1.82248400516284E-01    -1.21899885481797E-01     2.01523516910247E-02     2.07335064042084E-02     5.05389841121171E-05
         1.24963319354118    -7.33434884482061E-01    -4.51105886659523E-01    -1.24446861143170E-02    -8.42090678190279E-02    -4.81563763499158E-01    -3.41031226001503E-01     9.90955097132264E-02    -4.38580027482506E-01    -2.68936493248587E-01     3.84413192407974E-02    -1.22819921016116E-01    -2.99379849981624E-04
         0.53947294097129    -2.31862002302716E-01    -2.57539132924419E-01     2.53827904022275E-03     1.61593171358933E-02    -3.19621144767575E-01    -6.38424045490143E-02     1.24611966121611E-02    -5.71953054916307E-01    -5.67855700796055E-01     1.39557436071686E-01    -7.73174292728278E-01    -1.88465195101589E-03
         0.21139626868529    -3.34023802708096E-01     3.96466736381608E-01    -2.93493447898084E-01     8.03060728086234E-01    -8.10694534256540E-02     8.74392415958020E-01    -2.88996827002557E-01    -6.35819535271219E-01     6.63140368435389E-01    -3.77953464501652E-01    -6.21786642990265E-01    -1.51563679864749E-03
         0.07560315073563    -1.27569844426275E-01     1.38552839579792E-01     9.55347267712437E-01     2.27685404696509E-01    -2.52086038871361E-02     3.11607913684374E-01     9.49876325854757E-01    -1.50726932984016E-01     3.76462770687679E-01     9.14088165309774E-01    -2.43754399207162E-03     9.99997029185230E-01
OS TZVP-MOLOPT-PBE0-GTH-q16
 1
 2 0 3 6 4 3 3 1
         3.43909462446473     5.28241553150508E-01    -4.10828254286357E-01     2.78684112803018E-02     4.29035420711193E-01     6.24538981813369E-01    -8.08358675505262E-02     4.30928224324998E-02     1.42540145977643E-01     9.42025351550098E-02    -1.52929541049436E-02    -7.89498296973426E-03
         3.20558106715876    -3.77912378148519E-02     6.20495332054143E-01    -1.53372975135024E-02    -3.34408643183331E-01    -5.18345440520931E-01     1.06891645300434E-01    -4.88221952762350E-02    -1.82248400516284E-01    -1.21899885481797E-01     2.01523516910247E-02     2.07335064042084E-02
         1.24963319354118    -7.33434884482061E-01    -4.51105886659523E-01    -1.24446861143170E-02    -8.42090678190279E-02    -4.81563763499158E-01    -3.41031226001503E-01     9.90955097132264E-02    -4.38580027482506E-01    -2.68936493248587E-01     3.84413192407974E-02    -1.22819921016116E-01
         0.53947294097129    -2.31862002302716E-01    -2.57539132924419E-01     2.53827904022275E-03     1.61593171358933E-02    -3.19621144767575E-01    -6.38424045490143E-02     1.24611966121611E-02    -5.71953054916307E-01    -5.67855700796055E-01     1.39557436071686E-01    -7.73174292728278E-01
         0.21139626868529    -3.34023802708096E-01     3.96466736381608E-01    -2.93493447898084E-01     8.03060728086234E-01    -8.10694534256540E-02     8.74392415958020E-01    -2.88996827002557E-01    -6.35819535271219E-01     6.63140368435389E-01    -3.77953464501652E-01    -6.21786642990265E-01
         0.07560315073563    -1.27569844426275E-01     1.38552839579792E-01     9.55347267712437E-01     2.27685404696509E-01    -2.52086038871361E-02     3.11607913684374E-01     9.49876325854757E-01    -1.50726932984016E-01     3.76462770687679E-01     9.14088165309774E-01    -2.43754399207162E-03
OS DZVP-MOLOPT-PBE0-GTH-q16
 1
 2 0 3 6 3 2 2 1
         3.43909462446473     5.28241553150508E-01    -4.10828254286357E-01     2.78684112803018E-02     6.24538981813369E-01    -8.08358675505262E-02     1.42540145977643E-01     9.42025351550098E-02    -7.89498296973426E-03
         3.20558106715876    -3.77912378148519E-02     6.20495332054143E-01    -1.53372975135024E-02    -5.18345440520931E-01     1.06891645300434E-01    -1.82248400516284E-01    -1.21899885481797E-01     2.07335064042084E-02
         1.24963319354118    -7.33434884482061E-01    -4.51105886659523E-01    -1.24446861143170E-02    -4.81563763499158E-01    -3.41031226001503E-01    -4.38580027482506E-01    -2.68936493248587E-01    -1.22819921016116E-01
         0.53947294097129    -2.31862002302716E-01    -2.57539132924419E-01     2.53827904022275E-03    -3.19621144767575E-01    -6.38424045490143E-02    -5.71953054916307E-01    -5.67855700796055E-01    -7.73174292728278E-01
         0.21139626868529    -3.34023802708096E-01     3.96466736381608E-01    -2.93493447898084E-01    -8.10694534256540E-02     8.74392415958020E-01    -6.35819535271219E-01     6.63140368435389E-01    -6.21786642990265E-01
         0.07560315073563    -1.27569844426275E-01     1.38552839579792E-01     9.55347267712437E-01    -2.52086038871361E-02     3.11607913684374E-01    -1.50726932984016E-01     3.76462770687679E-01    -2.43754399207162E-03
F TZV2P-MOLOPT-PBE0-GTH-Q7
 1
 2 0 3 5 3 3 2 1
        13.31501907729122     1.31813146289282E-01    -5.24225688764356E-02    -5.17923286744451E-01    -9.80506809064632E-02     4.64420401614479E-02     6.35659142568778E-02     4.89385522399914E-03     1.52535072278595E-01     5.41962851226601E-02
         4.62512020147175     1.34547810393351E-01    -5.37398783766778E-02    -2.73506612070950E-02    -3.12727206728056E-01     1.25929415842544E-01     1.88833971660508E-01     2.30296758923593E-02    -1.84322551941015E-01     3.68925101794283E-02
         1.62272294024072    -5.51865766775749E-01     1.65440705311574E-01    -7.34790083225985E-01    -5.86706702362430E-01     2.77907352966805E-01     6.51110127867809E-01     5.26472480151814E-01    -8.13967424463323E-01     8.50449987353287E-02
         0.55216173678272    -7.87309125215089E-01     1.14519053917377E-01     4.34902286738320E-01    -6.52997838515906E-01     1.82287680337408E-01    -7.27945836193775E-01     8.49582617686734E-01     5.11993820603493E-01     9.94034575948952E-01
         0.17330337957192    -2.00276553789357E-01    -9.76667117835106E-01    -4.41695026221844E-02    -3.49223175694863E-01    -9.33554296168888E-01     8.03216449515110E-02    -2.19496600587510E-02     1.34452996051777E-01    -1.90870474316679E-02
F TZVP-MOLOPT-PBE0-GTH-q7
 1
 2 0 2 5 3 3 1
        13.31501907729122     1.31813146289282E-01    -5.24225688764356E-02    -5.17923286744451E-01    -9.80506809064632E-02     4.64420401614479E-02     6.35659142568778E-02     4.89385522399914E-03
         4.62512020147175     1.34547810393351E-01    -5.37398783766778E-02    -2.73506612070950E-02    -3.12727206728056E-01     1.25929415842544E-01     1.88833971660508E-01     2.30296758923593E-02
         1.62272294024072    -5.51865766775749E-01     1.65440705311574E-01    -7.34790083225985E-01    -5.86706702362430E-01     2.77907352966805E-01     6.51110127867809E-01     5.26472480151814E-01
         0.55216173678272    -7.87309125215089E-01     1.14519053917377E-01     4.34902286738320E-01    -6.52997838515906E-01     1.82287680337408E-01    -7.27945836193775E-01     8.49582617686734E-01
         0.17330337957192    -2.00276553789357E-01    -9.76667117835106E-01    -4.41695026221844E-02    -3.49223175694863E-01    -9.33554296168888E-01     8.03216449515110E-02    -2.19496600587510E-02
F DZVP-MOLOPT-PBE0-GTH-q7
 1
 2 0 2 5 2 2 1
        13.31501907729122     1.31813146289282E-01    -5.24225688764356E-02    -9.80506809064632E-02     4.64420401614479E-02     4.89385522399914E-03
         4.62512020147175     1.34547810393351E-01    -5.37398783766778E-02    -3.12727206728056E-01     1.25929415842544E-01     2.30296758923593E-02
         1.62272294024072    -5.51865766775749E-01     1.65440705311574E-01    -5.86706702362430E-01     2.77907352966805E-01     5.26472480151814E-01
         0.55216173678272    -7.87309125215089E-01     1.14519053917377E-01    -6.52997838515906E-01     1.82287680337408E-01     8.49582617686734E-01
         0.17330337957192    -2.00276553789357E-01    -9.76667117835106E-01    -3.49223175694863E-01    -9.33554296168888E-01    -2.19496600587510E-02
O TZV2P-MOLOPT-PBE0-GTH-Q6
 1
 2 0 3 5 3 3 2 1
        10.34082423621691    -1.29825249634708E-01     8.18793043945143E-02    -1.54163825083534E-01    -9.31315963557027E-02     6.07168741616306E-02     5.24249215362800E-02    -1.46443819746845E-04    -1.35615599706110E-01    -4.53627038333396E-02
         3.64864310376424    -1.27684551447027E-01     1.02649506262870E-01    -2.90598920673850E-01    -3.10412801135525E-01     1.66218217874094E-01     1.57277538743803E-01     4.82789843051162E-02    -2.03664714425298E-01    -7.75510089052828E-02
         1.25503633997207     5.26487514579900E-01    -3.65113179366377E-01     6.61471073309150E-01    -5.97863015525008E-01     4.26686208369503E-01     5.52189434348781E-01     7.18155124032992E-01    -6.65039106707507E-01     7.74070424398802E-02
         0.43936673910305     7.72667288737258E-01    -8.21060762059060E-02    -6.24492813862270E-01    -6.48920500304752E-01    -1.50379113770830E-02    -7.55332729990091E-01     6.93882202281484E-01     7.03924405563841E-01     9.92909576133937E-01
         0.14295518532255     3.04365270334762E-01     9.17992274956007E-01     2.53476876555698E-01    -3.41221918409427E-01    -8.86790677695403E-01     3.11568128998934E-01    -2.12090879301656E-02     4.83994939610748E-02     8.17248560335443E-03
O TZVP-MOLOPT-PBE0-GTH-q6
 1
 2 0 2 5 3 3 1
        10.34082423621691    -1.29825249634708E-01     8.18793043945143E-02    -1.54163825083534E-01    -9.31315963557027E-02     6.07168741616306E-02     5.24249215362800E-02    -1.46443819746845E-04
         3.64864310376424    -1.27684551447027E-01     1.02649506262870E-01    -2.90598920673850E-01    -3.10412801135525E-01     1.66218217874094E-01     1.57277538743803E-01     4.82789843051162E-02
         1.25503633997207     5.26487514579900E-01    -3.65113179366377E-01     6.61471073309150E-01    -5.97863015525008E-01     4.26686208369503E-01     5.52189434348781E-01     7.18155124032992E-01
         0.43936673910305     7.72667288737258E-01    -8.21060762059060E-02    -6.24492813862270E-01    -6.48920500304752E-01    -1.50379113770830E-02    -7.55332729990091E-01     6.93882202281484E-01
         0.14295518532255     3.04365270334762E-01     9.17992274956007E-01     2.53476876555698E-01    -3.41221918409427E-01    -8.86790677695403E-01     3.11568128998934E-01    -2.12090879301656E-02
O DZVP-MOLOPT-PBE0-GTH-q6
 1
 2 0 2 5 2 2 1
        10.34082423621691    -1.29825249634708E-01     8.18793043945143E-02    -9.31315963557027E-02     6.07168741616306E-02    -1.46443819746845E-04
         3.64864310376424    -1.27684551447027E-01     1.02649506262870E-01    -3.10412801135525E-01     1.66218217874094E-01     4.82789843051162E-02
         1.25503633997207     5.26487514579900E-01    -3.65113179366377E-01    -5.97863015525008E-01     4.26686208369503E-01     7.18155124032992E-01
         0.43936673910305     7.72667288737258E-01    -8.21060762059060E-02    -6.48920500304752E-01    -1.50379113770830E-02     6.93882202281484E-01
         0.14295518532255     3.04365270334762E-01     9.17992274956007E-01    -3.41221918409427E-01    -8.86790677695403E-01    -2.12090879301656E-02
C TZV2P-MOLOPT-PBE0-GTH-Q4
 1
 2 0 3 5 3 3 2 1
         5.37649556675185    -1.22404309942338E-01     1.51052142999233E-01    -2.91603005508096E-01    -1.02230399503479E-01     7.40025761345854E-02     8.94622998880541E-02    -3.33102657255285E-02     9.86374456561292E-02     7.95121951184048E-02
         1.95241253925289    -1.29373346346520E-01     2.06617207371748E-01    -1.01805179489666E-01    -3.09172408281985E-01     2.20213934213870E-01     3.39999059653624E-01     2.24862943378639E-01    -4.25828317504440E-02     4.21381944948773E-01
         0.69884308058897     4.93419910923422E-01    -4.42585619435647E-01     6.21910558850215E-01    -6.76608029554237E-01     4.84079784827656E-01     2.48477330781687E-01     7.92785845721874E-01    -5.17543483541305E-01     3.21750315531954E-01
         0.25544398452951     7.50469724701437E-01    -1.05635637414093E-01    -6.44963922243512E-01    -6.23090735983644E-01    -3.82982660790289E-01    -6.66883209981747E-01     5.31193096205402E-01     8.40388777086484E-01     8.41599833069726E-01
         0.08778128068034     4.02009584429917E-01     8.52907768337305E-01     3.19142896525367E-01    -2.18908374551020E-01    -7.51678445453038E-01     6.08212904060281E-01     1.94040151152179E-01    -1.19803183369898E-01    -6.55859949283386E-02
C TZVP-MOLOPT-PBE0-GTH-q4
 1
 2 0 2 5 3 3 1
         5.37649556675185    -1.22404309942338E-01     1.51052142999233E-01    -2.91603005508096E-01    -1.02230399503479E-01     7.40025761345854E-02     8.94622998880541E-02    -3.33102657255285E-02
         1.95241253925289    -1.29373346346520E-01     2.06617207371748E-01    -1.01805179489666E-01    -3.09172408281985E-01     2.20213934213870E-01     3.39999059653624E-01     2.24862943378639E-01
         0.69884308058897     4.93419910923422E-01    -4.42585619435647E-01     6.21910558850215E-01    -6.76608029554237E-01     4.84079784827656E-01     2.48477330781687E-01     7.92785845721874E-01
         0.25544398452951     7.50469724701437E-01    -1.05635637414093E-01    -6.44963922243512E-01    -6.23090735983644E-01    -3.82982660790289E-01    -6.66883209981747E-01     5.31193096205402E-01
         0.08778128068034     4.02009584429917E-01     8.52907768337305E-01     3.19142896525367E-01    -2.18908374551020E-01    -7.51678445453038E-01     6.08212904060281E-01     1.94040151152179E-01
C DZVP-MOLOPT-PBE0-GTH-q4
 1
 2 0 2 5 2 2 1
         5.37649556675185    -1.22404309942338E-01     1.51052142999233E-01    -1.02230399503479E-01     7.40025761345854E-02    -3.33102657255285E-02
         1.95241253925289    -1.29373346346520E-01     2.06617207371748E-01    -3.09172408281985E-01     2.20213934213870E-01     2.24862943378639E-01
         0.69884308058897     4.93419910923422E-01    -4.42585619435647E-01    -6.76608029554237E-01     4.84079784827656E-01     7.92785845721874E-01
         0.25544398452951     7.50469724701437E-01    -1.05635637414093E-01    -6.23090735983644E-01    -3.82982660790289E-01     5.31193096205402E-01
         0.08778128068034     4.02009584429917E-01     8.52907768337305E-01    -2.18908374551020E-01    -7.51678445453038E-01     1.94040151152179E-01
