F admm-dz
    4
1 0 0 2 1
       10.93269938     -0.14473004
        1.14813804      0.61681874
1 0 0 1 1
        0.34613644      1.00000000  
1 1 1 2 1
        8.05417633     -0.05554033
        1.83859144      0.27674337
1 1 1 1 1
        0.41006242      1.00000000  

F admm-dzp
    5
1 0 0 2 1
       10.93269938     -0.14473004
        1.14813804      0.61681874
1 0 0 1 1
        0.34613644      1.00000000  
1 1 1 2 1
        8.05417633     -0.05554033
        1.83859144      0.27674337
1 1 1 1 1
        0.41006242      1.00000000  
1 2 2 1 1
        1.64000000      1.00000000

F admm-tzp
    7
1 0 0 2 1
       10.76691660     -0.14779456
        1.25341222      0.51549447
1 0 0 1 1
        0.46783412      1.00000000
1 0 0 1 1
        0.18546455      1.00000000
1 1 1 2 1
       11.04325466     -0.03779081
        3.15536694      0.12575138
1 1 1 1 1
        0.94478629      1.00000000
1 1 1 1 1
        0.25689591      1.00000000
1 2 2 1 1
        1.64000000      1.0000000

F admm-tz2p
    9
1 0 0 2 1
       10.76691660     -0.14779456
        1.25341222      0.51549447
1 0 0 1 1
        0.46783412      1.00000000
1 0 0 1 1
        0.18546455      1.00000000
1 1 1 2 1
       11.04325466     -0.03779081
        3.15536694      0.12575138
1 1 1 1 1
        0.94478629      1.00000000
1 1 1 1 1
        0.25689591      1.00000000
1 2 2 1 1
        3.10700000      1.00000000
1 2 2 1 1
        0.85500000      1.00000000
1 3 3 1 1
        1.91700000      1.00000000

