  BASIS_TYPE GAUSSIAN
  S_EXPONENTS          10.76691660 \
                        1.25341222 \
                        0.46783412 \
                        0.18546455
  P_EXPONENTS          11.04325466 \
                        3.15536694 \
                        0.94478629 \
                        0.25689591

  ORBITAL COEFFICENTS (Quickstep normalization)
  L Quantum Number:  0
       10.76691660    0.00000000 -0.14779456  0.38426817  0.00000000  0.00000000  0.00000000
        1.25341222    0.00000000  0.51549447  1.27966738  0.00000000  0.00000000  0.00000000
        0.46783412    0.00000000  0.48300017  0.93999550  0.00000000  0.00000000  0.00000000
        0.18546455    0.00000000  0.11570097  0.26540439  0.00000000  0.00000000  0.00000000
  L Quantum Number:  1
       11.04325466   -0.03779081  0.09825671  0.00000000  0.00000000  0.00000000  0.00000000
        3.15536694    0.12575138  0.31216617  0.00000000  0.00000000  0.00000000  0.00000000
        0.94478629    0.25402699  0.49437710  0.00000000  0.00000000  0.00000000  0.00000000
        0.25689591    0.15483417  0.35517135  0.00000000  0.00000000  0.00000000  0.00000000
