PO SVP-MOLOPT-PBE-Q24
 2
 1 0 2 7 1 1 1
       277.85911711964133     9.87110842638833E-04    -7.41595177192572E-05    -2.47633955561275E-04
        19.90871936990064    -8.25342338293613E-02     5.67320214257243E-04     3.90460183086134E-02
        14.45879518840523     2.76418860296035E-01     3.51119922930171E-02    -5.64336683371472E-02
         6.84023486627841    -5.67182249577467E-01    -1.24809935504944E-02    -3.15553683550764E-02
         2.00173786553904     5.34117081117945E-01    -7.49887258005431E-01     7.46519674340924E-01
         0.90061739195812     5.40642641627272E-01     6.48895783160287E-01     4.00986181814195E-01
         0.58909903208246    -1.32319737785417E-01    -1.23346699685242E-01     5.25559991583882E-01
 1 0 2 4 3 3 1
         8.75673657729880     2.10914764767098E-02    -7.80183237617126E-04    -2.40885499784635E-03    -1.06691872587484E-01    -3.50229911356860E-03     3.03313425576074E-02     1.20938615973493E-02
         2.06806309906328     6.37291067646407E-01    -1.06754355535765E-01    -7.63038322857610E-01     8.86298108937442E-01    -4.43670605185015E-01     9.70543397360122E-02    -1.16134694938020E-01
         0.24962200027225     5.87374391606760E-01     7.08112677753273E-01     3.91725744652621E-01     3.66374141982714E-01     5.87615505733358E-01    -7.18656062142272E-01     8.41515836841169E-01
         0.07937406942985     4.98404021655848E-01    -6.97982331075327E-01     5.14118329029996E-01     2.62416642963287E-01     6.76647726233830E-01     6.87890928231520E-01     5.27463332838241E-01
LI SVP-MOLOPT-PBE-AE
 2
 1 0 0 7 3
       266.12717331005655     1.15472983572528E-02     1.93215659893583E-02    -1.02953255664297E-02
        30.79108507140402     1.11439467529574E-01    -1.77202827861430E-01     5.65328983906402E-02
         6.51390913644908     4.05297226601035E-01     3.35514325614378E-01    -2.24339808120772E-01
         1.82279556683620     7.28171652348325E-01    -2.95960613935251E-01    -1.03656941568563E-01
         0.56342505958431     4.47754261670202E-01    -4.94930165425100E-03    -2.44566243775079E-01
         0.07474485834210     2.73051955169331E-01     6.55785615084466E-01     6.65251302017179E-01
         0.02483995748307     1.33816511453449E-01    -5.81363929611783E-01     6.58219556225898E-01
 1 1 1 3 2
         1.21318997049135     1.50483938920362E-01    -2.44087604593981E-01
         0.22336874714062     6.98542627077353E-01    -6.59464164931762E-01
         0.04879378702498     6.99566138605124E-01     7.11005102973549E-01
H SVP-MOLOPT-PBE-AE
 1
 2 0 1 4 2 1
        12.24885489931877     9.13601065893484E-02    -2.92233653979741E-02    -2.98536765580705E-02
         1.44668572118719     5.46801357436806E-01    -1.89238960127749E-01     5.05674686289909E-01
         0.37494771895490     8.27248429081306E-01     2.01024168753657E-02     8.56401740098416E-01
         0.11192006491493     9.12230399173390E-02     9.81290224001215E-01     9.98895850325395E-02
O SVP-MOLOPT-PBE-AE
 2
 1 0 0 7 3
      2266.11882679815517    -6.53195164418799E-03     4.31511781018852E-03    -1.50255386286268E-02
       340.90332514956907    -6.49692043203330E-02    -8.38643395903431E-03     2.78970138112306E-02
        76.92814265988143    -2.68398557546813E-01     9.66356731438743E-02    -1.03149893654597E-01
        19.69260394517260    -7.46654382968193E-01     7.27513962145946E-02    -4.77845342576543E-02
         5.94653840051691    -5.84020787076508E-01     6.76448442348491E-02    -6.55152912382769E-02
         0.94188304160944     1.58317373375200E-01     7.83140450398519E-01    -5.91846167956205E-01
         0.29333843489112    -7.81743877443225E-03     6.06131205686227E-01     7.94668854066698E-01
 2 1 2 4 2 1
        16.36868614237306     1.01723539743118E-01    -2.55855611750852E-02     8.33706707858758E-03
         2.90797745788635     5.10732722414240E-01    -9.49942456369113E-02     1.82905409616553E-01
         0.75006795444374     8.35859133120747E-01    -1.43391921218567E-01     8.94419927848460E-01
         0.19193642427748     1.73620037138872E-01     9.84764047518226E-01     4.08030755106872E-01
