PO QZVPP-MOLOPT-PBE-Q24
 2
 1 0 2 11 2 2 1
      8913.50033128124778     9.18533628968668E-05    -9.09528532299788E-04     1.65764072334342E-03    -1.05528622263394E-03    -3.03519839804764E-05
      1338.94473732979645    -1.78756090838695E-05     3.13867513092577E-03    -1.12189088839361E-03     7.11191400198865E-04     4.43877306198176E-05
       299.49507178620814     1.67819086693583E-03    -1.16293793485788E-02     1.71165678789636E-03    -9.42834327696482E-04    -1.58987745618993E-04
        51.18257241056705     4.35266974299415E-04     4.94965589475836E-02    -1.62351309902870E-02     1.16824592771952E-02     4.84517843689790E-03
        23.01089142822323    -8.89698065273553E-02     8.00173314452331E-02    -6.96766371011491E-03    -1.64710471644020E-02    -2.20580235519213E-02
        14.37981529612242     4.15794673167082E-01    -4.90559120639390E-01     2.72286323502532E-01    -5.31144214358699E-02     1.01881868909732E-01
         8.76292442823414    -3.62064227027495E-01    -3.62839676630618E-01    -2.06266783848500E-01    -1.46584075368547E-01    -2.31781534818632E-01
         5.63857013979080    -4.87906497746416E-01     5.34675104808452E-01    -4.88627776394308E-01     3.23926236060874E-01    -2.74001041207400E-03
         2.42310727020477     6.20620936962789E-01     5.59646263624943E-01     5.94597236169927E-01    -7.49397392342924E-03     7.08447830559673E-01
         1.67506107502248     1.27601715189896E-01    -1.32296937302247E-01     5.33031497278576E-01     1.35506483346922E-01     6.24671170180594E-01
         0.86688396642343    -2.20454867493776E-01    -4.60068129979190E-02     8.10527834286251E-02     9.23003418408002E-01     2.08008262918334E-01
 1 0 4 6 5 4 3 4 1
         2.79329511068915     9.55946561818516E-02    -3.91454624912161E-01     2.73622769414127E-01    -8.01861544653551E-02    -1.49945747932611E-01    -4.54351319010629E-01    -4.37317735867927E-02     9.07848294668683E-03    -5.69548701363079E-03     9.30291890750745E-02     1.67131454722877E-02     1.08206903050877E-01     9.42408802045323E-01     2.79406516187279E-01     2.57547878235156E-02    -1.25722388643961E-01    -2.66312961298456E-02
         1.04922841139657     9.28903940031803E-01     2.17293308761027E-01    -1.41251216608385E-01     2.04721395305986E-01     1.44240539256101E-01    -1.21956509555843E-02    -4.59836939082500E-01     2.46028985429657E-04     5.44278513780285E-03     5.96860359014927E-01    -3.52448838591199E-01    -2.82633672477456E-01    -3.15204859601907E-01     9.11355225566354E-01     1.07882723808541E-01    -8.79936930445194E-02     1.19890387789974E-01
         0.47459278702770    -2.40391389823006E-01     5.81141456679194E-01    -5.79292948595806E-01    -1.86469675898745E-01     8.92143336747595E-02     8.26096149218284E-01     2.95928777089818E-01    -2.58568123441377E-02    -8.31868992351016E-02     7.16069136681160E-01    -1.57386509247904E-01     2.36440619228573E-01    -1.56711501236229E-02    -1.82034874829454E-01     9.49909420424444E-01    -1.34247229492782E-01     7.85619596549862E-01
         0.23214149955066     1.30096025934721E-01     4.74815161158316E-01     3.53786533893008E-01    -3.07717159580000E-01    -7.30245546498159E-01    -3.15823419410681E-01     7.19384882279458E-01    -3.52246415148352E-01    -3.29929724326567E-01     3.07183464521334E-01     8.23864244132218E-01    -4.67239686718015E-01     1.01874006082934E-01     1.32423716447533E-01     1.78368098464919E-01     9.57373951446822E-01     5.65355908916925E-01
         0.11737811858438    -2.30328494425784E-01     3.94438103238889E-01     3.84571393555394E-01     7.82696232642659E-01     5.66349746407130E-02    -1.05973258719705E-01     4.06437812355076E-01     7.97460023118941E-01     3.79338460487612E-01     1.55404380872565E-01     3.54708657479083E-01     7.59869291243795E-01     4.33242097290166E-02     1.67016282876128E-01     1.34663991400803E-01    -2.03965967935761E-01    -2.19257261685851E-01
         0.05388463286135     1.53271097527699E-02     2.84236956391774E-01     5.44553289648318E-01    -4.57804705101697E-01     6.42094746627052E-01     2.55606061458286E-03     1.27895958341562E-01    -4.89110335624589E-01     8.60387463131556E-01    -6.19360221485823E-02    -2.14847502198030E-01    -2.38308712121812E-01    -3.26513408841981E-03    -1.13121511956289E-01    -1.88203434258588E-01     1.61763211727208E-02     4.22704974965909E-03
LI QZVPP-MOLOPT-PBE-AE
 2
 1 0 0 9 1
     14853.87687857917626     4.96577289229343E-05
      2225.33775440804720     1.60589773343864E-03
       505.04028970568595     4.83540394280382E-03
       142.36198049131588     3.02421098300801E-02
        46.56481972140332     8.00060719981857E-02
        16.73607513849282     3.05253352245290E-01
         6.53485125656129     4.44841098813873E-01
         2.54973586207928     7.61209223727809E-01
         0.63655752474806     3.49507920071237E-01
 1 0 3 6 5 4 2 1
         4.14076824097240     3.98322457665125E-01    -8.43516070056875E-03    -6.22768489378194E-02    -5.12554455249484E-01     2.95088889284473E-01     2.91991164345625E-01     5.34589577332424E-01    -5.98502918054566E-01     3.23025453761898E-01     3.96542870185837E-02    -4.71662545730608E-02     4.46489583598293E-03
         1.19365722778238     8.50001624081916E-01    -2.51156475603611E-01     4.70723487252295E-02     2.20677142011147E-01    -3.68762075471946E-01    -4.97042700739481E-03     3.32726814593491E-01     1.04668567764875E-01    -2.12011088195693E-01    -1.51879139963770E-01     1.79308207760414E-01    -5.25035284022289E-02
         0.39770952213912     1.25612175288192E-01     7.29168263574772E-01    -3.97985770075111E-01    -3.41040829750188E-01    -3.76747422804991E-01     3.32873194898162E-01    -5.94081083565646E-01     1.25514447752963E-01     1.00889901072148E-01     5.10488231169101E-01    -5.70275015619789E-01     1.30455400872919E-01
         0.17830732881461     1.53106713097096E-01     5.25143942990641E-01     8.20461571674944E-01     6.77538611294718E-02     1.50229844475957E-01     6.72819033838912E-01    -1.49150492626185E-01    -3.17566028628326E-01    -5.74718442530548E-01     8.39785887527013E-01     3.66180389654303E-01     9.51443046531936E-01
         0.06090389393808     2.02432998078606E-01     3.38820556793518E-01    -3.99770929828770E-01     6.35433567712743E-01     5.20314850657280E-01     4.06066114880427E-01     4.66027735042661E-01     7.02647356607603E-01    -1.14783607291096E-01     6.82592383986562E-02     5.91006094791342E-01    -2.71740448292703E-01
         0.01998653576078     1.96563617922033E-01    -1.20778249929584E-01    -5.03897604490042E-02    -4.04863282068038E-01     5.84552742306884E-01     4.31667405496095E-01    -1.05578395175577E-01     1.43259837781110E-01     7.05018097553640E-01    -6.97306940052830E-02     3.96275202064497E-01     3.34378611948521E-02
H QZVPP-MOLOPT-PBE-AE
 2
 1 0 0 4 1
       190.54117440353127     1.96600972886938E-02
        28.48589623081718     5.38615245148400E-01
         6.82683105625948     8.41690491707832E-01
         1.91976916792120    -3.26222996883324E-02
 1 0 3 4 3 3 2 1
         3.13044722440195    -3.66327628299461E-01     2.56023465069061E-01     1.80301571342015E-01     9.57864765395543E-01    -2.86990854469403E-01     7.09708425215968E-03     9.99207337838246E-01    -1.14391682399844E-02     5.85140484472903E-01
         0.96627664577475     8.95826280526715E-01     1.78507674168198E-01     3.15139388181339E-01     2.45050348375012E-01     8.29767518144689E-01     5.01170647875718E-01     1.62635846128724E-02     9.81329325317073E-01     6.84086073735301E-01
         0.31928820204257    -2.30012077387642E-01     6.10224429055026E-01     6.40105374762635E-01    -1.47922353363481E-01    -4.66731275488582E-01     8.51205422301253E-01    -4.48915950780499E-03     1.60295348734119E-01    -4.27324109791794E-01
         0.10666805621490    -1.01949929465328E-01    -7.28157360590113E-01     6.77084646545968E-01     2.37570063441528E-02     1.06226323308904E-01    -1.55650063115620E-01     3.60560573643188E-02    -1.05675455413839E-01    -8.38508338830758E-02
O QZVPP-MOLOPT-PBE-AE
 3
 1 0 0 8 1
    116506.38604434675653    -9.98096455193836E-05
     17504.60971368530591     2.33919295977431E-03
      3993.52399023383759     6.88020418607601E-03
      1133.09478918324885     4.13200618900893E-02
       369.82539210352701     1.15856592130636E-01
       133.78894948022503     3.83521465148008E-01
        52.21462909576736     4.11693815406844E-01
        21.67293595845605     8.17457382177472E-01
 1 0 1 5 2 1
       191.04192564330430    -5.10687570632457E-03     2.62695839052370E-02     1.26002594453494E-02
        45.06231751131436     7.10386627064769E-01    -6.24048153127724E-01     1.12036824182174E-01
        14.05235016622558     5.61186314944367E-01     2.63654168302179E-01     6.01861899721717E-01
         5.51919750076573     3.93930461642211E-01     7.34005739981864E-01     3.82904045403275E-01
         2.22318311118849     1.58787503341973E-01     3.99482759313346E-02     6.91690486537335E-01
 1 0 4 4 4 3 3 2 1
         4.07110969272635     8.35823185743741E-01     1.43707378138683E-01    -5.04975809725526E-01    -1.60459413041861E-01     1.72086536028372E-01     1.83573320585855E-01    -5.65096491463834E-01     5.87117703432284E-01    -6.86150954111257E-01     3.38448518372782E-01     7.96331496602706E-01    -4.06031379618403E-01     7.19190810290016E-01
         1.29660548931134    -3.21106263793023E-01     8.70808213615098E-01    -3.35156402976138E-01     1.62030885936799E-01     7.37714269017482E-01    -1.23907267761277E-01     5.94500398393531E-01     7.22514408166509E-01     6.34126435292987E-01    -1.48853997263073E-01     5.96617421514652E-01     6.47582903144410E-01     6.77717136798244E-01
         0.45442777800760     1.72702329034076E-01     4.19606306388715E-01     6.11297846324634E-01    -6.48397560346960E-01     6.52371782439809E-01     1.27228381173723E-01    -5.13977719496993E-01    -3.94104996625507E-02     3.37150724159123E-01     9.16679165386756E-01    -9.80648777410346E-02     6.03388801969736E-01     3.99419887891043E-02
         0.14870720086566     4.10443997485985E-01     2.12065537529809E-01     5.08905256619550E-01     7.26346592547186E-01    -2.39778831856476E-02     9.66830266380264E-01     2.51121754346111E-01     3.62922229719464E-01    -1.15801215165473E-01    -1.51639030780056E-01     1.69434240146108E-02    -2.27369426215928E-01    -1.47880689800770E-01
