CO SVP-MOLOPT-PBE-AE
 4
 1 0 0 6 1
     65902.15527300169924     2.93663683298967E-03
      9895.51550672487610     2.03842068346011E-02
      2251.62323806291442     1.06072324853250E-01
       635.59084620085639     3.52016605064897E-01
       206.45343736290775     7.48323201824509E-01
        69.35354960008684     5.51743797016116E-01
 1 0 0 8 4
       137.68408633903832    -1.33989400331756E-01    -9.93650986749895E-03     1.41836655762816E-03     2.90517605870773E-02
        16.02857605629378     7.97136239882538E-01    -1.22096923820957E-02    -4.90511012713565E-03    -1.41883875169659E-01
        11.40019826592176    -5.77165566738531E-03    -1.54510192250581E-01     2.14632855289256E-02     2.00659142286341E-02
         6.60991894674349     5.66385398230237E-01    -3.57479124129951E-02     1.04788141274335E-02    -6.64293583498660E-02
         2.07634892267900    -1.65594807169051E-02     6.75665288228955E-01    -3.13614847809115E-01    -3.04092359845544E-01
         0.84062577102273    -6.28342972148446E-02     4.16962469434418E-01    -1.92950755264252E-01    -3.69421679429098E-01
         0.20734037125556     6.74303011318023E-02     5.44811345030055E-01     7.58144296320922E-01     3.41739913711241E-01
         0.08061141026910     1.30482617648009E-01     2.17715851799004E-01    -5.37621064684420E-01     7.92766517605917E-01
 1 1 1 5 1
       843.56737991523130     1.41797338796986E-02
       198.70632515861371     9.93823941177422E-02
        62.09200391664645     4.07951312821853E-01
        21.36905487910593     7.89788104553528E-01
         7.80525537473781     4.46914478574144E-01
 1 1 3 5 2 2 1
        13.51853901492207    -2.79945729970793E-05    -2.15792568760205E-02     2.65112002061609E-01     1.88501692441564E-02    -4.63059595174148E-02
         3.87219597395366     5.70876313602802E-01    -1.00294384500283E-01     6.10892365688547E-01     5.11762348013901E-02     8.64855474146929E-02
         1.36041550155003     7.43558839383760E-01    -3.13597045604745E-01     6.71533118243687E-01     2.36764891823397E-02     1.48093830902316E-01
         0.43962959216076     2.96943861585923E-01     4.80724522962950E-01     2.10358459164834E-01     6.46942005468797E-01     9.54496900820414E-01
         0.12412306530047     1.81782367748618E-01     8.12426118561194E-01    -2.47626197455041E-01     7.60217817162312E-01     2.39541002282393E-01

CO TZVPP-MOLOPT-PBE-AE
 4
 1 0 0 8 1
    325817.03719453950180     4.07310283762415E-04
     48839.50837459921604     3.14149936789085E-03
     11114.95190933521553     1.64258741006538E-02
      3146.19509267264038     6.62932220759187E-02
      1024.48272834769591     2.15539122142046E-01
       368.07417018026030     5.13433644377876E-01
       142.84638828934428     7.30574030287618E-01
        56.35674012775797     3.89250215623925E-01
 1 0 1 6 1 1
      1731.18987033685062    -1.81141732141709E-03     4.09041874095098E-03
       409.91658287111017    -2.50568737154983E-02     3.48702731228164E-02
       131.47881748812770    -1.23422202108328E-01     1.57539889143443E-01
        48.96933432944474    -7.71722031292392E-02     4.68718345791192E-01
        19.09656663208922     6.75506343267582E-01     7.60432760163950E-01
         7.56860313985964     7.22406715876218E-01     4.19515965660119E-01
 1 0 2 4 1 1 1
        68.13442970990472     4.65265184112975E-02    -1.50707483100969E-02     3.15518324436329E-02
        19.22872469965957    -2.90343813741277E-01    -7.17949945433045E-02     1.94079105286439E-01
         7.51839489280336    -4.11007007227541E-01     1.25588180767902E-01     4.07718248192603E-01
         1.94271404620118     8.62907291032214E-01     9.89366443819129E-01     8.91685826315199E-01
 1 0 4 4 3 3 3 2 1
         4.10322298598741     1.00605212662487E-01     1.67376985469472E-02     4.08011175342820E-02     5.67492418124820E-01     1.26098178510192E-02    -1.04626515012717E-01     5.15400975077709E-01    -9.79422103342966E-02     2.29961737910899E-02     9.80389447821204E-01    -1.61989380412088E-01     3.16212303635289E-01
         0.73965712852644     9.32125200297194E-01     5.92812959973471E-02     3.40117919251457E-01     8.16413256141916E-01    -3.75657337193819E-02    -5.40569170554339E-02     8.56035964691990E-01     4.99199706843935E-02     3.14102293902551E-02     1.54451312283411E-02     5.67211655212001E-01     9.30909302286027E-01
         0.07096779585818    -8.75732576090427E-02     9.94085193535113E-01     6.33701641761936E-02     2.68141654335179E-02     9.98715596539279E-01     3.06681086969874E-02     8.27410956902644E-03     9.93862736402742E-01    -1.17135655667251E-02     5.06994130314344E-02    -5.61206622684374E-02    -4.12943437144938E-02
         0.24732100276375    -3.36678075775349E-01    -8.94438672379678E-02     9.37357611642587E-01     1.03454101410739E-01    -3.15747584801639E-02     9.92567684938264E-01    -3.86755886010989E-02     1.23361724921043E-02     9.99173341248822E-01     1.89809241188206E-01     8.05531408507404E-01     1.78079833569651E-01

CO QZVPP-MOLOPT-PBE-AE
 4
 1 0 0 11 1
   4658206.43214385583997     1.16170487321390E-05
    697560.88158939813729     1.58830318711461E-04
    158759.89981625194196     7.34667502078537E-04
     44969.14620013850799     2.99295220567606E-03
     14670.62866081726133     1.20290331838106E-02
      5295.90162561918260     3.86974949619709E-02
      2065.07239043109303     1.06351566468235E-01
       855.91849906554398     2.69685667099609E-01
       372.50407009826029     5.06322258905063E-01
       168.50810552936841     6.69693510333694E-01
        78.16474997536950     4.57663239738633E-01
 1 0 1 9 1 1
      8425.47367534009754    -1.15227821120379E-02     3.10992373618885E-04
      1995.91188698472979    -3.54815745599171E-02     2.68990315749772E-03
       647.74589386729269    -6.96981022751290E-02     1.50560981112698E-02
       246.83418010558111     1.77519968016529E-01     6.18212517803037E-02
       104.01808046069446     5.88905656750161E-01     1.93828278390474E-01
        46.83114050680647     7.70708219084560E-01     4.40694377105565E-01
        21.94610881695106    -1.06852056975284E-01     6.70137080975591E-01
        10.55258337730960     8.16124277921030E-02     5.40175620705494E-01
         5.06250176315200    -5.79494338798935E-02     1.52609863453837E-01
 1 0 2 7 5 1 1
       237.65448012968065     1.87508022938392E-02    -1.57932472901181E-02     2.68233402393041E-01    -2.79825172502835E-01     3.06276901418064E-01    -2.81112430957394E-03     1.81580294627551E-03
        71.03386570786533    -1.22746479337933E-01     1.31464710295343E-01    -2.57407633636496E-01     2.07694095020709E-02    -2.14642799567140E-01    -1.46980975143548E-02     2.03240618495329E-02
        27.13977121309765     9.87220345631917E-01    -4.21046771798131E-02    -2.71326793022268E-02     5.75971110293710E-02     2.62436936298833E-02    -5.15484237794963E-02     8.57416816570849E-02
        11.50942247256230     5.82654076639641E-02     9.67628374158677E-01    -1.30534165873922E-01     7.25365008140825E-02     1.88055737102427E-02    -2.52907537202204E-02     2.79807840302884E-01
         5.03546256502582    -1.86222481450408E-02     1.73846606985854E-01     8.99120525897129E-01     1.97097650057904E-01     2.87222752749202E-02     3.35127005343966E-01     6.51741898014149E-01
         2.37331085461934    -4.62001400190037E-02    -1.18629115770492E-01    -7.27216144507901E-02     9.28913328894014E-01    -1.65211174628310E-02     7.17678739527768E-01     5.86995884405872E-01
         1.12073250695975    -6.40437319327865E-02     9.72723499415272E-03    -1.74099534582763E-01     1.04690386655639E-01     9.26273518338201E-01     6.07541207170927E-01     3.80273456823810E-01
 1 0 4 6 4 4 4 4 2
         5.95551940902362    -1.83795738444172E-01    -1.65294446599691E-02    -7.28374128411351E-02    -3.20330946578190E-02    -1.27182686942662E-03     1.74462639478656E-02    -2.74602005106939E-02    -9.17391689901515E-02    -8.00634829739360E-02    -1.94074123270776E-03     6.68978345159101E-02    -1.87219787945094E-02     9.91418339547936E-01    -1.22495582445499E-01     1.50221657575333E-03     4.39223956223128E-02     7.38226606478080E-01    -3.42043539542691E-01
         1.51636864746086    -2.31958865474964E-01    -2.07150484871090E-01    -1.52389673551883E-01    -1.07569319815840E-01     2.67340528091232E-02    -8.35341977989795E-02     7.73218813823390E-03     1.72480269129346E-02     6.75458176531160E-01    -4.44618933818830E-01     5.81071895907804E-01     8.88937806688904E-02     1.23018465496154E-01     9.87610696052969E-01     5.85397175452092E-03    -3.14079122971904E-02     6.65802272602336E-01     4.10335763563111E-01
         0.54321411837709     8.72995920810267E-01     3.46928532127325E-01    -8.23837875498653E-02    -3.33304975296743E-02     9.92896973318281E-01    -1.08997641473301E-01    -3.06148875686651E-02     7.39422493751095E-03     7.22362894141608E-01     3.45725049158818E-01    -5.85508297156483E-01     3.72126396739273E-02    -2.15340909393675E-03    -1.82102912282090E-03     9.99222548591183E-01     1.14713087481445E-02    -1.48445731568678E-02     8.39318518558733E-01
         0.21835810834465    -3.73657518329679E-01     8.69865967650106E-01    -2.86232397999885E-01    -1.18717716119355E-01     1.12313725904324E-01     9.89956092579583E-01     2.60234765888369E-02     1.01433873276389E-02     7.16639569127876E-02     8.21321695574997E-01     5.53531179484891E-01    -2.91604904063937E-02    -4.28674879189869E-02     1.99329647476631E-02    -5.28606887669086E-03     9.76553337376378E-01     9.61052210258812E-02    -8.23429462006969E-02
         0.08948213065568    -9.84767210047412E-02     2.78201739113346E-01     9.16378940915173E-01     1.59675777693177E-01     2.71782083194813E-02    -2.80672740767014E-02     9.98739050386556E-01     6.86561847888567E-03    -7.24620975894299E-02     3.25938628625548E-02    -3.30284028850690E-02     9.69079432474442E-01    -1.06679971796268E-02    -7.64666091420843E-02     2.73212262690193E-02    -2.07196745370965E-01    -4.39583868932051E-02     2.86478598782419E-02
         0.02763962243403    -3.12206329503804E-02     4.89186912267670E-02    -2.07378063489657E-01     9.72985894097601E-01    -9.28683036573977E-03    -6.02849202264439E-03    -9.58995374629143E-03     9.95530878905624E-01    -7.17736811873547E-02     8.45738735007266E-02     8.70202472131289E-02     2.24493478905692E-01    -2.61342591548644E-04     5.80703347564117E-02    -2.72650108744831E-02     1.91275521243772E-02     1.84362861370252E-02     5.07360023843624E-02
