CO TZVPP-MOLOPT-PBE-AE
 4
 1 0 0 8 1
    325817.03719453950180     4.07310283762415E-04
     48839.50837459921604     3.14149936789085E-03
     11114.95190933521553     1.64258741006538E-02
      3146.19509267264038     6.62932220759187E-02
      1024.48272834769591     2.15539122142046E-01
       368.07417018026030     5.13433644377876E-01
       142.84638828934428     7.30574030287618E-01
        56.35674012775797     3.89250215623925E-01
 1 0 1 6 1 1
      1731.18987033685062    -1.81141732141709E-03     4.09041874095098E-03
       409.91658287111017    -2.50568737154983E-02     3.48702731228164E-02
       131.47881748812770    -1.23422202108328E-01     1.57539889143443E-01
        48.96933432944474    -7.71722031292392E-02     4.68718345791192E-01
        19.09656663208922     6.75506343267582E-01     7.60432760163950E-01
         7.56860313985964     7.22406715876218E-01     4.19515965660119E-01
 1 0 2 4 1 1 1
        68.13442970990472     4.65265184112975E-02    -1.50707483100969E-02     3.15518324436329E-02
        19.22872469965957    -2.90343813741277E-01    -7.17949945433045E-02     1.94079105286439E-01
         7.51839489280336    -4.11007007227541E-01     1.25588180767902E-01     4.07718248192603E-01
         1.94271404620118     8.62907291032214E-01     9.89366443819129E-01     8.91685826315199E-01
 1 0 4 4 3 3 3 2 1
         4.10322298598741     1.00605212662487E-01     1.67376985469472E-02     4.08011175342820E-02     5.67492418124820E-01     1.26098178510192E-02    -1.04626515012717E-01     5.15400975077709E-01    -9.79422103342966E-02     2.29961737910899E-02     9.80389447821204E-01    -1.61989380412088E-01     3.16212303635289E-01
         0.73965712852644     9.32125200297194E-01     5.92812959973471E-02     3.40117919251457E-01     8.16413256141916E-01    -3.75657337193819E-02    -5.40569170554339E-02     8.56035964691990E-01     4.99199706843935E-02     3.14102293902551E-02     1.54451312283411E-02     5.67211655212001E-01     9.30909302286027E-01
         0.07096779585818    -8.75732576090427E-02     9.94085193535113E-01     6.33701641761936E-02     2.68141654335179E-02     9.98715596539279E-01     3.06681086969874E-02     8.27410956902644E-03     9.93862736402742E-01    -1.17135655667251E-02     5.06994130314344E-02    -5.61206622684374E-02    -4.12943437144938E-02
         0.24732100276375    -3.36678075775349E-01    -8.94438672379678E-02     9.37357611642587E-01     1.03454101410739E-01    -3.15747584801639E-02     9.92567684938264E-01    -3.86755886010989E-02     1.23361724921043E-02     9.99173341248822E-01     1.89809241188206E-01     8.05531408507404E-01     1.78079833569651E-01
F TZVPP-MOLOPT-PBE-AE
 2
 1 0 0 6 1
     35479.02878767263610     6.72585320603450E-04
      5318.56312951047130     8.20097950478645E-03
      1210.53207767191157     3.41581776414553E-02
       342.85143677005027     1.67981165419731E-01
       112.04698837680320     3.40179960458393E-01
        40.78491787387953     9.24567700620738E-01
 1 0 3 6 4 3 2 1
        79.87901815644609     1.16918239284466E-01    -1.68147951461107E-02    -2.12818697913285E-02    -7.26226478740949E-03    -2.45424567087636E-01     2.14619427519455E-01     6.35891870315225E-02     1.01451133211560E-01    -3.43565246327839E-02    -1.31870850864618E-02
        16.19635642859436     8.53271420269594E-01     1.38508493185086E-02     1.47303644984199E-01    -9.44612873543678E-02    -1.04048621424425E-01     1.57592183640012E-01     5.70164828779390E-02     5.65110690465166E-02     4.45853785965381E-03     1.05680763536942E-01
         5.77801148801512     4.75828101997680E-01     9.06865843095588E-03     4.56280442532806E-02    -3.42227538288093E-02     3.85471543429814E-01     1.08618595980577E-01    -3.86557846134089E-02     7.78219890128867E-01    -1.58938198405914E-01    -1.90738906372033E-01
         1.80048565891898     5.42202862380103E-03     9.84951172129337E-01    -1.65338157360220E-01    -4.82246452283408E-02     8.82036252116551E-01     2.29685585491659E-02     9.54990517737228E-02     5.96805252189064E-01     2.06883586435839E-01     7.91345089335059E-01
         0.61342852936985    -1.78123417267227E-01     1.16155230853301E-01     8.34960810060312E-01    -5.05012861636734E-01     2.35771402740000E-03     9.52591193174218E-01     7.86110613461027E-02     2.14870962580005E-02     9.58447372992515E-01     5.67195057415070E-01
         0.19458219035665     9.39552285204502E-03     1.25786831338083E-01     5.01268928973589E-01     8.55856016509765E-01    -4.85679584923393E-02    -9.66833470619191E-02     9.87882330256585E-01     1.55723360184243E-01    -1.10073678097833E-01    -6.58715646571095E-02
CL TZVPP-MOLOPT-PBE-AE
 3
 1 0 0 7 1
     69508.00450217274192     8.54639670881115E-04
     10426.07404861877149     6.36610882195957E-03
      2373.21372557596396     3.32269466123591E-02
       671.48082610673112     1.29170911439118E-01
       218.35953271185565     3.78680461942424E-01
        77.68193958237838     7.12972790189941E-01
        28.63569494373375     5.74839539435266E-01
 1 0 1 5 1 1
       666.45268090401123     1.43814656418117E-03     5.81778333606563E-03
       157.54073854080110     2.68716178613030E-02     4.29983499959330E-02
        50.27147981024441     2.23252919385808E-01     2.08198314680469E-01
        18.56181800307728     1.26049949313096E-01     5.59198731644810E-01
         7.67698456608668    -9.66201527711407E-01     8.01291167794660E-01
 1 0 3 5 3 4 3 1
         7.92291630827550    -3.55714849236007E-02    -2.05335282550433E-02    -6.21248979322774E-03     1.19403838140099E-01     1.05841381548266E-01    -1.46122271692274E-02     1.83454633514421E-02    -6.37399836508334E-02     8.49429480795528E-02     1.55420574128900E-02     9.92703827764435E-03
         3.21359254353200     9.59549625721583E-01    -2.59950857602373E-02    -1.29366285576508E-01     9.67663531581177E-01     2.77689868599939E-03     2.12406118864057E-01    -7.59992235115861E-02     9.93189642383517E-01     9.67974271551950E-02     3.26871756359324E-02     7.10821712077589E-02
         1.26147295769703     2.42813469124242E-01     1.04956178351874E-01    -5.23619012807165E-02    -7.82419592685200E-03     9.92946336504231E-01    -1.67130180932944E-02     4.83191202193001E-02    -8.82726077217294E-02     9.57739641027515E-01    -9.19882652581050E-02     1.80157385026295E-01
         0.41296442360435    -1.45904199321127E-02     9.89285109716447E-01    -9.35576426318929E-02    -2.17443131180686E-01     2.49858269018969E-02     9.66832988440939E-01    -1.25324606656001E-01    -3.65554258774248E-02     3.24811484808539E-02     9.74023579148050E-01     9.80783981908141E-01
         0.13005620364658     1.37214882924396E-01     9.59260238559098E-02     9.85764154311841E-01     4.50253233824506E-02    -4.71505255802842E-02     1.40088439832982E-01     9.87849466056346E-01    -1.95754006656028E-02     2.55136647045343E-01     2.03730752020278E-01    -2.13278292454652E-02
