CO SVP-MOLOPT-PBE-AE
 4
 1 0 0 6 1
     65902.15527300169924     2.93663683298967E-03
      9895.51550672487610     2.03842068346011E-02
      2251.62323806291442     1.06072324853250E-01
       635.59084620085639     3.52016605064897E-01
       206.45343736290775     7.48323201824509E-01
        69.35354960008684     5.51743797016116E-01
 1 0 0 8 4
       137.68408633903832    -1.33989400331756E-01    -9.93650986749895E-03     1.41836655762816E-03     2.90517605870773E-02
        16.02857605629378     7.97136239882538E-01    -1.22096923820957E-02    -4.90511012713565E-03    -1.41883875169659E-01
        11.40019826592176    -5.77165566738531E-03    -1.54510192250581E-01     2.14632855289256E-02     2.00659142286341E-02
         6.60991894674349     5.66385398230237E-01    -3.57479124129951E-02     1.04788141274335E-02    -6.64293583498660E-02
         2.07634892267900    -1.65594807169051E-02     6.75665288228955E-01    -3.13614847809115E-01    -3.04092359845544E-01
         0.84062577102273    -6.28342972148446E-02     4.16962469434418E-01    -1.92950755264252E-01    -3.69421679429098E-01
         0.20734037125556     6.74303011318023E-02     5.44811345030055E-01     7.58144296320922E-01     3.41739913711241E-01
         0.08061141026910     1.30482617648009E-01     2.17715851799004E-01    -5.37621064684420E-01     7.92766517605917E-01
 1 1 1 5 1
       843.56737991523130     1.41797338796986E-02
       198.70632515861371     9.93823941177422E-02
        62.09200391664645     4.07951312821853E-01
        21.36905487910593     7.89788104553528E-01
         7.80525537473781     4.46914478574144E-01
 1 1 3 5 2 2 1
        13.51853901492207    -2.79945729970793E-05    -2.15792568760205E-02     2.65112002061609E-01     1.88501692441564E-02    -4.63059595174148E-02
         3.87219597395366     5.70876313602802E-01    -1.00294384500283E-01     6.10892365688547E-01     5.11762348013901E-02     8.64855474146929E-02
         1.36041550155003     7.43558839383760E-01    -3.13597045604745E-01     6.71533118243687E-01     2.36764891823397E-02     1.48093830902316E-01
         0.43962959216076     2.96943861585923E-01     4.80724522962950E-01     2.10358459164834E-01     6.46942005468797E-01     9.54496900820414E-01
         0.12412306530047     1.81782367748618E-01     8.12426118561194E-01    -2.47626197455041E-01     7.60217817162312E-01     2.39541002282393E-01
F SVP-MOLOPT-PBE-AE
 2
 1 0 0 7 3
      2894.85760373222138    -1.89225166552882E-02    -1.69242373474079E-02     1.56429205622782E-01
       435.72006333230098    -5.47718508603712E-02     4.35884037952142E-03    -7.98432634961778E-02
        98.52635730461387    -2.73685193620500E-01     1.03734081139359E-01    -3.50907504362976E-02
        25.52164954648142    -7.37742492792940E-01     9.09854482000018E-02     1.19033433504314E-02
         7.74033527583515    -5.97666004055640E-01     7.53553007481536E-02    -4.08316440936959E-03
         1.29027540045465     1.18958584280118E-01     8.03005387331711E-01    -5.67628929674378E-01
         0.39691722964189     7.82215741311875E-02     5.74594975519432E-01     8.03469123562649E-01
 2 1 2 4 2 1
        20.86106496273842    -1.10459850494974E-01    -4.27931460741902E-02     1.87770753897563E-02
         3.47280160970880    -5.28022336274227E-01    -8.76852813264224E-03     1.42075306386988E-01
         0.85628499813330    -8.26328796839365E-01    -1.81029642926015E-01     9.03974169721402E-01
         0.22140677163303    -1.61776862802262E-01     9.82507062542321E-01     4.02855717635176E-01
CL SVP-MOLOPT-PBE-AE
 3
 1 0 0 5 1
     10449.73865986333476     7.92960573941961E-03
      1571.78177464848341     6.21680867531297E-02
       357.17329535888280     2.69577117620510E-01
       100.08667457398440     7.19173472798793E-01
        30.61002596530858     6.37330325671244E-01
 1 0 0 5 3
        51.91245118574216    -1.18096328736624E-01    -6.40377047377502E-02     3.89634888740843E-02
         5.60412729707609     7.74483936348342E-01    -1.94653261999477E-01     5.74322043222265E-01
         2.19075124977087     6.12385827448821E-01     3.85229430631324E-01    -6.60064309823226E-01
         0.56484358945251    -5.02206802462349E-02     5.97599003556938E-01     4.62892544090272E-01
         0.20200153999791    -9.32167961943450E-02     6.72668563772758E-01     1.36680784044379E-01
 1 1 2 7 3 1
       307.66262352364191    -1.41860191757227E-02     4.53707609941391E-03    -4.23704216636409E-03     5.12444630001981E-03
        72.14728379673939    -8.85277776059412E-02    -4.94482703050064E-03    -1.47096881368273E-02    -3.60621072277412E-03
        22.55518606717056    -3.78386770918235E-01    -9.49655880135036E-04     2.33703317780398E-03     7.21261594348665E-03
         7.24782137179115    -7.68325377362051E-01    -8.89706781187266E-02    -6.32538811770098E-02    -8.30729065003500E-03
         2.47105439082271    -5.07191220590418E-01     1.39408082259565E-01     2.81680450029172E-02     2.51018124766366E-01
         0.54359214040661     1.77332693550757E-03     9.86199274331532E-01    -1.36123356582732E-02     8.60344615069135E-01
         0.15406764967487    -3.48579490965011E-02     3.82859289817821E-03     9.97386797034735E-01     4.43437421456475E-01
