CO QZVPP-MOLOPT-PBE-AE
 4
 1 0 0 11 1
   4658206.43214385583997     1.16170487321390E-05
    697560.88158939813729     1.58830318711461E-04
    158759.89981625194196     7.34667502078537E-04
     44969.14620013850799     2.99295220567606E-03
     14670.62866081726133     1.20290331838106E-02
      5295.90162561918260     3.86974949619709E-02
      2065.07239043109303     1.06351566468235E-01
       855.91849906554398     2.69685667099609E-01
       372.50407009826029     5.06322258905063E-01
       168.50810552936841     6.69693510333694E-01
        78.16474997536950     4.57663239738633E-01
 1 0 1 9 1 1
      8425.47367534009754    -1.15227821120379E-02     3.10992373618885E-04
      1995.91188698472979    -3.54815745599171E-02     2.68990315749772E-03
       647.74589386729269    -6.96981022751290E-02     1.50560981112698E-02
       246.83418010558111     1.77519968016529E-01     6.18212517803037E-02
       104.01808046069446     5.88905656750161E-01     1.93828278390474E-01
        46.83114050680647     7.70708219084560E-01     4.40694377105565E-01
        21.94610881695106    -1.06852056975284E-01     6.70137080975591E-01
        10.55258337730960     8.16124277921030E-02     5.40175620705494E-01
         5.06250176315200    -5.79494338798935E-02     1.52609863453837E-01
 1 0 2 7 5 1 1
       237.65448012968065     1.87508022938392E-02    -1.57932472901181E-02     2.68233402393041E-01    -2.79825172502835E-01     3.06276901418064E-01    -2.81112430957394E-03     1.81580294627551E-03
        71.03386570786533    -1.22746479337933E-01     1.31464710295343E-01    -2.57407633636496E-01     2.07694095020709E-02    -2.14642799567140E-01    -1.46980975143548E-02     2.03240618495329E-02
        27.13977121309765     9.87220345631917E-01    -4.21046771798131E-02    -2.71326793022268E-02     5.75971110293710E-02     2.62436936298833E-02    -5.15484237794963E-02     8.57416816570849E-02
        11.50942247256230     5.82654076639641E-02     9.67628374158677E-01    -1.30534165873922E-01     7.25365008140825E-02     1.88055737102427E-02    -2.52907537202204E-02     2.79807840302884E-01
         5.03546256502582    -1.86222481450408E-02     1.73846606985854E-01     8.99120525897129E-01     1.97097650057904E-01     2.87222752749202E-02     3.35127005343966E-01     6.51741898014149E-01
         2.37331085461934    -4.62001400190037E-02    -1.18629115770492E-01    -7.27216144507901E-02     9.28913328894014E-01    -1.65211174628310E-02     7.17678739527768E-01     5.86995884405872E-01
         1.12073250695975    -6.40437319327865E-02     9.72723499415272E-03    -1.74099534582763E-01     1.04690386655639E-01     9.26273518338201E-01     6.07541207170927E-01     3.80273456823810E-01
 1 0 4 6 4 4 4 4 2
         5.95551940902362    -1.83795738444172E-01    -1.65294446599691E-02    -7.28374128411351E-02    -3.20330946578190E-02    -1.27182686942662E-03     1.74462639478656E-02    -2.74602005106939E-02    -9.17391689901515E-02    -8.00634829739360E-02    -1.94074123270776E-03     6.68978345159101E-02    -1.87219787945094E-02     9.91418339547936E-01    -1.22495582445499E-01     1.50221657575333E-03     4.39223956223128E-02     7.38226606478080E-01    -3.42043539542691E-01
         1.51636864746086    -2.31958865474964E-01    -2.07150484871090E-01    -1.52389673551883E-01    -1.07569319815840E-01     2.67340528091232E-02    -8.35341977989795E-02     7.73218813823390E-03     1.72480269129346E-02     6.75458176531160E-01    -4.44618933818830E-01     5.81071895907804E-01     8.88937806688904E-02     1.23018465496154E-01     9.87610696052969E-01     5.85397175452092E-03    -3.14079122971904E-02     6.65802272602336E-01     4.10335763563111E-01
         0.54321411837709     8.72995920810267E-01     3.46928532127325E-01    -8.23837875498653E-02    -3.33304975296743E-02     9.92896973318281E-01    -1.08997641473301E-01    -3.06148875686651E-02     7.39422493751095E-03     7.22362894141608E-01     3.45725049158818E-01    -5.85508297156483E-01     3.72126396739273E-02    -2.15340909393675E-03    -1.82102912282090E-03     9.99222548591183E-01     1.14713087481445E-02    -1.48445731568678E-02     8.39318518558733E-01
         0.21835810834465    -3.73657518329679E-01     8.69865967650106E-01    -2.86232397999885E-01    -1.18717716119355E-01     1.12313725904324E-01     9.89956092579583E-01     2.60234765888369E-02     1.01433873276389E-02     7.16639569127876E-02     8.21321695574997E-01     5.53531179484891E-01    -2.91604904063937E-02    -4.28674879189869E-02     1.99329647476631E-02    -5.28606887669086E-03     9.76553337376378E-01     9.61052210258812E-02    -8.23429462006969E-02
         0.08948213065568    -9.84767210047412E-02     2.78201739113346E-01     9.16378940915173E-01     1.59675777693177E-01     2.71782083194813E-02    -2.80672740767014E-02     9.98739050386556E-01     6.86561847888567E-03    -7.24620975894299E-02     3.25938628625548E-02    -3.30284028850690E-02     9.69079432474442E-01    -1.06679971796268E-02    -7.64666091420843E-02     2.73212262690193E-02    -2.07196745370965E-01    -4.39583868932051E-02     2.86478598782419E-02
         0.02763962243403    -3.12206329503804E-02     4.89186912267670E-02    -2.07378063489657E-01     9.72985894097601E-01    -9.28683036573977E-03    -6.02849202264439E-03    -9.58995374629143E-03     9.95530878905624E-01    -7.17736811873547E-02     8.45738735007266E-02     8.70202472131289E-02     2.24493478905692E-01    -2.61342591548644E-04     5.80703347564117E-02    -2.72650108744831E-02     1.91275521243772E-02     1.84362861370252E-02     5.07360023843624E-02
F QZVPP-MOLOPT-PBE-AE
 3
 1 0 0 8 1
    132536.04395257573924     2.19133884152562E-04
     19758.15592578060023     2.13098802939830E-03
      4485.33885808192372     9.36952235670608E-03
      1273.60032301696378     4.57116768597223E-02
       418.75079369228018     1.29815698472524E-01
       152.24712142839283     3.88984269444136E-01
        59.93506405237581     3.48051089779771E-01
        24.88806979770636     8.41734891149259E-01
 1 0 1 5 2 1
       240.82710880865446    -5.22362746235088E-02     7.61618022060436E-02     2.22155163398913E-02
        56.74054074501728     8.36915891686098E-01    -3.52431037520191E-01     9.17502257704855E-02
        18.02568816680041     5.06654331012575E-01     3.90319004241376E-01     6.94833984744179E-01
         7.22835931546723     1.13647744824332E-01     8.46604124895882E-01     5.19336475096237E-01
         2.54051853711273     1.65011335426585E-01     3.00711541924844E-02     4.88450331337750E-01
 1 0 4 4 4 3 3 2 1
         4.64152109972176     7.99092172965100E-01     3.57185510151160E-01    -4.75225254357118E-01     8.96167845059311E-02     2.14101203990999E-03     4.09061558167189E-01    -4.32260580718334E-01     5.23415929943841E-01    -8.45844703511436E-01    -9.90960844591549E-02     6.49830793177351E-01    -6.47812475723957E-01     7.18812892465629E-01
         1.55189089466188    -5.65383503262805E-01     6.20688611440661E-01    -5.16124369070663E-01    -1.69418940846506E-01     9.01357430415779E-01    -3.23634717094166E-01     1.52228377872265E-01     8.31684066132871E-01     4.84322390964955E-01     2.69070652276370E-01     7.59749389285090E-01     5.45754817250953E-01     6.81802537410497E-01
         0.54311529853246     1.47999793272877E-01     6.59726542294831E-01     7.03321697890184E-01    -2.19534826074957E-01     3.64587678140232E-01     2.81361980784028E-01    -7.13536840615867E-01    -1.67858516623561E-01    -2.20433972029506E-01     9.41600143248362E-01     1.96681952393344E-02     4.63299478087506E-01    -2.42238812327185E-02
         0.17933709925335    -1.41029268364327E-01     2.27870683409749E-01     1.14521537491829E-01     9.56593181325010E-01     2.33722107747691E-01     8.05459277239079E-01     5.29945741006902E-01     7.84913805373263E-02     3.72481291736264E-02    -1.76550617000047E-01     1.06755709662101E-02    -2.60469325156765E-01    -1.33665736760872E-01
CL QZVPP-MOLOPT-PBE-AE
 3
 1 0 0 10 1
   1467458.93775052158162     5.00027973996311E-05
    219756.22561595341540     2.92119625382510E-04
     50010.78269045410707     1.28590722749441E-03
     14164.71914344428478     6.48940441751174E-03
      4620.77877126598923     1.97871266811614E-02
      1667.78852683964556     6.65018359892871E-02
       650.34523295930057     1.78047411514083E-01
       269.43766657761569     4.24217234215202E-01
       117.09536851846944     6.88319212568402E-01
        52.76000788002602     5.56504843396412E-01
 1 0 1 8 2 2
      2501.95646798690223    -3.82883357554072E-02     8.37909091563773E-02     4.17887012633053E-04     1.59916949870661E-03
       592.94635448432632    -4.07348538060098E-02     1.30718267465741E-01     3.99041739687339E-03    -2.59213449401013E-02
       192.18114183797039     2.20528820527411E-01    -1.98966788392605E-01     2.18359541428443E-02     3.32964376441369E-02
        72.87930898689872     7.33114974004280E-01    -3.92594344886566E-01     8.68350005331845E-02    -2.17375228769997E-01
        30.43574290352728     6.34280900802578E-01     5.37964084760841E-01     2.47733889523512E-01    -2.17956740087419E-01
        13.46035723428640     7.71650835004062E-03     6.98209154610030E-01     5.32066586940945E-01    -4.48983934995352E-01
         5.97563269106637     1.31312121901711E-02     1.06376827476728E-02     7.10008437176348E-01     6.90916424895068E-01
         3.08191027511841    -9.07739768895670E-02     7.18273987087124E-02     3.78665897473595E-01    -4.73822396122835E-01
 1 0 4 6 6 4 4 2 1
         9.78337990819075     8.91563859098250E-01     4.20492586467600E-01    -1.05500184052396E-01    -6.37580026009099E-03    -1.27727899356303E-01    -2.85396905660188E-02    -1.53857744271598E-02     1.06253051057092E-01    -1.15431250361608E-01    -2.24073346383234E-02     3.39725575429827E-02     1.01895475255016E-01     3.78215008137413E-02    -4.46426713878059E-02    -6.35534933198293E-02     3.84866238399188E-02    -6.11006722560778E-02
         4.33269446539561    -4.29731410091877E-01     7.82174610574314E-01    -3.34369761244485E-01    -2.72432075009675E-01    -1.25354633131214E-01    -4.23985492338584E-02     7.30865995598478E-02    -1.69780800664228E-01     9.20852072943818E-03     3.68926930660954E-02     9.84874476080405E-01    -1.38014851189017E-01    -4.74208272594507E-02     1.83642605819759E-02     4.69010615356294E-02    -6.41463169582076E-02    -1.95982450216892E-02
         1.89618722201134    -1.08607609504601E-01     3.85249243565499E-01     8.24406939689850E-01     3.51646048346057E-01    -1.90711290748148E-01     1.07175344599850E-02     9.91627029311956E-01     8.56131566559374E-02    -7.28575131920513E-02     2.31284362812144E-02     7.90619312155555E-02     7.33791834593761E-01    -6.62746105231222E-01     4.37386186866967E-02     6.43881756150717E-01    -4.40208755319482E-01     7.22168984314687E-01
         0.75937665037877    -8.64870311670285E-02     5.72642042507304E-02    -4.40832017733930E-01     8.81987013108728E-01    -1.10544464050763E-01     6.91864630354049E-02    -7.17104623334244E-02     9.75883878241501E-01     2.82742999161818E-02    -5.63192675837824E-03     1.32325112586378E-01     6.30921978952516E-01     7.45720946790107E-01     7.09504044527997E-02     7.55448939940310E-01     4.62184592162924E-01     6.65787803325587E-01
         0.29257745973674     3.21350778484430E-02     2.43787785919905E-01     5.55589531759151E-02     1.28047138769592E-01     9.55294229503361E-01     8.63997700254051E-02     6.90556986584205E-02    -6.16188331121305E-03     9.83715665542611E-01     1.12973648641345E-01    -3.38233190166359E-02    -5.85726486891373E-02    -1.98834428606854E-02     9.93139085193975E-01    -8.21528343028837E-02     7.63814987833132E-01     1.70005500533451E-01
         0.10605356801669     1.16840788925550E-02     1.61310253462363E-02    -3.26472144512038E-04    -8.82496986965603E-02    -8.24248737035741E-02     9.92482391084379E-01    -3.44438923863824E-02     1.29554489179424E-02    -1.13078139742878E-01     9.92374501940459E-01    -6.29554636350571E-02     1.75001307873770E-01     2.43581082505283E-02    -6.63137740448836E-02    -4.15371998214924E-02    -5.99362050420123E-02     4.66830318968192E-02
