CO QZVPP-MOLOPT-PBE-AE
 4
 1 0 0 11 1
   4658206.50320000015199     1.62092055796733E-05
    697560.87453000003006     1.26021724101287E-04
    158759.87124000000767     6.62502789340714E-04
     44969.09937899999932     2.79351357295047E-03
     14670.71424699999989     1.01161843137604E-02
      5295.89472500000011     3.24433629493484E-02
      2065.05811670000003     9.26156001964392E-02
       855.90627749999999     2.29998576983705E-01
       372.48747255000001     4.66070748637896E-01
       168.50576608000000     6.70723947626735E-01
        78.12876156599999     5.19872369695746E-01
 1 0 1 9 1 1
      8425.43313520000083     0.00000000000000E+00     3.06237879917079E-04
      1995.87584519999996     1.00633624789168E-02     2.69246667118847E-03
       647.76765680999995     1.00633624789168E-01     1.50131412083448E-02
       246.88261213999999     2.44395945916550E-01     6.17933137554354E-02
       104.00952246000000     4.31286963382147E-01     1.93458401319827E-01
        46.82747813800000     8.62573926764293E-01     4.40505778940267E-01
        21.93444453500000     0.00000000000000E+00     6.68945475830814E-01
        10.54049952800000     0.00000000000000E+00     5.41807799139814E-01
         4.98204193850000     0.00000000000000E+00     1.53080415610649E-01
 1 0 2 7 5 1 1
       237.58450966000001     0.00000000000000E+00     0.00000000000000E+00     0.00000000000000E+00     0.00000000000000E+00     0.00000000000000E+00     0.00000000000000E+00     2.28823696551558E-03
        71.08689630200000     0.00000000000000E+00     0.00000000000000E+00     0.00000000000000E+00     0.00000000000000E+00     0.00000000000000E+00    -7.24905770262054E-03     1.95621553069571E-02
        27.11908068300000     1.00000000000000E+00     0.00000000000000E+00     0.00000000000000E+00     0.00000000000000E+00     0.00000000000000E+00    -3.50371122293326E-02     8.89999540422106E-02
        11.44823905400000     0.00000000000000E+00     1.00000000000000E+00     0.00000000000000E+00     0.00000000000000E+00     0.00000000000000E+00     0.00000000000000E+00     2.70174419551457E-01
         5.13918066720000     0.00000000000000E+00     0.00000000000000E+00     1.00000000000000E+00     0.00000000000000E+00     0.00000000000000E+00     3.50371122293326E-01     5.59049794938638E-01
         2.33234920990000     0.00000000000000E+00     0.00000000000000E+00     0.00000000000000E+00     1.00000000000000E+00     0.00000000000000E+00     7.24905770262054E-01     7.78562909488321E-01
         1.01142859770000     0.00000000000000E+00     0.00000000000000E+00     0.00000000000000E+00     0.00000000000000E+00     1.00000000000000E+00     5.92006379047344E-01     0.00000000000000E+00
 1 0 4 6 4 4 4 4 2
         5.97500000000000     0.00000000000000E+00     0.00000000000000E+00     0.00000000000000E+00     0.00000000000000E+00     0.00000000000000E+00     0.00000000000000E+00     0.00000000000000E+00     0.00000000000000E+00     0.00000000000000E+00     0.00000000000000E+00     0.00000000000000E+00     0.00000000000000E+00     1.00000000000000E+00     0.00000000000000E+00     0.00000000000000E+00     0.00000000000000E+00     7.07106781186547E-01    -4.08248290463863E-01
         1.90300000000000     0.00000000000000E+00     0.00000000000000E+00     0.00000000000000E+00     0.00000000000000E+00     0.00000000000000E+00     0.00000000000000E+00     0.00000000000000E+00     0.00000000000000E+00     7.07106781186547E-01    -4.08248290463863E-01     5.77350269189626E-01     0.00000000000000E+00     0.00000000000000E+00     1.00000000000000E+00     0.00000000000000E+00     0.00000000000000E+00     7.07106781186547E-01     4.08248290463863E-01
         0.73380022453000     1.00000000000000E+00     0.00000000000000E+00     0.00000000000000E+00     0.00000000000000E+00     1.00000000000000E+00     0.00000000000000E+00     0.00000000000000E+00     0.00000000000000E+00     7.07106781186547E-01     4.08248290463863E-01    -5.77350269189626E-01     0.00000000000000E+00     0.00000000000000E+00     0.00000000000000E+00     1.00000000000000E+00     0.00000000000000E+00     0.00000000000000E+00     8.16496580927726E-01
         0.15878613103000     0.00000000000000E+00     1.00000000000000E+00     0.00000000000000E+00     0.00000000000000E+00     0.00000000000000E+00     1.00000000000000E+00     0.00000000000000E+00     0.00000000000000E+00     0.00000000000000E+00     8.16496580927726E-01     5.77350269189626E-01     0.00000000000000E+00     0.00000000000000E+00     0.00000000000000E+00     0.00000000000000E+00     1.00000000000000E+00     0.00000000000000E+00     0.00000000000000E+00
         0.07453565947600     0.00000000000000E+00     0.00000000000000E+00     1.00000000000000E+00     0.00000000000000E+00     0.00000000000000E+00     0.00000000000000E+00     1.00000000000000E+00     0.00000000000000E+00     0.00000000000000E+00     0.00000000000000E+00     0.00000000000000E+00     1.00000000000000E+00     0.00000000000000E+00     0.00000000000000E+00     0.00000000000000E+00     0.00000000000000E+00     0.00000000000000E+00     0.00000000000000E+00
         0.03286735169500     0.00000000000000E+00     0.00000000000000E+00     0.00000000000000E+00     1.00000000000000E+00     0.00000000000000E+00     0.00000000000000E+00     0.00000000000000E+00     1.00000000000000E+00     0.00000000000000E+00     0.00000000000000E+00     0.00000000000000E+00     0.00000000000000E+00     0.00000000000000E+00     0.00000000000000E+00     0.00000000000000E+00     0.00000000000000E+00     0.00000000000000E+00     0.00000000000000E+00
F QZVPP-MOLOPT-PBE-AE
 3
 1 0 0 8 1
    132536.04395257573924     2.19133884152562E-04
     19758.15592578060023     2.13098802939830E-03
      4485.33885808192372     9.36952235670608E-03
      1273.60032301696378     4.57116768597223E-02
       418.75079369228018     1.29815698472524E-01
       152.24712142839283     3.88984269444136E-01
        59.93506405237581     3.48051089779771E-01
        24.88806979770636     8.41734891149259E-01
 1 0 1 5 2 1
       240.82710880865446    -5.22362746235088E-02     7.61618022060436E-02     2.22155163398913E-02
        56.74054074501728     8.36915891686098E-01    -3.52431037520191E-01     9.17502257704855E-02
        18.02568816680041     5.06654331012575E-01     3.90319004241376E-01     6.94833984744179E-01
         7.22835931546723     1.13647744824332E-01     8.46604124895882E-01     5.19336475096237E-01
         2.54051853711273     1.65011335426585E-01     3.00711541924844E-02     4.88450331337750E-01
 1 0 4 4 4 3 3 2 1
         4.64152109972176     7.99092172965100E-01     3.57185510151160E-01    -4.75225254357118E-01     8.96167845059310E-02     2.14101203990999E-03     4.09061558167189E-01    -4.32260580718334E-01     5.23415929943841E-01    -8.45844703511436E-01    -9.90960844591549E-02     6.49830793177351E-01    -6.47812475723957E-01     7.18812892465629E-01
         1.55189089466188    -5.65383503262805E-01     6.20688611440661E-01    -5.16124369070663E-01    -1.69418940846506E-01     9.01357430415779E-01    -3.23634717094166E-01     1.52228377872265E-01     8.31684066132871E-01     4.84322390964955E-01     2.69070652276370E-01     7.59749389285090E-01     5.45754817250953E-01     6.81802537410497E-01
         0.54311529853246     1.47999793272877E-01     6.59726542294831E-01     7.03321697890184E-01    -2.19534826074957E-01     3.64587678140232E-01     2.81361980784028E-01    -7.13536840615867E-01    -1.67858516623561E-01    -2.20433972029506E-01     9.41600143248362E-01     1.96681952393344E-02     4.63299478087506E-01    -2.42238812327185E-02
         0.17933709925335    -1.41029268364327E-01     2.27870683409749E-01     1.14521537491829E-01     9.56593181325010E-01     2.33722107747691E-01     8.05459277239079E-01     5.29945741006902E-01     7.84913805373263E-02     3.72481291736264E-02    -1.76550617000047E-01     1.06755709662101E-02    -2.60469325156765E-01    -1.33665736760872E-01
CL QZVPP-MOLOPT-PBE-AE
 3
 1 0 0 10 1
   1467458.93775052158162     5.00027973996311E-05
    219756.22561595341540     2.92119625382510E-04
     50010.78269045410707     1.28590722749441E-03
     14164.71914344428478     6.48940441751174E-03
      4620.77877126598923     1.97871266811614E-02
      1667.78852683964556     6.65018359892871E-02
       650.34523295930057     1.78047411514083E-01
       269.43766657761569     4.24217234215202E-01
       117.09536851846944     6.88319212568402E-01
        52.76000788002602     5.56504843396412E-01
 1 0 1 8 2 2
      2501.95646798690223    -3.82883357554072E-02     8.37909091563773E-02     4.17887012633053E-04     1.59916949870661E-03
       592.94635448432632    -4.07348538060098E-02     1.30718267465741E-01     3.99041739687339E-03    -2.59213449401013E-02
       192.18114183797039     2.20528820527411E-01    -1.98966788392605E-01     2.18359541428443E-02     3.32964376441369E-02
        72.87930898689872     7.33114974004280E-01    -3.92594344886566E-01     8.68350005331845E-02    -2.17375228769997E-01
        30.43574290352728     6.34280900802578E-01     5.37964084760841E-01     2.47733889523512E-01    -2.17956740087419E-01
        13.46035723428640     7.71650835004062E-03     6.98209154610030E-01     5.32066586940945E-01    -4.48983934995352E-01
         5.97563269106637     1.31312121901711E-02     1.06376827476728E-02     7.10008437176348E-01     6.90916424895068E-01
         3.08191027511841    -9.07739768895670E-02     7.18273987087124E-02     3.78665897473595E-01    -4.73822396122835E-01
 1 0 4 6 6 4 4 2 1
         9.78337990819075     8.91563859098250E-01     4.20492586467600E-01    -1.05500184052396E-01    -6.37580026009097E-03    -1.27727899356303E-01    -2.85396905660188E-02    -1.53857744271598E-02     1.06253051057092E-01    -1.15431250361608E-01    -2.24073346383234E-02     3.39725575429827E-02     1.01895475255016E-01     3.78215008137413E-02    -4.46426713878059E-02    -6.35534933198293E-02     3.84866238399183E-02    -6.11006722560778E-02
         4.33269446539561    -4.29731410091877E-01     7.82174610574314E-01    -3.34369761244485E-01    -2.72432075009675E-01    -1.25354633131214E-01    -4.23985492338584E-02     7.30865995598478E-02    -1.69780800664228E-01     9.20852072943818E-03     3.68926930660954E-02     9.84874476080405E-01    -1.38014851189017E-01    -4.74208272594508E-02     1.83642605819760E-02     4.69010615356294E-02    -6.41463169582076E-02    -1.95982450216892E-02
         1.89618722201134    -1.08607609504601E-01     3.85249243565499E-01     8.24406939689850E-01     3.51646048346057E-01    -1.90711290748148E-01     1.07175344599850E-02     9.91627029311956E-01     8.56131566559374E-02    -7.28575131920513E-02     2.31284362812144E-02     7.90619312155555E-02     7.33791834593761E-01    -6.62746105231222E-01     4.37386186866967E-02     6.43881756150717E-01    -4.40208755319482E-01     7.22168984314687E-01
         0.75937665037877    -8.64870311670285E-02     5.72642042507304E-02    -4.40832017733930E-01     8.81987013108728E-01    -1.10544464050763E-01     6.91864630354050E-02    -7.17104623334244E-02     9.75883878241501E-01     2.82742999161818E-02    -5.63192675837824E-03     1.32325112586378E-01     6.30921978952516E-01     7.45720946790107E-01     7.09504044527997E-02     7.55448939940310E-01     4.62184592162924E-01     6.65787803325587E-01
         0.29257745973674     3.21350778484430E-02     2.43787785919905E-01     5.55589531759151E-02     1.28047138769592E-01     9.55294229503361E-01     8.63997700254051E-02     6.90556986584205E-02    -6.16188331121305E-03     9.83715665542611E-01     1.12973648641345E-01    -3.38233190166359E-02    -5.85726486891373E-02    -1.98834428606854E-02     9.93139085193975E-01    -8.21528343028837E-02     7.63814987833132E-01     1.70005500533451E-01
         0.10605356801669     1.16840788925550E-02     1.61310253462363E-02    -3.26472144511987E-04    -8.82496986965603E-02    -8.24248737035741E-02     9.92482391084379E-01    -3.44438923863824E-02     1.29554489179424E-02    -1.13078139742878E-01     9.92374501940459E-01    -6.29554636350571E-02     1.75001307873770E-01     2.43581082505283E-02    -6.63137740448836E-02    -4.15371998214924E-02    -5.99362050420123E-02     4.66830318968192E-02
