Os admm-dz
    7
1 0 0 2 1
        2.52770089    3.74380219 
        2.26309160   -3.67605730
1 0 0 1 1
        0.74736531    1.00000000
1 0 0 1 1
        0.09447889    1.00000000
2 1 1 2 1
        4.16745108   -0.16300344 
        1.22409011    0.73887952
2 1 1 1 1
        0.47378858    1.00000000
2 2 2 2 1
        1.38579524   -0.33098188 
        0.52128656   -0.53823329
2 2 2 1 1
        0.16334615    1.00000000

Os admm-dzp
    8
1 0 0 2 1
        2.52770089    3.74380219
        2.26309160   -3.67605730
1 0 0 1 1
        0.74736531    1.00000000
1 0 0 1 1
        0.09447889    1.00000000
2 1 1 2 1
        4.16745108   -0.16300344
        1.22409011    0.73887952
2 1 1 1 1
        0.47378858    1.00000000
2 2 2 2 1
        1.38579524   -0.33098188
        0.52128656   -0.53823329
2 2 2 1 1
        0.16334615    1.00000000
3 3 3 1 1
      0.6278000       1.0000000

Os admm-tzp
   11
1 0 0 2 1
        2.53448716    3.78926112 
        2.27425135   -3.71452884
1 0 0 1 1
        0.76214759    1.00000000
1 0 0 1 1
        0.16994160    1.00000000
1 0 0 1 1
        0.06164294    1.00000000
2 1 1 2 1
        5.76865513    0.21085088 
        5.17593383   -0.35675243
2 1 1 1 1
        1.18474782    1.00000000
2 1 1 1 1
        0.46051475    1.00000000
2 2 2 2 1
        1.58118693    0.22152860 
        0.72315579    0.44083451
2 2 2 1 1
        0.28961320    1.00000000
2 2 2 1 1
        0.10287796    1.00000000
3 3 3 1 1
      0.6278000       1.0000000

Os admm-tz2p
   13
1 0 0 2 1
        2.53448716    3.78926112
        2.27425135   -3.71452884
1 0 0 1 1
        0.76214759    1.00000000
1 0 0 1 1
        0.16994160    1.00000000
1 0 0 1 1
        0.06164294    1.00000000
2 1 1 2 1
        5.76865513    0.21085088
        5.17593383   -0.35675243
2 1 1 1 1
        1.18474782    1.00000000
2 1 1 1 1
        0.46051475    1.00000000
2 2 2 2 1
        1.58118693    0.22152860
        0.72315579    0.44083451
2 2 2 1 1
        0.28961320    1.00000000
2 2 2 1 1
        0.10287796    1.00000000
3 3 3 1 1
      1.0510000       1.0000000
3 3 3 1 1
      0.3372000       1.0000000
4 4 4 1 1
      0.8435000       1.0000000
