###############################################################################################
# Aluminium
###############################################################################################
 Al ccGRB-D-q3 
   2
  1  0  1  4  2  2
  0.907166658272       -0.2823236331    0.2847674131   -0.0261032536    0.0024448363
  0.339154269348        0.1995362124   -0.3236655851    0.1858488581   -0.1601866271
  0.126796567498        0.7626995822   -1.4983189573    0.4697796762   -1.1652028048
  0.474042964580E-01    0.2341789152    1.7751108315    0.4815557254    1.3721520165
1 2 2 1 1
      1.890000E-01           1.0000000

 Al ccGRB-T-q3 
   3
  1  0  1  5  3  3
   1.00652832438       -0.2232664468    0.1518093393   -0.1238605658   -0.0089404363    0.0329947463    0.0467828591
  0.468930855147       -0.0507347927    0.2565773539   -1.0068053715    0.0151170740   -0.1424599821   -0.1726548534
  0.218469904505        0.4540800461   -1.1129384925    5.2181825428    0.3511868136   -0.1616969286    2.5073712698
  0.101782807957        0.5399445793   -0.8273150882   -6.8020816890    0.2727151398   -1.2728998089   -3.6315429056
  0.474195291065E-01    0.1920135091    1.7624784096    3.1314265853    0.4845336774    1.6186375214    1.7161485906
1 2 2 2 2
      1.090000E-01           1.000000E+00           0.000000E+00
      3.330000E-01           0.000000E+00           1.000000E+00
1 3 3 1 1
      2.440000E-01           1.0000000


 Al ccGRB-Q-q3 
   4
  1  0  1  6  4  4
   2.26078301800        0.0013367884   -0.0005403245    0.0121395378   -1.1246155200    0.0140693937   -0.0359427637    0.0599793079   -0.4734724070
   1.04194116223       -0.2105177035    0.1366597424   -0.1215015630    4.8110577218   -0.0314918959    0.0873588346   -0.0399963549    1.5962213484
  0.480205918441       -0.0749738010    0.2836285349   -1.0221566962  -10.2260313512    0.0393298975   -0.1928592835   -0.0885463491   -4.4998284040
  0.221315495024        0.4606743995   -1.1160925919    5.1319196423   11.0037843652    0.3221042752   -0.1284764652    2.3930096988    5.5122304157
  0.101999051775        0.5445170199   -0.8160665750   -6.6306986313   -6.7997030665    0.3043075849   -1.2673529329   -3.5023835042   -3.6646180093
  0.470089388088E-01    0.1910487305    1.7441516079    3.0493943590    2.0809060091    0.4701795223    1.6042007347    1.6623552503    1.2170696427
1 2 2 3 3
      8.040000E-02           1.000000E+00           0.000000E+00           0.000000E+00
      1.990000E-01           0.000000E+00           1.000000E+00           0.000000E+00
      4.940000E-01           0.000000E+00           0.000000E+00           1.000000E+00
1 3 3 2 2
      1.540000E-01           1.000000E+00           0.000000E+00
      4.010000E-01           0.000000E+00           1.000000E+00
1 4 4 1 1
      3.570000E-01           1.0000000

Al aug-cc-D
    3
1 0 0 1 1
      0.0231000              1.0000000
1 1 1 1 1
      0.0153000              1.0000000
1 2 2 1 1
      0.0535000              1.0000000

Al aug-cc-T
    4
1 0 0 1 1
      0.0221000              1.0000000
1 1 1 1 1
      0.0146000              1.0000000
1 2 2 1 1
      0.0356000              1.0000000
1 3 3 1 1
      0.0858000              1.0000000

Al aug-cc-Q
     5
1 0 0 1 1
      0.0183000              1.0000000
1 1 1 1 1
      0.0121000              1.0000000
1 2 2 1 1
      0.0282000              1.0000000
1 3 3 1 1
      0.0582000              1.0000000
1 4 4 1 1
      0.1530000              1.0000000


