#
# Generated with CP2K Atom Code
#
 Al ccGRB-VAL-0
   1
  1  0  1  4  1  1
  0.907165592365       -0.2823240814   -0.0261032339
  0.339153710070        0.1995380252    0.1858494811
  0.126796298297        0.7626996537    0.4697805392
  0.474041733423E-01    0.2341775183    0.4815544083

 Al ccGRB-VAL-1
   1
  1  0  1  4  2  2
  0.907165592365       -0.2823240814    0.2847685674   -0.0261032339    0.0024450780
  0.339153710070        0.1995380252   -0.3236711884    0.1858494811   -0.1601884828
  0.126796298297        0.7626996537   -1.4983108525    0.4697805392   -1.1651994500
  0.474041733423E-01    0.2341775183    1.7751076933    0.4815544083    1.3721510646

