ZR DZVP-MOLOPT-PBE0-GTH-Q12
 1
 2 0 3 7 3 2 2 1
         8.06207472771394    -7.10271946591129E-02    -2.31485918697308E-02    -1.58987310394897E-02    -2.02370827539963E-02    -6.19338108970583E-03    -2.09472477882062E-03     3.83646759363273E-03     3.52025541979262E-03
         2.72777175441575     5.63130058355918E-01     2.70247902743517E-01    -6.89685458990074E-03     2.87775345660475E-01     1.18233522333642E-01    -3.87233996119316E-02    -3.13562986899447E-04    -1.91436747605777E-03
         1.46390999964079    -1.59325472449959E-01    -1.76316342915118E-01     1.51524229360789E-01    -4.32519031812336E-01    -1.98134567043409E-01     2.76023336709701E-01    -2.14963775859550E-02    -1.21927742284815E-01
         0.64391941685165    -4.25946635540380E-01    -4.54180599044473E-01     4.85390976165317E-01    -6.28224558952300E-01    -4.35525526262415E-01     6.25193525602503E-01    -4.14275147630184E-01    -5.41675324645359E-01
         0.28848384018946    -2.63392772262660E-01    -2.41353187037105E-01    -4.18686141534264E-01    -3.35190630936689E-01    -4.71624967869525E-02     6.46101156485185E-01    -1.91274832177030E-02    -8.05692333127954E-01
         0.12431359132211    -5.65831193712777E-01     4.43293641731503E-01    -5.01067658416813E-01    -3.20213925979668E-01     5.50708818360442E-01     3.34836553691312E-01     7.64280604385296E-01    -1.93141632773936E-01
         0.04615532997042    -2.85453744478348E-01     6.59016032230837E-01     5.61042590627344E-01    -3.46622682613044E-01     6.71965908227859E-01     4.33366067843728E-02     4.93364457726264E-01    -7.25367862458166E-02
O DZVP-MOLOPT-PBE0-GTH-Q6
 1
 2 0 2 5 2 2 1
        10.34082423621691    -1.29825249634708E-01     8.18793043945143E-02    -9.31315963557027E-02     6.07168741616306E-02    -1.46443819746845E-04
         3.64864310376424    -1.27684551447027E-01     1.02649506262870E-01    -3.10412801135525E-01     1.66218217874094E-01     4.82789843051162E-02
         1.25503633997207     5.26487514579900E-01    -3.65113179366377E-01    -5.97863015525008E-01     4.26686208369503E-01     7.18155124032992E-01
         0.43936673910305     7.72667288737258E-01    -8.21060762059060E-02    -6.48920500304752E-01    -1.50379113770830E-02     6.93882202281484E-01
         0.14295518532255     3.04365270334762E-01     9.17992274956007E-01    -3.41221918409427E-01    -8.86790677695403E-01    -2.12090879301656E-02
F DZVP-MOLOPT-PBE0-GTH-Q7
 1
 2 0 2 5 2 2 1
        13.31501907729122     1.31813146289282E-01    -5.24225688764356E-02    -9.80506809064632E-02     4.64420401614479E-02     4.89385522399914E-03
         4.62512020147175     1.34547810393351E-01    -5.37398783766778E-02    -3.12727206728056E-01     1.25929415842544E-01     2.30296758923593E-02
         1.62272294024072    -5.51865766775749E-01     1.65440705311574E-01    -5.86706702362430E-01     2.77907352966805E-01     5.26472480151814E-01
         0.55216173678272    -7.87309125215089E-01     1.14519053917377E-01    -6.52997838515906E-01     1.82287680337408E-01     8.49582617686734E-01
         0.17330337957192    -2.00276553789357E-01    -9.76667117835106E-01    -3.49223175694863E-01    -9.33554296168888E-01    -2.19496600587510E-02
