ZR TZV2P-MOLOPT-PBE0-GTH-Q12
 1
 2 0 3 7 4 3 3 2
         8.06207472771394    -6.51379841612719E-02    -3.71742128754791E-02    -1.13080703414505E-02    -4.04934464059954E-02    -2.04091383840490E-02    -5.90139437944231E-03    -1.28994100034656E-02    -2.64702716227647E-03     3.52310736849108E-03     4.55116999396232E-03     3.26327026127445E-03     1.44194995778222E-03
         2.72777175441575     5.07373248197165E-01     3.64628887070224E-01    -4.52355616076326E-02     2.49903082106470E-01     2.88044833737261E-01     1.17608140298879E-01     2.79350849731025E-02    -3.81019199487363E-02    -6.93674115490662E-03    -2.82063199729498E-02    -4.83571032197416E-04    -5.59674653501957E-03
         1.46390999964079    -1.41156403268809E-01    -1.87340166849061E-01     1.47951796665841E-01    -2.35635734016836E-02    -4.26356594586962E-01    -2.08085124570294E-01     2.14933861538741E-01     2.78536773269961E-01     1.45582198905205E-02    -6.77056818220561E-02    -1.24889772159799E-01    -7.81597774450518E-02
         0.64391941685165    -3.43890623132789E-01    -4.54216041125362E-01     5.41849397990207E-01    -3.89187809164891E-02    -6.41897321443263E-01    -4.11202785058991E-01     2.67163356643612E-01     6.73462570558713E-01    -2.93259923831025E-01    -5.11971574000195E-01    -5.32336035015247E-01    -6.02014756318424E-01
         0.28848384018946    -1.93821901676687E-01    -3.35707816384854E-01    -3.42618254595872E-01     8.55480920666804E-01    -3.17894201336319E-01    -7.95500366347061E-02    -9.34125312616868E-01     6.47786785462234E-01     6.43019757177335E-02     7.09988746513496E-01    -8.24820566761135E-01     2.75558423171804E-01
         0.12431359132211    -6.36989572835829E-01     2.71832928374482E-01    -5.64477948447176E-01    -2.59155455463710E-01    -3.20974061865592E-01     5.62791049386702E-01     8.27519526266509E-02     2.15203380034611E-01     7.97284047115782E-01    -4.07989906653035E-01    -1.37601984197703E-01     6.24793931512270E-01
         0.04615532997042    -3.96006178865533E-01     6.61560597035415E-01     4.96299047557759E-01     3.67191586410750E-01    -3.44558343637351E-01     6.71330303035505E-01     4.51932179091882E-02    -3.82943173123053E-02     5.23382793735461E-01     2.48887433036475E-01    -4.17939523504668E-02     4.06369263278684E-01
ZR TZVP-MOLOPT-PBE0-GTH-q12
 1
 2 0 3 7 4 3 3 1
         8.06207472771394    -6.51379841612719E-02    -3.71742128754791E-02    -1.13080703414505E-02    -4.04934464059954E-02    -2.04091383840490E-02    -5.90139437944231E-03    -1.28994100034656E-02    -2.64702716227647E-03     3.52310736849108E-03     4.55116999396232E-03     3.26327026127445E-03
         2.72777175441575     5.07373248197165E-01     3.64628887070224E-01    -4.52355616076326E-02     2.49903082106470E-01     2.88044833737261E-01     1.17608140298879E-01     2.79350849731025E-02    -3.81019199487363E-02    -6.93674115490662E-03    -2.82063199729498E-02    -4.83571032197416E-04
         1.46390999964079    -1.41156403268809E-01    -1.87340166849061E-01     1.47951796665841E-01    -2.35635734016836E-02    -4.26356594586962E-01    -2.08085124570294E-01     2.14933861538741E-01     2.78536773269961E-01     1.45582198905205E-02    -6.77056818220561E-02    -1.24889772159799E-01
         0.64391941685165    -3.43890623132789E-01    -4.54216041125362E-01     5.41849397990207E-01    -3.89187809164891E-02    -6.41897321443263E-01    -4.11202785058991E-01     2.67163356643612E-01     6.73462570558713E-01    -2.93259923831025E-01    -5.11971574000195E-01    -5.32336035015247E-01
         0.28848384018946    -1.93821901676687E-01    -3.35707816384854E-01    -3.42618254595872E-01     8.55480920666804E-01    -3.17894201336319E-01    -7.95500366347061E-02    -9.34125312616868E-01     6.47786785462234E-01     6.43019757177335E-02     7.09988746513496E-01    -8.24820566761135E-01
         0.12431359132211    -6.36989572835829E-01     2.71832928374482E-01    -5.64477948447176E-01    -2.59155455463710E-01    -3.20974061865592E-01     5.62791049386702E-01     8.27519526266509E-02     2.15203380034611E-01     7.97284047115782E-01    -4.07989906653035E-01    -1.37601984197703E-01
         0.04615532997042    -3.96006178865533E-01     6.61560597035415E-01     4.96299047557759E-01     3.67191586410750E-01    -3.44558343637351E-01     6.71330303035505E-01     4.51932179091882E-02    -3.82943173123053E-02     5.23382793735461E-01     2.48887433036475E-01    -4.17939523504668E-02
ZR DZVP-MOLOPT-PBE0-GTH-q12
 1
 2 0 3 7 3 2 2 1
         8.06207472771394    -6.51379841612719E-02    -3.71742128754791E-02    -1.13080703414505E-02    -2.04091383840490E-02    -5.90139437944231E-03    -2.64702716227647E-03     3.52310736849108E-03     3.26327026127445E-03
         2.72777175441575     5.07373248197165E-01     3.64628887070224E-01    -4.52355616076326E-02     2.88044833737261E-01     1.17608140298879E-01    -3.81019199487363E-02    -6.93674115490662E-03    -4.83571032197416E-04
         1.46390999964079    -1.41156403268809E-01    -1.87340166849061E-01     1.47951796665841E-01    -4.26356594586962E-01    -2.08085124570294E-01     2.78536773269961E-01     1.45582198905205E-02    -1.24889772159799E-01
         0.64391941685165    -3.43890623132789E-01    -4.54216041125362E-01     5.41849397990207E-01    -6.41897321443263E-01    -4.11202785058991E-01     6.73462570558713E-01    -2.93259923831025E-01    -5.32336035015247E-01
         0.28848384018946    -1.93821901676687E-01    -3.35707816384854E-01    -3.42618254595872E-01    -3.17894201336319E-01    -7.95500366347061E-02     6.47786785462234E-01     6.43019757177335E-02    -8.24820566761135E-01
         0.12431359132211    -6.36989572835829E-01     2.71832928374482E-01    -5.64477948447176E-01    -3.20974061865592E-01     5.62791049386702E-01     2.15203380034611E-01     7.97284047115782E-01    -1.37601984197703E-01
         0.04615532997042    -3.96006178865533E-01     6.61560597035415E-01     4.96299047557759E-01    -3.44558343637351E-01     6.71330303035505E-01    -3.82943173123053E-02     5.23382793735461E-01    -4.17939523504668E-02
O TZV2P-MOLOPT-PBE0-GTH-Q6
 1
 2 0 3 5 3 3 2 1
        10.34082423621691    -1.29825249634708E-01     8.18793043945143E-02    -1.54163825083534E-01    -9.31315963557027E-02     6.07168741616306E-02     5.24249215362802E-02    -1.46443819746845E-04    -1.35615599706110E-01    -4.53627038333396E-02
         3.64864310376424    -1.27684551447027E-01     1.02649506262870E-01    -2.90598920673850E-01    -3.10412801135525E-01     1.66218217874094E-01     1.57277538743803E-01     4.82789843051162E-02    -2.03664714425298E-01    -7.75510089052828E-02
         1.25503633997207     5.26487514579900E-01    -3.65113179366377E-01     6.61471073309150E-01    -5.97863015525008E-01     4.26686208369503E-01     5.52189434348781E-01     7.18155124032992E-01    -6.65039106707507E-01     7.74070424398802E-02
         0.43936673910305     7.72667288737258E-01    -8.21060762059060E-02    -6.24492813862270E-01    -6.48920500304752E-01    -1.50379113770830E-02    -7.55332729990091E-01     6.93882202281484E-01     7.03924405563841E-01     9.92909576133937E-01
         0.14295518532255     3.04365270334762E-01     9.17992274956007E-01     2.53476876555698E-01    -3.41221918409427E-01    -8.86790677695403E-01     3.11568128998934E-01    -2.12090879301656E-02     4.83994939610748E-02     8.17248560335443E-03
O TZVP-MOLOPT-PBE0-GTH-q6
 1
 2 0 2 5 3 3 1
        10.34082423621691    -1.29825249634708E-01     8.18793043945143E-02    -1.54163825083534E-01    -9.31315963557027E-02     6.07168741616306E-02     5.24249215362802E-02    -1.46443819746845E-04
         3.64864310376424    -1.27684551447027E-01     1.02649506262870E-01    -2.90598920673850E-01    -3.10412801135525E-01     1.66218217874094E-01     1.57277538743803E-01     4.82789843051162E-02
         1.25503633997207     5.26487514579900E-01    -3.65113179366377E-01     6.61471073309150E-01    -5.97863015525008E-01     4.26686208369503E-01     5.52189434348781E-01     7.18155124032992E-01
         0.43936673910305     7.72667288737258E-01    -8.21060762059060E-02    -6.24492813862270E-01    -6.48920500304752E-01    -1.50379113770830E-02    -7.55332729990091E-01     6.93882202281484E-01
         0.14295518532255     3.04365270334762E-01     9.17992274956007E-01     2.53476876555698E-01    -3.41221918409427E-01    -8.86790677695403E-01     3.11568128998934E-01    -2.12090879301656E-02
O DZVP-MOLOPT-PBE0-GTH-q6
 1
 2 0 2 5 2 2 1
        10.34082423621691    -1.29825249634708E-01     8.18793043945143E-02    -9.31315963557027E-02     6.07168741616306E-02    -1.46443819746845E-04
         3.64864310376424    -1.27684551447027E-01     1.02649506262870E-01    -3.10412801135525E-01     1.66218217874094E-01     4.82789843051162E-02
         1.25503633997207     5.26487514579900E-01    -3.65113179366377E-01    -5.97863015525008E-01     4.26686208369503E-01     7.18155124032992E-01
         0.43936673910305     7.72667288737258E-01    -8.21060762059060E-02    -6.48920500304752E-01    -1.50379113770830E-02     6.93882202281484E-01
         0.14295518532255     3.04365270334762E-01     9.17992274956007E-01    -3.41221918409427E-01    -8.86790677695403E-01    -2.12090879301656E-02
F TZV2P-MOLOPT-PBE0-GTH-Q7
 1
 2 0 3 5 3 3 2 1
        13.31501907729122     1.31813146289282E-01    -5.24225688764356E-02    -5.17923286744451E-01    -9.80506809064632E-02     4.64420401614479E-02     6.35659142568778E-02     4.89385522399914E-03     1.52535072278595E-01     5.41962851226601E-02
         4.62512020147175     1.34547810393351E-01    -5.37398783766778E-02    -2.73506612070950E-02    -3.12727206728056E-01     1.25929415842544E-01     1.88833971660508E-01     2.30296758923593E-02    -1.84322551941015E-01     3.68925101794283E-02
         1.62272294024072    -5.51865766775749E-01     1.65440705311574E-01    -7.34790083225985E-01    -5.86706702362430E-01     2.77907352966805E-01     6.51110127867809E-01     5.26472480151814E-01    -8.13967424463323E-01     8.50449987353287E-02
         0.55216173678272    -7.87309125215089E-01     1.14519053917377E-01     4.34902286738320E-01    -6.52997838515906E-01     1.82287680337408E-01    -7.27945836193775E-01     8.49582617686734E-01     5.11993820603493E-01     9.94034575948952E-01
         0.17330337957192    -2.00276553789357E-01    -9.76667117835106E-01    -4.41695026221844E-02    -3.49223175694863E-01    -9.33554296168888E-01     8.03216449515110E-02    -2.19496600587510E-02     1.34452996051777E-01    -1.90870474316679E-02
F TZVP-MOLOPT-PBE0-GTH-q7
 1
 2 0 2 5 3 3 1
        13.31501907729122     1.31813146289282E-01    -5.24225688764356E-02    -5.17923286744451E-01    -9.80506809064632E-02     4.64420401614479E-02     6.35659142568778E-02     4.89385522399914E-03
         4.62512020147175     1.34547810393351E-01    -5.37398783766778E-02    -2.73506612070950E-02    -3.12727206728056E-01     1.25929415842544E-01     1.88833971660508E-01     2.30296758923593E-02
         1.62272294024072    -5.51865766775749E-01     1.65440705311574E-01    -7.34790083225985E-01    -5.86706702362430E-01     2.77907352966805E-01     6.51110127867809E-01     5.26472480151814E-01
         0.55216173678272    -7.87309125215089E-01     1.14519053917377E-01     4.34902286738320E-01    -6.52997838515906E-01     1.82287680337408E-01    -7.27945836193775E-01     8.49582617686734E-01
         0.17330337957192    -2.00276553789357E-01    -9.76667117835106E-01    -4.41695026221844E-02    -3.49223175694863E-01    -9.33554296168888E-01     8.03216449515110E-02    -2.19496600587510E-02
F DZVP-MOLOPT-PBE0-GTH-q7
 1
 2 0 2 5 2 2 1
        13.31501907729122     1.31813146289282E-01    -5.24225688764356E-02    -9.80506809064632E-02     4.64420401614479E-02     4.89385522399914E-03
         4.62512020147175     1.34547810393351E-01    -5.37398783766778E-02    -3.12727206728056E-01     1.25929415842544E-01     2.30296758923593E-02
         1.62272294024072    -5.51865766775749E-01     1.65440705311574E-01    -5.86706702362430E-01     2.77907352966805E-01     5.26472480151814E-01
         0.55216173678272    -7.87309125215089E-01     1.14519053917377E-01    -6.52997838515906E-01     1.82287680337408E-01     8.49582617686734E-01
         0.17330337957192    -2.00276553789357E-01    -9.76667117835106E-01    -3.49223175694863E-01    -9.33554296168888E-01    -2.19496600587510E-02
