ZR TZV2P-MOLOPT-PBE0-GTH-Q12
 1
 2 0 3 7 4 3 3 2
         8.06207472771394    -6.41538669254275E-02    -3.76475383507918E-02    -1.28036059271944E-02    -3.36705924203748E-02    -2.04269958984203E-02    -5.95510560575742E-03    -1.23980723740318E-02    -2.37080478858290E-03     2.97726479950950E-03    -2.39456476788350E-03     3.40864868411468E-03     3.30823073493664E-03
         2.72777175441575     5.00844113214998E-01     3.72393030521772E-01    -3.08914295355143E-02     2.01570011825540E-01     2.87526147644439E-01     1.19179295632805E-01     2.48981486966108E-02    -3.95004720128736E-02    -1.78698613569847E-03     1.66946334235622E-02    -1.46113008379071E-03    -1.10728092935497E-02
         1.46390999964079    -1.38342207363745E-01    -1.92448348754756E-01     1.47851496452654E-01     6.56872854527362E-02    -4.25595377766955E-01    -2.09708061686339E-01     2.20904118096429E-01     2.81403266917540E-01    -1.45603887186007E-03    -1.82687005282171E-01    -1.23440439233479E-01    -7.49576375067466E-02
         0.64391941685165    -3.48548335658352E-01    -4.77685729873357E-01     5.11706716731694E-01    -1.11245921790235E-01    -6.35940257076606E-01    -4.21114699690593E-01     2.62492383413293E-01     6.61846838373957E-01    -2.97873395220872E-01    -4.50569506163528E-01    -5.31789675382208E-01    -6.23424137406257E-01
         0.28848384018946    -1.79174445658487E-01    -3.26061985001775E-01    -3.44841290249813E-01     8.54475859891210E-01    -3.18936067980210E-01    -7.92061975989372E-02    -9.34164163286207E-01     6.51833146185482E-01     3.71578719390098E-02     7.00159601654234E-01    -8.24896148217831E-01     2.93336658419983E-01
         0.12431359132211    -6.35499606551299E-01     2.79420492996022E-01    -5.72980068158982E-01    -2.71567888032943E-01    -3.25150528496120E-01     5.57021723785636E-01     7.50803881095079E-02     2.35870673523534E-01     7.93317435177709E-01    -4.14632863754454E-01    -1.40693100652010E-01     5.75205579464976E-01
         0.04615532997042    -4.10428696711175E-01     6.40541833327398E-01     5.17644940414052E-01     3.71035354118862E-01    -3.52018372350187E-01     6.69252529521368E-01     5.67956037387101E-02    -2.61463344168384E-02     5.29645166636385E-01     3.18094724881092E-01    -4.12339837520985E-02     4.34375749969752E-01
ZR TZVP-MOLOPT-PBE0-GTH-q12
 1
 2 0 3 7 4 3 3 1
         8.06207472771394    -6.41538669254275E-02    -3.76475383507918E-02    -1.28036059271944E-02    -3.36705924203748E-02    -2.04269958984203E-02    -5.95510560575742E-03    -1.23980723740318E-02    -2.37080478858290E-03     2.97726479950950E-03    -2.39456476788350E-03     3.40864868411468E-03
         2.72777175441575     5.00844113214998E-01     3.72393030521772E-01    -3.08914295355143E-02     2.01570011825540E-01     2.87526147644439E-01     1.19179295632805E-01     2.48981486966108E-02    -3.95004720128736E-02    -1.78698613569847E-03     1.66946334235622E-02    -1.46113008379071E-03
         1.46390999964079    -1.38342207363745E-01    -1.92448348754756E-01     1.47851496452654E-01     6.56872854527362E-02    -4.25595377766955E-01    -2.09708061686339E-01     2.20904118096429E-01     2.81403266917540E-01    -1.45603887186007E-03    -1.82687005282171E-01    -1.23440439233479E-01
         0.64391941685165    -3.48548335658352E-01    -4.77685729873357E-01     5.11706716731694E-01    -1.11245921790235E-01    -6.35940257076606E-01    -4.21114699690593E-01     2.62492383413293E-01     6.61846838373957E-01    -2.97873395220872E-01    -4.50569506163528E-01    -5.31789675382208E-01
         0.28848384018946    -1.79174445658487E-01    -3.26061985001775E-01    -3.44841290249813E-01     8.54475859891210E-01    -3.18936067980210E-01    -7.92061975989372E-02    -9.34164163286207E-01     6.51833146185482E-01     3.71578719390098E-02     7.00159601654234E-01    -8.24896148217831E-01
         0.12431359132211    -6.35499606551299E-01     2.79420492996022E-01    -5.72980068158982E-01    -2.71567888032943E-01    -3.25150528496120E-01     5.57021723785636E-01     7.50803881095079E-02     2.35870673523534E-01     7.93317435177709E-01    -4.14632863754454E-01    -1.40693100652010E-01
         0.04615532997042    -4.10428696711175E-01     6.40541833327398E-01     5.17644940414052E-01     3.71035354118862E-01    -3.52018372350187E-01     6.69252529521368E-01     5.67956037387101E-02    -2.61463344168384E-02     5.29645166636385E-01     3.18094724881092E-01    -4.12339837520985E-02
ZR DZVP-MOLOPT-PBE0-GTH-q12
 1
 2 0 3 7 3 2 2 1
         8.06207472771394    -6.41538669254275E-02    -3.76475383507918E-02    -1.28036059271944E-02    -2.04269958984203E-02    -5.95510560575742E-03    -2.37080478858290E-03     2.97726479950950E-03     3.40864868411468E-03
         2.72777175441575     5.00844113214998E-01     3.72393030521772E-01    -3.08914295355143E-02     2.87526147644439E-01     1.19179295632805E-01    -3.95004720128736E-02    -1.78698613569847E-03    -1.46113008379071E-03
         1.46390999964079    -1.38342207363745E-01    -1.92448348754756E-01     1.47851496452654E-01    -4.25595377766955E-01    -2.09708061686339E-01     2.81403266917540E-01    -1.45603887186007E-03    -1.23440439233479E-01
         0.64391941685165    -3.48548335658352E-01    -4.77685729873357E-01     5.11706716731694E-01    -6.35940257076606E-01    -4.21114699690593E-01     6.61846838373957E-01    -2.97873395220872E-01    -5.31789675382208E-01
         0.28848384018946    -1.79174445658487E-01    -3.26061985001775E-01    -3.44841290249813E-01    -3.18936067980210E-01    -7.92061975989372E-02     6.51833146185482E-01     3.71578719390098E-02    -8.24896148217831E-01
         0.12431359132211    -6.35499606551299E-01     2.79420492996022E-01    -5.72980068158982E-01    -3.25150528496120E-01     5.57021723785636E-01     2.35870673523534E-01     7.93317435177709E-01    -1.40693100652010E-01
         0.04615532997042    -4.10428696711175E-01     6.40541833327398E-01     5.17644940414052E-01    -3.52018372350187E-01     6.69252529521368E-01    -2.61463344168384E-02     5.29645166636385E-01    -4.12339837520985E-02
O TZV2P-MOLOPT-PBE0-GTH-Q6
 1
 2 0 3 5 3 3 2 1
        10.34082423621691    -1.29825249634708E-01     8.18793043945143E-02    -1.54163825083534E-01    -9.31315963557027E-02     6.07168741616306E-02     5.24249215362800E-02    -1.46443819746845E-04    -1.35615599706110E-01    -4.53627038333396E-02
         3.64864310376424    -1.27684551447027E-01     1.02649506262870E-01    -2.90598920673850E-01    -3.10412801135525E-01     1.66218217874094E-01     1.57277538743803E-01     4.82789843051162E-02    -2.03664714425298E-01    -7.75510089052828E-02
         1.25503633997207     5.26487514579900E-01    -3.65113179366377E-01     6.61471073309150E-01    -5.97863015525008E-01     4.26686208369503E-01     5.52189434348781E-01     7.18155124032992E-01    -6.65039106707507E-01     7.74070424398802E-02
         0.43936673910305     7.72667288737258E-01    -8.21060762059060E-02    -6.24492813862270E-01    -6.48920500304752E-01    -1.50379113770830E-02    -7.55332729990091E-01     6.93882202281484E-01     7.03924405563841E-01     9.92909576133937E-01
         0.14295518532255     3.04365270334762E-01     9.17992274956007E-01     2.53476876555698E-01    -3.41221918409427E-01    -8.86790677695403E-01     3.11568128998934E-01    -2.12090879301656E-02     4.83994939610748E-02     8.17248560335443E-03
O TZVP-MOLOPT-PBE0-GTH-q6
 1
 2 0 2 5 3 3 1
        10.34082423621691    -1.29825249634708E-01     8.18793043945143E-02    -1.54163825083534E-01    -9.31315963557027E-02     6.07168741616306E-02     5.24249215362800E-02    -1.46443819746845E-04
         3.64864310376424    -1.27684551447027E-01     1.02649506262870E-01    -2.90598920673850E-01    -3.10412801135525E-01     1.66218217874094E-01     1.57277538743803E-01     4.82789843051162E-02
         1.25503633997207     5.26487514579900E-01    -3.65113179366377E-01     6.61471073309150E-01    -5.97863015525008E-01     4.26686208369503E-01     5.52189434348781E-01     7.18155124032992E-01
         0.43936673910305     7.72667288737258E-01    -8.21060762059060E-02    -6.24492813862270E-01    -6.48920500304752E-01    -1.50379113770830E-02    -7.55332729990091E-01     6.93882202281484E-01
         0.14295518532255     3.04365270334762E-01     9.17992274956007E-01     2.53476876555698E-01    -3.41221918409427E-01    -8.86790677695403E-01     3.11568128998934E-01    -2.12090879301656E-02
O DZVP-MOLOPT-PBE0-GTH-q6
 1
 2 0 2 5 2 2 1
        10.34082423621691    -1.29825249634708E-01     8.18793043945143E-02    -9.31315963557027E-02     6.07168741616306E-02    -1.46443819746845E-04
         3.64864310376424    -1.27684551447027E-01     1.02649506262870E-01    -3.10412801135525E-01     1.66218217874094E-01     4.82789843051162E-02
         1.25503633997207     5.26487514579900E-01    -3.65113179366377E-01    -5.97863015525008E-01     4.26686208369503E-01     7.18155124032992E-01
         0.43936673910305     7.72667288737258E-01    -8.21060762059060E-02    -6.48920500304752E-01    -1.50379113770830E-02     6.93882202281484E-01
         0.14295518532255     3.04365270334762E-01     9.17992274956007E-01    -3.41221918409427E-01    -8.86790677695403E-01    -2.12090879301656E-02
F TZV2P-MOLOPT-PBE0-GTH-Q7
 1
 2 0 3 5 3 3 2 1
        13.31501907729122     1.31813146289282E-01    -5.24225688764356E-02    -5.17923286744451E-01    -9.80506809064632E-02     4.64420401614479E-02     6.35659142568778E-02     4.89385522399914E-03     1.52535072278595E-01     5.41962851226601E-02
         4.62512020147175     1.34547810393351E-01    -5.37398783766778E-02    -2.73506612070950E-02    -3.12727206728056E-01     1.25929415842544E-01     1.88833971660508E-01     2.30296758923593E-02    -1.84322551941015E-01     3.68925101794283E-02
         1.62272294024072    -5.51865766775749E-01     1.65440705311574E-01    -7.34790083225985E-01    -5.86706702362430E-01     2.77907352966805E-01     6.51110127867809E-01     5.26472480151814E-01    -8.13967424463323E-01     8.50449987353287E-02
         0.55216173678272    -7.87309125215089E-01     1.14519053917377E-01     4.34902286738320E-01    -6.52997838515906E-01     1.82287680337408E-01    -7.27945836193775E-01     8.49582617686734E-01     5.11993820603493E-01     9.94034575948952E-01
         0.17330337957192    -2.00276553789357E-01    -9.76667117835106E-01    -4.41695026221844E-02    -3.49223175694863E-01    -9.33554296168888E-01     8.03216449515110E-02    -2.19496600587510E-02     1.34452996051777E-01    -1.90870474316679E-02
F TZVP-MOLOPT-PBE0-GTH-q7
 1
 2 0 2 5 3 3 1
        13.31501907729122     1.31813146289282E-01    -5.24225688764356E-02    -5.17923286744451E-01    -9.80506809064632E-02     4.64420401614479E-02     6.35659142568778E-02     4.89385522399914E-03
         4.62512020147175     1.34547810393351E-01    -5.37398783766778E-02    -2.73506612070950E-02    -3.12727206728056E-01     1.25929415842544E-01     1.88833971660508E-01     2.30296758923593E-02
         1.62272294024072    -5.51865766775749E-01     1.65440705311574E-01    -7.34790083225985E-01    -5.86706702362430E-01     2.77907352966805E-01     6.51110127867809E-01     5.26472480151814E-01
         0.55216173678272    -7.87309125215089E-01     1.14519053917377E-01     4.34902286738320E-01    -6.52997838515906E-01     1.82287680337408E-01    -7.27945836193775E-01     8.49582617686734E-01
         0.17330337957192    -2.00276553789357E-01    -9.76667117835106E-01    -4.41695026221844E-02    -3.49223175694863E-01    -9.33554296168888E-01     8.03216449515110E-02    -2.19496600587510E-02
F DZVP-MOLOPT-PBE0-GTH-q7
 1
 2 0 2 5 2 2 1
        13.31501907729122     1.31813146289282E-01    -5.24225688764356E-02    -9.80506809064632E-02     4.64420401614479E-02     4.89385522399914E-03
         4.62512020147175     1.34547810393351E-01    -5.37398783766778E-02    -3.12727206728056E-01     1.25929415842544E-01     2.30296758923593E-02
         1.62272294024072    -5.51865766775749E-01     1.65440705311574E-01    -5.86706702362430E-01     2.77907352966805E-01     5.26472480151814E-01
         0.55216173678272    -7.87309125215089E-01     1.14519053917377E-01    -6.52997838515906E-01     1.82287680337408E-01     8.49582617686734E-01
         0.17330337957192    -2.00276553789357E-01    -9.76667117835106E-01    -3.49223175694863E-01    -9.33554296168888E-01    -2.19496600587510E-02
