
RE SVP-MOLOPT-PBE-Q15
 1
 1 0 3 7 6 3 2 1
        10.23993106325793     7.65811477299860E-03     1.56791606434276E-01    -2.42458365850506E-02     4.26734875735696E-02     3.28775316670078E-01    -2.56377544177131E-01     2.06682085027361E-02     1.43063507802307E-02     7.58406789867778E-02     5.22463443422603E-03    -1.27605644599737E-02     3.32059863413769E-03
         4.56276296359565     1.19108080748086E-01     7.11776555565577E-01    -3.08052517570523E-01     3.02617943147559E-02     4.61901631954109E-03    -5.45071875715407E-01    -2.00717954805799E-01     2.79269234476288E-02    -1.03944475025390E-01    -8.20143137012276E-02     4.25376610828895E-02    -7.10180323551136E-03
         1.61081090372052    -3.01727956709936E-01     6.09385716932996E-01     1.97332728858762E-01    -1.10863744952693E-01     3.02256343887147E-01     6.28019969961454E-01     2.10823630753436E-01     1.13004638665584E-01     5.56329597619161E-01     2.65535154570153E-01    -1.12060698864363E-01     4.37197064945463E-02
         0.74458898271374     6.40572031877762E-01    -2.66978368002389E-02     4.07834194460370E-01     3.29894425907005E-01     5.24280455485650E-01     3.66491705912839E-03     6.25585313644712E-01    -7.31063085723871E-01     1.18502682497344E-01     6.94080440414406E-01    -1.14296903535585E-01     4.30372578228269E-01
         0.36611369579052    -6.30849878652114E-01    -2.40802214737627E-01     1.48805382006628E-01    -2.12141310549383E-03     5.48276213751720E-01    -3.90742295489652E-01     4.72924665485806E-01     2.01404956827085E-01    -7.62352606238556E-01     6.11624729947498E-01    -2.11809979122953E-01     8.93838745561186E-01
         0.14345260535207     2.88558155253554E-01    -1.52197227549970E-01    -3.87022845329054E-01    -7.60455604958952E-01     3.92109204300973E-01     8.21888237769042E-02     4.74163956378611E-01     4.77183800669062E-01     1.90269065292867E-01     2.58594655088157E-01     9.31027457898485E-01    -8.74860120985197E-02
         0.04934659938486    -5.60798728203934E-02    -1.24808244562466E-01    -7.26166045237612E-01     5.45751653746154E-01     2.67020837668147E-01     2.88634971235298E-01     2.73847298855350E-01     4.28396773272821E-01     2.06190244992865E-01     5.81150076852753E-03     2.46436073616437E-01     7.87722273990041E-02


RE TZVPP-MOLOPT-PBE-Q15
 2
 1 0 1 5 2 1
        29.75548605665480     5.66356960792750E-01     2.87587217111947E-01     1.20899714560630E-01
        26.62671282611858    -2.71956749407320E-01    -1.04175578002252E-02    -1.64923181460665E-01
        12.47331906576578    -1.75161230426377E-01    -3.50679696236652E-01     1.75779042183806E-01
         3.47360027701395    -5.54886211269918E-02     8.58981915625921E-01     1.84258256849444E-01
         1.71299056481826     7.55988674316187E-01    -2.37400266045086E-01    -9.45163597663282E-01
 1 0 4 6 4 3 3 2 1
         5.53764186839188    -3.54598418426465E-01     4.23584763267011E-01    -1.89739491858356E-01     4.64418929690516E-01    -1.88453506038964E-01     6.18682898523920E-02    -6.90125754371766E-02    -4.83696230111033E-02     7.18983484744854E-03    -9.70822882022611E-03     7.25230042440603E-02    -5.10117297737916E-02    -1.10658948231743E-02
         1.41046257271880     2.07794311325311E-01    -3.62190626847064E-01     2.53302886659358E-01    -4.43942172901607E-01     4.56102402989291E-01    -2.64779087402039E-01     7.43094583488097E-01     2.44884497428361E-01    -8.28713004744832E-02     7.89718339208997E-02     1.53389558498905E-01    -7.55748876208642E-02     1.38699416358778E-01
         0.69272115363826     6.14610249287760E-01     1.88850257356736E-01    -7.48033588562868E-01    -1.35261575190171E-01     5.87873946998312E-01    -5.88414973192537E-01    -4.59058315308099E-01     6.23767004826526E-01    -2.22778778926735E-01     6.96487780906346E-01     7.21905465999399E-01     9.21339604072738E-02    -3.41240670944069E-02
         0.28330754587080     3.63041768974949E-01     5.82714822047585E-01     4.46837111485644E-01     5.92660985652414E-02     5.51493813539174E-01     6.82807690215710E-01    -2.49546130529667E-01     7.10598246812318E-01    -5.96559818103819E-02    -6.71559993764571E-01     3.73042632942001E-01     7.79228502650119E-01     7.72477978410340E-01
         0.11563018260818     5.65857729888490E-01    -2.14061679385723E-01     2.99255164841079E-01     5.92883117802657E-01     3.26266942003587E-01     3.17569063492049E-01     1.88567620984369E-01     2.03567543312483E-01     9.58263183466253E-01     1.55111172720416E-01     5.57551083876804E-01    -6.13162814321602E-01    -6.18056784173788E-01
         0.04091169112587    -3.66255485380110E-02    -5.18025590133414E-01    -2.25976249495896E-01     4.62506053286923E-01    -1.62650752623384E-02     1.12941210384781E-01     3.66718077850868E-01     4.70858058840231E-02     1.47047966799301E-01    -1.83089239609337E-01     6.36696431735088E-03    -5.64596467543349E-03     2.75526827416776E-02


RE QZVPP-MOLOPT-PBE-Q15
 2
 1 0 2 6 2 1 1
        23.78963642996315     2.32126507015005E-01     2.14378078938470E-01     3.38124501556079E-02     8.01387827860994E-03
        17.94094079348497    -3.87470715391866E-01    -1.15868411459843E-01    -2.57378063123379E-01    -7.44521197789760E-02
        13.65056175510237     7.44957665692405E-01     3.10983531708169E-01     4.96276653689873E-01     1.55644365661583E-01
         9.00333262154237    -2.62272469035238E-01    -1.59039121360601E-01    -2.87153016904439E-01    -1.11519112754299E-01
         4.26476762795789    -3.92805241530490E-01     8.97247608362506E-01    -6.18203718975921E-01    -5.22271076789957E-01
         2.11275272382454     1.33936552117726E-01    -1.16443465541646E-01     4.70839718552645E-01     8.27625459306508E-01
 1 0 4 6 5 4 3 4 2
         0.98184251704565     5.78201523621901E-01     4.59008552684578E-02     5.91547226069291E-01    -4.07638556264507E-01     3.63539417519692E-01     2.49607814162922E-02    -7.77438942824658E-02    -1.46467369933868E-01     6.81432338232048E-01    -8.86568312644113E-02     5.50268165126457E-01    -1.72996256884760E-03     4.01173742387981E-01     1.79458144017465E-01     4.31952341761646E-01    -1.04992120259046E-01    -9.59551791383233E-02     3.69536830630579E-01
         0.54759035886974     2.39904276803474E-01    -3.14954575028739E-01     4.46342911705818E-01     7.25023520696545E-01    -1.49636940039958E-01    -1.05625144383694E-01    -6.12036451628929E-01    -2.86877326976492E-02     5.14404229472225E-01    -1.13001853199337E-01     6.54709689872479E-01    -3.98686848312947E-01     6.25419865530412E-01    -5.00804378476352E-01     3.97451691478377E-01     1.40938923478246E-01     4.07437014972078E-01    -6.27758535624407E-02
         0.35216956610987    -1.34782491291980E-01     7.37691633493245E-01     3.08383394346209E-01    -9.57408998076398E-02    -3.25590235666777E-01     6.67516748705093E-01     4.93495379769507E-01    -2.93270078648675E-01     2.95377639581693E-01    -2.41839515142778E-01     2.51266240786584E-01     8.91111454903670E-01     4.33057373394828E-04     7.16944483643022E-01     4.96227689194503E-01    -1.61182110312619E-01    -7.78307719417391E-01     2.49581347031151E-01
         0.23878350718968    -3.71694330810113E-01    -5.86291452589976E-01     2.70726651268373E-01    -5.04840838282078E-01    -2.11711970126870E-01    -7.05060489079355E-01     5.92006650211542E-01    -5.76786639360705E-02     3.14733058822710E-01    -1.47246043311458E-01     3.72112681050477E-01    -3.57714712541093E-02    -6.11522466668218E-01    -4.38961405516750E-01     5.86016126743743E-01    -2.86459006564610E-01     4.14373180915795E-01     8.11533497020155E-01
         0.11462973343939    -6.67572566391386E-01     1.01564041559732E-01     4.85231767649662E-01     2.00541327109493E-01     3.56174578719848E-01     2.11909240788630E-01     1.30124125498411E-01     7.94683524289147E-01     2.90234724609453E-01     9.40727772872732E-01     2.57079136944667E-01     1.88266361048556E-01    -2.63031152638188E-01     9.61626534944948E-02     2.53122157195145E-01     9.00006312097236E-01     2.16966855523596E-01    -3.71499050727798E-01
         0.04180038395945    -7.84398440786449E-02     2.13274262429301E-02    -2.16810466877890E-01     6.26441227188170E-02     7.53496242659585E-01    -2.50171715179953E-02     9.17900702363772E-02     5.06821716638756E-01    -2.22982838535749E-02    -1.19306564925007E-01     2.94603907922913E-02     1.01204536919624E-01     6.90240406054240E-02    -3.23416907136879E-02     4.14931391609326E-02     2.25971408790190E-01    -1.56533339708947E-02     2.47530352424141E-02
