
BI SVP-MOLOPT-PBE-Q23
 2
 1 0 2 7 1 1 1
       175.25627032719180     6.86182281266438E-04     2.29536835627556E-04    -2.49988713426525E-04
        19.95573942563516    -1.19510556573860E-01    -3.78517117628244E-02     2.46491039952331E-02
        15.46929774057370     2.84611604674313E-01     1.00023835518787E-01    -2.85324342178532E-02
         6.59818421991410    -7.52081440306014E-01     4.44778936037038E-01    -5.85145516095427E-02
         2.00584679062730     3.79674866202275E-01     5.06502732727190E-01     6.29766576644354E-01
         0.80837051146656     4.32676207519573E-01     7.25147696956911E-01     7.22149170987757E-01
         0.44806594862471    -8.78908019874221E-02    -9.13779237743593E-02     2.77576908997777E-01
 1 0 2 4 3 3 1
         7.22776373282908     2.59130536129658E-01     5.51279603297886E-01    -6.52011266939178E-02     8.64926512652449E-01     4.32516785312242E-01    -4.22622606212992E-02     3.00769988345530E-02
         1.58462887599348     5.85698614843775E-01     5.34506520018511E-01     2.78669685472424E-01    -7.98843612968338E-02    -2.14630377850364E-01     6.21189093367619E-01    -2.24507854724416E-01
         0.22081863814604    -3.55098039260845E-01     4.87989996829925E-01    -7.44537869238779E-01    -3.89541425126829E-01     3.86692878617522E-01    -6.08249799814751E-01     8.55696792280459E-01
         0.07154685414987    -6.80965403180178E-01     4.15041373888624E-01     6.03121364856131E-01    -3.06232092768263E-01     7.85704555767286E-01     4.92311073035746E-01     4.65268306452394E-01


BI TZVPP-MOLOPT-PBE-Q23
 2
 1 0 2 8 2 1 1
       716.57848309733129     6.25792611555045E-04     2.54597512284071E-04    -8.23046885771998E-05     3.45614904753373E-05
        83.80261604049220     3.71035892049315E-03    -4.99389425895854E-04    -1.23658633966579E-03     3.22367041686372E-05
        20.90875703200481    -4.42708356214054E-01    -1.61941586351916E-01     7.36000792431692E-02     4.54172038980461E-03
        15.64395889095770     8.53093164698114E-01     2.03485362307256E-01    -2.12902876646328E-01     1.43984398365563E-03
         6.77619525873164    -1.91213558376089E-01     8.30025285793321E-01     8.66475702250667E-01    -7.30657090192213E-02
         2.20896285653556     1.45956422050442E-01    -4.74469891024281E-01     3.30857262571917E-01     3.72155271945593E-01
         0.95834728559704     1.17958935797081E-01    -1.33098669708739E-01    -2.73326609830547E-01     4.14064777343830E-01
         0.33119889978576    -6.66857760313439E-02     2.42777120772114E-02    -1.19581566733553E-01     8.27459674717340E-01
 1 0 3 6 4 4 2 2
         3.12768149726597    -7.25143330764890E-02     1.42744080420619E-01    -1.55517558434356E-01     1.52039745984212E-02     3.26851738398185E-01    -9.12092706362361E-02     4.51903968030704E-02    -1.46967528354507E-01    -6.78153854087927E-02    -5.30787641676653E-02     1.26154234769620E-01     3.70414266311987E-02
         1.42131774183455     8.19776194548207E-01    -3.78405818520663E-01     2.06251101426356E-01     3.43411979647087E-01     7.59872034455248E-01    -1.85867939922708E-01    -1.92080518981036E-01    -2.48702087710314E-01    -1.28812026358743E-01     2.15052781002732E-01    -2.48189490570503E-01     6.25180059353096E-02
         0.63998381244723     3.26114323536750E-01     6.22591408448654E-01     5.45377753237662E-01    -3.89751288346968E-01     3.92192112970100E-01    -1.47051550837998E-01     4.30783446973234E-02    -7.03730830190033E-02    -4.08192461204248E-01    -3.33310160778899E-03     7.35560228997621E-01     6.04251759227282E-01
         0.29551383858436    -2.99026654724199E-01    -6.37685462566270E-01     5.50769518605360E-01    -3.48938671947565E-01     3.24854732952288E-01     5.94894032362726E-01    -3.23482143846136E-01     6.56254690357820E-01     8.65510383458481E-01    -2.42049099292232E-01    -5.80582601851544E-01     7.85508656069896E-01
         0.12018061912279    -3.36284146694246E-01     1.94469365878878E-01     5.76610775627183E-01     5.86140014682163E-01     2.12596354293874E-01    -1.99871009026414E-01     8.09209693438432E-01     4.87608082327790E-01     1.97279389420363E-01     8.45865991343050E-01     1.06015339948242E-01     8.39380526511693E-02
         0.04296539130358    -1.17703622634473E-01     6.59698317930985E-02    -3.29078384441319E-03     5.14405162329288E-01    -1.05924366896512E-01    -7.35977234202943E-01    -4.46929673596285E-01     4.93116199081185E-01     1.55435094553038E-01     4.20531562230654E-01    -1.81996773213055E-01    -7.43626093821956E-02


BI QZVPP-MOLOPT-PBE-Q23
 2
 1 0 2 11 2 2 1
      8131.22226379859876    -5.84691040549915E-05     3.75925443217859E-04     1.31060798131688E-05    -9.73833133641322E-05    -1.31643838018399E-05
      1225.76900179980271     4.00678259549925E-04    -1.31192456495374E-03     1.57485797594309E-05     1.33867708943270E-04     2.04659071085589E-05
       274.73553124393146     9.65055106297469E-05     2.02932127148512E-03    -6.36261518115452E-05    -2.34782573463728E-04    -3.92807201835221E-05
        37.69884088444030     1.77727769014462E-02    -3.64040691777361E-02     9.55039562788208E-03    -8.29309898228672E-03     6.66659932784569E-03
        23.49174489332103    -1.22099993074245E-01     1.46879796000375E-01    -5.11206361026674E-02     5.66838741318533E-02    -1.99502949453597E-02
        14.05787833097820     4.23897913733436E-01    -2.17653266573407E-01     1.89391852609938E-01    -2.00408044890934E-01     6.99326204180624E-02
         8.66167193860180    -2.72607329448631E-01    -3.64849581753006E-01    -3.03373958320005E-01     4.16387666038600E-02    -1.44165583195855E-01
         5.35979746539024    -5.92127915115290E-01     6.23273182810381E-01    -4.24422607772190E-02     4.40141608423903E-01    -4.30235992170672E-02
         2.41637342309765     6.12267399351371E-01     6.00095328624516E-01     5.04800781768672E-01    -3.37283366183261E-01     6.15526140296620E-01
         1.35770568596573    -5.15077779505629E-02    -2.16000966361098E-01     5.30399599842274E-01     7.56013028766342E-01     6.42700795128355E-01
         0.78854488376955    -5.12977789393785E-02    -3.69681699773106E-02     5.75709582455403E-01    -2.75282590840933E-01     4.24376580098930E-01
 1 0 4 6 5 4 3 4 1
         2.83475384800498    -2.03336739273665E-01    -3.15946381386312E-01    -2.15327524793826E-01    -6.78621396471775E-02    -8.98753998349030E-02    -2.90032555733706E-01    -1.63528010083289E-01    -1.51846821590582E-02    -6.62118378568009E-04     2.14505688022384E-02    -6.94805072009019E-03    -1.47928894141847E-02     9.97155964479875E-01     5.03338195584657E-02    -1.94202254987689E-02     4.90950162880066E-02     5.34451135218566E-03
         1.10810766792070     9.76617712093188E-01    -5.78355308337263E-02    -2.15443582565987E-02     1.32844332402269E-02     4.03820719256836E-02    -2.00495605050578E-01    -1.35640681958525E-01     4.34594167430112E-02    -2.12334659230907E-01     2.61721518271623E-01    -1.09434877331067E-01    -1.83858575500199E-01    -4.95471105699588E-02     9.88958986786367E-01     9.46231865399091E-02    -3.31024835617559E-03     2.05321093343645E-02
         0.48548643209554    -1.85084819992611E-02     8.67858625557004E-01     3.12107857032247E-01     6.45346279245147E-02    -4.82470271243714E-02     8.58709338644346E-01     1.96325358471491E-01    -1.61056157449634E-01     1.73122086381206E-01     9.42723472856657E-01    -1.28552331709020E-01    -8.65687977457358E-02     3.43794167385455E-02    -1.01401054253912E-01     9.58254717572971E-01    -2.32520421965402E-01     9.47877795801495E-01
         0.24675782174766     1.58709344697796E-02    -2.57885325643858E-01     7.52434348220295E-01    -5.27602856642464E-01    -2.96908823360390E-01    -3.15155800217092E-01     8.92381204991889E-01    -3.04470819059393E-01     3.34894788287734E-02     1.39577426751507E-01     9.78537123484545E-01    -1.20135451890272E-01    -3.73992040500218E-02     5.94735685332678E-04     2.49714970787942E-01     9.40172537664483E-01    -7.59023914641790E-02
         0.11345110568606    -4.33170156865124E-02    -2.77656403309493E-01     5.22737161510782E-01     7.75241545758552E-01     1.93699879014147E-01    -9.64924926879954E-03     2.78111696219745E-01     8.94778213685112E-01     3.35133716518262E-01     1.49742258814242E-01     7.74492237639609E-02     9.62777237928062E-01     2.53583160179174E-02     9.25185838700446E-02     2.22015338126054E-02    -2.37743407858616E-01    -3.08080235044535E-01
         0.04449589720197    -4.90020466161687E-02    -7.51145972380147E-03     1.27855366982243E-01    -3.34199501835715E-01     9.28595408466905E-01    -1.97191821009493E-01    -2.06461178772349E-01    -2.80376688273877E-01     9.00836358145029E-01     2.02378744777396E-02     8.89760975085532E-02     1.30807114567240E-01     1.17362100199265E-03    -2.41746393453945E-02    -9.78096565810357E-02     5.53773098103481E-02    -2.00735810484770E-02
