BI TZVPP-MOLOPT-PBE-Q23
 2
 1 0 2 8 2 1 1
       716.57848309733129     6.25792611555045E-04     2.54597512284071E-04    -8.23046885771998E-05     3.45614904753373E-05
        83.80261604049220     3.71035892049315E-03    -4.99389425895854E-04    -1.23658633966579E-03     3.22367041686372E-05
        20.90875703200481    -4.42708356214054E-01    -1.61941586351916E-01     7.36000792431692E-02     4.54172038980461E-03
        15.64395889095770     8.53093164698114E-01     2.03485362307256E-01    -2.12902876646328E-01     1.43984398365563E-03
         6.77619525873164    -1.91213558376089E-01     8.30025285793321E-01     8.66475702250667E-01    -7.30657090192213E-02
         2.20896285653556     1.45956422050442E-01    -4.74469891024281E-01     3.30857262571917E-01     3.72155271945593E-01
         0.95834728559704     1.17958935797081E-01    -1.33098669708739E-01    -2.73326609830547E-01     4.14064777343830E-01
         0.33119889978576    -6.66857760313439E-02     2.42777120772114E-02    -1.19581566733553E-01     8.27459674717340E-01
 1 0 3 6 4 4 2 2
         3.12768149726597    -7.25143330764890E-02     1.42744080420619E-01    -1.55517558434356E-01     1.52039745984212E-02     3.26851738398185E-01    -9.12092706362361E-02     4.51903968030704E-02    -1.46967528354507E-01    -6.78153854087927E-02    -5.30787641676653E-02     1.26154234769620E-01     3.70414266311987E-02
         1.42131774183455     8.19776194548207E-01    -3.78405818520663E-01     2.06251101426356E-01     3.43411979647087E-01     7.59872034455248E-01    -1.85867939922708E-01    -1.92080518981036E-01    -2.48702087710314E-01    -1.28812026358743E-01     2.15052781002732E-01    -2.48189490570503E-01     6.25180059353096E-02
         0.63998381244723     3.26114323536750E-01     6.22591408448654E-01     5.45377753237662E-01    -3.89751288346968E-01     3.92192112970100E-01    -1.47051550837998E-01     4.30783446973234E-02    -7.03730830190033E-02    -4.08192461204248E-01    -3.33310160778899E-03     7.35560228997621E-01     6.04251759227282E-01
         0.29551383858436    -2.99026654724199E-01    -6.37685462566270E-01     5.50769518605360E-01    -3.48938671947565E-01     3.24854732952288E-01     5.94894032362726E-01    -3.23482143846136E-01     6.56254690357820E-01     8.65510383458481E-01    -2.42049099292232E-01    -5.80582601851544E-01     7.85508656069896E-01
         0.12018061912279    -3.36284146694246E-01     1.94469365878878E-01     5.76610775627183E-01     5.86140014682163E-01     2.12596354293874E-01    -1.99871009026414E-01     8.09209693438432E-01     4.87608082327790E-01     1.97279389420363E-01     8.45865991343050E-01     1.06015339948242E-01     8.39380526511693E-02
         0.04296539130358    -1.17703622634473E-01     6.59698317930985E-02    -3.29078384441319E-03     5.14405162329288E-01    -1.05924366896512E-01    -7.35977234202943E-01    -4.46929673596285E-01     4.93116199081185E-01     1.55435094553038E-01     4.20531562230654E-01    -1.81996773213055E-01    -7.43626093821956E-02
H TZVPP-MOLOPT-PBE-AE
 1
 1 0 2 5 3 2 1
        34.17773832674855    -4.67038702307212E-01     3.25930727691839E-01    -1.51283436822271E-01    -1.00054440080746E-01     7.49322156514700E-02     1.29694886730211E-02
         4.94770130521271    -8.38132979846024E-02     2.28656356488893E-01    -2.28133785557746E-02     1.35570007424312E-01    -4.78523016653350E-02    -4.42398660674758E-02
         1.06512662518152     8.14717082181122E-01     2.11440298046549E-01     2.96545250287854E-01     9.76472815332876E-01     6.34720246090092E-02     9.35175251752971E-01
         0.29382327136550    -1.33307568322592E-01     8.19165770735029E-01     3.66068869122815E-01    -2.64980945419224E-02     9.79893619096044E-01     2.87655408521357E-01
         0.09137129667664    -3.05475612542697E-01    -3.54606643763996E-01     8.68704419864991E-01     1.31941555275947E-01    -1.66958430843673E-01    -2.01435451376045E-01
O TZVPP-MOLOPT-PBE-AE
 2
 1 0 0 6 1
     27032.34110717467047     7.35264897360634E-04
      4052.43915960016602     8.66846509689763E-03
       922.34965292725667     3.34607178584762E-02
       261.27735857055188     1.68914563970243E-01
        85.30942400544160     3.28333881314405E-01
        31.08080221478707     9.28692322525900E-01
 1 0 3 6 4 3 2 1
        62.91495630413323     1.16332726109966E-01    -5.81371416541881E-02     1.11937556008261E-02     5.75105170781195E-02    -1.16673038976174E-01     1.57254063503839E-01    -3.81929188419382E-02     1.36166697203113E-01    -8.71583721921845E-02     3.21000644845466E-04
        12.30944986692977     8.69241308775708E-01    -1.42460076990705E-02    -1.06600413011436E-01    -2.47597695986788E-02     1.45932079266690E-01    -6.05243600472558E-02     1.73638156652357E-02    -3.58452443966721E-02     4.76694147153259E-02     4.38837435813283E-02
         4.39539910954103     4.65741956926282E-01    -6.40342096322616E-02    -3.00344470998384E-02    -3.98106989985228E-03     3.91422103647488E-01     5.26377359502661E-02    -3.09523103597808E-02     7.70731222820744E-01    -3.53322944888660E-01    -1.34769543790620E-01
         1.33540846189799     9.21608149605863E-03     9.33076668604289E-01    -3.27550581669708E-01    -1.21459202569881E-01     9.00080356671289E-01     4.50466786404856E-02    -1.97504472088648E-02     5.53665920222864E-01     3.94485051877056E-01     9.40647803425498E-01
         0.45443287552085     9.32917636734327E-02     2.31107250617785E-01     8.41720615852045E-01    -4.78471205438802E-01    -3.61150582409544E-02     9.80775789580233E-01    -6.12678902654526E-02     1.14853463706434E-01     8.35162106564474E-01     2.94962206933611E-01
         0.14893102365245     7.19887781862831E-02     2.61293155746377E-01     4.14519004469322E-01     8.67396456641546E-01     2.07610475621550E-02     6.99062044682833E-02     9.96563053096360E-01     2.57701109533086E-01    -1.10361865139449E-01     8.99460419695147E-02
F TZVPP-MOLOPT-PBE-AE
 2
 1 0 0 6 1
     35479.02878767263610     6.72585320603450E-04
      5318.56312951047130     8.20097950478645E-03
      1210.53207767191157     3.41581776414553E-02
       342.85143677005027     1.67981165419731E-01
       112.04698837680320     3.40179960458393E-01
        40.78491787387953     9.24567700620738E-01
 1 0 3 6 4 3 2 1
        79.87901815644609     1.16918239284466E-01    -1.68147951461107E-02    -2.12818697913285E-02    -7.26226478740871E-03    -2.45424567087636E-01     2.14619427519455E-01     6.35891870315225E-02     1.01451133211560E-01    -3.43565246327839E-02    -1.31870850864618E-02
        16.19635642859436     8.53271420269594E-01     1.38508493185373E-02     1.47303644984199E-01    -9.44612873543690E-02    -1.04048621424425E-01     1.57592183640012E-01     5.70164828779390E-02     5.65110690465166E-02     4.45853785965381E-03     1.05680763536942E-01
         5.77801148801512     4.75828101997680E-01     9.06865843090442E-03     4.56280442532805E-02    -3.42227538288074E-02     3.85471543429814E-01     1.08618595980577E-01    -3.86557846134089E-02     7.78219890128867E-01    -1.58938198405914E-01    -1.90738906372033E-01
         1.80048565891898     5.42202862380103E-03     9.84951172129337E-01    -1.65338157360222E-01    -4.82246452283399E-02     8.82036252116551E-01     2.29685585491659E-02     9.54990517737228E-02     5.96805252189064E-01     2.06883586435839E-01     7.91345089335059E-01
         0.61342852936985    -1.78123417267227E-01     1.16155230853301E-01     8.34960810060312E-01    -5.05012861636734E-01     2.35771402740000E-03     9.52591193174218E-01     7.86110613461027E-02     2.14870962580005E-02     9.58447372992515E-01     5.67195057415070E-01
         0.19458219035665     9.39552285204502E-03     1.25786831338083E-01     5.01268928973589E-01     8.55856016509765E-01    -4.85679584923393E-02    -9.66833470619191E-02     9.87882330256585E-01     1.55723360184243E-01    -1.10073678097833E-01    -6.58715646571095E-02
CL TZVPP-MOLOPT-PBE-AE
 3
 1 0 0 7 1
     69508.00450217274192     8.54639670881115E-04
     10426.07404861877149     6.36610882195957E-03
      2373.21372557596396     3.32269466123591E-02
       671.48082610673112     1.29170911439118E-01
       218.35953271185565     3.78680461942424E-01
        77.68193958237838     7.12972790189941E-01
        28.63569494373375     5.74839539435266E-01
 1 0 1 5 1 1
       666.45268090401123     1.43814656418117E-03     5.81778333606563E-03
       157.54073854080110     2.68716178613030E-02     4.29983499959330E-02
        50.27147981024441     2.23252919385808E-01     2.08198314680469E-01
        18.56181800307728     1.26049949313096E-01     5.59198731644810E-01
         7.67698456608668    -9.66201527711407E-01     8.01291167794660E-01
 1 0 3 5 3 4 3 1
         7.92291630827550    -3.55714849236007E-02    -2.05335282550433E-02    -6.21248979322774E-03     1.19403838140099E-01     1.05841381548266E-01    -1.46122271693981E-02     1.83454633514441E-02    -6.37399836508334E-02     8.49429480795528E-02     1.55420574128900E-02     9.92703827764435E-03
         3.21359254353200     9.59549625721583E-01    -2.59950857602373E-02    -1.29366285576508E-01     9.67663531581177E-01     2.77689868599939E-03     2.12406118864077E-01    -7.59992235115857E-02     9.93189642383517E-01     9.67974271551950E-02     3.26871756359324E-02     7.10821712077589E-02
         1.26147295769703     2.42813469124242E-01     1.04956178351874E-01    -5.23619012807165E-02    -7.82419592685200E-03     9.92946336504231E-01    -1.67130180932761E-02     4.83191202192999E-02    -8.82726077217294E-02     9.57739641027515E-01    -9.19882652581050E-02     1.80157385026295E-01
         0.41296442360435    -1.45904199321127E-02     9.89285109716447E-01    -9.35576426318929E-02    -2.17443131180686E-01     2.49858269018969E-02     9.66832988440933E-01    -1.25324606655998E-01    -3.65554258774248E-02     3.24811484808539E-02     9.74023579148050E-01     9.80783981908141E-01
         0.13005620364658     1.37214882924396E-01     9.59260238559098E-02     9.85764154311841E-01     4.50253233824506E-02    -4.71505255802842E-02     1.40088439832982E-01     9.87849466056347E-01    -1.95754006656028E-02     2.55136647045343E-01     2.03730752020278E-01    -2.13278292454652E-02
