Na admm-dz
    4
1 0 0 2 1
       16.22390212      0.15755370
        1.91201532     -0.60023180
1 0 0 1 1
        0.60800268      1.00000000  
1 0 0 1 1
        0.05119172      1.00000000  
1 1 1 3 1
       13.33097562      0.04330104
        3.19591191     -0.19779926
        0.76819608     -0.41929865  

Na admm-dzp
    6
1 0 0 2 1
       16.22390212      0.15755370
        1.91201532     -0.60023180
1 0 0 1 1
        0.60800268      1.00000000  
1 0 0 1 1
        0.05119172      1.00000000  
1 1 1 2 1
       13.33097562      0.04330104
        3.19591191     -0.19779926
1 1 1 1 1
        0.76819608      1.00000000  
1 2 2 1 1
        0.09280000      1.00000000


Na admm-tzp
    7
1 0 0 2 1
       35.18852140     -0.00682369
       15.42075347     -0.15425926
1 0 0 1 1
        1.94625673      1.00000000
1 0 0 1 1
        0.61684099      1.00000000
1 0 0 1 1
        0.05117107      1.00000000
1 1 1 2 1
       13.33218429     -0.00335138
        3.19615105     -0.24326350
1 1 1 1 1
        0.76819152      1.00000000
1 2 2 1 1
        0.09280000      1.0000000

Na admm-tz2p
    9
1 0 0 2 1
       35.18852140     -0.00682369
       15.42075347     -0.15425926
1 0 0 1 1
        1.94625673      1.00000000
1 0 0 1 1
        0.61684099      1.00000000
1 0 0 1 1
        0.05117107      1.00000000
1 1 1 2 1
       13.33218429     -0.00335138
        3.19615105     -0.24326350
1 1 1 1 1
        0.76819152      1.00000000
1 2 2 1 1
        0.14730000      1.00000000
1 2 2 1 1
        0.06230000      1.00000000
1 3 3 1 1
        0.12840000      1.00000000

