  BASIS_TYPE GAUSSIAN
  S_EXPONENTS          16.22390212 \
                        1.91201532 \
                        0.60800268 \
                        0.05119172
  P_EXPONENTS          13.33097562 \
                        3.19591191 \
                        0.76819608

  ORBITAL COEFFICENTS (Quickstep normalization)
  L Quantum Number:  0
       16.22390212    0.00000000  0.00000000  0.15755370  0.03024379  0.65217880  0.64161153
        1.91201532    0.00000000  0.00000000 -0.60023180 -0.13425435  1.51929126  2.66541898
        0.60800268    0.00000000  0.00000000 -0.50571265 -0.22327549  0.65040341 -1.26576817
        0.05119172    0.00000000  0.00000000 -0.00979247  1.06069354  0.00000000  0.00000000
  L Quantum Number:  1
       13.33097562    0.04330104  0.00831201  0.17924059  0.17633636  0.00000000  0.00000000
        3.19591191   -0.19779926 -0.04424192  0.50066438  0.87835716  0.00000000  0.00000000
        0.76819608   -0.41929865 -0.18512313  0.53926528 -1.04947915  0.00000000  0.00000000
