  BASIS_TYPE GAUSSIAN
  S_EXPONENTS          35.18852140 \
                       15.42075347 \
                        1.94625673 \
                        0.61684099 \
                        0.05117107
  P_EXPONENTS          13.33218429 \
                        3.19615105 \
                        0.76819152

  ORBITAL COEFFICENTS (Quickstep normalization)
  L Quantum Number:  0
       35.18852140    0.00000000  0.00000000 -0.00682369  0.00138259  0.36490027  0.35900036
       15.42075347    0.00000000  0.00000000 -0.15425926  0.02955520  0.31748464  0.55698528
        1.94625673    0.00000000  0.00000000  0.59179622 -0.13177471  0.27178768 -0.52888607
        0.61684099    0.00000000  0.00000000  0.51678376 -0.22574168  0.00000000  0.00000000
        0.05117107    0.00000000  0.00000000  0.01038433  1.06008098  0.00000000  0.00000000
  L Quantum Number:  1
       13.33218429   -0.00335138  0.00067905  0.17921689  0.17631922  0.00000000  0.00000000
        3.19615105   -0.24326350  0.04660791  0.50066638  0.87835368  0.00000000  0.00000000
        0.76819152    1.17426476 -0.26147244  0.53929154 -1.04943604  0.00000000  0.00000000
