
OS SVP-MOLOPT-PBE-Q16
 1
 1 0 3 7 6 3 2 1
        11.03284861894826     4.15159652670825E-01    -5.09728925235150E-01    -5.10838460706690E-01    -1.05417149314037E-01    -7.67620462595937E-02    -5.80049188524038E-03     2.73642517601530E-02    -1.07353858995514E-02     5.73243006710628E-03     2.21144319025159E-03    -9.61893868584821E-03     2.43138416480762E-03
         4.54645040767267    -3.35693767741211E-02     7.34670321367977E-01    -2.49467469852163E-01     2.86898068435536E-01     7.74193168616006E-02     5.67429424639665E-02    -2.50685735073678E-01     7.88943459407317E-02    -5.45156156766528E-02    -8.54643064911575E-02     3.13498169672268E-02    -8.43467007921066E-03
         1.45578005998397     8.03971656096521E-01     2.41297305202311E-01     2.50191567750102E-01     1.69834824105575E-01    -3.90978752022768E-01    -1.39197401289849E-01     5.12830691145434E-01    -2.03766819991840E-01     1.19344040472945E-01     4.79704049621641E-01    -1.18553648512891E-01     1.23406712330188E-01
         0.68330036659163    -6.26533194441398E-02     6.30599316114706E-02     4.38150580687543E-01    -5.08012665137949E-01    -3.81274518175488E-01     5.05725661310503E-01     5.41596967871512E-01    -5.01045796196464E-01    -4.96105744661083E-01     6.26874827568510E-01     1.13080457031907E-01     2.29873987456539E-01
         0.45898035551360    -2.02784508196329E-01    -1.50000930617293E-01     4.51097791441037E-01     9.07665826875837E-02    -1.22751889894682E-01    -7.21421061117070E-01     3.88040483274976E-01    -1.28014909901379E-02     8.12316940299395E-01     5.45427525471644E-01    -3.96452692389359E-01     9.29097275008340E-01
         0.19296571651652     1.16629850763306E-01    -3.06369555696938E-01     4.18691970508711E-01     6.15043287941877E-01     3.46577713845849E-01     4.26709251144505E-01     3.71227835513602E-01     6.32406629809438E-01    -2.66990043452607E-01     2.65540478710519E-01     8.26424221101232E-01     2.61057969476393E-01
         0.07035175662465     3.48562216311215E-01     1.47893249889774E-01     2.08437311935378E-01    -4.82844870495474E-01     7.44778528611130E-01    -1.38141591510461E-01     3.02819655979377E-01     5.48626105151710E-01    -7.40863159469363E-02    -4.00000724576719E-02     3.63222765160537E-01     2.18784848497981E-02


OS TZVPP-MOLOPT-PBE-Q16
 2
 1 0 1 5 2 1
        30.89874504973131     8.14424505601529E-01    -5.82841658116848E-02     2.36692862273004E-02
        27.03422619148425    -3.56599911516396E-01     1.07055822355040E-01    -1.63412667077105E-02
        14.03168041081798     3.90273105959075E-01    -1.10597542267726E-01    -7.83093822203012E-02
         4.43642945685688     2.27596777124995E-01     7.66891016558832E-01     2.40021244424702E-01
         1.30224112433693     7.37281329586983E-02    -6.20313113903955E-01    -9.67176390723517E-01
 1 0 4 6 4 3 3 2 1
         5.86915403853050    -1.84139704355396E-01     4.24737965263857E-01     6.17566636136844E-01     2.40702512943529E-02    -1.20139928046535E-01     1.31263780326473E-02     1.00888380184079E-02    -5.36976877065129E-02    -4.28503742678786E-03     8.66742483895655E-03     4.06859305570953E-03    -3.54519401750851E-03    -1.11033712695013E-02
         1.33559215069342     3.41083417302898E-01    -1.60432921308551E-01    -4.41032886742975E-01     9.02610666648272E-02     7.80397597456685E-02    -3.42166633308286E-02    -4.61770714128795E-04     4.48689544887103E-01    -2.38929666552320E-02    -5.39328349295078E-04     1.90602754599347E-01    -9.02788845271781E-02     1.59197830683099E-01
         0.60361869716252     5.61703202942822E-01     5.29390532227828E-01    -2.16957298664481E-01    -4.74066495722546E-01     4.53329669548676E-01    -7.48083903576944E-01     2.94552630759162E-03     6.04477694217216E-01    -6.24129675113011E-01    -7.84186324752523E-02     2.51986404732948E-01     7.18869490453053E-01    -8.97332190531007E-02
         0.46738261645726     1.22270288815661E-01    -1.65093171600124E-01    -1.52503981786995E-01     5.95272779855681E-01     3.43136106137111E-01     6.43249246325537E-01    -7.95090154548705E-02     4.01318692011584E-01     6.91649432660995E-01     3.73361528355931E-01     7.20777373753562E-01    -5.62244508956990E-01     8.33236228332703E-01
         0.21405708378347     2.46191311664205E-01    -6.96232809168835E-01     3.76114829648569E-01    -4.83390762708122E-01     7.91718084855417E-01     1.37753697577340E-01    -1.78082606642824E-01     5.11306709101590E-01     2.59555356170484E-01    -3.47908868002069E-01     6.14888607525580E-01     3.96154709761939E-01     4.46371144181374E-01
         0.08330760327418     6.77262133932389E-01     4.01088910261042E-02     4.60772333973657E-01     4.22514151919021E-01     1.71489040677917E-01     7.92572852470347E-02     9.80741672237247E-01    -8.89366319782200E-02     2.53229130679958E-01    -8.56350215543586E-01     5.04862965528403E-02    -4.47925036677229E-02    -2.70094251487731E-01


OS QZVPP-MOLOPT-PBE-Q16
 2
 1 0 2 6 2 1 1
        24.06896038528126     6.08201943097496E-01     2.33183644713337E-01    -6.62987496114893E-02     2.74364302601761E-02
        18.05958670509019    -1.98943653988998E-01     3.95035050692548E-02     3.18486848917053E-01    -1.13148954672631E-01
        13.98522595444935     6.56879113916726E-01     8.18285071546988E-02    -4.72015650721175E-01     1.52285938971641E-01
         9.39885557639066    -3.03193047717655E-01    -8.82341279499345E-02     2.64086200854704E-01    -9.24422178070745E-02
         4.39940278469159    -2.23426082118594E-01     4.64214084764194E-01     1.73993359480489E-01    -1.96280932336240E-02
         1.35423741871493     1.31058804720353E-01    -8.45037856260734E-01    -7.55881351612756E-01     9.76894428004130E-01
 1 0 4 6 5 4 3 4 2
         1.36392648659505     1.17481631891664E-01     1.53020125345078E-01    -2.03118733679281E-02    -3.29428084629255E-01     4.63959991139941E-01    -1.64940335777010E-01    -8.49421798825593E-03    -3.82692255323731E-02     2.24827992612634E-01    -1.93380996683582E-01    -4.25168041283704E-01     4.51234055216768E-01    -2.52888735192889E-03    -9.26366152672699E-02    -1.24770808054089E-01     8.43233635181227E-01    -1.88371762413811E-01     1.53449469440929E-01
         0.63603832012886     7.17798839948552E-01    -4.41131056293806E-01     3.30958553381442E-01     2.94636369864854E-01    -2.04835152807228E-01     5.73627239660374E-01    -5.65720500593298E-01    -4.60595093224557E-01    -3.02495463429266E-01    -1.08407204285816E-01     3.70737758597438E-01    -6.86570712700037E-01     6.98418536499369E-01    -4.55693715900119E-01     2.78320864598673E-02    -3.00510145592763E-02     7.35894544893784E-01     3.88584818151255E-01
         0.36352828602842     1.48030863041977E-01     7.28190934908831E-01     4.47840776264461E-01    -1.48522463144746E-01    -4.70475372550319E-01     4.11533062671394E-01     1.41549524911964E-01     7.23283749199408E-01    -2.78057834850634E-01     7.54016009484333E-01     2.62931076190339E-01     1.27270493616911E-01     4.15051895253052E-01     8.46223623107467E-01     2.45701739304519E-01     1.48327369088393E-01     4.06381112419536E-01     3.73114605879590E-01
         0.19064939146327    -4.52529683435891E-01    -4.92466202842213E-01     4.76756874372819E-01    -4.75364933986133E-01    -2.82140074455608E-01     5.35288033016283E-01     7.33826439341504E-01    -3.64042033534161E-01     2.01008804807591E-01    -4.97025427057969E-01     7.02919727366189E-01     3.98729033215355E-01     2.52507085773602E-01    -2.48097177812078E-01     7.39798330894090E-01     1.10524174660701E-01    -4.27366824822585E-01     7.81529720051709E-01
         0.10047577255163    -4.53661639068831E-01     8.75020364444212E-02     4.20038391338623E-01     7.16134794837105E-01     1.98230866116043E-01     4.31622528465630E-01    -3.10812901017718E-01     3.51705605416867E-01     5.63198678290086E-01     3.61841406944006E-01     3.23141452620102E-01     3.48601979127763E-01     6.25185225264332E-02    -4.74861610285998E-02    -2.45499278179690E-01     4.69262861713154E-01     2.72326936243050E-01    -2.74660100778493E-01
         0.03197852008376     1.96106496502351E-01     3.93271840504818E-02     5.34568176567512E-01    -2.09252860701487E-01     6.34458913346303E-01    -3.94427244518507E-02    -1.57308591471519E-01    -8.38141369777745E-02     6.50411729585798E-01     6.59397202037224E-02    -1.18896419931510E-01    -1.68233538716445E-01    -5.21793716735766E-01    -6.21299393874200E-02     5.61886830013948E-01     1.83384126997622E-01     3.20207155897742E-02     3.70351538645893E-03
