OS QZVPP-MOLOPT-PBE-Q16
 2
 1 0 2 6 2 1 1
        24.06896038528126     6.08201943097496E-01     2.33183644713337E-01    -6.62987496114893E-02     2.74364302601761E-02
        18.05958670509019    -1.98943653988998E-01     3.95035050692548E-02     3.18486848917053E-01    -1.13148954672631E-01
        13.98522595444935     6.56879113916726E-01     8.18285071546988E-02    -4.72015650721175E-01     1.52285938971641E-01
         9.39885557639066    -3.03193047717655E-01    -8.82341279499345E-02     2.64086200854704E-01    -9.24422178070745E-02
         4.39940278469159    -2.23426082118594E-01     4.64214084764194E-01     1.73993359480489E-01    -1.96280932336240E-02
         1.35423741871493     1.31058804720353E-01    -8.45037856260734E-01    -7.55881351612756E-01     9.76894428004130E-01
 1 0 4 6 5 4 3 4 2
         1.36392648659505     1.17481631891664E-01     1.53020125345078E-01    -2.03118733679281E-02    -3.29428084629255E-01     4.63959991139941E-01    -1.64940335777010E-01    -8.49421798825593E-03    -3.82692255323731E-02     2.24827992612634E-01    -1.93380996683582E-01    -4.25168041283704E-01     4.51234055216768E-01    -2.52888735192889E-03    -9.26366152672699E-02    -1.24770808054089E-01     8.43233635181227E-01    -1.88371762413811E-01     1.53449469440929E-01
         0.63603832012886     7.17798839948552E-01    -4.41131056293806E-01     3.30958553381442E-01     2.94636369864854E-01    -2.04835152807228E-01     5.73627239660374E-01    -5.65720500593298E-01    -4.60595093224557E-01    -3.02495463429266E-01    -1.08407204285816E-01     3.70737758597438E-01    -6.86570712700037E-01     6.98418536499369E-01    -4.55693715900119E-01     2.78320864598673E-02    -3.00510145592763E-02     7.35894544893784E-01     3.88584818151255E-01
         0.36352828602842     1.48030863041977E-01     7.28190934908831E-01     4.47840776264461E-01    -1.48522463144746E-01    -4.70475372550319E-01     4.11533062671394E-01     1.41549524911964E-01     7.23283749199408E-01    -2.78057834850634E-01     7.54016009484333E-01     2.62931076190339E-01     1.27270493616911E-01     4.15051895253052E-01     8.46223623107467E-01     2.45701739304519E-01     1.48327369088393E-01     4.06381112419536E-01     3.73114605879590E-01
         0.19064939146327    -4.52529683435891E-01    -4.92466202842213E-01     4.76756874372819E-01    -4.75364933986133E-01    -2.82140074455608E-01     5.35288033016283E-01     7.33826439341504E-01    -3.64042033534161E-01     2.01008804807591E-01    -4.97025427057969E-01     7.02919727366189E-01     3.98729033215355E-01     2.52507085773602E-01    -2.48097177812078E-01     7.39798330894090E-01     1.10524174660701E-01    -4.27366824822585E-01     7.81529720051709E-01
         0.10047577255163    -4.53661639068831E-01     8.75020364444212E-02     4.20038391338623E-01     7.16134794837105E-01     1.98230866116043E-01     4.31622528465630E-01    -3.10812901017718E-01     3.51705605416867E-01     5.63198678290086E-01     3.61841406944006E-01     3.23141452620102E-01     3.48601979127763E-01     6.25185225264332E-02    -4.74861610285998E-02    -2.45499278179690E-01     4.69262861713154E-01     2.72326936243050E-01    -2.74660100778493E-01
         0.03197852008376     1.96106496502351E-01     3.93271840504818E-02     5.34568176567512E-01    -2.09252860701487E-01     6.34458913346303E-01    -3.94427244518507E-02    -1.57308591471519E-01    -8.38141369777745E-02     6.50411729585798E-01     6.59397202037224E-02    -1.18896419931510E-01    -1.68233538716445E-01    -5.21793716735766E-01    -6.21299393874200E-02     5.61886830013948E-01     1.83384126997622E-01     3.20207155897742E-02     3.70351538645893E-03
F QZVPP-MOLOPT-PBE-AE
 3
 1 0 0 8 1
    132536.04395257573924     2.19133884152562E-04
     19758.15592578060023     2.13098802939830E-03
      4485.33885808192372     9.36952235670608E-03
      1273.60032301696378     4.57116768597223E-02
       418.75079369228018     1.29815698472524E-01
       152.24712142839283     3.88984269444136E-01
        59.93506405237581     3.48051089779771E-01
        24.88806979770636     8.41734891149259E-01
 1 0 1 5 2 1
       240.82710880865446    -5.22362746235088E-02     7.61618022060436E-02     2.22155163398913E-02
        56.74054074501728     8.36915891686098E-01    -3.52431037520191E-01     9.17502257704855E-02
        18.02568816680041     5.06654331012575E-01     3.90319004241376E-01     6.94833984744179E-01
         7.22835931546723     1.13647744824332E-01     8.46604124895882E-01     5.19336475096237E-01
         2.54051853711273     1.65011335426585E-01     3.00711541924844E-02     4.88450331337750E-01
 1 0 4 4 4 3 3 2 1
         4.64152109972176     7.99092172965100E-01     3.57185510151160E-01    -4.75225254357118E-01     8.96167845059311E-02     2.14101203990999E-03     4.09061558167189E-01    -4.32260580718334E-01     5.23415929943841E-01    -8.45844703511436E-01    -9.90960844591549E-02     6.49830793177351E-01    -6.47812475723957E-01     7.18812892465629E-01
         1.55189089466188    -5.65383503262805E-01     6.20688611440661E-01    -5.16124369070663E-01    -1.69418940846506E-01     9.01357430415779E-01    -3.23634717094166E-01     1.52228377872265E-01     8.31684066132871E-01     4.84322390964955E-01     2.69070652276370E-01     7.59749389285090E-01     5.45754817250953E-01     6.81802537410497E-01
         0.54311529853246     1.47999793272877E-01     6.59726542294831E-01     7.03321697890184E-01    -2.19534826074957E-01     3.64587678140232E-01     2.81361980784028E-01    -7.13536840615867E-01    -1.67858516623561E-01    -2.20433972029506E-01     9.41600143248362E-01     1.96681952393344E-02     4.63299478087506E-01    -2.42238812327185E-02
         0.17933709925335    -1.41029268364327E-01     2.27870683409749E-01     1.14521537491829E-01     9.56593181325010E-01     2.33722107747691E-01     8.05459277239079E-01     5.29945741006902E-01     7.84913805373263E-02     3.72481291736264E-02    -1.76550617000047E-01     1.06755709662101E-02    -2.60469325156765E-01    -1.33665736760872E-01
C QZVPP-MOLOPT-PBE-AE
 3
 1 0 0 8 1
     67025.10701901487482     1.55242819581319E-04
     10039.96335431500120     1.79971855855663E-03
      2284.84440343404003     9.18465603393004E-03
       647.15582521948454     3.30943254643816E-02
       211.19400038923030     1.40054573872043E-01
        76.38630250999670     4.88904212464159E-01
        29.42939055659313     2.78742815383946E-01
        12.03316158077197     8.13926885458716E-01
 1 0 1 5 2 1
       105.22664287722547     1.24505987707591E-01    -1.23979079829649E-01     8.48724734240174E-03
        24.91583300068185     8.86899830964621E-01    -2.61079451396708E-01     7.12935689849336E-02
         7.80229155370005     4.00003776712541E-01     4.47986862457745E-01     2.93646788512991E-01
         3.21099181776232     6.52461897044525E-02     8.43161823281634E-01     4.71754813357094E-01
         1.56967041290132     1.83430810401738E-01     6.96607396504120E-02     8.28289896910713E-01
 1 0 4 4 4 3 3 2 1
         2.47850638544973     9.25363103371105E-01     3.63921965952564E-01    -4.09754907799388E-02     9.79027005345653E-02     8.73685730878957E-02     3.72622955903123E-01    -9.83513676753768E-02     4.18652943059247E-01    -8.11425670640435E-01    -2.99873003208179E-01     8.66784219363824E-01    -3.74034672761027E-01     4.58087622796984E-01
         0.78087017731256    -2.54208430662628E-01     7.69342245085598E-01    -2.12774533576705E-01    -5.46093015490870E-01     7.33644745126078E-01    -6.00104778885827E-01     2.48102701482297E-01     8.43800014184531E-01     5.13566081489940E-01    -1.18528266702603E-01     4.72493367712121E-01     8.15402228229376E-01     8.80208065556334E-01
         0.29223334789975    -1.80276620568274E-01     4.39776512878143E-01     7.84816560471271E-01     3.97693255169442E-01     5.19905537704389E-01     2.32993327506253E-01    -7.89436028296271E-01     2.94729082110152E-01    -2.41293925323745E-01     9.09144108822956E-01    -8.52078289092147E-02     3.90944163971848E-01    -9.54945193189171E-02
         0.09841607149407    -2.15827571862177E-01     2.86827354596128E-01    -5.80612584626446E-01     7.30778731527445E-01     4.28754419510502E-01     6.68386487318509E-01     5.52777364968373E-01     1.60829156214052E-01    -1.40055355380103E-01    -2.63598598880757E-01     1.34813799080373E-01    -2.05863863821392E-01    -7.91851498062194E-02
O QZVPP-MOLOPT-PBE-AE
 3
 1 0 0 8 1
    116506.38604434675653    -9.98096455193836E-05
     17504.60971368530591     2.33919295977431E-03
      3993.52399023383759     6.88020418607601E-03
      1133.09478918324885     4.13200618900893E-02
       369.82539210352701     1.15856592130636E-01
       133.78894948022503     3.83521465148008E-01
        52.21462909576736     4.11693815406844E-01
        21.67293595845605     8.17457382177472E-01
 1 0 1 5 2 1
       191.04192564330430    -5.10687570632457E-03     2.62695839052370E-02     1.26002594453494E-02
        45.06231751131436     7.10386627064769E-01    -6.24048153127724E-01     1.12036824182174E-01
        14.05235016622558     5.61186314944367E-01     2.63654168302179E-01     6.01861899721717E-01
         5.51919750076573     3.93930461642211E-01     7.34005739981864E-01     3.82904045403275E-01
         2.22318311118849     1.58787503341973E-01     3.99482759313346E-02     6.91690486537335E-01
 1 0 4 4 4 3 3 2 1
         4.07110969272635     8.35823185743741E-01     1.43707378138683E-01    -5.04975809725526E-01    -1.60459413041861E-01     1.72086536028372E-01     1.83573320585855E-01    -5.65096491463834E-01     5.87117703432284E-01    -6.86150954111257E-01     3.38448518372782E-01     7.96331496602706E-01    -4.06031379618403E-01     7.19190810290016E-01
         1.29660548931134    -3.21106263793023E-01     8.70808213615098E-01    -3.35156402976138E-01     1.62030885936799E-01     7.37714269017482E-01    -1.23907267761277E-01     5.94500398393531E-01     7.22514408166509E-01     6.34126435292987E-01    -1.48853997263073E-01     5.96617421514652E-01     6.47582903144410E-01     6.77717136798244E-01
         0.45442777800760     1.72702329034076E-01     4.19606306388715E-01     6.11297846324634E-01    -6.48397560346960E-01     6.52371782439809E-01     1.27228381173723E-01    -5.13977719496993E-01    -3.94104996625507E-02     3.37150724159123E-01     9.16679165386756E-01    -9.80648777410346E-02     6.03388801969736E-01     3.99419887891043E-02
         0.14870720086566     4.10443997485985E-01     2.12065537529809E-01     5.08905256619550E-01     7.26346592547186E-01    -2.39778831856476E-02     9.66830266380264E-01     2.51121754346111E-01     3.62922229719464E-01    -1.15801215165473E-01    -1.51639030780056E-01     1.69434240146108E-02    -2.27369426215928E-01    -1.47880689800770E-01
