OS SVP-MOLOPT-PBE-Q16
 1
 1 0 3 7 6 3 2 1
        11.03284861894826     4.15159652670825E-01    -5.09728925235150E-01    -5.10838460706690E-01    -1.05417149314037E-01    -7.67620462595937E-02    -5.80049188524038E-03     2.73642517601530E-02    -1.07353858995514E-02     5.73243006710628E-03     2.21144319025159E-03    -9.61893868584821E-03     2.43138416480762E-03
         4.54645040767267    -3.35693767741211E-02     7.34670321367977E-01    -2.49467469852163E-01     2.86898068435536E-01     7.74193168616006E-02     5.67429424639665E-02    -2.50685735073678E-01     7.88943459407317E-02    -5.45156156766528E-02    -8.54643064911575E-02     3.13498169672268E-02    -8.43467007921066E-03
         1.45578005998397     8.03971656096521E-01     2.41297305202311E-01     2.50191567750102E-01     1.69834824105575E-01    -3.90978752022768E-01    -1.39197401289849E-01     5.12830691145434E-01    -2.03766819991840E-01     1.19344040472945E-01     4.79704049621641E-01    -1.18553648512891E-01     1.23406712330188E-01
         0.68330036659163    -6.26533194441398E-02     6.30599316114706E-02     4.38150580687543E-01    -5.08012665137949E-01    -3.81274518175488E-01     5.05725661310503E-01     5.41596967871512E-01    -5.01045796196464E-01    -4.96105744661083E-01     6.26874827568510E-01     1.13080457031907E-01     2.29873987456539E-01
         0.45898035551360    -2.02784508196329E-01    -1.50000930617293E-01     4.51097791441037E-01     9.07665826875837E-02    -1.22751889894682E-01    -7.21421061117070E-01     3.88040483274976E-01    -1.28014909901379E-02     8.12316940299395E-01     5.45427525471644E-01    -3.96452692389359E-01     9.29097275008340E-01
         0.19296571651652     1.16629850763306E-01    -3.06369555696938E-01     4.18691970508711E-01     6.15043287941877E-01     3.46577713845849E-01     4.26709251144505E-01     3.71227835513602E-01     6.32406629809438E-01    -2.66990043452607E-01     2.65540478710519E-01     8.26424221101232E-01     2.61057969476393E-01
         0.07035175662465     3.48562216311215E-01     1.47893249889774E-01     2.08437311935378E-01    -4.82844870495474E-01     7.44778528611130E-01    -1.38141591510461E-01     3.02819655979377E-01     5.48626105151710E-01    -7.40863159469363E-02    -4.00000724576719E-02     3.63222765160537E-01     2.18784848497981E-02
F SVP-MOLOPT-PBE-AE
 2
 1 0 0 7 3
      2894.85760373222138    -1.89225166552882E-02    -1.69242373474079E-02     1.56429205622782E-01
       435.72006333230098    -5.47718508603712E-02     4.35884037952142E-03    -7.98432634961778E-02
        98.52635730461387    -2.73685193620500E-01     1.03734081139359E-01    -3.50907504362976E-02
        25.52164954648142    -7.37742492792940E-01     9.09854482000018E-02     1.19033433504314E-02
         7.74033527583515    -5.97666004055640E-01     7.53553007481536E-02    -4.08316440936958E-03
         1.29027540045465     1.18958584280118E-01     8.03005387331711E-01    -5.67628929674378E-01
         0.39691722964189     7.82215741311875E-02     5.74594975519432E-01     8.03469123562649E-01
 2 1 2 4 2 1
        20.86106496273842    -1.10459850494974E-01    -4.27931460741902E-02     1.87770753897563E-02
         3.47280160970880    -5.28022336274227E-01    -8.76852813264224E-03     1.42075306386988E-01
         0.85628499813330    -8.26328796839365E-01    -1.81029642926015E-01     9.03974169721402E-01
         0.22140677163303    -1.61776862802262E-01     9.82507062542321E-01     4.02855717635176E-01
C SVP-MOLOPT-PBE-AE
 2
 1 0 0 7 3
      1238.39426419178358    -4.78406537374023E-03     1.27146911459613E-03    -5.36949721028131E-02
       186.27092160057330     7.27577956373038E-02    -3.87014813631117E-03     3.12678868824760E-02
        40.80523427140306     2.82729712730794E-01     3.91219182986007E-02    -1.20909941390461E-01
        10.50190712188572     7.36614416920618E-01    -1.03553210085742E-02    -1.50059003947046E-01
         3.17652800649052     5.70205094939138E-01    -6.02785487184621E-02    -1.16302283183318E-01
         0.52377208128119    -9.67834489581362E-02     8.18843449080152E-01    -5.58118156557381E-01
         0.16127813865472     1.94024843588592E-01     5.69392264276621E-01     7.96228706387491E-01
 2 1 2 4 2 1
         4.14554558811762     2.38798494806177E-01    -1.02514582239433E-01     4.69156263784244E-02
         0.93752931792561     7.23206993243051E-01    -3.26894283377303E-01     7.30958288976847E-01
         0.30089930346209     6.40598750295380E-01     2.69762855262236E-01     6.78270396676493E-01
         0.09693513829087     9.78783169177316E-02     8.99921602054468E-01     5.87211441464886E-02
O SVP-MOLOPT-PBE-AE
 2
 1 0 0 7 3
      2266.11882679815517    -6.53195164418799E-03     4.31511781018852E-03    -1.50255386286268E-02
       340.90332514956907    -6.49692043203330E-02    -8.38643395903432E-03     2.78970138112306E-02
        76.92814265988143    -2.68398557546813E-01     9.66356731438743E-02    -1.03149893654597E-01
        19.69260394517260    -7.46654382968193E-01     7.27513962145946E-02    -4.77845342576543E-02
         5.94653840051691    -5.84020787076508E-01     6.76448442348491E-02    -6.55152912382769E-02
         0.94188304160944     1.58317373375200E-01     7.83140450398519E-01    -5.91846167956205E-01
         0.29333843489112    -7.81743877443225E-03     6.06131205686227E-01     7.94668854066698E-01
 2 1 2 4 2 1
        16.36868614237306     1.01723539743118E-01    -2.55855611750852E-02     8.33706707858758E-03
         2.90797745788635     5.10732722414240E-01    -9.49942456369113E-02     1.82905409616553E-01
         0.75006795444374     8.35859133120747E-01    -1.43391921218567E-01     8.94419927848460E-01
         0.19193642427748     1.73620037138872E-01     9.84764047518226E-01     4.08030755106872E-01
