CU DZVP-MOLOPT-SCAN-GTH-Q11
 1
 2 0 3 6 2 2 2 1
         5.65240151392427     9.60244760645493E-03    -1.21059480553078E-02     7.38036747956361E-04     1.21947273482215E-02     4.58406369777653E-01    -1.28520455121613E-01    -5.70884968735541E-03
         2.49414607296889    -7.41806206942544E-02     6.34633696918642E-02    -9.82960948015002E-03    -5.33281749576797E-02     6.11747231805880E-01    -2.53031115183882E-01     7.00956855258150E-03
         0.92712731453668     5.30174065476614E-01    -3.21268059045396E-01     4.90427659317730E-03     5.72284063132063E-01     5.00379520949398E-01    -1.94440779840197E-01    -2.64627749292501E-01
         0.35846305664006    -2.62155153813609E-01     3.18457495759865E-01     3.56513974174470E-01    -4.60330361387707E-01     3.69370109925278E-01     6.24378478603324E-01    -7.26953401679690E-01
         0.14077874544103    -7.40441555608024E-01     2.34398543106639E-02     4.94167805437321E-01    -4.64154151766283E-01     1.54854551725769E-01     2.20023987831429E-01    -3.76468903263006E-01
         0.05643017732234    -3.10389218348692E-01    -8.89183939120861E-01     7.92827060863787E-01     4.92092701884947E-01     6.95345183571988E-02     6.65876483092040E-01    -5.09608031677893E-01
H DZVP-MOLOPT-SCAN-GTH-Q1
 1
 2 0 1 5 2 1
         9.16876514496744     4.30245721944096E-02    -3.89199332255518E-02    -1.03225299298647E-01
         2.16119406948452     1.67758655334156E-01    -2.29436993766244E-01     3.18679005482070E-01
         0.61986766123499     5.51924571472773E-01    -2.73974309763091E-01     4.58038932787715E-01
         0.41225503616229     4.20326460221825E-01     8.94936516623427E-01     2.25604019455304E-02
         0.16131600752250     6.99078574975625E-01    -2.64330500496994E-01     8.23091485416057E-01
C DZVP-MOLOPT-SCAN-GTH-Q4
 1
 2 0 2 5 2 2 1
         5.62346013427220    -1.55253500731420E-01     5.81156225081139E-02    -9.29774868419450E-02     6.15864535855770E-02    -8.37519672759395E-02
         2.09855872766266    -2.36394508865927E-01     1.09598535828912E-01    -2.48489734215218E-01     2.22870166784096E-01     2.49479844044917E-01
         0.82051076634244     4.67426079878225E-01    -1.58417931802923E-01    -5.81990872631545E-01     3.41552398929665E-01     5.62523929081207E-01
         0.31733139976061     8.30527918853097E-01     3.37009387490941E-03    -6.83456388910509E-01     8.65714462205002E-02     7.72454993535448E-01
         0.11111607198944     1.08398443456976E-01     9.79542309813727E-01    -3.51826701035020E-01    -9.06853538878833E-01     1.32761167386880E-01
N DZVP-MOLOPT-SCAN-GTH-Q5
 1
 2 0 2 5 2 2 1
         7.74124015225863    -1.45963178273034E-01     6.43304029112798E-02    -1.01905209736116E-01     4.44251854507497E-02    -2.76539938296751E-03
         2.73930390849528    -1.87345534874555E-01     1.22127781812082E-01    -3.01245760058054E-01     1.48069012522506E-01     1.26888684309027E-01
         1.07756524408889     4.78177253406059E-01    -2.57606991616038E-01    -5.55725383684687E-01     2.96032930788583E-01     4.97316099002491E-01
         0.42547578818945     8.00783158520077E-01    -1.27185272284790E-01    -6.97364785465728E-01     1.25087813780900E-01     8.53314297705412E-01
         0.14241534174476     2.71457636670345E-01     9.47844369374694E-01    -3.22052750642701E-01    -9.34248100431846E-01    -9.17770198091085E-02
O DZVP-MOLOPT-SCAN-GTH-Q6
 1
 2 0 2 5 2 2 1
        10.25781699497238    -1.37093335568261E-01     6.42341766590814E-02    -1.01541960662273E-01     5.12250917317880E-02    -1.55308630843787E-02
         3.64428735012608    -1.53382903419191E-01     6.95730187369108E-02    -2.97888826596963E-01     1.18416114723772E-01     1.12242705044625E-01
         1.40222472037927     4.52964005356058E-01    -1.60546208430784E-01    -5.48743422499672E-01     2.65706574607295E-01     4.02080210361362E-01
         0.52205700268808     8.05450964095097E-01    -2.63981031214717E-01    -6.95022929228448E-01     1.92118246587555E-01     9.01700430010169E-01
         0.16818943371335     3.22104729197730E-01     9.46346921445871E-01    -3.41723954857718E-01    -9.35865486749767E-01    -1.11481865840859E-01
F DZVP-MOLOPT-SCAN-GTH-Q7
 1
 2 0 2 5 2 2 1
        13.16645520019096     1.25688709752362E-01    -6.90191648196731E-02    -9.31572868763813E-02     5.00225599861602E-02    -1.02513605924922E-02
         4.67863609541364     1.25206371205048E-01    -7.54523660806367E-02    -2.93923292691458E-01     1.19602022797720E-01     4.04484470063397E-02
         1.68188350144516    -4.93940854057955E-01     2.15904735709196E-01    -5.53343548452151E-01     3.11861936412921E-01     4.51403790784568E-01
         0.58393450944632    -7.58234802751956E-01     3.05654861844976E-01    -6.44505933144035E-01     2.69615230808562E-01     8.90352206116421E-01
         0.18571155118612    -3.86817953873203E-01    -9.21685166349822E-01    -4.28198362261887E-01    -9.01799789070697E-01     4.20285554084608E-02
S DZVP-MOLOPT-SCAN-GTH-Q6
 1
 2 0 2 4 2 2 1
         1.88982592125518     3.26660680903398E-01    -1.40113335745630E-01     2.05757289488259E-01     1.31587103765163E-01     8.63181897573166E-02
         1.15800216982202    -7.89841314278472E-02    -1.32842309185549E-01    -3.49827240399351E-01    -1.70936424818098E-01     3.62126019596262E-01
         0.37325162853195    -7.39935765807641E-01     5.77184184804776E-01    -8.28100896626626E-01    -3.25058953530420E-01     9.02338526329730E-01
         0.12418523801761    -5.82708648479647E-01    -7.93460516250008E-01    -3.86695933135065E-01     9.20761776749454E-01     2.17253538404969E-01
CL DZVP-MOLOPT-SCAN-GTH-Q7
 1
 2 0 2 4 2 2 1
         1.99031135450461     4.85018816633289E-01     1.94158525239581E-01     3.26464872695311E-01     1.51626624474172E-01     1.14349988907458E-01
         1.46501921747017    -3.69443122264159E-01     8.84925501203065E-02    -4.91090003440862E-01    -1.60659090706497E-01     2.49763916797096E-01
         0.40655378963524    -5.57894471564660E-01    -6.37209072162332E-01    -6.93734950650820E-01    -3.56105172703454E-01     9.48735957067630E-01
         0.13370286337397    -5.63047320854067E-01     7.40564739914085E-01    -4.13501044329990E-01     9.07957669331436E-01     1.56339853108561E-01
