####################################################################################################
# Astatine 
####################################################################################################
 At ccGRB-D-q7 
   2
  1  0  1  4  2  2
   3.22032388391        0.0448144439   -0.0866890762    0.0030892815   -0.0275833891
   1.03504227875       -0.6076324207    0.8413249001   -0.1827177870    0.3720410949
  0.332672289316        1.0323261306   -2.3795899191    0.5885003030   -1.5937761166
  0.106923991754        0.3760643864    1.8431930388    0.5903439891    1.3183511700
  2  2  2  1  1
  0.841552697620E-01    1.0000000000

 At ccGRB-T-q7 
   3
  1  0  1  5  3  3
   2.54083899058        0.0847340838   -0.0942746773    0.3857232708    0.0121196312   -0.0025437414    0.1578272134
   1.08096763077       -0.6921612353    0.7249418293   -2.4847825473   -0.2129834974    0.1689478340   -1.1209047011
  0.459883929322        0.5987046869   -0.9387425285    6.0133469928    0.3145664954   -0.2259203231    3.3177644845
  0.195651768313        0.7380509188   -1.2625075362   -6.0548486506    0.5513062275   -1.3196559268   -3.3787351200
  0.832375562690E-01    0.1096079215    1.8743392832    2.5228252148    0.3397478643    1.5970657529    1.4194176238
  2  2  2  2  2
  0.241794947416        1.0000000000    0.0000000000
  0.696887004392E-01    0.0000000000    1.0000000000
  3 3 3 1 1
      0.3719000              1.0000000


 At ccGRB-Q-q7 
   4
  1  0  1  6  4  4
   2.30946473542        0.1300412523   -0.0818560772    0.0866038903   -1.5252558856    0.0216002372   -0.0354881326   -0.0299611933   -0.6129407553
   1.18477003742       -0.6668600154    0.4375834129   -0.5024747768    7.8838836820   -0.1960660271    0.2619054380   -0.0006338219    3.3480606199
  0.607794533532        0.1414616430    0.3047629398   -1.0893368065  -17.2197069676    0.0746590969   -0.2783439195   -0.8595970349   -8.1548819056
  0.311802445473        0.7208280791   -1.9107969652    6.9367016563   19.2179866457    0.4376136366   -0.1509448781    4.3122183712    9.2857496539
  0.159956629485        0.4217345971   -0.1093819245   -9.3492471366  -12.0840235603    0.3524894205   -1.4000517873   -5.5729256263   -5.8804620551
  0.820587640912E-01    0.0920082271    1.6576516278    4.3200739395    3.5933356122    0.3151622952    1.8405431409    2.5379332834    1.8164842295
  2  2  2  3  3
  0.586525086266        1.0000000000    0.0000000000    0.0000000000
  0.198801726652        0.0000000000    1.0000000000    0.0000000000
  0.673835227946E-01    0.0000000000    0.0000000000    1.0000000000
  3 3 3 2 2
      0.5389000              1.000000E+00           0.000000E+00
      0.2287000              0.000000E+00           1.000000E+00
  4 4 4 1 1
      0.4363000              1.0000000

At aug-cc-D
    3
1 0 0 1 1
      0.0404000              1.0000000
1 1 1 1 1
      0.0313000              1.0000000
1 2 2 1 1
      0.1073000              1.0000000

At aug-cc-T
    4
1 0 0 1 1
      0.0384000              1.0000000
1 1 1 1 1
      0.0368000              1.0000000
1 2 2 1 1
      0.0686000              1.0000000
1 3 3 1 1
      0.1703000              1.0000000

At aug-cc-Q
     5
1 0 0 1 1
      0.0297000              1.0000000
1 1 1 1 1
      0.0229000              1.0000000
1 2 2 1 1
      0.0542000              1.0000000
1 3 3 1 1
      0.1210000              1.0000000
1 4 4 1 1
      0.2217000              1.0000000

