#
# Generated with CP2K Atom Code
#
 At ccGRB-VAL-0
   1
  1  0  1  4  1  1
   3.22032388391        0.0448144439    0.0030892815
   1.03504227875       -0.6076324207   -0.1827177870
  0.332672289316        1.0323261306    0.5885003030
  0.106923991754        0.3760643864    0.5903439891

 At ccGRB-VAL-1
   1
  1  0  1  4  2  2
   3.22032388391        0.0448144439   -0.0866890762    0.0030892815   -0.0275833891
   1.03504227875       -0.6076324207    0.8413249001   -0.1827177870    0.3720410949
  0.332672289316        1.0323261306   -2.3795899191    0.5885003030   -1.5937761166
  0.106923991754        0.3760643864    1.8431930388    0.5903439891    1.3183511700

 At ccGRB-POL-1
   1
  2  2  2  1  1
  0.841552697620E-01    1.0000000000

 At ccGRB-EXT
   1
  1  0  1  1  2  1
  0.194833202480E-01    1.0000000000    7.5899296227    7.5899296227

