################################################################################################
# Cadmium
################################################################################################
Cd ccGRB-D-q12
    2
  2  0  2  6  2  1  2
   5.46074130349       -0.0108774429   -0.0019569003   -0.0035001866    0.0110407972   -0.0055664403
   2.26477909873        0.0903976322   -0.0329523588    0.0217968110    0.4077755196   -0.0583792570
  0.939290854659       -0.3273595153    0.1783980424   -0.1030958482    0.4469523903   -0.2094968672
  0.389559984081       -0.0400586255    0.7474149108    0.0938157619    0.2550972647   -0.2508418088
  0.161565483624        0.4732192098   -3.1083665955    0.0723812082    0.0864408535    0.8449037746
  0.670074098098E-01    0.6922489035    2.3137646877    0.9166547749    0.0044150310    0.3556724157
  3 3 3 1 1
      1.5393000              1.0000000

Cd ccGRB-T-q12
    4
  2  0  2  7  3  2  3
   5.45527601763       -0.0109724673   -0.0011410182   -0.1517581291   -0.0036310856   -0.0076364330    0.0109834402   -0.0056574201    0.0212384708
   2.26714855614        0.0907123383   -0.0366551953    0.8640348649    0.0224076100    0.0284788091    0.4067450221   -0.0576785356    0.0291859165
  0.942200277124       -0.3259158528    0.1866109255   -3.1355420626   -0.1044807473   -0.0243623377    0.4462642941   -0.2092211753    0.5615542948
  0.391567354424       -0.0434165491    0.7224539027    5.7939182845    0.0966324885    0.4151432108    0.2557324124   -0.2494411375   -0.4841057774
  0.162730787469        0.4678829365   -3.0204528543   -4.3531524333    0.0609794720   -2.0816341596    0.0872904153    0.8263330457   -0.9792974304
  0.676290014764E-01    0.6963265955    2.1664979849    0.9606015486    0.9296839674    1.5265850628    0.0047663122    0.3802113523    1.2397591290
  0.281058176625E-01    0.0029620507    0.0910147636    0.4453198509   -0.0060974831    0.0230123656   -0.0000653406   -0.0113843565   -0.0348998841
  3 3 3 1 1
      2.9086000              1.0000000
  3 3 3 1 1
      0.8508000              1.0000000
  4 4 4 1 1
      1.8019000              1.0000000

Cd ccGRB-Q-q12
    6
  2  0  2  8  4  3  4
   5.16569327284       -0.0114168703    0.0234056491    0.0035203821    0.4581696442   -0.0006176636   -0.0128202325   -0.0150716187   -0.0064804159    0.0037146375   -0.0012577993    0.0582840144
   2.43945886246        0.0779553226   -0.1389806982    0.0185194735   -2.4355575524   -0.0008513008    0.0645192658    0.0623258432   -0.3379712645    0.0531129027   -0.0958041166   -0.1426078676
   1.15201565933       -0.1504709925    0.3336635506    0.1252107700    7.4422899684    0.0064036632   -0.2003815687   -0.1508929164   -0.3996351799    0.1107588302   -0.1645227094    0.8803422148
  0.544030522414       -0.3345202539    0.0493776846   -2.5456662604  -13.1236472040    0.1392330454    0.2428817438    1.0417823376   -0.2809909120    0.3346302773   -0.5739149545   -0.6025875676
  0.256914224143        0.3651436443    0.2019552018    7.3904942472   12.6946791943   -0.3060953988   -0.4936208151   -3.8357346650   -0.1485814021   -0.2483122973    1.5831590388   -1.4174912720
  0.121325763624        0.3668389532   -2.8858202620   -7.6104918561   -7.4809005556    0.0702326533    2.4007983278    4.0939955174   -0.0344800336   -0.7328602379   -0.3318225647    2.6426508565
  0.572951574331E-01    0.5884270714    2.6136235490    2.9721461866    2.3843620633   -0.9634288103   -1.9944406181   -1.6588417080   -0.0039509025   -0.2094744789   -0.8025873551   -1.8213328752
  0.270571968163E-01   -0.0182944270   -0.0511631820    0.0182290947   -0.1528517642    0.0435280675    0.0779078893    0.0107753896    0.0002856362    0.0137319944    0.0523643394    0.1260247559
  3 3 3 2 2
      4.7663000              1.0000000              0.00000000
      1.6224000              0.00000000             1.0000000
  3 3 3 1 1
      0.5523000              1.0000000
  4 4 4 1 1
      2.8616000              1.0000000
  4 4 4 1 1
      1.0371000              1.0000000
  5 5 5 1 1
      1.9783000              1.0000000

Cd aug-cc-D
    4
1 0 0 1 1
      0.0167000              1.0000000
1 1 1 1 1
      0.0153000              1.0000000
1 2 2 1 1
      0.0782000              1.0000000
1 3 3 1 1
      0.5177000              1.0000000

Cd aug-cc-T
     5
1 0 0 1 1
      0.0156000              1.0000000
1 1 1 1 1
      0.0134000              1.0000000
1 2 2 1 1
      0.0617000              1.0000000
1 3 3 1 1
      0.3389000              1.0000000
1 4 4 1 1
      0.8344000              1.0000000

Cd aug-cc-Q
     6
1 0 0 1 1
      0.0146000              1.0000000
1 1 1 1 1
      0.0121000              1.0000000
1 2 2 1 1
      0.0445000              1.0000000
1 3 3 1 1
      0.2072000              1.0000000
1 4 4 1 1
      0.4694000              1.0000000
1 5 5 1 1
      0.9571000              1.0000000
