#
# Generated with CP2K Atom Code
#
 Cd ccGRB-VAL-0
   1
  2  0  2  6  1  0  1
   5.46074130349       -0.0108774429    0.0110407972
   2.26477909873        0.0903976322    0.4077755196
  0.939290854659       -0.3273595153    0.4469523903
  0.389559984081       -0.0400586255    0.2550972647
  0.161565483624        0.4732192098    0.0864408535
  0.670074098098E-01    0.6922489035    0.0044150310

 Cd ccGRB-VAL-1
   1
  2  0  2  6  2  1  2
   5.46074130349       -0.0108774429   -0.0019569003   -0.0035001866    0.0110407972   -0.0055664403
   2.26477909873        0.0903976322   -0.0329523588    0.0217968110    0.4077755196   -0.0583792570
  0.939290854659       -0.3273595153    0.1783980424   -0.1030958482    0.4469523903   -0.2094968672
  0.389559984081       -0.0400586255    0.7474149108    0.0938157619    0.2550972647   -0.2508418088
  0.161565483624        0.4732192098   -3.1083665955    0.0723812082    0.0864408535    0.8449037746
  0.670074098098E-01    0.6922489035    2.3137646877    0.9166547749    0.0044150310    0.3556724157

 Cd ccGRB-POL-1
   1
  3  3  3  1  1
  0.376177149237        1.0000000000

 Cd ccGRB-EXT
   1
  2  0  2  1  3  2  1
  0.178971632184E-01    1.0000000000    8.0890370884  423.5768200717    8.0890370884  423.5768200717  423.5768200717

