W DZVP-MOLOPT-PBE-GTH-Q14
 1
 2 0 3 6 3 2 2 1
         3.20263659299056     2.18832756866659E-01    -3.22606262515100E-01     2.25726367943215E-01     6.45862162741216E-01    -8.18397865398866E-02    -1.38085059915229E-01     1.21042663771930E-01     1.49070177150922E-02
         2.97040404940362     2.69988714968013E-01     3.46546526391319E-01    -1.18667427926779E-01    -5.79060800605954E-01     1.03718244501985E-01     1.76568733503341E-01    -1.40143285248053E-01     4.85533098863453E-03
         1.05448124604065    -8.68795266907295E-01    -1.27767028301508E-01    -3.57318810438884E-02    -4.21819065012516E-01    -3.23695127280289E-01     4.06367027543660E-01    -3.38491736580440E-01    -1.89437438263772E-01
         0.44746215880808    -2.82357731687967E-01    -1.57670513390000E-01     1.74274307371098E-01    -2.61773046377355E-01    -2.64067173083510E-02     6.03424661061942E-01    -3.95115411179078E-01    -8.32315882320755E-01
         0.17257219040800    -1.05423712086339E-01     2.93334061215761E-01    -8.25700268146071E-01    -3.22271008255079E-02     8.63852595505139E-01     5.99359333088405E-01     3.92778065768529E-01    -5.20674884324311E-01
         0.05779644756030    -1.83229513991342E-01     8.05357950633849E-01     4.70676549251504E-01    -7.45778086958205E-03     3.61701006622268E-01     2.47525565880914E-01     7.35350991237217E-01    -3.94973902675605E-03
C DZVP-MOLOPT-PBE-GTH-Q4
 1
 2 0 2 5 2 2 1
         5.26168129831067    -1.61180329987319E-01     9.95867208365846E-02    -9.87196463656005E-02     8.04180361628404E-02    -7.94810431764520E-02
         1.93765185829818    -1.80818549742989E-01     2.07627108755464E-01    -2.33418997562279E-01     3.08840032955768E-01     2.69065919998737E-01
         0.75874037796781     4.91719768047513E-01    -4.16765369564797E-01    -5.45204647452669E-01     4.47360294645044E-01     5.09115674523642E-01
         0.29195902016920     8.01363369134776E-01     6.04318650540438E-02    -6.71299816524380E-01     5.57121483533110E-02     7.95876444290429E-01
         0.09607356854063     2.39486896539835E-01     8.77284494996048E-01    -4.33449480019086E-01    -8.33616036796648E-01     1.69316891799892E-01
O DZVP-MOLOPT-PBE-GTH-Q6
 1
 2 0 2 5 2 2 1
        10.34256722623639    -1.36612866576817E-01     5.36780510727693E-02    -9.23817206645146E-02     5.83443637080248E-02    -9.48473896502772E-02
         3.67715896642206    -1.53385468202307E-01     9.10278370989298E-02    -2.98264530995839E-01     1.75046650342809E-01     1.72754284852763E-01
         1.30046451996361     5.48080652961239E-01    -2.61157543615482E-01    -5.68590641449654E-01     3.64872626600995E-01     4.96868401181124E-01
         0.46645021946921     7.84467551986126E-01    -4.09115659592467E-02    -6.49258120291653E-01     1.42983044083434E-01     8.41501659783491E-01
         0.14793951916337     2.05007513424509E-01     9.58621708960114E-01    -3.97079920076698E-01    -9.01320376386329E-01    -7.84645029990108E-02
F DZVP-MOLOPT-PBE-GTH-Q7
 1
 2 0 2 5 2 2 1
        13.30428004732790     1.38300641201995E-01    -4.13429187269840E-02    -9.35306094799813E-02     5.06566246623838E-02    -3.27607844899301E-02
         4.80605774544240     1.37253664661734E-01    -3.39425431978004E-02    -2.95918398172795E-01     1.05639317967558E-01     1.33212173705781E-01
         1.70698523266130    -5.18315587577063E-01     1.04830293747595E-01    -5.65287543674134E-01     3.02725510725546E-01     2.66499630071583E-01
         0.58735472443375    -8.26234910698634E-01     4.59821538585404E-02    -6.52514099592094E-01     2.40459771924833E-01     9.50816701157307E-01
         0.17874874061685    -1.03533512436824E-01    -9.91985341560913E-01    -3.97944304537121E-01    -9.14773526135829E-01     7.81459899689756E-02
H DZVP-MOLOPT-PBE-GTH-Q1
 1
 2 0 1 5 2 1
         9.42354063693337     1.73378201014863E-02    -1.21445159969598E-01    -8.76671027046430E-02
         2.22615949373757     1.93709872716504E-01    -1.18321991639862E-01     2.94039390163616E-01
         0.63906011750762     5.93969954529689E-01    -1.91879319676876E-01     4.09265411017209E-01
         0.31891311049636     2.87972643705189E-01     9.48793006176853E-01     1.56988630151590E-01
         0.16139156624546     7.25566905805197E-01    -1.85000371687637E-01     8.44814600657224E-01
