W TZV2P-MOLOPT-PBE-GTH-Q14
 1
 2 0 3 6 4 3 3 2
         3.20263659299056     2.37643510953835E-01    -3.23773471293486E-01     2.39564951382230E-01     6.33146322957227E-01     6.46779603062378E-01    -8.10555082744891E-02     3.97337581111792E-02    -1.39259252232091E-01     1.01963762844129E-01    -6.88560802198294E-02     1.14185228637652E-02     1.40239462645562E-02
         2.97040404940362     2.54740194999295E-01     3.72928590425724E-01    -1.51620670636496E-01    -5.19469841336554E-01    -5.80279831417024E-01     9.77447611050305E-02    -2.22080455876961E-02     1.76140438396963E-01    -1.28500355847442E-01     7.87410473489325E-02     8.52424963020677E-03    -1.12214291868334E-02
         1.05448124604065    -8.59164030647697E-01    -1.72850633979106E-01     2.70614702539029E-02    -1.41014011484429E-01    -4.18511794134168E-01    -3.43163147029762E-01     2.34069758048605E-01     4.20650739410408E-01    -3.02878055899728E-01     1.57074897276845E-01    -2.00403191702734E-01    -6.78140162722491E-02
         0.44746215880808    -2.49340376166159E-01    -2.19476020254031E-01     7.11920815732520E-02    -2.66640807553640E-02    -2.61700186489321E-01     4.55196621842967E-03    -2.18825570605275E-01     5.97081569950216E-01    -4.43118290923295E-01     2.56893658911585E-01    -8.45775673815547E-01     5.35448829424181E-02
         0.17257219040800    -1.89757197935430E-01     3.67657793323838E-01    -7.55017457177087E-01     4.94433588151547E-01    -3.49134195624205E-02     8.45828558213605E-01    -3.08039887506413E-01     6.04349752446443E-01     4.50353442596322E-01    -6.56973548169758E-01    -4.92482337585070E-01     2.06087087559868E-02
         0.05779644756030    -2.05649570482098E-01     7.36800982358444E-01     5.86317158210281E-01     2.53409391968108E-01    -9.66467845379611E-03     3.88160212398637E-01     8.94631866690941E-01     2.25586652101294E-01     6.94394621133407E-01     6.83211218687808E-01     4.19544039143957E-02     9.95884980451706E-01
W TZVP-MOLOPT-PBE-GTH-q14
 1
 2 0 3 6 4 3 3 1
         3.20263659299056     2.37643510953835E-01    -3.23773471293486E-01     2.39564951382230E-01     6.33146322957227E-01     6.46779603062378E-01    -8.10555082744891E-02     3.97337581111792E-02    -1.39259252232091E-01     1.01963762844129E-01    -6.88560802198294E-02     1.14185228637652E-02
         2.97040404940362     2.54740194999295E-01     3.72928590425724E-01    -1.51620670636496E-01    -5.19469841336554E-01    -5.80279831417024E-01     9.77447611050305E-02    -2.22080455876961E-02     1.76140438396963E-01    -1.28500355847442E-01     7.87410473489325E-02     8.52424963020677E-03
         1.05448124604065    -8.59164030647697E-01    -1.72850633979106E-01     2.70614702539029E-02    -1.41014011484429E-01    -4.18511794134168E-01    -3.43163147029762E-01     2.34069758048605E-01     4.20650739410408E-01    -3.02878055899728E-01     1.57074897276845E-01    -2.00403191702734E-01
         0.44746215880808    -2.49340376166159E-01    -2.19476020254031E-01     7.11920815732520E-02    -2.66640807553640E-02    -2.61700186489321E-01     4.55196621842967E-03    -2.18825570605275E-01     5.97081569950216E-01    -4.43118290923295E-01     2.56893658911585E-01    -8.45775673815547E-01
         0.17257219040800    -1.89757197935430E-01     3.67657793323838E-01    -7.55017457177087E-01     4.94433588151547E-01    -3.49134195624205E-02     8.45828558213605E-01    -3.08039887506413E-01     6.04349752446443E-01     4.50353442596322E-01    -6.56973548169758E-01    -4.92482337585070E-01
         0.05779644756030    -2.05649570482098E-01     7.36800982358444E-01     5.86317158210281E-01     2.53409391968108E-01    -9.66467845379611E-03     3.88160212398637E-01     8.94631866690941E-01     2.25586652101294E-01     6.94394621133407E-01     6.83211218687808E-01     4.19544039143957E-02
W DZVP-MOLOPT-PBE-GTH-q14
 1
 2 0 3 6 3 2 2 1
         3.20263659299056     2.37643510953835E-01    -3.23773471293486E-01     2.39564951382230E-01     6.46779603062378E-01    -8.10555082744891E-02    -1.39259252232091E-01     1.01963762844129E-01     1.14185228637652E-02
         2.97040404940362     2.54740194999295E-01     3.72928590425724E-01    -1.51620670636496E-01    -5.80279831417024E-01     9.77447611050305E-02     1.76140438396963E-01    -1.28500355847442E-01     8.52424963020677E-03
         1.05448124604065    -8.59164030647697E-01    -1.72850633979106E-01     2.70614702539029E-02    -4.18511794134168E-01    -3.43163147029762E-01     4.20650739410408E-01    -3.02878055899728E-01    -2.00403191702734E-01
         0.44746215880808    -2.49340376166159E-01    -2.19476020254031E-01     7.11920815732520E-02    -2.61700186489321E-01     4.55196621842967E-03     5.97081569950216E-01    -4.43118290923295E-01    -8.45775673815547E-01
         0.17257219040800    -1.89757197935430E-01     3.67657793323838E-01    -7.55017457177087E-01    -3.49134195624205E-02     8.45828558213605E-01     6.04349752446443E-01     4.50353442596322E-01    -4.92482337585070E-01
         0.05779644756030    -2.05649570482098E-01     7.36800982358444E-01     5.86317158210281E-01    -9.66467845379611E-03     3.88160212398637E-01     2.25586652101294E-01     6.94394621133407E-01     4.19544039143957E-02
H TZV2P-MOLOPT-PBE-GTH-Q1
 1
 2 0 2 5 3 2 1
         9.42354063693337     1.73389254674243E-02    -1.21441381781897E-01     8.48842952201243E-01    -8.76722314909129E-02     1.38509912982294E-01     1.01583846424117E-05
         2.22615949373757     1.93701953472634E-01    -1.18295700700916E-01     4.34966851840939E-01     2.94035801652179E-01    -4.64264354132394E-01    -5.41805899933135E-06
         0.63906011750762     5.93968178416321E-01    -1.91886640436410E-01     8.47731161618519E-02     4.09268475073086E-01    -6.46177309023364E-01    -2.13029117448260E-05
         0.31891311049636     2.87977189530933E-01     9.48793640784133E-01     1.29845157344792E-01     1.56986057354678E-01    -2.47870371773730E-01     1.00804100896023E-05
         0.16139156624546     7.25568643357183E-01    -1.85008817130971E-01    -2.57338753762772E-01     8.44814311123899E-01     5.35059601902204E-01     9.99999999656012E-01
H TZVP-MOLOPT-PBE-GTH-q1
 1
 2 0 1 5 3 1
         9.42354063693337     1.73389254674243E-02    -1.21441381781897E-01     8.48842952201243E-01    -8.76722314909129E-02
         2.22615949373757     1.93701953472634E-01    -1.18295700700916E-01     4.34966851840939E-01     2.94035801652179E-01
         0.63906011750762     5.93968178416321E-01    -1.91886640436410E-01     8.47731161618519E-02     4.09268475073086E-01
         0.31891311049636     2.87977189530933E-01     9.48793640784133E-01     1.29845157344792E-01     1.56986057354678E-01
         0.16139156624546     7.25568643357183E-01    -1.85008817130971E-01    -2.57338753762772E-01     8.44814311123899E-01
H DZVP-MOLOPT-PBE-GTH-q1
 1
 2 0 1 5 2 1
         9.42354063693337     1.73389254674243E-02    -1.21441381781897E-01    -8.76722314909129E-02
         2.22615949373757     1.93701953472634E-01    -1.18295700700916E-01     2.94035801652179E-01
         0.63906011750762     5.93968178416321E-01    -1.91886640436410E-01     4.09268475073086E-01
         0.31891311049636     2.87977189530933E-01     9.48793640784133E-01     1.56986057354678E-01
         0.16139156624546     7.25568643357183E-01    -1.85008817130971E-01     8.44814311123899E-01
O TZV2P-MOLOPT-PBE-GTH-Q6
 1
 2 0 3 5 3 3 2 1
        10.34256722623639    -1.36598767253985E-01     5.35898017733314E-02    -1.18707008771107E-01    -9.23673397522993E-02     5.82948619873808E-02     9.18414097966573E-02    -9.48396929864874E-02     1.47739306049945E-01    -6.27421636348332E-05
         3.67715896642206    -1.53365311059511E-01     9.09944842814309E-02    -2.82507973527509E-01    -2.98268574244154E-01     1.75273022378177E-01     2.27281538167357E-01     1.72695668110757E-01    -2.69128753144972E-01     1.08668748395417E-04
         1.30046451996361     5.48021970885945E-01    -2.61169567089594E-01     6.98682645593308E-01    -5.68604037326135E-01     3.64979965319240E-01     5.95584075165259E-01     4.96837623369842E-01    -7.73936715688092E-01     3.17226823696088E-04
         0.46645021946921     7.84538402757388E-01    -4.08365744734644E-02    -6.15550727563364E-01    -6.49207117094457E-01     1.42847181972710E-01    -7.45101990481658E-01     8.41535542399250E-01     5.40201745515093E-01     9.99999938769363E-01
         0.14793951916337     2.04917720496501E-01     9.58629734771334E-01     1.97579739611495E-01    -3.97144432185278E-01    -9.01257668045223E-01     1.73236517641798E-01    -7.84343402663362E-02     1.22257293978271E-01     7.79931889816245E-05
O TZVP-MOLOPT-PBE-GTH-q6
 1
 2 0 2 5 3 3 1
        10.34256722623639    -1.36598767253985E-01     5.35898017733314E-02    -1.18707008771107E-01    -9.23673397522993E-02     5.82948619873808E-02     9.18414097966573E-02    -9.48396929864874E-02
         3.67715896642206    -1.53365311059511E-01     9.09944842814309E-02    -2.82507973527509E-01    -2.98268574244154E-01     1.75273022378177E-01     2.27281538167357E-01     1.72695668110757E-01
         1.30046451996361     5.48021970885945E-01    -2.61169567089594E-01     6.98682645593308E-01    -5.68604037326135E-01     3.64979965319240E-01     5.95584075165259E-01     4.96837623369842E-01
         0.46645021946921     7.84538402757388E-01    -4.08365744734644E-02    -6.15550727563364E-01    -6.49207117094457E-01     1.42847181972710E-01    -7.45101990481658E-01     8.41535542399250E-01
         0.14793951916337     2.04917720496501E-01     9.58629734771334E-01     1.97579739611495E-01    -3.97144432185278E-01    -9.01257668045223E-01     1.73236517641798E-01    -7.84343402663362E-02
O DZVP-MOLOPT-PBE-GTH-q6
 1
 2 0 2 5 2 2 1
        10.34256722623639    -1.36598767253985E-01     5.35898017733314E-02    -9.23673397522993E-02     5.82948619873808E-02    -9.48396929864874E-02
         3.67715896642206    -1.53365311059511E-01     9.09944842814309E-02    -2.98268574244154E-01     1.75273022378177E-01     1.72695668110757E-01
         1.30046451996361     5.48021970885945E-01    -2.61169567089594E-01    -5.68604037326135E-01     3.64979965319240E-01     4.96837623369842E-01
         0.46645021946921     7.84538402757388E-01    -4.08365744734644E-02    -6.49207117094457E-01     1.42847181972710E-01     8.41535542399250E-01
         0.14793951916337     2.04917720496501E-01     9.58629734771334E-01    -3.97144432185278E-01    -9.01257668045223E-01    -7.84343402663362E-02
C TZV2P-MOLOPT-PBE-GTH-Q4
 1
 2 0 3 5 3 3 2 1
         5.26168129831067    -1.61141917378974E-01     9.96686652890171E-02    -1.17238307580140E-01    -9.87481588337120E-02     8.04369823930186E-02     7.08590015603763E-02    -7.94823942452603E-02     1.04464800757986E-01    -1.15487166610279E-05
         1.93765185829818    -1.80855958455182E-01     2.07650729566158E-01    -3.33811408541760E-01    -2.33439340416087E-01     3.08796108490828E-01     4.56576584711807E-01     2.69082041591327E-01    -3.53701545984790E-01     9.95236583846123E-02
         0.75874037796781     4.91788265416699E-01    -4.16657014983378E-01     5.95870904155683E-01    -5.45250710497427E-01     4.47197164192854E-01     3.99065341940114E-01     5.09051672136440E-01    -6.69295761141920E-01    -1.83046665174320E-05
         0.29195902016920     8.01306792979118E-01     6.03691230508770E-02    -5.88930355080236E-01    -6.71258492279101E-01     5.58623031841720E-02    -7.14283704651730E-01     7.95918282332624E-01     6.05404067152161E-01     9.95035195799905E-01
         0.09607356854063     2.39533150688254E-01     8.77325385770500E-01     4.15841346199326E-01    -4.33438086372545E-01    -8.33707955260866E-01     3.42143926326319E-01     1.69286404775650E-01    -2.22511620738430E-01    -8.52958759292650E-06
C TZVP-MOLOPT-PBE-GTH-q4
 1
 2 0 2 5 3 3 1
         5.26168129831067    -1.61141917378974E-01     9.96686652890171E-02    -1.17238307580140E-01    -9.87481588337120E-02     8.04369823930186E-02     7.08590015603763E-02    -7.94823942452603E-02
         1.93765185829818    -1.80855958455182E-01     2.07650729566158E-01    -3.33811408541760E-01    -2.33439340416087E-01     3.08796108490828E-01     4.56576584711807E-01     2.69082041591327E-01
         0.75874037796781     4.91788265416699E-01    -4.16657014983378E-01     5.95870904155683E-01    -5.45250710497427E-01     4.47197164192854E-01     3.99065341940114E-01     5.09051672136440E-01
         0.29195902016920     8.01306792979118E-01     6.03691230508770E-02    -5.88930355080236E-01    -6.71258492279101E-01     5.58623031841720E-02    -7.14283704651730E-01     7.95918282332624E-01
         0.09607356854063     2.39533150688254E-01     8.77325385770500E-01     4.15841346199326E-01    -4.33438086372545E-01    -8.33707955260866E-01     3.42143926326319E-01     1.69286404775650E-01
C DZVP-MOLOPT-PBE-GTH-q4
 1
 2 0 2 5 2 2 1
         5.26168129831067    -1.61141917378974E-01     9.96686652890171E-02    -9.87481588337120E-02     8.04369823930186E-02    -7.94823942452603E-02
         1.93765185829818    -1.80855958455182E-01     2.07650729566158E-01    -2.33439340416087E-01     3.08796108490828E-01     2.69082041591327E-01
         0.75874037796781     4.91788265416699E-01    -4.16657014983378E-01    -5.45250710497427E-01     4.47197164192854E-01     5.09051672136440E-01
         0.29195902016920     8.01306792979118E-01     6.03691230508770E-02    -6.71258492279101E-01     5.58623031841720E-02     7.95918282332624E-01
         0.09607356854063     2.39533150688254E-01     8.77325385770500E-01    -4.33438086372545E-01    -8.33707955260866E-01     1.69286404775650E-01
F TZV2P-MOLOPT-PBE-GTH-Q7
 1
 2 0 3 5 3 3 2 1
        13.30428004732790     1.38292090777636E-01    -4.13851185732434E-02    -3.68601172475513E-01    -9.35531482386367E-02     5.06296345689289E-02     1.31156005847365E-01    -3.26022751966033E-02     1.00541308351024E-01     9.72064409635608E-05
         4.80605774544240     1.37268979809070E-01    -3.39565337061055E-02    -2.68712697428403E-01    -2.95910126104609E-01     1.05677150923709E-01    -3.03933997040743E-01     1.33191225710905E-01    -4.08920622745241E-01     5.04092340544058E-06
         1.70698523266130    -5.18264453672791E-01     1.04861752881122E-01     6.94838249064691E-01    -5.65276724858415E-01     3.02716360438154E-01     7.47866109869779E-01     2.66499643835383E-01    -8.18034852203344E-01     5.83002400834836E-05
         0.58735472443375    -8.26267224974586E-01     4.59440905301858E-02    -5.51244775686392E-01    -6.52493507471700E-01     2.40526134346493E-01    -5.71224059806739E-01     9.50822081343244E-01     3.09737546860849E-01     9.99999990598423E-01
         0.17874874061685    -1.03522721189923E-01    -9.91981541717081E-01     7.24959778581021E-02    -3.97994287350983E-01    -9.14756231842929E-01     6.94376178966045E-02     7.81824693351836E-02    -2.39910404638869E-01    -7.70047573235798E-05
F TZVP-MOLOPT-PBE-GTH-q7
 1
 2 0 2 5 3 3 1
        13.30428004732790     1.38292090777636E-01    -4.13851185732434E-02    -3.68601172475513E-01    -9.35531482386367E-02     5.06296345689289E-02     1.31156005847365E-01    -3.26022751966033E-02
         4.80605774544240     1.37268979809070E-01    -3.39565337061055E-02    -2.68712697428403E-01    -2.95910126104609E-01     1.05677150923709E-01    -3.03933997040743E-01     1.33191225710905E-01
         1.70698523266130    -5.18264453672791E-01     1.04861752881122E-01     6.94838249064691E-01    -5.65276724858415E-01     3.02716360438154E-01     7.47866109869779E-01     2.66499643835383E-01
         0.58735472443375    -8.26267224974586E-01     4.59440905301858E-02    -5.51244775686392E-01    -6.52493507471700E-01     2.40526134346493E-01    -5.71224059806739E-01     9.50822081343244E-01
         0.17874874061685    -1.03522721189923E-01    -9.91981541717081E-01     7.24959778581021E-02    -3.97994287350983E-01    -9.14756231842929E-01     6.94376178966045E-02     7.81824693351836E-02
F DZVP-MOLOPT-PBE-GTH-q7
 1
 2 0 2 5 2 2 1
        13.30428004732790     1.38292090777636E-01    -4.13851185732434E-02    -9.35531482386367E-02     5.06296345689289E-02    -3.26022751966033E-02
         4.80605774544240     1.37268979809070E-01    -3.39565337061055E-02    -2.95910126104609E-01     1.05677150923709E-01     1.33191225710905E-01
         1.70698523266130    -5.18264453672791E-01     1.04861752881122E-01    -5.65276724858415E-01     3.02716360438154E-01     2.66499643835383E-01
         0.58735472443375    -8.26267224974586E-01     4.59440905301858E-02    -6.52493507471700E-01     2.40526134346493E-01     9.50822081343244E-01
         0.17874874061685    -1.03522721189923E-01    -9.91981541717081E-01    -3.97994287350983E-01    -9.14756231842929E-01     7.81824693351836E-02
