Br admm-dz
    4
1 0 0 2 1
        1.59783831     -0.40647615
        0.47807355      0.73132587
1 0 0 1 1
        0.17310896      1.00000000  
1 1 1 2 1
        2.75529471     -0.14093058
        0.46199039      0.95602981
1 1 1 1 1
        0.13954967      1.00000000  

Br admm-dzp
    5
1 0 0 2 1
        1.59783831     -0.40647615
        0.47807355      0.73132587
1 0 0 1 1
        0.17310896      1.00000000  
1 1 1 2 1
        2.75529471     -0.14093058
        0.46199039      0.95602981
1 1 1 1 1
        0.13954967      1.00000000  
1 2 2 1 1
        0.40980000      1.00000000

Br admm-tzp
    7
1 0 0 2 1
        3.13882544      0.13020019
        2.09254397     -0.46054185
1 0 0 1 1
        0.40358982      1.00000000
1 0 0 1 1
        0.15312127      1.00000000
1 1 1 2 1
        3.85092320      0.04929031
        3.45266750     -0.14743895
1 1 1 1 1
        0.45601831      1.00000000
1 1 1 1 1
        0.13812964      1.00000000
1 2 2 1 1
        0.40980000      1.0000000

Br admm-tz2p
    8
1 0 0 2 1
        3.13882544      0.13020019
        2.09254397     -0.46054185
1 0 0 1 1
        0.40358982      1.00000000
1 0 0 1 1
        0.15312127      1.00000000
1 1 1 2 1
        3.85092320      0.04929031
        3.45266750     -0.14743895
1 1 1 1 1
        0.45601831      1.00000000
1 1 1 1 1
        0.13812964      1.00000000
1 2 2 1 1
        0.26390000      1.00000000
1 3 3 1 1
        0.55150000      1.00000000

