  BASIS_TYPE GAUSSIAN
  S_EXPONENTS           3.13882544 \
                        2.09254397 \
                        0.40358982 \
                        0.15312127
  P_EXPONENTS           3.85092320 \
                        3.45266750 \
                        0.45601831 \
                        0.13812964

  ORBITAL COEFFICENTS (Quickstep normalization)
  L Quantum Number:  0
        3.13882544    0.00000000  0.13020019  0.31080096  0.00000000  0.00000000  0.00000000
        2.09254397    0.00000000 -0.46054185 -0.57150696  0.00000000  0.00000000  0.00000000
        0.40358982    0.00000000  0.78694903  0.50982433  0.00000000  0.00000000  0.00000000
        0.15312127    0.00000000  0.41812486  0.20660436  0.00000000  0.00000000  0.00000000
  L Quantum Number:  1
        3.85092320    0.04929031  0.11766093  0.00000000  0.00000000  0.00000000  0.00000000
        3.45266750   -0.14743895 -0.18296358  0.00000000  0.00000000  0.00000000  0.00000000
        0.45601831    0.92088318  0.59659347  0.00000000  0.00000000  0.00000000  0.00000000
        0.13812964    1.05257889  0.52010155  0.00000000  0.00000000  0.00000000  0.00000000
