HF TZV2P-MOLOPT-PBE0-GTH-Q12
 1
 2 0 3 5 4 3 3 2
         2.16171741106654     6.91994935624392E-01     2.07942285230812E-02     1.65835799125883E-01     3.56300104370452E-01    -6.95458574045393E-01     3.38158176404048E-02     6.18308636952742E-02    -6.29580029023172E-01     2.36430147238842E-02    -3.03609520889920E-02    -8.92449478437755E-02     3.56171158875102E-02
         2.09185579529253    -6.82413065932122E-01     7.03480859011176E-03    -1.60299586432788E-01     3.03152098275156E-01     7.13326577775248E-01    -2.75813665332146E-02     8.07326166688996E-02     6.77429928933330E-01    -4.55849440178546E-02     2.70011716322091E-02     1.19490134620382E-01    -3.78853574752009E-02
         0.60336202544719    -1.66883127914515E-01    -2.53006927179272E-01     5.58240407015136E-01     6.85008246061041E-01     8.07093951084865E-02     1.96251000261651E-01    -2.85315940061775E-03     2.51603344051722E-01    -5.18673867337490E-01     3.69479851123753E-01    -6.72358152228514E-01    -4.72871772312488E-01
         0.20575237616407     1.50856257125367E-01     1.00542040738713E-01    -7.64750108228055E-01     5.46923549436226E-01     2.24869836580616E-03    -3.86905579720415E-01    -9.14208208704357E-01     2.71575013713945E-01     4.07360026491072E-01    -6.82767208647802E-01    -7.24994707334278E-01     4.18693687798329E-01
         0.06009838308461    -6.96263442879730E-02     9.61975521711248E-01     2.24337803899631E-01     1.13081275361711E-01    -3.13608374104241E-02    -8.99936317733084E-01     3.92268274933743E-01     8.75239831636268E-02     7.49932162860095E-01     6.29017271406434E-01    -8.63924081784397E-03     7.73552844667197E-01
HF TZVP-MOLOPT-PBE0-GTH-q12
 1
 2 0 3 5 4 3 3 1
         2.16171741106654     6.91994935624392E-01     2.07942285230812E-02     1.65835799125883E-01     3.56300104370452E-01    -6.95458574045393E-01     3.38158176404048E-02     6.18308636952742E-02    -6.29580029023172E-01     2.36430147238842E-02    -3.03609520889920E-02    -8.92449478437755E-02
         2.09185579529253    -6.82413065932122E-01     7.03480859011176E-03    -1.60299586432788E-01     3.03152098275156E-01     7.13326577775248E-01    -2.75813665332146E-02     8.07326166688996E-02     6.77429928933330E-01    -4.55849440178546E-02     2.70011716322091E-02     1.19490134620382E-01
         0.60336202544719    -1.66883127914515E-01    -2.53006927179272E-01     5.58240407015136E-01     6.85008246061041E-01     8.07093951084865E-02     1.96251000261651E-01    -2.85315940061775E-03     2.51603344051722E-01    -5.18673867337490E-01     3.69479851123753E-01    -6.72358152228514E-01
         0.20575237616407     1.50856257125367E-01     1.00542040738713E-01    -7.64750108228055E-01     5.46923549436226E-01     2.24869836580616E-03    -3.86905579720415E-01    -9.14208208704357E-01     2.71575013713945E-01     4.07360026491072E-01    -6.82767208647802E-01    -7.24994707334278E-01
         0.06009838308461    -6.96263442879730E-02     9.61975521711248E-01     2.24337803899631E-01     1.13081275361711E-01    -3.13608374104241E-02    -8.99936317733084E-01     3.92268274933743E-01     8.75239831636268E-02     7.49932162860095E-01     6.29017271406434E-01    -8.63924081784397E-03
HF DZVP-MOLOPT-PBE0-GTH-q12
 1
 2 0 3 5 3 2 2 1
         2.16171741106654     6.91994935624392E-01     2.07942285230812E-02     1.65835799125883E-01    -6.95458574045393E-01     3.38158176404048E-02    -6.29580029023172E-01     2.36430147238842E-02    -8.92449478437755E-02
         2.09185579529253    -6.82413065932122E-01     7.03480859011176E-03    -1.60299586432788E-01     7.13326577775248E-01    -2.75813665332146E-02     6.77429928933330E-01    -4.55849440178546E-02     1.19490134620382E-01
         0.60336202544719    -1.66883127914515E-01    -2.53006927179272E-01     5.58240407015136E-01     8.07093951084865E-02     1.96251000261651E-01     2.51603344051722E-01    -5.18673867337490E-01    -6.72358152228514E-01
         0.20575237616407     1.50856257125367E-01     1.00542040738713E-01    -7.64750108228055E-01     2.24869836580616E-03    -3.86905579720415E-01     2.71575013713945E-01     4.07360026491072E-01    -7.24994707334278E-01
         0.06009838308461    -6.96263442879730E-02     9.61975521711248E-01     2.24337803899631E-01    -3.13608374104241E-02    -8.99936317733084E-01     8.75239831636268E-02     7.49932162860095E-01    -8.63924081784397E-03
O TZV2P-MOLOPT-PBE0-GTH-Q6
 1
 2 0 3 5 3 3 2 1
        10.34082423621691    -1.29825249634708E-01     8.18793043945143E-02    -1.54163825083534E-01    -9.31315963557027E-02     6.07168741616306E-02     5.24249215362802E-02    -1.46443819746845E-04    -1.35615599706110E-01    -4.53627038333396E-02
         3.64864310376424    -1.27684551447027E-01     1.02649506262870E-01    -2.90598920673850E-01    -3.10412801135525E-01     1.66218217874094E-01     1.57277538743803E-01     4.82789843051162E-02    -2.03664714425298E-01    -7.75510089052828E-02
         1.25503633997207     5.26487514579900E-01    -3.65113179366377E-01     6.61471073309150E-01    -5.97863015525008E-01     4.26686208369503E-01     5.52189434348781E-01     7.18155124032992E-01    -6.65039106707507E-01     7.74070424398802E-02
         0.43936673910305     7.72667288737258E-01    -8.21060762059060E-02    -6.24492813862270E-01    -6.48920500304752E-01    -1.50379113770830E-02    -7.55332729990091E-01     6.93882202281484E-01     7.03924405563841E-01     9.92909576133937E-01
         0.14295518532255     3.04365270334762E-01     9.17992274956007E-01     2.53476876555698E-01    -3.41221918409427E-01    -8.86790677695403E-01     3.11568128998934E-01    -2.12090879301656E-02     4.83994939610748E-02     8.17248560335443E-03
O TZVP-MOLOPT-PBE0-GTH-q6
 1
 2 0 2 5 3 3 1
        10.34082423621691    -1.29825249634708E-01     8.18793043945143E-02    -1.54163825083534E-01    -9.31315963557027E-02     6.07168741616306E-02     5.24249215362802E-02    -1.46443819746845E-04
         3.64864310376424    -1.27684551447027E-01     1.02649506262870E-01    -2.90598920673850E-01    -3.10412801135525E-01     1.66218217874094E-01     1.57277538743803E-01     4.82789843051162E-02
         1.25503633997207     5.26487514579900E-01    -3.65113179366377E-01     6.61471073309150E-01    -5.97863015525008E-01     4.26686208369503E-01     5.52189434348781E-01     7.18155124032992E-01
         0.43936673910305     7.72667288737258E-01    -8.21060762059060E-02    -6.24492813862270E-01    -6.48920500304752E-01    -1.50379113770830E-02    -7.55332729990091E-01     6.93882202281484E-01
         0.14295518532255     3.04365270334762E-01     9.17992274956007E-01     2.53476876555698E-01    -3.41221918409427E-01    -8.86790677695403E-01     3.11568128998934E-01    -2.12090879301656E-02
O DZVP-MOLOPT-PBE0-GTH-q6
 1
 2 0 2 5 2 2 1
        10.34082423621691    -1.29825249634708E-01     8.18793043945143E-02    -9.31315963557027E-02     6.07168741616306E-02    -1.46443819746845E-04
         3.64864310376424    -1.27684551447027E-01     1.02649506262870E-01    -3.10412801135525E-01     1.66218217874094E-01     4.82789843051162E-02
         1.25503633997207     5.26487514579900E-01    -3.65113179366377E-01    -5.97863015525008E-01     4.26686208369503E-01     7.18155124032992E-01
         0.43936673910305     7.72667288737258E-01    -8.21060762059060E-02    -6.48920500304752E-01    -1.50379113770830E-02     6.93882202281484E-01
         0.14295518532255     3.04365270334762E-01     9.17992274956007E-01    -3.41221918409427E-01    -8.86790677695403E-01    -2.12090879301656E-02
F TZV2P-MOLOPT-PBE0-GTH-Q7
 1
 2 0 3 5 3 3 2 1
        13.31501907729122     1.31813146289282E-01    -5.24225688764356E-02    -5.17923286744451E-01    -9.80506809064632E-02     4.64420401614479E-02     6.35659142568778E-02     4.89385522399914E-03     1.52535072278595E-01     5.41962851226601E-02
         4.62512020147175     1.34547810393351E-01    -5.37398783766778E-02    -2.73506612070950E-02    -3.12727206728056E-01     1.25929415842544E-01     1.88833971660508E-01     2.30296758923593E-02    -1.84322551941015E-01     3.68925101794283E-02
         1.62272294024072    -5.51865766775749E-01     1.65440705311574E-01    -7.34790083225985E-01    -5.86706702362430E-01     2.77907352966805E-01     6.51110127867809E-01     5.26472480151814E-01    -8.13967424463323E-01     8.50449987353287E-02
         0.55216173678272    -7.87309125215089E-01     1.14519053917377E-01     4.34902286738320E-01    -6.52997838515906E-01     1.82287680337408E-01    -7.27945836193775E-01     8.49582617686734E-01     5.11993820603493E-01     9.94034575948952E-01
         0.17330337957192    -2.00276553789357E-01    -9.76667117835106E-01    -4.41695026221844E-02    -3.49223175694863E-01    -9.33554296168888E-01     8.03216449515110E-02    -2.19496600587510E-02     1.34452996051777E-01    -1.90870474316679E-02
F TZVP-MOLOPT-PBE0-GTH-q7
 1
 2 0 2 5 3 3 1
        13.31501907729122     1.31813146289282E-01    -5.24225688764356E-02    -5.17923286744451E-01    -9.80506809064632E-02     4.64420401614479E-02     6.35659142568778E-02     4.89385522399914E-03
         4.62512020147175     1.34547810393351E-01    -5.37398783766778E-02    -2.73506612070950E-02    -3.12727206728056E-01     1.25929415842544E-01     1.88833971660508E-01     2.30296758923593E-02
         1.62272294024072    -5.51865766775749E-01     1.65440705311574E-01    -7.34790083225985E-01    -5.86706702362430E-01     2.77907352966805E-01     6.51110127867809E-01     5.26472480151814E-01
         0.55216173678272    -7.87309125215089E-01     1.14519053917377E-01     4.34902286738320E-01    -6.52997838515906E-01     1.82287680337408E-01    -7.27945836193775E-01     8.49582617686734E-01
         0.17330337957192    -2.00276553789357E-01    -9.76667117835106E-01    -4.41695026221844E-02    -3.49223175694863E-01    -9.33554296168888E-01     8.03216449515110E-02    -2.19496600587510E-02
F DZVP-MOLOPT-PBE0-GTH-q7
 1
 2 0 2 5 2 2 1
        13.31501907729122     1.31813146289282E-01    -5.24225688764356E-02    -9.80506809064632E-02     4.64420401614479E-02     4.89385522399914E-03
         4.62512020147175     1.34547810393351E-01    -5.37398783766778E-02    -3.12727206728056E-01     1.25929415842544E-01     2.30296758923593E-02
         1.62272294024072    -5.51865766775749E-01     1.65440705311574E-01    -5.86706702362430E-01     2.77907352966805E-01     5.26472480151814E-01
         0.55216173678272    -7.87309125215089E-01     1.14519053917377E-01    -6.52997838515906E-01     1.82287680337408E-01     8.49582617686734E-01
         0.17330337957192    -2.00276553789357E-01    -9.76667117835106E-01    -3.49223175694863E-01    -9.33554296168888E-01    -2.19496600587510E-02
