####################################################################################################
# Polonium 
####################################################################################################
 Po ccGRB-D-q6 
   2
  1  0  1  4  2  2
   2.86282334365        0.0228289860   -0.0645223513   -0.0020072472   -0.0180962956
  0.915564759513       -0.5529892736    0.7219126171   -0.1314992756    0.2822470845
  0.292808437070        1.0232252971   -2.2703052882    0.5439881458   -1.5271783550
  0.936436007704E-01    0.3612724625    1.8136183591    0.6112050199    1.2865597925
  2  2  2  1  1
  0.818418884099E-01    1.0000000000

 Po ccGRB-T-q6 
   3
  1  0  1  5  3  3
   2.21811356015        0.0573578800   -0.0532778859    0.3868551909    0.0037896814    0.0147286561    0.1514680515
  0.967265668505       -0.6284236443    0.5392785703   -2.4718588941   -0.1531937094    0.0716577808   -1.0217680863
  0.421801160354        0.5392580375   -0.6132883511    6.2332018493    0.2493792399   -0.0830363792    3.3394384959
  0.183937282867        0.7325912546   -1.6480936025   -6.3131248145    0.5117722418   -1.5158000851   -3.4836639342
  0.802105997060E-01    0.1480430352    2.0458284324    2.5850351755    0.4110299131    1.6649115066    1.4575193912
  2  2  2  2  2
  0.239903045117        1.0000000000    0.0000000000
  0.688969764017E-01    0.0000000000    1.0000000000
  3 3 3 1 1
      0.3250000              1.0000000

 Po ccGRB-Q-q6 
   4
  1  0  1  6  4  4
   2.25410659390       -0.0530140988    0.0608034149   -0.3052253789   -1.2896200481   -0.0028896354   -0.0093855858   -0.1208964099   -0.9075826855
  0.957460492146        0.6272458581   -0.5926308893    2.0836267314    3.6851453524    0.1522495355   -0.0963859197    0.8738375730    3.1118110303
  0.406693541690       -0.5968971375    0.8520504712   -5.4952705222   -2.5655816821   -0.2748334434    0.1968798657   -3.0451258218   -2.8704052266
  0.172748262940       -0.7134503423    1.2903739976    5.6768026825   -0.4642075268   -0.5374078712    1.3304786358    3.2414274329    1.3234258257
  0.733770254253E-01   -0.1146317239   -1.9372802150   -2.2908842268    2.4097333110   -0.3718146641   -1.6258450729   -1.3751471546   -0.0153751846
  0.311678263424E-01    0.0022200438    0.0522503945   -0.1086098396   -1.6351843094    0.0108528912    0.0373627516   -0.0242901694   -0.3538889218
  2  2  2  3  3
  0.239605076416        1.0000000000    0.0000000000    0.0000000000
  0.688593278232E-01    0.0000000000    1.0000000000    0.0000000000
  0.197892594730E-01    0.0000000000    0.0000000000    1.0000000000
  3 3 3 2 2
      0.4894000              1.000000E+00           0.000000E+00
      0.2002000              0.000000E+00           1.000000E+00
  4 4 4 1 1
      0.4074000              1.0000000

Po aug-cc-D
    3
1 0 0 1 1
      0.0359000              1.0000000
1 1 1 1 1
      0.0278000              1.0000000
1 2 2 1 1
      0.0895000              1.0000000

Po aug-cc-T
    4
1 0 0 1 1
      0.0339000              1.0000000
1 1 1 1 1
      0.0310000              1.0000000
1 2 2 1 1
      0.0578000              1.0000000
1 3 3 1 1
      0.1322000              1.0000000

Po aug-cc-Q
     5
1 0 0 1 1
      0.0274000              1.0000000
1 1 1 1 1
      0.0203000              1.0000000
1 2 2 1 1
      0.0487000              1.0000000
1 3 3 1 1
      0.0887000              1.0000000
1 4 4 1 1
      0.1943000              1.0000000

