#
# Generated with CP2K Atom Code
#
 Po ccGRB-VAL-0
   1
  1  0  1  4  1  1
   2.86282334365        0.0228289860   -0.0020072472
  0.915564759513       -0.5529892736   -0.1314992756
  0.292808437070        1.0232252971    0.5439881458
  0.936436007704E-01    0.3612724625    0.6112050199

 Po ccGRB-VAL-1
   1
  1  0  1  4  2  2
   2.86282334365        0.0228289860   -0.0645223513   -0.0020072472   -0.0180962956
  0.915564759513       -0.5529892736    0.7219126171   -0.1314992756    0.2822470845
  0.292808437070        1.0232252971   -2.2703052882    0.5439881458   -1.5271783550
  0.936436007704E-01    0.3612724625    1.8136183591    0.6112050199    1.2865597925

 Po ccGRB-POL-1
   1
  2  2  2  1  1
  0.818418884099E-01    1.0000000000

 Po ccGRB-EXT
   1
  1  0  1  1  2  1
  0.169363524251E-01    1.0000000000    8.4308247942    8.4308247942

