PT DZVP-MOLOPT-PBE0-GTH-Q18
 1
 2 0 3 6 3 2 2 1
         5.86901541788573    -6.41849371413321E-01    -7.78858747306438E-02     1.23013624503546E-01    -4.75149911246810E-01    -9.16607477776820E-02    -4.81710636513779E-03     1.78765383631661E-02     3.71246298467349E-03
         5.60405185331373     7.52757067789694E-01     1.04306730435036E-01     4.07151492043181E-02     5.98469645079522E-01     1.10719987419428E-01    -6.06939202287101E-02     4.90647701218515E-03    -1.13760622118221E-03
         1.48722362030611     3.87750208834267E-02    -2.74187510755321E-01     6.69283177880080E-01    -4.55571672897816E-01    -3.00432958854736E-01     5.18819601644598E-01    -2.83286482877617E-01    -7.02255205298214E-02
         0.63709481865473     1.15254658718995E-01    -4.61603439043766E-01     5.09800343703258E-01    -2.65726538865230E-01    -3.12956167606530E-01     4.95378072613034E-01    -4.82475598067330E-01    -4.55238536970486E-01
         0.26495079912604    -1.42338559188285E-02     3.82539281319486E-01     3.47392046591132E-01    -2.61926908639264E-01     5.92917755662061E-01     5.40062143564063E-01     4.76305173741420E-02    -7.41536713451182E-01
         0.09044386887127    -7.99777472408803E-02     7.40581574682854E-01     3.93309455955202E-01    -2.63258043917006E-01     6.63013122882319E-01     4.35950353533592E-01     8.27256765196001E-01    -4.87785277348527E-01
C DZVP-MOLOPT-PBE0-GTH-Q4
 1
 2 0 2 5 2 2 1
         5.37649556675185    -1.22404309942338E-01     1.51052142999233E-01    -1.02230399503479E-01     7.40025761345854E-02    -3.33102657255285E-02
         1.95241253925289    -1.29373346346520E-01     2.06617207371748E-01    -3.09172408281985E-01     2.20213934213870E-01     2.24862943378639E-01
         0.69884308058897     4.93419910923422E-01    -4.42585619435647E-01    -6.76608029554237E-01     4.84079784827656E-01     7.92785845721874E-01
         0.25544398452951     7.50469724701437E-01    -1.05635637414093E-01    -6.23090735983644E-01    -3.82982660790289E-01     5.31193096205402E-01
         0.08778128068034     4.02009584429917E-01     8.52907768337305E-01    -2.18908374551020E-01    -7.51678445453038E-01     1.94040151152179E-01
O DZVP-MOLOPT-PBE0-GTH-Q6
 1
 2 0 2 5 2 2 1
        10.34082423621691    -1.29825249634708E-01     8.18793043945143E-02    -9.31315963557027E-02     6.07168741616306E-02    -1.46443819746845E-04
         3.64864310376424    -1.27684551447027E-01     1.02649506262870E-01    -3.10412801135525E-01     1.66218217874094E-01     4.82789843051162E-02
         1.25503633997207     5.26487514579900E-01    -3.65113179366377E-01    -5.97863015525008E-01     4.26686208369503E-01     7.18155124032992E-01
         0.43936673910305     7.72667288737258E-01    -8.21060762059060E-02    -6.48920500304752E-01    -1.50379113770830E-02     6.93882202281484E-01
         0.14295518532255     3.04365270334762E-01     9.17992274956007E-01    -3.41221918409427E-01    -8.86790677695403E-01    -2.12090879301656E-02
