PT TZV2P-MOLOPT-PBE0-GTH-Q18
 1
 2 0 3 6 4 3 3 2
         5.86901541788573    -6.14859013790149E-01    -1.81100069476222E-01     2.64765404507802E-02    -1.56079720900165E-01    -4.73438176071248E-01    -9.10999955609095E-02    -6.78369270191836E-02    -1.50914203297395E-03     3.68924498344290E-02    -7.98251423072912E-02    -2.14788854795100E-02     5.11405672138482E-03
         5.60405185331373     6.87263252872012E-01     2.40964015974284E-01     1.95760148899250E-01     1.34498783230490E-01     5.98309373350257E-01     1.04519632840269E-01     1.02501788445435E-01    -5.98687707885394E-02    -5.47021646076543E-05     7.38018527632525E-02     2.36163075799937E-02     1.72138053892496E-03
         1.48722362030611    -9.55661125268055E-02    -1.81998662361062E-01     7.64710512800174E-01     1.28393604818080E-01    -4.62214965336316E-01    -2.89737358432405E-01     1.40019242296357E-01     5.43998616348388E-01    -2.21439859450847E-01     2.30428999036459E-01    -7.13531665229487E-02     6.95146068517352E-02
         0.63709481865473    -1.00858366266384E-03    -3.56731931114190E-01     4.24020859805188E-01     3.58760242305665E-01    -2.77767256098372E-01    -2.92046773381199E-01     9.54592303371965E-02     5.11412804739519E-01    -5.05735729459488E-01     3.37536691368687E-01    -6.08119831141417E-01    -1.54063174473049E-01
         0.26495079912604     1.26047711899766E-02     3.34616005143187E-01     4.22528368165604E-01    -7.85032253512678E-01    -2.55183163864704E-01     6.11138837827515E-01    -6.78358470861781E-01     5.52342461244975E-01     1.42887294587897E-01    -8.06005626637065E-01    -7.11568629100784E-01    -3.24241491947770E-01
         0.09044386887127    -3.74599566272498E-01     7.97991261334103E-01     1.33681999786724E-01     4.42808908854203E-01    -2.48930547218058E-01     6.61850967623992E-01     7.04275135751882E-01     3.65860228557212E-01     8.20620451727050E-01     4.14134786508763E-01    -3.43147213560245E-01     9.30736587804471E-01
PT TZVP-MOLOPT-PBE0-GTH-q18
 1
 2 0 3 6 4 3 3 1
         5.86901541788573    -6.14859013790149E-01    -1.81100069476222E-01     2.64765404507802E-02    -1.56079720900165E-01    -4.73438176071248E-01    -9.10999955609095E-02    -6.78369270191836E-02    -1.50914203297395E-03     3.68924498344290E-02    -7.98251423072912E-02    -2.14788854795100E-02
         5.60405185331373     6.87263252872012E-01     2.40964015974284E-01     1.95760148899250E-01     1.34498783230490E-01     5.98309373350257E-01     1.04519632840269E-01     1.02501788445435E-01    -5.98687707885394E-02    -5.47021646076543E-05     7.38018527632525E-02     2.36163075799937E-02
         1.48722362030611    -9.55661125268055E-02    -1.81998662361062E-01     7.64710512800174E-01     1.28393604818080E-01    -4.62214965336316E-01    -2.89737358432405E-01     1.40019242296357E-01     5.43998616348388E-01    -2.21439859450847E-01     2.30428999036459E-01    -7.13531665229487E-02
         0.63709481865473    -1.00858366266384E-03    -3.56731931114190E-01     4.24020859805188E-01     3.58760242305665E-01    -2.77767256098372E-01    -2.92046773381199E-01     9.54592303371965E-02     5.11412804739519E-01    -5.05735729459488E-01     3.37536691368687E-01    -6.08119831141417E-01
         0.26495079912604     1.26047711899766E-02     3.34616005143187E-01     4.22528368165604E-01    -7.85032253512678E-01    -2.55183163864704E-01     6.11138837827515E-01    -6.78358470861781E-01     5.52342461244975E-01     1.42887294587897E-01    -8.06005626637065E-01    -7.11568629100784E-01
         0.09044386887127    -3.74599566272498E-01     7.97991261334103E-01     1.33681999786724E-01     4.42808908854203E-01    -2.48930547218058E-01     6.61850967623992E-01     7.04275135751882E-01     3.65860228557212E-01     8.20620451727050E-01     4.14134786508763E-01    -3.43147213560245E-01
PT DZVP-MOLOPT-PBE0-GTH-q18
 1
 2 0 3 6 3 2 2 1
         5.86901541788573    -6.14859013790149E-01    -1.81100069476222E-01    -1.56079720900165E-01    -4.73438176071248E-01    -9.10999955609095E-02    -1.50914203297395E-03     3.68924498344290E-02    -2.14788854795100E-02
         5.60405185331373     6.87263252872012E-01     2.40964015974284E-01     1.34498783230490E-01     5.98309373350257E-01     1.04519632840269E-01    -5.98687707885394E-02    -5.47021646076543E-05     2.36163075799937E-02
         1.48722362030611    -9.55661125268055E-02    -1.81998662361062E-01     1.28393604818080E-01    -4.62214965336316E-01    -2.89737358432405E-01     5.43998616348388E-01    -2.21439859450847E-01    -7.13531665229487E-02
         0.63709481865473    -1.00858366266384E-03    -3.56731931114190E-01     3.58760242305665E-01    -2.77767256098372E-01    -2.92046773381199E-01     5.11412804739519E-01    -5.05735729459488E-01    -6.08119831141417E-01
         0.26495079912604     1.26047711899766E-02     3.34616005143187E-01    -7.85032253512678E-01    -2.55183163864704E-01     6.11138837827515E-01     5.52342461244975E-01     1.42887294587897E-01    -7.11568629100784E-01
         0.09044386887127    -3.74599566272498E-01     7.97991261334103E-01     4.42808908854203E-01    -2.48930547218058E-01     6.61850967623992E-01     3.65860228557212E-01     8.20620451727050E-01    -3.43147213560245E-01
O TZV2P-MOLOPT-PBE0-GTH-Q6
 1
 2 0 3 5 3 3 2 1
        10.34082423621691    -1.29825249634708E-01     8.18793043945143E-02    -1.54163825083534E-01    -9.31315963557027E-02     6.07168741616306E-02     5.24249215362802E-02    -1.46443819746845E-04    -1.35615599706110E-01    -4.53627038333396E-02
         3.64864310376424    -1.27684551447027E-01     1.02649506262870E-01    -2.90598920673850E-01    -3.10412801135525E-01     1.66218217874094E-01     1.57277538743803E-01     4.82789843051162E-02    -2.03664714425298E-01    -7.75510089052828E-02
         1.25503633997207     5.26487514579900E-01    -3.65113179366377E-01     6.61471073309150E-01    -5.97863015525008E-01     4.26686208369503E-01     5.52189434348781E-01     7.18155124032992E-01    -6.65039106707507E-01     7.74070424398802E-02
         0.43936673910305     7.72667288737258E-01    -8.21060762059060E-02    -6.24492813862270E-01    -6.48920500304752E-01    -1.50379113770830E-02    -7.55332729990091E-01     6.93882202281484E-01     7.03924405563841E-01     9.92909576133937E-01
         0.14295518532255     3.04365270334762E-01     9.17992274956007E-01     2.53476876555698E-01    -3.41221918409427E-01    -8.86790677695403E-01     3.11568128998934E-01    -2.12090879301656E-02     4.83994939610748E-02     8.17248560335443E-03
O TZVP-MOLOPT-PBE0-GTH-q6
 1
 2 0 2 5 3 3 1
        10.34082423621691    -1.29825249634708E-01     8.18793043945143E-02    -1.54163825083534E-01    -9.31315963557027E-02     6.07168741616306E-02     5.24249215362802E-02    -1.46443819746845E-04
         3.64864310376424    -1.27684551447027E-01     1.02649506262870E-01    -2.90598920673850E-01    -3.10412801135525E-01     1.66218217874094E-01     1.57277538743803E-01     4.82789843051162E-02
         1.25503633997207     5.26487514579900E-01    -3.65113179366377E-01     6.61471073309150E-01    -5.97863015525008E-01     4.26686208369503E-01     5.52189434348781E-01     7.18155124032992E-01
         0.43936673910305     7.72667288737258E-01    -8.21060762059060E-02    -6.24492813862270E-01    -6.48920500304752E-01    -1.50379113770830E-02    -7.55332729990091E-01     6.93882202281484E-01
         0.14295518532255     3.04365270334762E-01     9.17992274956007E-01     2.53476876555698E-01    -3.41221918409427E-01    -8.86790677695403E-01     3.11568128998934E-01    -2.12090879301656E-02
O DZVP-MOLOPT-PBE0-GTH-q6
 1
 2 0 2 5 2 2 1
        10.34082423621691    -1.29825249634708E-01     8.18793043945143E-02    -9.31315963557027E-02     6.07168741616306E-02    -1.46443819746845E-04
         3.64864310376424    -1.27684551447027E-01     1.02649506262870E-01    -3.10412801135525E-01     1.66218217874094E-01     4.82789843051162E-02
         1.25503633997207     5.26487514579900E-01    -3.65113179366377E-01    -5.97863015525008E-01     4.26686208369503E-01     7.18155124032992E-01
         0.43936673910305     7.72667288737258E-01    -8.21060762059060E-02    -6.48920500304752E-01    -1.50379113770830E-02     6.93882202281484E-01
         0.14295518532255     3.04365270334762E-01     9.17992274956007E-01    -3.41221918409427E-01    -8.86790677695403E-01    -2.12090879301656E-02
C TZV2P-MOLOPT-PBE0-GTH-Q4
 1
 2 0 3 5 3 3 2 1
         5.37649556675185    -1.22404309942338E-01     1.51052142999233E-01    -2.91603005508096E-01    -1.02230399503479E-01     7.40025761345854E-02     8.94622998880541E-02    -3.33102657255285E-02     9.86374456561292E-02     7.95121951184048E-02
         1.95241253925289    -1.29373346346520E-01     2.06617207371748E-01    -1.01805179489666E-01    -3.09172408281985E-01     2.20213934213870E-01     3.39999059653624E-01     2.24862943378639E-01    -4.25828317504440E-02     4.21381944948773E-01
         0.69884308058897     4.93419910923422E-01    -4.42585619435647E-01     6.21910558850215E-01    -6.76608029554237E-01     4.84079784827656E-01     2.48477330781687E-01     7.92785845721874E-01    -5.17543483541305E-01     3.21750315531954E-01
         0.25544398452951     7.50469724701437E-01    -1.05635637414093E-01    -6.44963922243512E-01    -6.23090735983644E-01    -3.82982660790289E-01    -6.66883209981747E-01     5.31193096205402E-01     8.40388777086484E-01     8.41599833069726E-01
         0.08778128068034     4.02009584429917E-01     8.52907768337305E-01     3.19142896525367E-01    -2.18908374551020E-01    -7.51678445453038E-01     6.08212904060281E-01     1.94040151152179E-01    -1.19803183369898E-01    -6.55859949283386E-02
C TZVP-MOLOPT-PBE0-GTH-q4
 1
 2 0 2 5 3 3 1
         5.37649556675185    -1.22404309942338E-01     1.51052142999233E-01    -2.91603005508096E-01    -1.02230399503479E-01     7.40025761345854E-02     8.94622998880541E-02    -3.33102657255285E-02
         1.95241253925289    -1.29373346346520E-01     2.06617207371748E-01    -1.01805179489666E-01    -3.09172408281985E-01     2.20213934213870E-01     3.39999059653624E-01     2.24862943378639E-01
         0.69884308058897     4.93419910923422E-01    -4.42585619435647E-01     6.21910558850215E-01    -6.76608029554237E-01     4.84079784827656E-01     2.48477330781687E-01     7.92785845721874E-01
         0.25544398452951     7.50469724701437E-01    -1.05635637414093E-01    -6.44963922243512E-01    -6.23090735983644E-01    -3.82982660790289E-01    -6.66883209981747E-01     5.31193096205402E-01
         0.08778128068034     4.02009584429917E-01     8.52907768337305E-01     3.19142896525367E-01    -2.18908374551020E-01    -7.51678445453038E-01     6.08212904060281E-01     1.94040151152179E-01
C DZVP-MOLOPT-PBE0-GTH-q4
 1
 2 0 2 5 2 2 1
         5.37649556675185    -1.22404309942338E-01     1.51052142999233E-01    -1.02230399503479E-01     7.40025761345854E-02    -3.33102657255285E-02
         1.95241253925289    -1.29373346346520E-01     2.06617207371748E-01    -3.09172408281985E-01     2.20213934213870E-01     2.24862943378639E-01
         0.69884308058897     4.93419910923422E-01    -4.42585619435647E-01    -6.76608029554237E-01     4.84079784827656E-01     7.92785845721874E-01
         0.25544398452951     7.50469724701437E-01    -1.05635637414093E-01    -6.23090735983644E-01    -3.82982660790289E-01     5.31193096205402E-01
         0.08778128068034     4.02009584429917E-01     8.52907768337305E-01    -2.18908374551020E-01    -7.51678445453038E-01     1.94040151152179E-01
