
CD SVP-MOLOPT-PBE-Q20
 1
 1 0 3 7 5 3 2 1
         9.90833914582374    -1.90348923702235E-01     3.67894610692491E-02     6.06596415599835E-02     2.91431578838371E-01    -2.62217577889969E-01     6.55305937709008E-02     2.51458119974533E-01     1.63574798017447E-01    -2.53565909822777E-02     3.54235678566484E-02     4.63862107086059E-02
         7.68432615921033     7.98686184962264E-01     4.74556102058869E-01    -1.99355984420085E-01    -1.67771669308359E-01    -7.18482235676054E-02    -2.10094224764908E-01    -5.28176857286190E-01    -2.94198140866575E-01     2.88128591561458E-02    -9.57698604256824E-02     6.55392146947640E-02
         4.47346884360753    -1.91287874397600E-01    -7.46939732057239E-02    -8.00650109056676E-02    -1.40601061227024E-01     2.03160665280503E-01     1.28168382966972E-02     4.29864750482518E-01     1.49198619338053E-01     2.41160835835111E-01     6.48334234525274E-02    -4.27839829854336E-02
         2.00082243075274    -4.77378707781005E-01     8.03493127012484E-01    -7.11402410137918E-02    -1.51454992895732E-01     2.88092043846989E-01     4.13637355610121E-01    -2.86409626472900E-01     4.37897305435835E-02    -2.06934041015565E-01     4.72900965327471E-01    -1.28734370631713E-01
         0.89093487535680    -8.54669102417563E-03     3.22604623566457E-01     6.54986685284049E-01     2.19083926068301E-01    -5.25927207534328E-01     7.96079285121980E-01    -4.62533119606144E-02     2.83728254205293E-01     6.48184793292705E-01     6.68347817482626E-01     7.18883554529572E-01
         0.26896901689964    -7.58747737311185E-02     1.28352457330167E-01    -6.35749707105240E-01     6.57961939041454E-01    -2.42840261618076E-01    -1.23336422646144E-01     5.68941059015362E-01    -1.63671168403690E-02    -3.60261541559714E-01     4.75172488966497E-01     6.60408271302261E-01
         0.09700823918400     2.35703535071919E-01     4.14071287850449E-02     3.34545978178044E-01     6.02744845397585E-01     6.82815987424836E-01    -3.62425058941759E-01    -2.55246049884354E-01     8.84162522448612E-01    -5.89588595366630E-01     2.98758948762571E-01    -1.49054599505471E-01


CD TZVPP-MOLOPT-PBE-Q20
 1
 1 0 4 8 6 4 3 2 1
        19.28340675397089    -1.79540772911493E-02    -1.82078591447414E-01    -5.16175577013946E-02    -1.83750057205934E-02     2.82306153515453E-01    -5.92374197001491E-01    -2.04189252478757E-03     2.20515499707739E-01     4.34707914032716E-02    -6.40870276403665E-02     1.36061916892537E-01     2.46396602891993E-02     2.00523237331333E-01    -9.43392806799344E-02     3.03739622382308E-02    -1.06271490712016E-01
        15.66109289909744     1.45687459900034E-01    -7.00715829394913E-01     7.36083304700216E-02    -3.22527275679133E-01     1.22715324516406E-01     1.40149065693381E-01     7.88730952926381E-02    -3.39812793153715E-01    -6.03896693462413E-02     2.27401995352382E-01     2.28525474633382E-01    -2.05890063376136E-01    -4.44818361808541E-02     1.20109805006657E-01    -5.81552937020052E-02     1.36811308008345E-01
         6.15225789795149    -3.13603159151811E-02     5.79123677748543E-01    -2.80123786925280E-01    -2.03487539309985E-01    -2.46788516503461E-02     2.03403181167041E-01    -2.20612878970040E-01     4.79910893684394E-02     2.10193816120259E-02    -1.18578300775701E-01    -1.43917729816323E-01     1.75533281197171E-01     1.95344882385581E-01    -9.21042954099300E-02     1.34355823119393E-01    -8.30781317836214E-02
         2.10812896173001    -1.82476343417958E-01     6.04350746203590E-02     8.57367045112071E-01     1.39110739002261E-01    -2.82923215501822E-01     1.28023468859848E-01     4.83981794614861E-01     1.77993537037323E-01    -9.82524015432561E-03    -6.18939137334449E-03     8.86702091528869E-01     9.48467095045446E-02     9.30566804107160E-02     2.04267765308986E-01    -2.44225381702721E-01     5.93339740071015E-02
         0.81523044205703     2.36662477134084E-01    -2.31683201123427E-01    -3.10532196169717E-01     6.22731521689457E-01    -5.85517407761581E-01    -3.46034023345506E-02     6.19477592726875E-01     4.72394452152660E-01    -1.16609776890135E-01    -3.03502834931831E-01     4.79279610077566E-02     8.51568008492169E-01    -4.77705043284747E-01    -5.69208753095070E-02     8.28728357486333E-01     3.94660214520654E-02
         0.25866561771577    -6.86483694531250E-01    -1.94403757222198E-02    -4.63966142296227E-02     4.13249778991689E-01     2.50324445660897E-01    -2.67005092076421E-01    -4.06872886302850E-01     5.48749239984955E-01     5.74176233310594E-01    -1.41075722817650E-01    -1.08632419285545E-01     3.43267204457392E-01     7.06193874020726E-01     9.18659096229905E-01     1.89411106321885E-01    -6.56069044087676E-01
         0.18327254034009     6.42731005661775E-01     2.50067538627511E-01     2.67786661754490E-01     3.51707938119164E-01     4.28077447058031E-01    -2.09778220059371E-01    -3.54392445541674E-01     4.64832677365966E-01    -7.62681881484944E-01     2.17633384971258E-01     1.69828058050777E-01     1.98871535850582E-01     4.04184191770905E-01    -2.80008592221347E-01     1.51280559268557E-01     7.24158629632328E-01
         0.08395070987365    -6.16408406456097E-02    -1.42194489458336E-01    -8.98736251256332E-02     3.90654754955313E-01     4.85640123610554E-01     6.74679309868909E-01     1.89669203276916E-01     2.48120275987273E-01     2.62612240904835E-01     8.77896031875828E-01    -2.81728040618027E-01     1.86128996443965E-01     1.43930093223275E-01    -2.97637503524248E-02     4.15264728391145E-01    -5.63618796742646E-02


CD QZVPP-MOLOPT-PBE-Q20
 2
 1 0 2 6 2 1 1
       269.31782635184203     1.00097016375510E-01     6.02413215282251E-02    -4.36654124760769E-04    -3.36275955257730E-06
        35.61863058711921    -3.36680935112289E-01    -1.73169012638207E-01     4.41313403361299E-03     2.36630523942285E-03
        14.12005539545654     9.15206245646592E-01     9.30243981211091E-02     8.97688977181619E-02     5.78884984091233E-04
         8.31510844190865    -1.58138511297247E-01     8.08492039149275E-01    -3.78872582742591E-01    -3.88260533838833E-02
         2.03890784222031     1.13464884431622E-02    -5.35425888697702E-01     9.20666077591568E-01     4.43662386878244E-01
         0.88416228110368    -1.17845371647788E-01     1.31869928115436E-01     2.74120083495973E-02     8.95349255613982E-01
 1 0 4 6 5 4 3 4 2
         4.66790570426502    -1.64555357154080E-01    -2.82143990228822E-01    -2.98687874873200E-02    -1.62911859099008E-01    -7.20580513414894E-02     4.13495480037455E-03     7.64227624332270E-02     3.90549146385055E-02    -1.83414387132274E-01    -6.05971078073771E-01     1.68631250605989E-01     9.71541446096941E-02     9.55488024658932E-01     3.04505064090748E-02    -5.10413627692479E-03     1.19129368639987E-01     7.91928067407350E-01    -4.52947014205771E-01
         1.41509430470939     9.79421162619936E-01    -8.84508588065033E-02    -4.78269441641080E-03    -1.05882315495799E-01    -8.29587942458511E-02     1.26091695485590E-01     7.16125186632113E-02     7.44405467844822E-02     8.34796197509551E-02     5.92433561270004E-01    -1.51430729834048E-01     1.15343000944111E-01    -9.51187535090753E-02     9.42287571131222E-01    -4.95965693941061E-02    -3.63843246563719E-02     6.01461590304536E-01     5.50361530348607E-01
         0.68157794581837     5.27034260018495E-02     8.81831339269246E-01    -2.90278068185363E-01    -1.08657990995136E-01     2.28710152534231E-01     9.85944035618719E-01    -7.22048864489267E-02     6.96821228935470E-02    -5.35558296611645E-02     5.01729004740372E-01     9.16839851992447E-02     1.40975026615436E-01     9.38424354212162E-02     9.32897605187175E-02     6.57052011862516E-01     3.45578701149785E-01     8.36144687323124E-02     8.72683111633722E-02
         0.35568470604937     6.97715697772228E-02     1.32884843700161E-01     7.92055678640198E-01     3.53664391422220E-01     4.41066562793001E-01     8.98404119440371E-02     7.98952393384158E-01    -5.77220136670454E-01    -1.27147685473269E-01     1.55474695339895E-01     9.62316300863594E-01    -4.03000976195858E-02    -1.58264787738557E-01     7.52191372005649E-02     8.04604520985770E-02     8.09546021341701E-01    -3.12889003453980E-02    -6.36649644763717E-01
         0.15664260633782     7.75025428513446E-02    -1.93901191944072E-01    -5.15114838839100E-01     7.59450428830696E-01     3.23934853944740E-01    -1.47162292674284E-02     5.87404889569029E-01     7.70602014033594E-01     2.14128997623281E-01    -7.68766966681873E-02     4.45296561064948E-02     9.66684400980703E-01     1.06233666427272E-01     9.27162227155434E-02    -7.30731319848221E-01     3.33019050946636E-01    -2.76131942350271E-02     2.40170047400650E-01
         0.04673153268475     1.83123842562345E-03    -2.82291780812355E-01    -1.48755266260776E-01    -4.98596677497832E-01     7.97586132908339E-01     6.09120520432176E-02    -2.11714841663621E-02    -2.47117725336662E-01     9.45782388947940E-01     2.66953921913228E-03    -1.10411634614373E-01     1.45877610419057E-01     1.81260364829034E-01     2.97001185145074E-01     1.59231390264584E-01    -3.14313993953164E-01    -4.85904134446880E-02    -1.46017150550583E-01
