CD QZVPP-MOLOPT-PBE-Q20
 2
 1 0 2 6 2 1 1
       269.31782635184203     1.00097016375510E-01     6.02413215282251E-02    -4.36654124760769E-04    -3.36275955257730E-06
        35.61863058711921    -3.36680935112289E-01    -1.73169012638207E-01     4.41313403361299E-03     2.36630523942285E-03
        14.12005539545654     9.15206245646592E-01     9.30243981211091E-02     8.97688977181619E-02     5.78884984091233E-04
         8.31510844190865    -1.58138511297247E-01     8.08492039149275E-01    -3.78872582742591E-01    -3.88260533838833E-02
         2.03890784222031     1.13464884431622E-02    -5.35425888697702E-01     9.20666077591568E-01     4.43662386878244E-01
         0.88416228110368    -1.17845371647788E-01     1.31869928115436E-01     2.74120083495973E-02     8.95349255613982E-01
 1 0 4 6 5 4 3 4 2
         4.66790570426502    -1.64555357154080E-01    -2.82143990228822E-01    -2.98687874873200E-02    -1.62911859099008E-01    -7.20580513414894E-02     4.13495480037455E-03     7.64227624332270E-02     3.90549146385055E-02    -1.83414387132274E-01    -6.05971078073771E-01     1.68631250605989E-01     9.71541446096941E-02     9.55488024658932E-01     3.04505064090748E-02    -5.10413627692479E-03     1.19129368639987E-01     7.91928067407350E-01    -4.52947014205771E-01
         1.41509430470939     9.79421162619936E-01    -8.84508588065033E-02    -4.78269441641080E-03    -1.05882315495799E-01    -8.29587942458511E-02     1.26091695485590E-01     7.16125186632113E-02     7.44405467844822E-02     8.34796197509551E-02     5.92433561270004E-01    -1.51430729834048E-01     1.15343000944111E-01    -9.51187535090753E-02     9.42287571131222E-01    -4.95965693941061E-02    -3.63843246563719E-02     6.01461590304536E-01     5.50361530348607E-01
         0.68157794581837     5.27034260018495E-02     8.81831339269246E-01    -2.90278068185363E-01    -1.08657990995136E-01     2.28710152534231E-01     9.85944035618719E-01    -7.22048864489267E-02     6.96821228935470E-02    -5.35558296611645E-02     5.01729004740372E-01     9.16839851992447E-02     1.40975026615436E-01     9.38424354212162E-02     9.32897605187175E-02     6.57052011862516E-01     3.45578701149785E-01     8.36144687323124E-02     8.72683111633722E-02
         0.35568470604937     6.97715697772228E-02     1.32884843700161E-01     7.92055678640198E-01     3.53664391422220E-01     4.41066562793001E-01     8.98404119440371E-02     7.98952393384158E-01    -5.77220136670454E-01    -1.27147685473269E-01     1.55474695339895E-01     9.62316300863594E-01    -4.03000976195858E-02    -1.58264787738557E-01     7.52191372005649E-02     8.04604520985770E-02     8.09546021341701E-01    -3.12889003453980E-02    -6.36649644763717E-01
         0.15664260633782     7.75025428513446E-02    -1.93901191944072E-01    -5.15114838839100E-01     7.59450428830696E-01     3.23934853944740E-01    -1.47162292674284E-02     5.87404889569029E-01     7.70602014033594E-01     2.14128997623281E-01    -7.68766966681873E-02     4.45296561064948E-02     9.66684400980703E-01     1.06233666427272E-01     9.27162227155434E-02    -7.30731319848221E-01     3.33019050946636E-01    -2.76131942350271E-02     2.40170047400650E-01
         0.04673153268475     1.83123842562345E-03    -2.82291780812355E-01    -1.48755266260776E-01    -4.98596677497832E-01     7.97586132908339E-01     6.09120520432176E-02    -2.11714841663621E-02    -2.47117725336662E-01     9.45782388947940E-01     2.66953921913228E-03    -1.10411634614373E-01     1.45877610419057E-01     1.81260364829034E-01     2.97001185145074E-01     1.59231390264584E-01    -3.14313993953164E-01    -4.85904134446880E-02    -1.46017150550583E-01
H QZVPP-MOLOPT-PBE-AE
 2
 1 0 0 4 1
       190.54117440353127     1.96600972886938E-02
        28.48589623081718     5.38615245148400E-01
         6.82683105625948     8.41690491707832E-01
         1.91976916792120    -3.26222996883324E-02
 1 0 3 4 3 3 2 1
         3.13044722440195    -3.66327628299461E-01     2.56023465069061E-01     1.80301571342015E-01     9.57864765395543E-01    -2.86990854469403E-01     7.09708425215970E-03     9.99207337838246E-01    -1.14391682399844E-02     5.85140484472903E-01
         0.96627664577475     8.95826280526715E-01     1.78507674168198E-01     3.15139388181339E-01     2.45050348375012E-01     8.29767518144689E-01     5.01170647875718E-01     1.62635846128724E-02     9.81329325317073E-01     6.84086073735301E-01
         0.31928820204257    -2.30012077387642E-01     6.10224429055026E-01     6.40105374762635E-01    -1.47922353363481E-01    -4.66731275488582E-01     8.51205422301253E-01    -4.48915950780499E-03     1.60295348734119E-01    -4.27324109791794E-01
         0.10666805621490    -1.01949929465328E-01    -7.28157360590113E-01     6.77084646545968E-01     2.37570063441528E-02     1.06226323308904E-01    -1.55650063115620E-01     3.60560573643188E-02    -1.05675455413839E-01    -8.38508338830758E-02
C QZVPP-MOLOPT-PBE-AE
 3
 1 0 0 8 1
     67025.10701901487482     1.55242819581319E-04
     10039.96335431500120     1.79971855855663E-03
      2284.84440343404003     9.18465603393004E-03
       647.15582521948454     3.30943254643816E-02
       211.19400038923030     1.40054573872043E-01
        76.38630250999670     4.88904212464159E-01
        29.42939055659313     2.78742815383946E-01
        12.03316158077197     8.13926885458716E-01
 1 0 1 5 2 1
       105.22664287722547     1.24505987707591E-01    -1.23979079829649E-01     8.48724734240174E-03
        24.91583300068185     8.86899830964621E-01    -2.61079451396708E-01     7.12935689849336E-02
         7.80229155370005     4.00003776712541E-01     4.47986862457745E-01     2.93646788512991E-01
         3.21099181776232     6.52461897044525E-02     8.43161823281634E-01     4.71754813357094E-01
         1.56967041290132     1.83430810401738E-01     6.96607396504121E-02     8.28289896910713E-01
 1 0 4 4 4 3 3 2 1
         2.47850638544973     9.25363103371105E-01     3.63921965952564E-01    -4.09754907799388E-02     9.79027005345653E-02     8.73685730878957E-02     3.72622955903123E-01    -9.83513676753767E-02     4.18652943059247E-01    -8.11425670640435E-01    -2.99873003208179E-01     8.66784219363824E-01    -3.74034672761027E-01     4.58087622796984E-01
         0.78087017731256    -2.54208430662628E-01     7.69342245085598E-01    -2.12774533576705E-01    -5.46093015490870E-01     7.33644745126078E-01    -6.00104778885827E-01     2.48102701482297E-01     8.43800014184531E-01     5.13566081489940E-01    -1.18528266702603E-01     4.72493367712121E-01     8.15402228229376E-01     8.80208065556334E-01
         0.29223334789975    -1.80276620568274E-01     4.39776512878143E-01     7.84816560471271E-01     3.97693255169442E-01     5.19905537704389E-01     2.32993327506253E-01    -7.89436028296271E-01     2.94729082110152E-01    -2.41293925323745E-01     9.09144108822956E-01    -8.52078289092147E-02     3.90944163971848E-01    -9.54945193189171E-02
         0.09841607149407    -2.15827571862177E-01     2.86827354596128E-01    -5.80612584626446E-01     7.30778731527445E-01     4.28754419510502E-01     6.68386487318509E-01     5.52777364968373E-01     1.60829156214052E-01    -1.40055355380103E-01    -2.63598598880757E-01     1.34813799080373E-01    -2.05863863821392E-01    -7.91851498062194E-02
F QZVPP-MOLOPT-PBE-AE
 3
 1 0 0 8 1
    132536.04395257573924     2.19133884152562E-04
     19758.15592578060023     2.13098802939830E-03
      4485.33885808192372     9.36952235670608E-03
      1273.60032301696378     4.57116768597223E-02
       418.75079369228018     1.29815698472524E-01
       152.24712142839283     3.88984269444136E-01
        59.93506405237581     3.48051089779771E-01
        24.88806979770636     8.41734891149259E-01
 1 0 1 5 2 1
       240.82710880865446    -5.22362746235088E-02     7.61618022060436E-02     2.22155163398913E-02
        56.74054074501728     8.36915891686098E-01    -3.52431037520191E-01     9.17502257704855E-02
        18.02568816680041     5.06654331012575E-01     3.90319004241376E-01     6.94833984744179E-01
         7.22835931546723     1.13647744824332E-01     8.46604124895882E-01     5.19336475096237E-01
         2.54051853711273     1.65011335426585E-01     3.00711541924844E-02     4.88450331337750E-01
 1 0 4 4 4 3 3 2 1
         4.64152109972176     7.99092172965100E-01     3.57185510151160E-01    -4.75225254357118E-01     8.96167845059310E-02     2.14101203990999E-03     4.09061558167189E-01    -4.32260580718334E-01     5.23415929943841E-01    -8.45844703511436E-01    -9.90960844591549E-02     6.49830793177351E-01    -6.47812475723957E-01     7.18812892465629E-01
         1.55189089466188    -5.65383503262805E-01     6.20688611440661E-01    -5.16124369070663E-01    -1.69418940846506E-01     9.01357430415779E-01    -3.23634717094166E-01     1.52228377872265E-01     8.31684066132871E-01     4.84322390964955E-01     2.69070652276370E-01     7.59749389285090E-01     5.45754817250953E-01     6.81802537410497E-01
         0.54311529853246     1.47999793272877E-01     6.59726542294831E-01     7.03321697890184E-01    -2.19534826074957E-01     3.64587678140232E-01     2.81361980784028E-01    -7.13536840615867E-01    -1.67858516623561E-01    -2.20433972029506E-01     9.41600143248362E-01     1.96681952393344E-02     4.63299478087506E-01    -2.42238812327185E-02
         0.17933709925335    -1.41029268364327E-01     2.27870683409749E-01     1.14521537491829E-01     9.56593181325010E-01     2.33722107747691E-01     8.05459277239079E-01     5.29945741006902E-01     7.84913805373263E-02     3.72481291736264E-02    -1.76550617000047E-01     1.06755709662101E-02    -2.60469325156765E-01    -1.33665736760872E-01
