################################################################################################
# Rubidium
################################################################################################
 Rb ccGRB-D-q9 
   2
  1  0  1  6  3  2
   6.52632047318       -0.0785183636   -0.0251919032    0.0130039009   -0.0443451023    0.0095041151
   2.42440580072        0.5477362077    0.1867910233   -0.1712240441    0.1760541639   -0.0275874753
  0.900621339500       -0.3803656234   -0.1925823006   -0.2501281241   -0.4090837250    0.0379145594
  0.334563956629       -0.8752864661   -0.2673118943    2.5318923650   -0.6185272185    0.6580927317
  0.124284242629       -0.0407139135   -0.5292969333   -3.8459059676   -0.1586165156   -0.5187163831
  0.461692679674E-01   -0.0145951948    1.4428335580    1.8722204627   -0.0069111981   -0.7463944820
2 2 2 1 1
      0.37762000             1.0000000

 Rb ccGRB-T-q9 
   3
  1  0  1  7  4  3
   6.56662535239       -0.0768113647    0.0239593469   -0.0143305012    0.1756688034   -0.0432843184    0.0098270840   -0.0884752305
   2.40537960065        0.5512078585   -0.1833053946    0.1807217972   -1.1334494852    0.1744927304   -0.0302592481    0.3909668289
  0.881099607901       -0.4144495338    0.1968197077    0.1794347987    2.5494087520   -0.4281617568    0.0548799905   -1.1415160234
  0.322750105153       -0.8637611781    0.2793915584   -2.3709547528   -1.9201153206   -0.6167940588    0.6493296599    0.2372586972
  0.118224579199       -0.0207332719    0.4681263712    3.7343250354   -0.3838359469   -0.1416615667   -0.5749966230    1.3341698872
  0.433061086692E-01   -0.0186214701   -1.4347241879   -1.8770734075    2.1845115836   -0.0060674959   -0.7223329915   -1.1552425982
  0.158631907238E-01    0.0015577952    0.0313968005    0.0199515114   -1.7127965847    0.0002667332    0.0304360245    0.0287138251
2 2 2 2 2
      0.41209482             1.0000000   0.0000000
      0.06849964             0.0000000   1.0000000
3 3 3 1 1
      0.07757084             1.0000000

 Rb ccGRB-Q-q9 
   4
  1  0  1  8  5  4
   6.26966350005       -0.0952732950   -0.0236696578    0.0580741894    0.1084299983    0.8790850400   -0.0562897346    0.0265922908    0.0060976231   -0.2470716860
   2.72693278021        0.4583657429    0.1236136024   -0.3050974665   -0.5005427367   -4.3526747521    0.1764521540   -0.0900844347   -0.1069908573    0.9959054773
   1.18605446492        0.0405711498    0.0539666080    0.2652460740    2.4716949770    8.9958212947   -0.1800045198    0.1529236297    0.6269744742   -2.3430893808
  0.515863538685       -0.8600056168   -0.4593029053   -0.2286903643   -6.5473117334   -9.5272174820   -0.5594115713    0.0217582329   -2.6213988775    1.4773348472
  0.224370126681       -0.3516644472    0.0780686417    2.7136568782    8.0587565408    6.9854173483   -0.3620922908    0.7832562363    3.0389690728    0.9640071642
  0.975877339097E-01   -0.0367762877   -0.7148590362   -4.9884668879   -4.8249303700   -4.4414739047   -0.0783349383   -1.0331730441   -0.9153875494   -2.4519411208
  0.424448920652E-01    0.0052036551    1.6321198612    2.7257230039    0.8030137188    2.5429565415   -0.0012341803   -0.4463991099   -0.2737161640    1.7976286594
  0.184610174891E-01   -0.0005030513   -0.0626704045   -0.0882041969    0.5128933758   -0.9253018649    0.0000614833    0.0285696116   -0.0114586280   -0.2461346970
2 2 2 3 3
      0.92747304             1.0000000   0.00000000   0.00000000
      0.46986732             0.0000000   1.00000000   0.00000000
      0.14220790             0.0000000   0.00000000   1.00000000
3 3 3 2 2
      0.52160842             1.0000000   0.00000000
      0.12797474             0.0000000   1.00000000
4 4 4 1 1
      0.12239212             1.0000000

Rb aug-cc-D-q9 
    3
1 0 0 1 1
      6.590000E-03           1.000000E+00
1 1 1 1 1
      4.930000E-03           1.000000E+00
1 2 2 1 1
      6.650000E-03           1.000000E+00

Rb aug-cc-T-q9 
    4
1 0 0 1 1
      6.470000E-03           1.000000E+00
1 1 1 1 1
      4.320000E-03           1.000000E+00
1 2 2 1 1
      5.160000E-03           1.000000E+00
1 3 3 1 1
      3.394000E-02           1.000000E+00

Rb aug-cc-Q-q9
    5
1 0 0 1 1
      5.590000E-03           1.000000E+00
1 1 1 1 1
      3.960000E-03           1.000000E+00
1 2 2 1 1
      6.770000E-03           1.000000E+00
1 3 3 1 1
      2.764000E-02           1.000000E+00
1 4 4 1 1
      3.256000E-02           1.000000E+00

