#
# Generated with CP2K Atom Code
#
 Rb ccGRB-VAL-0
   1
  1  0  1  6  2  1
   6.52632047318       -0.0785183636   -0.0251919032   -0.0443451023
   2.42440580072        0.5477362077    0.1867910233    0.1760541639
  0.900621339500       -0.3803656234   -0.1925823006   -0.4090837250
  0.334563956629       -0.8752864661   -0.2673118943   -0.6185272185
  0.124284242629       -0.0407139135   -0.5292969333   -0.1586165156
  0.461692679674E-01   -0.0145951948    1.4428335580   -0.0069111981

 Rb ccGRB-VAL-1
   1
  1  0  1  6  3  2
   6.52632047318       -0.0785183636   -0.0251919032    0.0130039009   -0.0443451023    0.0095041151
   2.42440580072        0.5477362077    0.1867910233   -0.1712240441    0.1760541639   -0.0275874753
  0.900621339500       -0.3803656234   -0.1925823006   -0.2501281241   -0.4090837250    0.0379145594
  0.334563956629       -0.8752864661   -0.2673118943    2.5318923650   -0.6185272185    0.6580927317
  0.124284242629       -0.0407139135   -0.5292969333   -3.8459059676   -0.1586165156   -0.5187163831
  0.461692679674E-01   -0.0145951948    1.4428335580    1.8722204627   -0.0069111981   -0.7463944820

