AU TZV2P-MOLOPT-SCAN-GTH-Q11
 1
 2 0 3 5 3 3 3 2
         1.78043438415710     4.45960039095623E-01    -2.05744960466579E-01    -2.94350257932436E-01     7.43408392004562E-02    -1.41903673276932E-01    -9.23842507219676E-01    -2.48857452387476E-01     2.55083023076053E-01    -1.88423952641916E-01    -2.43281286633637E-01    -1.33466911954868E-02
         1.60509630608981    -4.71981087929851E-01     2.35617073617050E-01    -6.23760565649155E-02    -1.86491781060981E-01     7.64417684810611E-02    -2.71219489232568E-01     5.75751925107429E-01    -4.87237779383155E-01     2.31233628012661E-01     3.29009732075093E-01    -8.58124981695434E-04
         0.59774189921939    -3.30640254368993E-01     1.20729060407966E-01     7.29037683945957E-01     5.08568713806119E-01     5.61369263807444E-01     1.06231523544100E-01     4.17631736158514E-01    -2.84350508880262E-01    -4.48623688746848E-02    -5.37806624818513E-01     2.14897112631839E-01
         0.21974834484856     4.22197960570677E-01    -4.68605633646303E-01     5.89587250025488E-01     2.79246569334744E-01    -8.10549949148590E-01     2.16284068095293E-01     4.76882946195298E-01     2.71068285807072E-01    -8.12127330169965E-01    -7.26597162113257E-01    -3.12907839437357E-01
         0.06754512510587     5.39239650292106E-01     8.17304631059130E-01     1.74235711656989E-01     7.89350031403078E-01    -4.35124479834049E-02    -1.22028995767962E-01     4.52488759758319E-01     7.37020196608821E-01     4.99463703182579E-01    -1.24045999871172E-01     9.25056238537308E-01
AU TZVP-MOLOPT-SCAN-GTH-q11
 1
 2 0 3 5 3 3 3 1
         1.78043438415710     4.45960039095623E-01    -2.05744960466579E-01    -2.94350257932436E-01     7.43408392004562E-02    -1.41903673276932E-01    -9.23842507219676E-01    -2.48857452387476E-01     2.55083023076053E-01    -1.88423952641916E-01    -2.43281286633637E-01
         1.60509630608981    -4.71981087929851E-01     2.35617073617050E-01    -6.23760565649155E-02    -1.86491781060981E-01     7.64417684810611E-02    -2.71219489232568E-01     5.75751925107429E-01    -4.87237779383155E-01     2.31233628012661E-01     3.29009732075093E-01
         0.59774189921939    -3.30640254368993E-01     1.20729060407966E-01     7.29037683945957E-01     5.08568713806119E-01     5.61369263807444E-01     1.06231523544100E-01     4.17631736158514E-01    -2.84350508880262E-01    -4.48623688746848E-02    -5.37806624818513E-01
         0.21974834484856     4.22197960570677E-01    -4.68605633646303E-01     5.89587250025488E-01     2.79246569334744E-01    -8.10549949148590E-01     2.16284068095293E-01     4.76882946195298E-01     2.71068285807072E-01    -8.12127330169965E-01    -7.26597162113257E-01
         0.06754512510587     5.39239650292106E-01     8.17304631059130E-01     1.74235711656989E-01     7.89350031403078E-01    -4.35124479834049E-02    -1.22028995767962E-01     4.52488759758319E-01     7.37020196608821E-01     4.99463703182579E-01    -1.24045999871172E-01
AU DZVP-MOLOPT-SCAN-GTH-q11
 1
 2 0 3 5 2 2 2 1
         1.78043438415710     4.45960039095623E-01    -2.05744960466579E-01     7.43408392004562E-02    -1.41903673276932E-01    -2.48857452387476E-01     2.55083023076053E-01    -2.43281286633637E-01
         1.60509630608981    -4.71981087929851E-01     2.35617073617050E-01    -1.86491781060981E-01     7.64417684810611E-02     5.75751925107429E-01    -4.87237779383155E-01     3.29009732075093E-01
         0.59774189921939    -3.30640254368993E-01     1.20729060407966E-01     5.08568713806119E-01     5.61369263807444E-01     4.17631736158514E-01    -2.84350508880262E-01    -5.37806624818513E-01
         0.21974834484856     4.22197960570677E-01    -4.68605633646303E-01     2.79246569334744E-01    -8.10549949148590E-01     4.76882946195298E-01     2.71068285807072E-01    -7.26597162113257E-01
         0.06754512510587     5.39239650292106E-01     8.17304631059130E-01     7.89350031403078E-01    -4.35124479834049E-02     4.52488759758319E-01     7.37020196608821E-01    -1.24045999871172E-01
CL TZV2P-MOLOPT-SCAN-GTH-Q7
 1
 2 0 3 4 3 3 2 1
         1.99031135450461     4.85018816633289E-01     1.94158525239581E-01    -1.02487019822790E-01     3.26464872695311E-01     1.51626624474172E-01    -3.04303079631876E-01     1.14349988907458E-01    -6.94120784194127E-02    -3.74274318976047E-02
         1.46501921747017    -3.69443122264159E-01     8.84925501203065E-02    -9.21581198729358E-01    -4.91090003440862E-01    -1.60659090706497E-01    -8.51979523656754E-01     2.49763916797096E-01     9.08906621638742E-01     2.75533996785233E-01
         0.40655378963524    -5.57894471564660E-01    -6.37209072162332E-01     2.04948617227288E-01    -6.93734950650820E-01    -3.56105172703454E-01     4.21045721459141E-01     9.48735957067630E-01    -2.80461592308605E-01     9.57496717801440E-01
         0.13370286337397    -5.63047320854067E-01     7.40564739914085E-01     3.13337787719621E-01    -4.13501044329990E-01     9.07957669331436E-01     6.51999036588082E-02     1.56339853108561E-01     3.00685902147853E-01    -7.66827187609711E-02
CL TZVP-MOLOPT-SCAN-GTH-q7
 1
 2 0 2 4 3 3 1
         1.99031135450461     4.85018816633289E-01     1.94158525239581E-01    -1.02487019822790E-01     3.26464872695311E-01     1.51626624474172E-01    -3.04303079631876E-01     1.14349988907458E-01
         1.46501921747017    -3.69443122264159E-01     8.84925501203065E-02    -9.21581198729358E-01    -4.91090003440862E-01    -1.60659090706497E-01    -8.51979523656754E-01     2.49763916797096E-01
         0.40655378963524    -5.57894471564660E-01    -6.37209072162332E-01     2.04948617227288E-01    -6.93734950650820E-01    -3.56105172703454E-01     4.21045721459141E-01     9.48735957067630E-01
         0.13370286337397    -5.63047320854067E-01     7.40564739914085E-01     3.13337787719621E-01    -4.13501044329990E-01     9.07957669331436E-01     6.51999036588082E-02     1.56339853108561E-01
CL DZVP-MOLOPT-SCAN-GTH-q7
 1
 2 0 2 4 2 2 1
         1.99031135450461     4.85018816633289E-01     1.94158525239581E-01     3.26464872695311E-01     1.51626624474172E-01     1.14349988907458E-01
         1.46501921747017    -3.69443122264159E-01     8.84925501203065E-02    -4.91090003440862E-01    -1.60659090706497E-01     2.49763916797096E-01
         0.40655378963524    -5.57894471564660E-01    -6.37209072162332E-01    -6.93734950650820E-01    -3.56105172703454E-01     9.48735957067630E-01
         0.13370286337397    -5.63047320854067E-01     7.40564739914085E-01    -4.13501044329990E-01     9.07957669331436E-01     1.56339853108561E-01
