AU TZV2P-MOLOPT-SCAN-GTH-Q19
 1
 2 0 3 6 4 3 3 2
         6.37081206926100    -6.24149847502694E-01    -1.52737566273144E-01    -1.50757323424003E-01     1.92302072564359E-01    -4.95896774333779E-01    -4.28784216017815E-02    -5.87692118595777E-03     6.68699074411539E-02    -3.90478526444934E-02    -5.85262019069138E-02     1.42814114854372E-02     9.73826518313682E-03
         6.09457105341716     6.90636415844687E-01     2.08282613506937E-01     1.55986738810407E-01     3.16272834188671E-01     6.09942786588940E-01     4.01570546278455E-02     1.84540363406076E-02    -1.25922483697892E-01     6.34563122281512E-02     5.11289018508349E-02    -1.56947961094574E-02    -1.58922689155264E-02
         1.47068314580019    -1.18450394291488E-01    -1.61907100864836E-01     9.41158380208481E-02     5.16194921388974E-01    -5.02561534046312E-01    -2.81269000951100E-01    -3.86014305386750E-02     5.95042888554539E-01    -2.39912958758988E-01     2.99699488811149E-01    -6.03905067308956E-02     3.55936392209116E-01
         0.60339846725395     1.94101468968633E-03    -3.63105029964277E-01     2.84597633832851E-01     6.39318952694825E-01    -2.29852598977848E-01    -2.86709585520657E-01     1.28251145131210E-01     5.54755312679227E-01    -3.32712087478312E-01     2.67425980124409E-01    -5.67102175076154E-01     3.04161620534624E-01
         0.24918063064039     3.54741612047417E-02     3.89349167186179E-01    -7.99103550556676E-01     4.05150146002490E-01    -2.54162817070886E-01     8.34326783704934E-01    -3.79340701966277E-01     4.78094012085741E-01     1.46194147079352E-01    -8.57175544225176E-01    -8.13725903682690E-01    -3.47904360893402E-01
         0.07460704808628    -3.43752279137977E-01     7.89707314563624E-01     4.73835707906669E-01     1.53814324083622E-01    -1.09804990561491E-01     3.73005405579704E-01     9.15307115401572E-01     2.98778451399643E-01     8.97117758194168E-01     3.12848472952942E-01    -1.10217866326360E-01     8.12040732319631E-01
AU TZVP-MOLOPT-SCAN-GTH-q19
 1
 2 0 3 6 4 3 3 1
         6.37081206926100    -6.24149847502694E-01    -1.52737566273144E-01    -1.50757323424003E-01     1.92302072564359E-01    -4.95896774333779E-01    -4.28784216017815E-02    -5.87692118595777E-03     6.68699074411539E-02    -3.90478526444934E-02    -5.85262019069138E-02     1.42814114854372E-02
         6.09457105341716     6.90636415844687E-01     2.08282613506937E-01     1.55986738810407E-01     3.16272834188671E-01     6.09942786588940E-01     4.01570546278455E-02     1.84540363406076E-02    -1.25922483697892E-01     6.34563122281512E-02     5.11289018508349E-02    -1.56947961094574E-02
         1.47068314580019    -1.18450394291488E-01    -1.61907100864836E-01     9.41158380208481E-02     5.16194921388974E-01    -5.02561534046312E-01    -2.81269000951100E-01    -3.86014305386750E-02     5.95042888554539E-01    -2.39912958758988E-01     2.99699488811149E-01    -6.03905067308956E-02
         0.60339846725395     1.94101468968633E-03    -3.63105029964277E-01     2.84597633832851E-01     6.39318952694825E-01    -2.29852598977848E-01    -2.86709585520657E-01     1.28251145131210E-01     5.54755312679227E-01    -3.32712087478312E-01     2.67425980124409E-01    -5.67102175076154E-01
         0.24918063064039     3.54741612047417E-02     3.89349167186179E-01    -7.99103550556676E-01     4.05150146002490E-01    -2.54162817070886E-01     8.34326783704934E-01    -3.79340701966277E-01     4.78094012085741E-01     1.46194147079352E-01    -8.57175544225176E-01    -8.13725903682690E-01
         0.07460704808628    -3.43752279137977E-01     7.89707314563624E-01     4.73835707906669E-01     1.53814324083622E-01    -1.09804990561491E-01     3.73005405579704E-01     9.15307115401572E-01     2.98778451399643E-01     8.97117758194168E-01     3.12848472952942E-01    -1.10217866326360E-01
AU DZVP-MOLOPT-SCAN-GTH-q19
 1
 2 0 3 6 3 2 2 1
         6.37081206926100    -6.24149847502694E-01    -1.52737566273144E-01    -1.50757323424003E-01    -4.95896774333779E-01    -4.28784216017815E-02     6.68699074411539E-02    -3.90478526444934E-02     1.42814114854372E-02
         6.09457105341716     6.90636415844687E-01     2.08282613506937E-01     1.55986738810407E-01     6.09942786588940E-01     4.01570546278455E-02    -1.25922483697892E-01     6.34563122281512E-02    -1.56947961094574E-02
         1.47068314580019    -1.18450394291488E-01    -1.61907100864836E-01     9.41158380208481E-02    -5.02561534046312E-01    -2.81269000951100E-01     5.95042888554539E-01    -2.39912958758988E-01    -6.03905067308956E-02
         0.60339846725395     1.94101468968633E-03    -3.63105029964277E-01     2.84597633832851E-01    -2.29852598977848E-01    -2.86709585520657E-01     5.54755312679227E-01    -3.32712087478312E-01    -5.67102175076154E-01
         0.24918063064039     3.54741612047417E-02     3.89349167186179E-01    -7.99103550556676E-01    -2.54162817070886E-01     8.34326783704934E-01     4.78094012085741E-01     1.46194147079352E-01    -8.13725903682690E-01
         0.07460704808628    -3.43752279137977E-01     7.89707314563624E-01     4.73835707906669E-01    -1.09804990561491E-01     3.73005405579704E-01     2.98778451399643E-01     8.97117758194168E-01    -1.10217866326360E-01
CL TZV2P-MOLOPT-SCAN-GTH-Q7
 1
 2 0 3 4 3 3 2 1
         1.99031135450461     4.85018816633289E-01     1.94158525239581E-01    -1.02487019822790E-01     3.26464872695311E-01     1.51626624474172E-01    -3.04303079631876E-01     1.14349988907458E-01    -6.94120784194127E-02    -3.74274318976047E-02
         1.46501921747017    -3.69443122264159E-01     8.84925501203066E-02    -9.21581198729358E-01    -4.91090003440862E-01    -1.60659090706497E-01    -8.51979523656754E-01     2.49763916797096E-01     9.08906621638742E-01     2.75533996785233E-01
         0.40655378963524    -5.57894471564660E-01    -6.37209072162332E-01     2.04948617227288E-01    -6.93734950650820E-01    -3.56105172703454E-01     4.21045721459141E-01     9.48735957067630E-01    -2.80461592308605E-01     9.57496717801440E-01
         0.13370286337397    -5.63047320854067E-01     7.40564739914085E-01     3.13337787719621E-01    -4.13501044329990E-01     9.07957669331436E-01     6.51999036588082E-02     1.56339853108561E-01     3.00685902147853E-01    -7.66827187609711E-02
CL TZVP-MOLOPT-SCAN-GTH-q7
 1
 2 0 2 4 3 3 1
         1.99031135450461     4.85018816633289E-01     1.94158525239581E-01    -1.02487019822790E-01     3.26464872695311E-01     1.51626624474172E-01    -3.04303079631876E-01     1.14349988907458E-01
         1.46501921747017    -3.69443122264159E-01     8.84925501203066E-02    -9.21581198729358E-01    -4.91090003440862E-01    -1.60659090706497E-01    -8.51979523656754E-01     2.49763916797096E-01
         0.40655378963524    -5.57894471564660E-01    -6.37209072162332E-01     2.04948617227288E-01    -6.93734950650820E-01    -3.56105172703454E-01     4.21045721459141E-01     9.48735957067630E-01
         0.13370286337397    -5.63047320854067E-01     7.40564739914085E-01     3.13337787719621E-01    -4.13501044329990E-01     9.07957669331436E-01     6.51999036588082E-02     1.56339853108561E-01
CL DZVP-MOLOPT-SCAN-GTH-q7
 1
 2 0 2 4 2 2 1
         1.99031135450461     4.85018816633289E-01     1.94158525239581E-01     3.26464872695311E-01     1.51626624474172E-01     1.14349988907458E-01
         1.46501921747017    -3.69443122264159E-01     8.84925501203066E-02    -4.91090003440862E-01    -1.60659090706497E-01     2.49763916797096E-01
         0.40655378963524    -5.57894471564660E-01    -6.37209072162332E-01    -6.93734950650820E-01    -3.56105172703454E-01     9.48735957067630E-01
         0.13370286337397    -5.63047320854067E-01     7.40564739914085E-01    -4.13501044329990E-01     9.07957669331436E-01     1.56339853108561E-01
