AU TZV2P-MOLOPT-SCAN-GTH-Q11
 1
 2 0 3 5 3 3 3 2
         1.78043438415710     4.45976512828205E-01    -2.05869239374860E-01    -3.12966617490161E-01     7.44006509859834E-02    -1.41861004056387E-01    -9.23797837669213E-01    -2.48837670764766E-01     2.55072107239630E-01    -1.88589717732245E-01    -2.43245739362069E-01    -1.35948740038621E-02
         1.60509630608981    -4.72043762200594E-01     2.35623899032521E-01    -2.81689706294141E-02    -1.86569688426981E-01     7.63232625908141E-02    -2.71313174801684E-01     5.75792744091352E-01    -4.87158735873969E-01     2.31253433471787E-01     3.29048410465206E-01    -9.58449126725098E-04
         0.59774189921939    -3.30603908019210E-01     1.20656286710396E-01     6.98880607088959E-01     5.08532582092314E-01     5.61282867124720E-01     1.06333181464848E-01     4.17725077168395E-01    -2.84279865557452E-01    -4.49382424398447E-02    -5.37839848390934E-01     2.14909639297312E-01
         0.21974834484856     4.22165944967867E-01    -4.68519802134239E-01     6.16865145313352E-01     2.79119772565955E-01    -8.10626640027381E-01     2.16302495612565E-01     4.76846515336604E-01     2.71072542945590E-01    -8.12104367732416E-01    -7.26567716199626E-01    -3.12896517635717E-01
         0.06754512510587     5.39218515524936E-01     8.17331322028760E-01     1.79726723007323E-01     7.89394109432275E-01    -4.35454781324207E-02    -1.22037704042881E-01     4.52399922829473E-01     7.37101906570360E-01     4.99422484625525E-01    -1.24041545910228E-01     9.25053445463899E-01
AU TZVP-MOLOPT-SCAN-GTH-q11
 1
 2 0 3 5 3 3 3 1
         1.78043438415710     4.45976512828205E-01    -2.05869239374860E-01    -3.12966617490161E-01     7.44006509859834E-02    -1.41861004056387E-01    -9.23797837669213E-01    -2.48837670764766E-01     2.55072107239630E-01    -1.88589717732245E-01    -2.43245739362069E-01
         1.60509630608981    -4.72043762200594E-01     2.35623899032521E-01    -2.81689706294141E-02    -1.86569688426981E-01     7.63232625908141E-02    -2.71313174801684E-01     5.75792744091352E-01    -4.87158735873969E-01     2.31253433471787E-01     3.29048410465206E-01
         0.59774189921939    -3.30603908019210E-01     1.20656286710396E-01     6.98880607088959E-01     5.08532582092314E-01     5.61282867124720E-01     1.06333181464848E-01     4.17725077168395E-01    -2.84279865557452E-01    -4.49382424398447E-02    -5.37839848390934E-01
         0.21974834484856     4.22165944967867E-01    -4.68519802134239E-01     6.16865145313352E-01     2.79119772565955E-01    -8.10626640027381E-01     2.16302495612565E-01     4.76846515336604E-01     2.71072542945590E-01    -8.12104367732416E-01    -7.26567716199626E-01
         0.06754512510587     5.39218515524936E-01     8.17331322028760E-01     1.79726723007323E-01     7.89394109432275E-01    -4.35454781324207E-02    -1.22037704042881E-01     4.52399922829473E-01     7.37101906570360E-01     4.99422484625525E-01    -1.24041545910228E-01
AU DZVP-MOLOPT-SCAN-GTH-q11
 1
 2 0 3 5 2 2 2 1
         1.78043438415710     4.45976512828205E-01    -2.05869239374860E-01     7.44006509859834E-02    -1.41861004056387E-01    -2.48837670764766E-01     2.55072107239630E-01    -2.43245739362069E-01
         1.60509630608981    -4.72043762200594E-01     2.35623899032521E-01    -1.86569688426981E-01     7.63232625908141E-02     5.75792744091352E-01    -4.87158735873969E-01     3.29048410465206E-01
         0.59774189921939    -3.30603908019210E-01     1.20656286710396E-01     5.08532582092314E-01     5.61282867124720E-01     4.17725077168395E-01    -2.84279865557452E-01    -5.37839848390934E-01
         0.21974834484856     4.22165944967867E-01    -4.68519802134239E-01     2.79119772565955E-01    -8.10626640027381E-01     4.76846515336604E-01     2.71072542945590E-01    -7.26567716199626E-01
         0.06754512510587     5.39218515524936E-01     8.17331322028760E-01     7.89394109432275E-01    -4.35454781324207E-02     4.52399922829473E-01     7.37101906570360E-01    -1.24041545910228E-01
CL TZV2P-MOLOPT-SCAN-GTH-Q7
 1
 2 0 3 4 3 3 2 1
         1.99031135450461     4.85018816633289E-01     1.94158525239581E-01    -1.02487019822790E-01     3.26464872695311E-01     1.51626624474172E-01    -3.04303079631876E-01     1.14349988907458E-01    -6.94120784194127E-02    -3.74274318976047E-02
         1.46501921747017    -3.69443122264159E-01     8.84925501203066E-02    -9.21581198729358E-01    -4.91090003440862E-01    -1.60659090706497E-01    -8.51979523656754E-01     2.49763916797096E-01     9.08906621638742E-01     2.75533996785233E-01
         0.40655378963524    -5.57894471564660E-01    -6.37209072162332E-01     2.04948617227288E-01    -6.93734950650820E-01    -3.56105172703454E-01     4.21045721459141E-01     9.48735957067630E-01    -2.80461592308605E-01     9.57496717801440E-01
         0.13370286337397    -5.63047320854067E-01     7.40564739914085E-01     3.13337787719621E-01    -4.13501044329990E-01     9.07957669331436E-01     6.51999036588082E-02     1.56339853108561E-01     3.00685902147853E-01    -7.66827187609711E-02
CL TZVP-MOLOPT-SCAN-GTH-q7
 1
 2 0 2 4 3 3 1
         1.99031135450461     4.85018816633289E-01     1.94158525239581E-01    -1.02487019822790E-01     3.26464872695311E-01     1.51626624474172E-01    -3.04303079631876E-01     1.14349988907458E-01
         1.46501921747017    -3.69443122264159E-01     8.84925501203066E-02    -9.21581198729358E-01    -4.91090003440862E-01    -1.60659090706497E-01    -8.51979523656754E-01     2.49763916797096E-01
         0.40655378963524    -5.57894471564660E-01    -6.37209072162332E-01     2.04948617227288E-01    -6.93734950650820E-01    -3.56105172703454E-01     4.21045721459141E-01     9.48735957067630E-01
         0.13370286337397    -5.63047320854067E-01     7.40564739914085E-01     3.13337787719621E-01    -4.13501044329990E-01     9.07957669331436E-01     6.51999036588082E-02     1.56339853108561E-01
CL DZVP-MOLOPT-SCAN-GTH-q7
 1
 2 0 2 4 2 2 1
         1.99031135450461     4.85018816633289E-01     1.94158525239581E-01     3.26464872695311E-01     1.51626624474172E-01     1.14349988907458E-01
         1.46501921747017    -3.69443122264159E-01     8.84925501203066E-02    -4.91090003440862E-01    -1.60659090706497E-01     2.49763916797096E-01
         0.40655378963524    -5.57894471564660E-01    -6.37209072162332E-01    -6.93734950650820E-01    -3.56105172703454E-01     9.48735957067630E-01
         0.13370286337397    -5.63047320854067E-01     7.40564739914085E-01    -4.13501044329990E-01     9.07957669331436E-01     1.56339853108561E-01
