ZN DZVP-MOLOPT-SCAN-GTH-Q12
 1
 2 0 3 6 2 2 2 1
         6.04382953444229     5.49840261784443E-03    -1.32808579462458E-02     2.01585675337545E-03    -1.68073894838187E-03     5.37723780971024E-01    -5.83341688675540E-02     6.57707925006642E-03
         2.60060910254355    -3.25181054165956E-02     9.52918378139597E-02    -1.71635971358670E-02    -6.87525288475086E-03     6.28075455060906E-01    -1.33510755653393E-01    -1.44738163749558E-02
         0.99998428559199     2.73610626936816E-01    -4.97132594026319E-01    -5.98158805356979E-02    -2.19766628364151E-01     5.03860269740953E-01    -1.77769458763403E-01     1.33368606450111E-01
         0.38225630340981    -8.57880111132441E-02     4.26375790702461E-01     1.89212183582959E-01     5.19719162172267E-01     2.44999451085173E-01     7.32408212137450E-01     6.41263606948129E-01
         0.14636472658245    -7.32433240687577E-01     3.27588110439486E-01    -1.35375977479678E-02     8.19160121368906E-01     4.82151413978386E-02     5.89609310818719E-01     7.23664905667309E-01
         0.05498346095033    -6.16629167572487E-01    -6.74160206046346E-01    -9.79866771924443E-01     1.02573013515481E-01    -1.22374757522534E-02     2.51215233988423E-01     2.16910479670849E-01
H DZVP-MOLOPT-SCAN-GTH-Q1
 1
 2 0 1 5 2 1
         9.16876514496744     4.30245721944096E-02    -3.89199332255518E-02    -1.03225299298647E-01
         2.16119406948452     1.67758655334156E-01    -2.29436993766244E-01     3.18679005482070E-01
         0.61986766123499     5.51924571472773E-01    -2.73974309763091E-01     4.58038932787715E-01
         0.41225503616229     4.20326460221825E-01     8.94936516623427E-01     2.25604019455304E-02
         0.16131600752250     6.99078574975625E-01    -2.64330500496994E-01     8.23091485416057E-01
C DZVP-MOLOPT-SCAN-GTH-Q4
 1
 2 0 2 5 2 2 1
         5.62346013427220    -1.55253500731420E-01     5.81156225081139E-02    -9.29774868419450E-02     6.15864535855770E-02    -8.37519672759395E-02
         2.09855872766266    -2.36394508865927E-01     1.09598535828912E-01    -2.48489734215218E-01     2.22870166784096E-01     2.49479844044917E-01
         0.82051076634244     4.67426079878225E-01    -1.58417931802923E-01    -5.81990872631545E-01     3.41552398929665E-01     5.62523929081207E-01
         0.31733139976061     8.30527918853097E-01     3.37009387490941E-03    -6.83456388910509E-01     8.65714462205001E-02     7.72454993535448E-01
         0.11111607198944     1.08398443456976E-01     9.79542309813727E-01    -3.51826701035020E-01    -9.06853538878833E-01     1.32761167386880E-01
F DZVP-MOLOPT-SCAN-GTH-Q7
 1
 2 0 2 5 2 2 1
        13.16645520019096     1.25688709752362E-01    -6.90191648196731E-02    -9.31572868763813E-02     5.00225599861602E-02    -1.02513605924922E-02
         4.67863609541364     1.25206371205048E-01    -7.54523660806367E-02    -2.93923292691458E-01     1.19602022797720E-01     4.04484470063397E-02
         1.68188350144516    -4.93940854057955E-01     2.15904735709196E-01    -5.53343548452151E-01     3.11861936412921E-01     4.51403790784568E-01
         0.58393450944632    -7.58234802751956E-01     3.05654861844976E-01    -6.44505933144035E-01     2.69615230808562E-01     8.90352206116421E-01
         0.18571155118612    -3.86817953873203E-01    -9.21685166349822E-01    -4.28198362261887E-01    -9.01799789070697E-01     4.20285554084608E-02
CL DZVP-MOLOPT-SCAN-GTH-Q7
 1
 2 0 2 4 2 2 1
         1.99031135450461     4.85018816633289E-01     1.94158525239581E-01     3.26464872695311E-01     1.51626624474172E-01     1.14349988907458E-01
         1.46501921747017    -3.69443122264159E-01     8.84925501203065E-02    -4.91090003440862E-01    -1.60659090706497E-01     2.49763916797096E-01
         0.40655378963524    -5.57894471564660E-01    -6.37209072162332E-01    -6.93734950650820E-01    -3.56105172703454E-01     9.48735957067630E-01
         0.13370286337397    -5.63047320854067E-01     7.40564739914085E-01    -4.13501044329990E-01     9.07957669331436E-01     1.56339853108561E-01
