NA DZVP-MOLOPT-SCAN-GTH-Q9
 1
 2 0 1 7 3 2
        23.73623475451178     7.56208326309787E-02     1.12978050067744E-02     3.19187220104882E-03    -6.04527613205959E-02    -8.18177718714744E-03
        10.11641356043255     2.12646690355399E-01     4.27839352146550E-02    -1.05705959572928E-03    -2.56938116518040E-01    -4.19506823460718E-02
         3.52304833215222    -3.23637693787309E-01    -8.46626698829237E-02     1.88390391541204E-02    -5.69043863029247E-01    -9.42046977055406E-02
         1.27206063218102    -7.98877087973167E-01    -2.22806156911278E-01     5.17867479976910E-02    -6.61507458652434E-01    -1.06049860322254E-01
         0.47926233807059    -2.69307639643433E-01    -3.23878600671843E-01     2.51084152590084E-01    -3.71300717630180E-01    -7.58829606128922E-02
         0.16961828185151    -2.86138186324834E-01     4.06270152770194E-01    -8.14944524767778E-01    -1.07105489597321E-01     2.93789099160256E-01
         0.04234449736515    -2.27409871775731E-01     8.19316030756894E-01     5.19397812646122E-01    -1.39962220653500E-01     9.41266084766589E-01
H DZVP-MOLOPT-SCAN-GTH-Q1
 1
 2 0 1 5 2 1
         9.16876514496744     4.30245721944096E-02    -3.89199332255518E-02    -1.03225299298647E-01
         2.16119406948452     1.67758655334156E-01    -2.29436993766244E-01     3.18679005482070E-01
         0.61986766123499     5.51924571472773E-01    -2.73974309763091E-01     4.58038932787715E-01
         0.16131600752250     6.99078574975625E-01    -2.64330500496994E-01     8.23091485416057E-01
         0.41225503616229     4.20326460221825E-01     8.94936516623427E-01     2.25604019455304E-02
N DZVP-MOLOPT-SCAN-GTH-Q5
 1
 2 0 2 5 2 2 1
         7.74124015225863    -1.45963178273034E-01     6.43304029112798E-02    -1.01905209736116E-01     4.44251854507497E-02    -2.76539938296751E-03
         2.73930390849528    -1.87345534874555E-01     1.22127781812082E-01    -3.01245760058054E-01     1.48069012522506E-01     1.26888684309027E-01
         1.07756524408889     4.78177253406059E-01    -2.57606991616038E-01    -5.55725383684687E-01     2.96032930788583E-01     4.97316099002491E-01
         0.42547578818945     8.00783158520077E-01    -1.27185272284790E-01    -6.97364785465728E-01     1.25087813780900E-01     8.53314297705412E-01
         0.14241534174476     2.71457636670345E-01     9.47844369374694E-01    -3.22052750642701E-01    -9.34248100431846E-01    -9.17770198091085E-02
O DZVP-MOLOPT-SCAN-GTH-Q6
 1
 2 0 2 5 2 2 1
        10.25781699497238    -1.37093335568261E-01     6.42341766590814E-02    -1.01541960662273E-01     5.12250917317880E-02    -1.55308630843787E-02
         3.64428735012608    -1.53382903419191E-01     6.95730187369108E-02    -2.97888826596963E-01     1.18416114723772E-01     1.12242705044625E-01
         1.40222472037927     4.52964005356058E-01    -1.60546208430784E-01    -5.48743422499672E-01     2.65706574607295E-01     4.02080210361362E-01
         0.52205700268808     8.05450964095097E-01    -2.63981031214717E-01    -6.95022929228448E-01     1.92118246587555E-01     9.01700430010169E-01
         0.16818943371335     3.22104729197730E-01     9.46346921445871E-01    -3.41723954857718E-01    -9.35865486749767E-01    -1.11481865840859E-01
F DZVP-MOLOPT-SCAN-GTH-Q7
 1
 2 0 2 5 2 2 1
        13.16645520019096     1.25688709752362E-01    -6.90191648196731E-02    -9.31572868763813E-02     5.00225599861602E-02    -1.02513605924922E-02
         4.67863609541364     1.25206371205048E-01    -7.54523660806367E-02    -2.93923292691458E-01     1.19602022797720E-01     4.04484470063397E-02
         1.68188350144516    -4.93940854057955E-01     2.15904735709196E-01    -5.53343548452151E-01     3.11861936412921E-01     4.51403790784568E-01
         0.58393450944632    -7.58234802751956E-01     3.05654861844976E-01    -6.44505933144035E-01     2.69615230808562E-01     8.90352206116421E-01
         0.18571155118612    -3.86817953873203E-01    -9.21685166349822E-01    -4.28198362261887E-01    -9.01799789070697E-01     4.20285554084608E-02
P DZVP-MOLOPT-SCAN-GTH-Q5
 1
 2 0 2 4 2 2 1
         1.51742916393594     3.67476636985091E-01     2.94114631954703E-01     1.04407902626154E-01     1.49675885044532E-01     2.48418902614388E-01
         0.57853573960743    -2.68022642057556E-01    -3.43441325547082E-01    -4.98667597011555E-01    -6.24512053742729E-01     7.61832629648219E-01
         0.22221583015814    -8.57162475466123E-01    -1.79271660194194E-02    -7.82439209728714E-01     6.85974050650463E-02     5.98121133591899E-01
         0.07960375197843    -2.41655281894277E-01     8.91752911907287E-01    -3.58076110120508E-01     7.63463306377272E-01    -1.22557242904662E-02
S DZVP-MOLOPT-SCAN-GTH-Q6
 1
 2 0 2 4 2 2 1
         1.88982592125518     3.26660680903398E-01    -1.40113335745630E-01     2.05757289488259E-01     1.31587103765163E-01     8.63181897573166E-02
         1.15800216982202    -7.89841314278472E-02    -1.32842309185549E-01    -3.49827240399351E-01    -1.70936424818098E-01     3.62126019596262E-01
         0.37325162853195    -7.39935765807641E-01     5.77184184804776E-01    -8.28100896626626E-01    -3.25058953530420E-01     9.02338526329730E-01
         0.12418523801761    -5.82708648479647E-01    -7.93460516250008E-01    -3.86695933135065E-01     9.20761776749454E-01     2.17253538404969E-01
CL DZVP-MOLOPT-SCAN-GTH-Q7
 1
 2 0 2 4 2 2 1
         1.99031135450461     4.85018816633289E-01     1.94158525239581E-01     3.26464872695311E-01     1.51626624474172E-01     1.14349988907458E-01
         1.46501921747017    -3.69443122264159E-01     8.84925501203065E-02    -4.91090003440862E-01    -1.60659090706497E-01     2.49763916797096E-01
         0.40655378963524    -5.57894471564660E-01    -6.37209072162332E-01    -6.93734950650820E-01    -3.56105172703454E-01     9.48735957067630E-01
         0.13370286337397    -5.63047320854067E-01     7.40564739914085E-01    -4.13501044329990E-01     9.07957669331436E-01     1.56339853108561E-01
