Zr admm-dz
    7
1 0 0 2 1
        1.64844078   -4.92690169 
        1.48403541    4.99694822
1 0 0 1 1
        0.42989328    1.00000000 
1 0 0 1 1
        0.05877708    1.00000000
2 1 1 2 1
        2.64349433   -0.15417959 
        0.96684060    0.69144222
2 1 1 1 1
        0.34771966    1.00000000
2 2 2 2 1
        1.00883549   -0.32826483 
        0.33681045   -0.51791521
2 2 2 1 1
        0.09705060    1.00000000

Zr admm-dzp
    8
1 0 0 2 1
        1.64844078   -4.92690169  
        1.48403541    4.99694822 
1 0 0 1 1
        0.42989328    1.00000000
1 0 0 1 1
        0.05877708    1.00000000
2 1 1 2 1
        2.64349433   -0.15417959 
        0.96684060    0.69144222  
2 1 1 1 1
        0.34771966    1.00000000
2 2 2 2 1
        1.00883549   -0.32826483 
        0.33681045   -0.51791521 
2 2 2 1 1
        0.09705060    1.00000000
3 3 3 1 1
      0.3272000       1.0000000

Zr admm-tzp
   11
1 0 0 2 1
        7.31099253    0.10056433 
        3.08754483   -0.56632419
1 0 0 1 1
        0.76238453    1.00000000
1 0 0 1 1
        0.34340529    1.00000000
1 0 0 1 1
        0.05848538    1.00000000
2 1 1 2 1
        5.13084245    0.35624534 
        4.60503615   -0.45625409
2 1 1 1 1
        0.87786814    1.00000000
2 1 1 1 1
        0.32510860    1.00000000
2 2 2 2 1
        1.10960454    0.25610189 
        0.44847187    0.41192334
2 2 2 1 1
        0.16873104    1.00000000
2 2 2 1 1
        0.05913369    1.00000000
3 3 3 1 1
      0.3272000       1.0000000

Zr admm-tz2p
   13
1 0 0 2 1
        7.31099253    0.10056433 
        3.08754483   -0.56632419  
1 0 0 1 1
        0.76238453    1.00000000
1 0 0 1 1
        0.34340529    1.00000000
1 0 0 1 1
        0.05848538    1.00000000
2 1 1 2 1
        5.13084245    0.35624534 
        4.60503615   -0.45625409  
2 1 1 1 1
        0.87786814    1.00000000
2 1 1 1 1
        0.32510860    1.00000000
2 2 2 2 1
        1.10960454    0.25610189 
        0.44847187    0.41192334 
2 2 2 1 1
        0.16873104    1.00000000
2 2 2 1 1
        0.05913369    1.00000000
3 3 3 1 1
      0.7395000       1.0000000
3 3 3 1 1
      0.1931000       1.0000000
4 4 4 1 1
      0.4195000       1.0000000
