HE DZVP-MOLOPT-SCAN-GTH-Q2
 1
 2 0 1 5 2 1
        38.33601469298428     7.05021636049780E-03     1.05326646697685E-02     3.10129878206682E-03
         7.26443781545199     1.18969532505854E-01     1.81263882520630E-01     1.62091296261144E-02
         1.71565397899399     3.67426850140624E-01     4.84358013738624E-01     4.06507900263739E-01
         0.49890911277864     3.28878481260421E-01     6.96430818748706E-01     6.43615840844295E-01
         0.15757916661576    -8.61761567455980E-01     4.97407174347821E-01    -6.48257373656548E-01
NE DZVP-MOLOPT-SCAN-GTH-Q8
 1
 2 0 2 5 2 2 1
        23.48853271268022     4.46249112937658E-02     4.80879887347333E-02    -3.95553180884904E-02     1.40781171564285E-02    -1.41892470340315E-02
         8.41614415830976     2.10041382527395E-01     3.21026107275034E-02    -2.36070538688447E-01     1.35930566964796E-01     3.17023388072799E-02
         2.64490046814912    -6.43371852682262E-01     6.09376015725341E-01    -5.59149421218919E-01     2.62319020046230E-01     1.05625012326766E-01
         0.84361380869701    -6.37641445492801E-01    -7.47942503664093E-01    -6.54799788051881E-01     3.38260667440232E-01     6.30245597609881E-01
         0.26097940732457    -3.65208544648191E-01     2.56709661671164E-01    -4.48659380702136E-01    -8.93360587986079E-01     7.68392783963443E-01
AR DZVP-MOLOPT-SCAN-GTH-Q8
 1
 2 0 2 5 2 2 1
        24.59133605025138     2.58677529195809E-02    -1.74372978462748E-02     4.17970574213344E-03     1.56564203321818E-04    -4.18261574296501E-03
         2.28271447849430    -2.12188519961317E-01     7.44923564733661E-01     2.93860168572131E-01    -1.57299192841870E-01    -7.85848568256462E-02
         1.64523798392110    -4.64668381274109E-01    -1.77691422940019E-01    -4.75296301868240E-01     2.52354019653798E-01     4.30654845932235E-01
         0.45626779536827    -3.79687289612738E-01    -6.10235413884456E-01    -5.02243096688803E-01     6.21479467784117E-01     8.97747720621500E-01
         0.14689653825012    -7.70861692462500E-01     2.02047819100167E-01    -6.59904560255106E-01    -7.24801806914337E-01     4.89117552048884E-02
H DZVP-MOLOPT-SCAN-GTH-Q1
 1
 2 0 1 5 2 1
         9.16876514496744     4.30245721944096E-02    -3.89199332255518E-02    -1.03225299298647E-01
         2.16119406948452     1.67758655334156E-01    -2.29436993766244E-01     3.18679005482070E-01
         0.61986766123499     5.51924571472773E-01    -2.73974309763091E-01     4.58038932787715E-01
         0.16131600752250     6.99078574975625E-01    -2.64330500496994E-01     8.23091485416057E-01
         0.41225503616229     4.20326460221825E-01     8.94936516623427E-01     2.25604019455304E-02
