HE TZV2P-MOLOPT-SCAN-GTH-Q2
 1
 2 0 2 5 3 2 1
        38.33601469298428     1.04222310333050E-02    -7.58099928414021E-03     6.94718343715080E-01    -3.47778013719456E-04     9.05708843911612E-01    -9.59910348731521E-02
         7.26443781545199     1.81331501362013E-01    -1.18454380584309E-01     1.05806007756617E-01     1.41745976009744E-02     3.68972377002921E-01     7.09696200423586E-02
         1.71565397899399     4.77016046185351E-01    -3.92611418084812E-01    -5.70926908691290E-01     4.14973440850794E-01    -1.68366360760698E-01     4.63167053585037E-01
         0.49890911277864     7.04349277990170E-01    -3.05382503789461E-01     4.14220790370302E-01     6.50958046930409E-01    -1.91352189463979E-02     7.29166050658523E-01
         0.15757916661576     4.93313338549149E-01     8.59365398965396E-01    -9.29253107909419E-02    -6.35491639880733E-01    -1.21809223908447E-01    -4.89430470338160E-01
HE TZVP-MOLOPT-SCAN-GTH-q2
 1
 2 0 1 5 3 1
        38.33601469298428     1.04222310333050E-02    -7.58099928414021E-03     6.94718343715080E-01    -3.47778013719456E-04
         7.26443781545199     1.81331501362013E-01    -1.18454380584309E-01     1.05806007756617E-01     1.41745976009744E-02
         1.71565397899399     4.77016046185351E-01    -3.92611418084812E-01    -5.70926908691290E-01     4.14973440850794E-01
         0.49890911277864     7.04349277990170E-01    -3.05382503789461E-01     4.14220790370302E-01     6.50958046930409E-01
         0.15757916661576     4.93313338549149E-01     8.59365398965396E-01    -9.29253107909419E-02    -6.35491639880733E-01
HE DZVP-MOLOPT-SCAN-GTH-q2
 1
 2 0 1 5 2 1
        38.33601469298428     1.04222310333050E-02    -7.58099928414021E-03    -3.47778013719456E-04
         7.26443781545199     1.81331501362013E-01    -1.18454380584309E-01     1.41745976009744E-02
         1.71565397899399     4.77016046185351E-01    -3.92611418084812E-01     4.14973440850794E-01
         0.49890911277864     7.04349277990170E-01    -3.05382503789461E-01     6.50958046930409E-01
         0.15757916661576     4.93313338549149E-01     8.59365398965396E-01    -6.35491639880733E-01
NE TZV2P-MOLOPT-SCAN-GTH-Q8
 1
 2 0 3 5 3 3 2 1
        23.48853271268022     4.78488126032546E-02    -3.56857583533854E-02    -9.81122955350153E-01    -4.00948303737394E-02     1.22780023617436E-02     1.57882564757650E-02     1.75883913188564E-02    -2.22530237562890E-01     7.16158265826342E-03
         8.41614415830976     1.81861484435211E-01    -1.00596401213355E-01    -3.63715221881566E-03    -2.37186409185628E-01     1.21332016192046E-01    -7.57927010431619E-01    -3.03281668388601E-02    -1.28971348603070E-01     1.91026778099575E-02
         2.64490046814912    -3.46021182383669E-01     1.53862330689348E-01    -1.92207174519955E-01    -5.59454685453972E-01     2.63446819576809E-01     6.07703792454381E-01     3.45607465568224E-01    -4.41613790120967E-01     3.11904934507774E-01
         0.84361380869701    -6.51016208364631E-01     6.34752454550193E-01     1.15593860883907E-02    -6.52373975438760E-01     3.46182835364215E-01    -2.36150736742261E-01     8.17241708584311E-01    -2.72016974810644E-01     9.36077641699722E-01
         0.26097940732457    -6.48909954770173E-01    -7.49681662674907E-01     1.75299818891350E-02    -4.51169217665339E-01    -8.92121634228671E-01    -1.50435364290848E-02     4.59828577059662E-01     8.15371516794381E-01    -1.61424161679430E-01
NE TZVP-MOLOPT-SCAN-GTH-q8
 1
 2 0 2 5 3 3 1
        23.48853271268022     4.78488126032546E-02    -3.56857583533854E-02    -9.81122955350153E-01    -4.00948303737394E-02     1.22780023617436E-02     1.57882564757650E-02     1.75883913188564E-02
         8.41614415830976     1.81861484435211E-01    -1.00596401213355E-01    -3.63715221881566E-03    -2.37186409185628E-01     1.21332016192046E-01    -7.57927010431619E-01    -3.03281668388601E-02
         2.64490046814912    -3.46021182383669E-01     1.53862330689348E-01    -1.92207174519955E-01    -5.59454685453972E-01     2.63446819576809E-01     6.07703792454381E-01     3.45607465568224E-01
         0.84361380869701    -6.51016208364631E-01     6.34752454550193E-01     1.15593860883907E-02    -6.52373975438760E-01     3.46182835364215E-01    -2.36150736742261E-01     8.17241708584311E-01
         0.26097940732457    -6.48909954770173E-01    -7.49681662674907E-01     1.75299818891350E-02    -4.51169217665339E-01    -8.92121634228671E-01    -1.50435364290848E-02     4.59828577059662E-01
NE DZVP-MOLOPT-SCAN-GTH-q8
 1
 2 0 2 5 2 2 1
        23.48853271268022     4.78488126032546E-02    -3.56857583533854E-02    -4.00948303737394E-02     1.22780023617436E-02     1.75883913188564E-02
         8.41614415830976     1.81861484435211E-01    -1.00596401213355E-01    -2.37186409185628E-01     1.21332016192046E-01    -3.03281668388601E-02
         2.64490046814912    -3.46021182383669E-01     1.53862330689348E-01    -5.59454685453972E-01     2.63446819576809E-01     3.45607465568224E-01
         0.84361380869701    -6.51016208364631E-01     6.34752454550193E-01    -6.52373975438760E-01     3.46182835364215E-01     8.17241708584311E-01
         0.26097940732457    -6.48909954770173E-01    -7.49681662674907E-01    -4.51169217665339E-01    -8.92121634228671E-01     4.59828577059662E-01
AR TZV2P-MOLOPT-SCAN-GTH-Q8
 1
 2 0 3 5 3 3 2 1
        24.59133605025138     1.84785732654439E-03    -5.65242611135002E-03    -8.44094179126325E-02     4.06498450760120E-03    -4.62325427296476E-04    -9.71711119841010E-01     2.01176349761505E-02    -7.07473782503280E-01    -1.99884579720215E-02
         2.28271447849430     3.09112193410408E-01     4.66228289926727E-01    -9.49266374497768E-03     2.57077898680501E-01    -2.26699508707886E-01    -6.18538693829468E-02    -3.12711399710358E-01    -4.02762883803310E-01     5.14811485584709E-02
         1.64523798392110    -2.37439978096589E-01    -3.03756824230101E-01    -8.85065316269465E-01    -4.24830720838024E-01     3.50051196518728E-01    -1.98777231694749E-01     7.22339845443581E-01    -2.35838460323718E-01     2.78768060279529E-01
         0.45626779536827    -3.74373332939365E-01    -6.32711184705825E-01     4.55590291157492E-01    -4.92428319795070E-01     5.86952197556956E-01     1.10629216515732E-01     6.01126011462974E-01     2.08507760397824E-01     9.30614578905452E-01
         0.14689653825012    -8.41375719695827E-01     5.38523518736973E-01     4.33798575670630E-02    -7.14792024582689E-01    -6.93944087521228E-01     1.41558126780217E-02    -1.36673067139487E-01     4.88024221721592E-01    -2.30640471269938E-01
AR TZVP-MOLOPT-SCAN-GTH-q8
 1
 2 0 2 5 3 3 1
        24.59133605025138     1.84785732654439E-03    -5.65242611135002E-03    -8.44094179126325E-02     4.06498450760120E-03    -4.62325427296476E-04    -9.71711119841010E-01     2.01176349761505E-02
         2.28271447849430     3.09112193410408E-01     4.66228289926727E-01    -9.49266374497768E-03     2.57077898680501E-01    -2.26699508707886E-01    -6.18538693829468E-02    -3.12711399710358E-01
         1.64523798392110    -2.37439978096589E-01    -3.03756824230101E-01    -8.85065316269465E-01    -4.24830720838024E-01     3.50051196518728E-01    -1.98777231694749E-01     7.22339845443581E-01
         0.45626779536827    -3.74373332939365E-01    -6.32711184705825E-01     4.55590291157492E-01    -4.92428319795070E-01     5.86952197556956E-01     1.10629216515732E-01     6.01126011462974E-01
         0.14689653825012    -8.41375719695827E-01     5.38523518736973E-01     4.33798575670630E-02    -7.14792024582689E-01    -6.93944087521228E-01     1.41558126780217E-02    -1.36673067139487E-01
AR DZVP-MOLOPT-SCAN-GTH-q8
 1
 2 0 2 5 2 2 1
        24.59133605025138     1.84785732654439E-03    -5.65242611135002E-03     4.06498450760120E-03    -4.62325427296476E-04     2.01176349761505E-02
         2.28271447849430     3.09112193410408E-01     4.66228289926727E-01     2.57077898680501E-01    -2.26699508707886E-01    -3.12711399710358E-01
         1.64523798392110    -2.37439978096589E-01    -3.03756824230101E-01    -4.24830720838024E-01     3.50051196518728E-01     7.22339845443581E-01
         0.45626779536827    -3.74373332939365E-01    -6.32711184705825E-01    -4.92428319795070E-01     5.86952197556956E-01     6.01126011462974E-01
         0.14689653825012    -8.41375719695827E-01     5.38523518736973E-01    -7.14792024582689E-01    -6.93944087521228E-01    -1.36673067139487E-01
H TZV2P-MOLOPT-SCAN-GTH-Q1
 1
 2 0 2 5 3 2 1
         9.16876514496744     4.30245721944096E-02    -3.89199332255518E-02     1.05597841287996E-01    -1.03225299298647E-01     1.47849610372066E-01     5.89397100894678E-04
         2.16119406948452     1.67758655334156E-01    -2.29436993766244E-01     9.00816001060512E-01     3.18679005482070E-01    -4.59921573561831E-01     9.06454549928757E-04
         0.61986766123499     5.51924571472773E-01    -2.73974309763091E-01     8.95041468250581E-02     4.58038932787715E-01    -6.65599039198367E-01    -4.14822793772387E-04
         0.16131600752250     6.99078574975625E-01    -2.64330500496994E-01    -3.83347452986213E-01     8.23091485416057E-01     5.67905974411888E-01     9.99996815399554E-01
         0.41225503616229     4.20326460221825E-01     8.94936516623427E-01     1.49710941947358E-01     2.25604019455304E-02    -3.27622058282529E-02    -2.24233449917807E-03
H TZVP-MOLOPT-SCAN-GTH-q1
 1
 2 0 1 5 3 1
         9.16876514496744     4.30245721944096E-02    -3.89199332255518E-02     1.05597841287996E-01    -1.03225299298647E-01
         2.16119406948452     1.67758655334156E-01    -2.29436993766244E-01     9.00816001060512E-01     3.18679005482070E-01
         0.61986766123499     5.51924571472773E-01    -2.73974309763091E-01     8.95041468250581E-02     4.58038932787715E-01
         0.16131600752250     6.99078574975625E-01    -2.64330500496994E-01    -3.83347452986213E-01     8.23091485416057E-01
         0.41225503616229     4.20326460221825E-01     8.94936516623427E-01     1.49710941947358E-01     2.25604019455304E-02
H DZVP-MOLOPT-SCAN-GTH-q1
 1
 2 0 1 5 2 1
         9.16876514496744     4.30245721944096E-02    -3.89199332255518E-02    -1.03225299298647E-01
         2.16119406948452     1.67758655334156E-01    -2.29436993766244E-01     3.18679005482070E-01
         0.61986766123499     5.51924571472773E-01    -2.73974309763091E-01     4.58038932787715E-01
         0.16131600752250     6.99078574975625E-01    -2.64330500496994E-01     8.23091485416057E-01
         0.41225503616229     4.20326460221825E-01     8.94936516623427E-01     2.25604019455304E-02
