HE TZV2P-MOLOPT-SCAN-GTH-Q2
 1
 2 0 2 5 3 2 1
        38.33601469298428     1.04006923531353E-02    -7.60974426121031E-03     7.01976508143442E-01    -2.13952720851946E-02     8.72134162760315E-01    -7.82065366907039E-02
         7.26443781545199     1.81410923469787E-01    -1.17924688207003E-01     1.14004957892166E-01     1.69772298743796E-02     4.17428484116640E-01     1.05192175954488E-01
         1.71565397899399     4.77162584656577E-01    -3.89843192970246E-01    -5.66424241278665E-01     4.02159647786865E-01    -7.67477016557973E-02     3.74993200609668E-01
         0.49890911277864     7.03815794695552E-01    -3.08425708780017E-01     4.06768279708906E-01     6.63298084352566E-01    -1.31017204588965E-01     7.50380487558062E-01
         0.15757916661576     4.93903935381505E-01     8.59611381242633E-01    -8.90786007147195E-02    -6.30521438956959E-01    -2.05133481388812E-01    -5.28325247480611E-01
HE TZVP-MOLOPT-SCAN-GTH-q2
 1
 2 0 1 5 3 1
        38.33601469298428     1.04006923531353E-02    -7.60974426121031E-03     7.01976508143442E-01    -2.13952720851946E-02
         7.26443781545199     1.81410923469787E-01    -1.17924688207003E-01     1.14004957892166E-01     1.69772298743796E-02
         1.71565397899399     4.77162584656577E-01    -3.89843192970246E-01    -5.66424241278665E-01     4.02159647786865E-01
         0.49890911277864     7.03815794695552E-01    -3.08425708780017E-01     4.06768279708906E-01     6.63298084352566E-01
         0.15757916661576     4.93903935381505E-01     8.59611381242633E-01    -8.90786007147195E-02    -6.30521438956959E-01
HE DZVP-MOLOPT-SCAN-GTH-q2
 1
 2 0 1 5 2 1
        38.33601469298428     1.04006923531353E-02    -7.60974426121031E-03    -2.13952720851946E-02
         7.26443781545199     1.81410923469787E-01    -1.17924688207003E-01     1.69772298743796E-02
         1.71565397899399     4.77162584656577E-01    -3.89843192970246E-01     4.02159647786865E-01
         0.49890911277864     7.03815794695552E-01    -3.08425708780017E-01     6.63298084352566E-01
         0.15757916661576     4.93903935381505E-01     8.59611381242633E-01    -6.30521438956959E-01
NE TZV2P-MOLOPT-SCAN-GTH-Q8
 1
 2 0 3 5 3 3 2 1
        23.48853271268022     4.75785942514534E-02    -3.62618393762506E-02    -7.87849774195247E-01    -4.03780903456526E-02     1.01464932500995E-02     1.43575966569418E-02     1.33856427494004E-02    -1.52692261531672E-01     6.68154763868429E-02
         8.41614415830976     1.83451754973491E-01    -9.76833736566749E-02    -2.26655104791638E-01    -2.36601469331722E-01     1.25319445886362E-01    -9.08194353447728E-01    -1.17735611924540E-02    -1.39416065194116E-01     2.50646836409517E-02
         2.64490046814912    -3.51968532678890E-01     1.42762260479852E-01    -5.56870511089511E-01    -5.62557573652972E-01     2.41611455136448E-01     4.17423337496438E-01     3.26213338596156E-01    -3.80827042103162E-01     2.57528712028370E-01
         0.84361380869701    -6.48506328291804E-01     6.39555798666052E-01     1.17997014592318E-01    -6.49969638806073E-01     3.63023176077460E-01    -1.68371420927924E-02     8.31240511353482E-01    -3.08299433475081E-01     9.46263039897750E-01
         0.26097940732457    -6.47795820560424E-01    -7.48151291445395E-01     6.23869793995205E-02    -4.51062966209921E-01    -8.91083701755869E-01    -2.12401446177231E-02     4.49784701642668E-01     8.46859172091815E-01    -1.82133674957862E-01
NE TZVP-MOLOPT-SCAN-GTH-q8
 1
 2 0 2 5 3 3 1
        23.48853271268022     4.75785942514534E-02    -3.62618393762506E-02    -7.87849774195247E-01    -4.03780903456526E-02     1.01464932500995E-02     1.43575966569418E-02     1.33856427494004E-02
         8.41614415830976     1.83451754973491E-01    -9.76833736566749E-02    -2.26655104791638E-01    -2.36601469331722E-01     1.25319445886362E-01    -9.08194353447728E-01    -1.17735611924540E-02
         2.64490046814912    -3.51968532678890E-01     1.42762260479852E-01    -5.56870511089511E-01    -5.62557573652972E-01     2.41611455136448E-01     4.17423337496438E-01     3.26213338596156E-01
         0.84361380869701    -6.48506328291804E-01     6.39555798666052E-01     1.17997014592318E-01    -6.49969638806073E-01     3.63023176077460E-01    -1.68371420927924E-02     8.31240511353482E-01
         0.26097940732457    -6.47795820560424E-01    -7.48151291445395E-01     6.23869793995205E-02    -4.51062966209921E-01    -8.91083701755869E-01    -2.12401446177231E-02     4.49784701642668E-01
NE DZVP-MOLOPT-SCAN-GTH-q8
 1
 2 0 2 5 2 2 1
        23.48853271268022     4.75785942514534E-02    -3.62618393762506E-02    -4.03780903456526E-02     1.01464932500995E-02     1.33856427494004E-02
         8.41614415830976     1.83451754973491E-01    -9.76833736566749E-02    -2.36601469331722E-01     1.25319445886362E-01    -1.17735611924540E-02
         2.64490046814912    -3.51968532678890E-01     1.42762260479852E-01    -5.62557573652972E-01     2.41611455136448E-01     3.26213338596156E-01
         0.84361380869701    -6.48506328291804E-01     6.39555798666052E-01    -6.49969638806073E-01     3.63023176077460E-01     8.31240511353482E-01
         0.26097940732457    -6.47795820560424E-01    -7.48151291445395E-01    -4.51062966209921E-01    -8.91083701755869E-01     4.49784701642668E-01
AR TZV2P-MOLOPT-SCAN-GTH-Q8
 1
 2 0 3 5 3 3 2 1
        24.59133605025138     1.19350684307782E-03    -5.07614187837675E-03    -8.89635114751390E-02     4.06163679197489E-03    -4.91521985592083E-04    -9.28848213359290E-01     2.09764049829631E-02    -6.33712643421931E-01    -5.67039741623431E-02
         2.28271447849430     3.18795337994900E-01     4.57840445529055E-01    -1.86040897723353E-02     2.57284196615781E-01    -2.26655269333757E-01    -1.94266811267986E-02    -3.05604628096520E-01    -4.46250228512177E-01     6.11851748029160E-02
         1.64523798392110    -2.51029675840637E-01    -2.91067773864720E-01    -8.88552267362163E-01    -4.25770772102278E-01     3.48867041477668E-01    -3.05818406085510E-01     7.19981202602268E-01    -2.12920319151539E-01     2.51009977032301E-01
         0.45626779536827    -3.67377027366889E-01    -6.40891213371597E-01     4.45116924735946E-01    -4.91958404247080E-01     5.87532774840449E-01     2.06298970524568E-01     6.07652533807615E-01     1.77033917249751E-01     9.45787021815053E-01
         0.14689653825012    -8.36890870797708E-01     5.43041768984583E-01     6.39153576922507E-02    -7.14481996548856E-01    -6.94063522415839E-01     2.79184143438526E-02    -1.36203038793401E-01     5.67972665676468E-01    -1.88472635931557E-01
AR TZVP-MOLOPT-SCAN-GTH-q8
 1
 2 0 2 5 3 3 1
        24.59133605025138     1.19350684307782E-03    -5.07614187837675E-03    -8.89635114751390E-02     4.06163679197489E-03    -4.91521985592083E-04    -9.28848213359290E-01     2.09764049829631E-02
         2.28271447849430     3.18795337994900E-01     4.57840445529055E-01    -1.86040897723353E-02     2.57284196615781E-01    -2.26655269333757E-01    -1.94266811267986E-02    -3.05604628096520E-01
         1.64523798392110    -2.51029675840637E-01    -2.91067773864720E-01    -8.88552267362163E-01    -4.25770772102278E-01     3.48867041477668E-01    -3.05818406085510E-01     7.19981202602268E-01
         0.45626779536827    -3.67377027366889E-01    -6.40891213371597E-01     4.45116924735946E-01    -4.91958404247080E-01     5.87532774840449E-01     2.06298970524568E-01     6.07652533807615E-01
         0.14689653825012    -8.36890870797708E-01     5.43041768984583E-01     6.39153576922507E-02    -7.14481996548856E-01    -6.94063522415839E-01     2.79184143438526E-02    -1.36203038793401E-01
AR DZVP-MOLOPT-SCAN-GTH-q8
 1
 2 0 2 5 2 2 1
        24.59133605025138     1.19350684307782E-03    -5.07614187837675E-03     4.06163679197489E-03    -4.91521985592083E-04     2.09764049829631E-02
         2.28271447849430     3.18795337994900E-01     4.57840445529055E-01     2.57284196615781E-01    -2.26655269333757E-01    -3.05604628096520E-01
         1.64523798392110    -2.51029675840637E-01    -2.91067773864720E-01    -4.25770772102278E-01     3.48867041477668E-01     7.19981202602268E-01
         0.45626779536827    -3.67377027366889E-01    -6.40891213371597E-01    -4.91958404247080E-01     5.87532774840449E-01     6.07652533807615E-01
         0.14689653825012    -8.36890870797708E-01     5.43041768984583E-01    -7.14481996548856E-01    -6.94063522415839E-01    -1.36203038793401E-01
H TZV2P-MOLOPT-SCAN-GTH-Q1
 1
 2 0 2 5 3 2 1
         9.16876514496744     4.30245721944096E-02    -3.89199332255518E-02     1.05597841287996E-01    -1.03225299298647E-01     1.47849610372066E-01     5.89397100894678E-04
         2.16119406948452     1.67758655334156E-01    -2.29436993766244E-01     9.00816001060512E-01     3.18679005482070E-01    -4.59921573561831E-01     9.06454549928757E-04
         0.61986766123499     5.51924571472773E-01    -2.73974309763091E-01     8.95041468250582E-02     4.58038932787715E-01    -6.65599039198367E-01    -4.14822793772387E-04
         0.16131600752250     6.99078574975625E-01    -2.64330500496994E-01    -3.83347452986213E-01     8.23091485416057E-01     5.67905974411888E-01     9.99996815399554E-01
         0.41225503616229     4.20326460221825E-01     8.94936516623427E-01     1.49710941947358E-01     2.25604019455304E-02    -3.27622058282529E-02    -2.24233449917807E-03
H TZVP-MOLOPT-SCAN-GTH-q1
 1
 2 0 1 5 3 1
         9.16876514496744     4.30245721944096E-02    -3.89199332255518E-02     1.05597841287996E-01    -1.03225299298647E-01
         2.16119406948452     1.67758655334156E-01    -2.29436993766244E-01     9.00816001060512E-01     3.18679005482070E-01
         0.61986766123499     5.51924571472773E-01    -2.73974309763091E-01     8.95041468250582E-02     4.58038932787715E-01
         0.16131600752250     6.99078574975625E-01    -2.64330500496994E-01    -3.83347452986213E-01     8.23091485416057E-01
         0.41225503616229     4.20326460221825E-01     8.94936516623427E-01     1.49710941947358E-01     2.25604019455304E-02
H DZVP-MOLOPT-SCAN-GTH-q1
 1
 2 0 1 5 2 1
         9.16876514496744     4.30245721944096E-02    -3.89199332255518E-02    -1.03225299298647E-01
         2.16119406948452     1.67758655334156E-01    -2.29436993766244E-01     3.18679005482070E-01
         0.61986766123499     5.51924571472773E-01    -2.73974309763091E-01     4.58038932787715E-01
         0.16131600752250     6.99078574975625E-01    -2.64330500496994E-01     8.23091485416057E-01
         0.41225503616229     4.20326460221825E-01     8.94936516623427E-01     2.25604019455304E-02
