ZN DZVP-MOLOPT-PBE-GTH-Q12
 1
 2 0 3 6 2 2 2 1
         6.10427458848288    -5.43616542531021E-03    -2.41294270568865E-02     3.74559911797588E-03     4.26124411202471E-03     5.31183561099127E-01    -4.02127196527621E-02    -1.07701324586975E-03
         2.63826692509282     3.16938745091093E-03     1.28106389664442E-01    -1.36726635307649E-02    -3.02780099370055E-02     6.32413084598100E-01    -9.60171819863840E-02     1.11869195711230E-02
         1.00068434623271     1.49954893896051E-01    -6.02740341472465E-01     8.42827230717264E-02    -2.11828117719142E-01     5.20490499206324E-01    -1.68198534118095E-01     1.00844654520330E-01
         0.37691081428357     6.24138945203536E-02     5.88327006837275E-01    -1.42196005936090E-01     5.72354759762991E-01     2.11604530741095E-01     7.99405100832182E-01     7.46400551203393E-01
         0.13919291701003    -7.88323259211759E-01     2.69873380209664E-01    -5.19002821081175E-01     6.14935975634278E-01     3.13586412318839E-02     4.29320409508753E-01     6.31070197102405E-01
         0.04797928382421    -5.93401110246543E-01    -4.48051666796149E-01    -8.38517631869743E-01    -4.98455321271431E-01    -3.50358855040028E-02     3.70821199238625E-01     1.85312363376154E-01
H DZVP-MOLOPT-PBE-GTH-Q1
 1
 2 0 1 5 2 1
         9.42354063693337     1.73378201014863E-02    -1.21445159969598E-01    -8.76671027046430E-02
         2.22615949373757     1.93709872716504E-01    -1.18321991639862E-01     2.94039390163616E-01
         0.63906011750762     5.93969954529689E-01    -1.91879319676876E-01     4.09265411017209E-01
         0.31891311049636     2.87972643705189E-01     9.48793006176853E-01     1.56988630151590E-01
         0.16139156624546     7.25566905805197E-01    -1.85000371687637E-01     8.44814600657224E-01
C DZVP-MOLOPT-PBE-GTH-Q4
 1
 2 0 2 5 2 2 1
         5.26168129831067    -1.61180329987319E-01     9.95867208365846E-02    -9.87196463656005E-02     8.04180361628404E-02    -7.94810431764520E-02
         1.93765185829818    -1.80818549742989E-01     2.07627108755464E-01    -2.33418997562279E-01     3.08840032955768E-01     2.69065919998737E-01
         0.75874037796781     4.91719768047513E-01    -4.16765369564797E-01    -5.45204647452669E-01     4.47360294645044E-01     5.09115674523642E-01
         0.29195902016920     8.01363369134776E-01     6.04318650540438E-02    -6.71299816524380E-01     5.57121483533110E-02     7.95876444290429E-01
         0.09607356854063     2.39486896539835E-01     8.77284494996048E-01    -4.33449480019086E-01    -8.33616036796648E-01     1.69316891799892E-01
F DZVP-MOLOPT-PBE-GTH-Q7
 1
 2 0 2 5 2 2 1
        13.30428004732790     1.38300641201995E-01    -4.13429187269840E-02    -9.35306094799813E-02     5.06566246623838E-02    -3.27607844899301E-02
         4.80605774544240     1.37253664661734E-01    -3.39425431978004E-02    -2.95918398172795E-01     1.05639317967558E-01     1.33212173705781E-01
         1.70698523266130    -5.18315587577063E-01     1.04830293747595E-01    -5.65287543674134E-01     3.02725510725546E-01     2.66499630071583E-01
         0.58735472443375    -8.26234910698634E-01     4.59821538585404E-02    -6.52514099592094E-01     2.40459771924833E-01     9.50816701157307E-01
         0.17874874061685    -1.03533512436824E-01    -9.91985341560913E-01    -3.97944304537121E-01    -9.14773526135829E-01     7.81459899689756E-02
CL DZVP-MOLOPT-PBE-GTH-Q7
 1
 2 0 2 4 2 2 1
         1.99824811943664     4.80178625121655E-01     2.13595239646962E-01     3.37297835177395E-01     1.93550474567217E-01     9.49286028054555E-02
         1.50363082119869    -3.59931830134513E-01     5.82028670667431E-02    -4.88390621275333E-01    -2.19767298436887E-01     2.80669438798039E-01
         0.40650884550636    -5.66727788276184E-01    -6.12160145305871E-01    -6.58014497305072E-01    -3.61134655335744E-01     9.44637929647980E-01
         0.12853799110242    -5.64532709085914E-01     7.59110964460706E-01    -4.63380721190784E-01     8.85337398423951E-01     1.40969529915426E-01
