ZN TZV2P-MOLOPT-PBE-GTH-Q12
 1
 2 0 3 6 3 3 3 2
         6.10427458848288    -5.43616542531021E-03    -2.41294270568865E-02    -2.09923790295991E-02     3.74559911797588E-03     4.26124411202471E-03     2.39233366887988E-02     5.31183561099127E-01    -4.02127196527622E-02     3.61213965547983E-02    -1.07701324586975E-03     2.03101658330054E-04
         2.63826692509282     3.16938745091093E-03     1.28106389664442E-01     8.86515784217530E-02    -1.36726635307649E-02    -3.02780099370055E-02    -1.20675673249474E-01     6.32413084598100E-01    -9.60171819863841E-02     6.22410259324372E-02     1.11869195711230E-02    -2.10961371664950E-03
         1.00068434623271     1.49954893896051E-01    -6.02740341472465E-01    -2.70797777023742E-01     8.42827230717264E-02    -2.11828117719142E-01    -1.58651440375951E-01     5.20490499206324E-01    -1.68198534118095E-01     8.68574116973026E-02     1.00844654520330E-01    -1.90171445387009E-02
         0.37691081428357     6.24138945203536E-02     5.88327006837275E-01     4.49602349245778E-01    -1.42196005936090E-01     5.72354759762991E-01     7.54578021736887E-01     2.11604530741095E-01     7.99405100832182E-01    -3.11432286209617E-01     7.46400551203393E-01    -1.40755176697436E-01
         0.13919291701003    -7.88323259211759E-01     2.69873380209664E-01    -5.18750116085119E-01    -5.19002821081175E-01     6.14935975634278E-01    -5.84701899848111E-01     3.13586412318839E-02     4.29320409508753E-01    -1.70361074248570E-01     6.31070197102405E-01    -1.19006339100934E-01
         0.04797928382421    -5.93401110246543E-01    -4.48051666796149E-01     6.68673931179736E-01    -8.38517631869743E-01    -4.98455321271431E-01     2.20069247601186E-01    -3.50358855040028E-02     3.70821199238625E-01     9.28043169751374E-01     1.85312363376154E-01     9.82679667022751E-01
ZN TZVP-MOLOPT-PBE-GTH-q12
 1
 2 0 3 6 3 3 3 1
         6.10427458848288    -5.43616542531021E-03    -2.41294270568865E-02    -2.09923790295991E-02     3.74559911797588E-03     4.26124411202471E-03     2.39233366887988E-02     5.31183561099127E-01    -4.02127196527622E-02     3.61213965547983E-02    -1.07701324586975E-03
         2.63826692509282     3.16938745091093E-03     1.28106389664442E-01     8.86515784217530E-02    -1.36726635307649E-02    -3.02780099370055E-02    -1.20675673249474E-01     6.32413084598100E-01    -9.60171819863841E-02     6.22410259324372E-02     1.11869195711230E-02
         1.00068434623271     1.49954893896051E-01    -6.02740341472465E-01    -2.70797777023742E-01     8.42827230717264E-02    -2.11828117719142E-01    -1.58651440375951E-01     5.20490499206324E-01    -1.68198534118095E-01     8.68574116973026E-02     1.00844654520330E-01
         0.37691081428357     6.24138945203536E-02     5.88327006837275E-01     4.49602349245778E-01    -1.42196005936090E-01     5.72354759762991E-01     7.54578021736887E-01     2.11604530741095E-01     7.99405100832182E-01    -3.11432286209617E-01     7.46400551203393E-01
         0.13919291701003    -7.88323259211759E-01     2.69873380209664E-01    -5.18750116085119E-01    -5.19002821081175E-01     6.14935975634278E-01    -5.84701899848111E-01     3.13586412318839E-02     4.29320409508753E-01    -1.70361074248570E-01     6.31070197102405E-01
         0.04797928382421    -5.93401110246543E-01    -4.48051666796149E-01     6.68673931179736E-01    -8.38517631869743E-01    -4.98455321271431E-01     2.20069247601186E-01    -3.50358855040028E-02     3.70821199238625E-01     9.28043169751374E-01     1.85312363376154E-01
ZN DZVP-MOLOPT-PBE-GTH-q12
 1
 2 0 3 6 3 1 2 1
         6.10427458848288    -5.43616542531021E-03    -2.41294270568865E-02    -2.09923790295991E-02     4.26124411202471E-03     5.31183561099127E-01    -4.02127196527622E-02    -1.07701324586975E-03
         2.63826692509282     3.16938745091093E-03     1.28106389664442E-01     8.86515784217530E-02    -3.02780099370055E-02     6.32413084598100E-01    -9.60171819863841E-02     1.11869195711230E-02
         1.00068434623271     1.49954893896051E-01    -6.02740341472465E-01    -2.70797777023742E-01    -2.11828117719142E-01     5.20490499206324E-01    -1.68198534118095E-01     1.00844654520330E-01
         0.37691081428357     6.24138945203536E-02     5.88327006837275E-01     4.49602349245778E-01     5.72354759762991E-01     2.11604530741095E-01     7.99405100832182E-01     7.46400551203393E-01
         0.13919291701003    -7.88323259211759E-01     2.69873380209664E-01    -5.18750116085119E-01     6.14935975634278E-01     3.13586412318839E-02     4.29320409508753E-01     6.31070197102405E-01
         0.04797928382421    -5.93401110246543E-01    -4.48051666796149E-01     6.68673931179736E-01    -4.98455321271431E-01    -3.50358855040028E-02     3.70821199238625E-01     1.85312363376154E-01
CL TZV2P-MOLOPT-PBE-GTH-Q7
 1
 2 0 3 4 3 3 2 1
         1.99824811943664     4.33846894941631E-01     3.07041170622732E-01     1.75957585523759E-02     3.45339975324402E-01     1.79965250304009E-01    -3.72667358036020E-01     9.05635141754461E-02    -2.17425270215822E-01    -1.43769165568981E-01
         1.50363082119869    -3.38194302379175E-01    -3.89997660747777E-02    -9.17322433894228E-01    -4.97369383451272E-01    -2.01781984518266E-01    -8.34831128966391E-01     2.85556761650639E-01     9.18680132432251E-01     4.08136672326571E-01
         0.40650884550636    -5.13548002397481E-01    -6.29188376955880E-01     3.25113335470044E-01    -6.70835040884209E-01    -3.34082727506389E-01     4.03493031418158E-01     9.41536415237722E-01    -2.84903780503556E-01     9.00979681734397E-01
         0.12853799110242    -6.58536206158268E-01     7.12970352884578E-01     2.29153356193791E-01    -4.28187278851352E-01     9.02931487206409E-01     3.70054044720497E-02     1.54158245180379E-01     1.66081010355251E-01     3.14721596903698E-02
CL TZVP-MOLOPT-PBE-GTH-q7
 1
 2 0 2 4 3 3 1
         1.99824811943664     4.33846894941631E-01     3.07041170622732E-01     1.75957585523759E-02     3.45339975324402E-01     1.79965250304009E-01    -3.72667358036020E-01     9.05635141754461E-02
         1.50363082119869    -3.38194302379175E-01    -3.89997660747777E-02    -9.17322433894228E-01    -4.97369383451272E-01    -2.01781984518266E-01    -8.34831128966391E-01     2.85556761650639E-01
         0.40650884550636    -5.13548002397481E-01    -6.29188376955880E-01     3.25113335470044E-01    -6.70835040884209E-01    -3.34082727506389E-01     4.03493031418158E-01     9.41536415237722E-01
         0.12853799110242    -6.58536206158268E-01     7.12970352884578E-01     2.29153356193791E-01    -4.28187278851352E-01     9.02931487206409E-01     3.70054044720497E-02     1.54158245180379E-01
CL DZVP-MOLOPT-PBE-GTH-q7
 1
 2 0 2 4 2 2 1
         1.99824811943664     4.33846894941631E-01     3.07041170622732E-01     3.45339975324402E-01     1.79965250304009E-01     9.05635141754461E-02
         1.50363082119869    -3.38194302379175E-01    -3.89997660747777E-02    -4.97369383451272E-01    -2.01781984518266E-01     2.85556761650639E-01
         0.40650884550636    -5.13548002397481E-01    -6.29188376955880E-01    -6.70835040884209E-01    -3.34082727506389E-01     9.41536415237722E-01
         0.12853799110242    -6.58536206158268E-01     7.12970352884578E-01    -4.28187278851352E-01     9.02931487206409E-01     1.54158245180379E-01
H TZV2P-MOLOPT-PBE-GTH-Q1
 1
 2 0 2 5 3 2 1
         9.42354063693337     1.73389254674243E-02    -1.21441381781897E-01     8.48842952201243E-01    -8.76722314909129E-02     1.38509912982294E-01     1.01583846424117E-05
         2.22615949373757     1.93701953472634E-01    -1.18295700700916E-01     4.34966851840939E-01     2.94035801652179E-01    -4.64264354132394E-01    -5.41805899933135E-06
         0.63906011750762     5.93968178416321E-01    -1.91886640436410E-01     8.47731161618519E-02     4.09268475073086E-01    -6.46177309023364E-01    -2.13029117448260E-05
         0.31891311049636     2.87977189530933E-01     9.48793640784133E-01     1.29845157344792E-01     1.56986057354678E-01    -2.47870371773730E-01     1.00804100896023E-05
         0.16139156624546     7.25568643357183E-01    -1.85008817130971E-01    -2.57338753762772E-01     8.44814311123899E-01     5.35059601902204E-01     9.99999999656012E-01
H TZVP-MOLOPT-PBE-GTH-q1
 1
 2 0 1 5 3 1
         9.42354063693337     1.73389254674243E-02    -1.21441381781897E-01     8.48842952201243E-01    -8.76722314909129E-02
         2.22615949373757     1.93701953472634E-01    -1.18295700700916E-01     4.34966851840939E-01     2.94035801652179E-01
         0.63906011750762     5.93968178416321E-01    -1.91886640436410E-01     8.47731161618519E-02     4.09268475073086E-01
         0.31891311049636     2.87977189530933E-01     9.48793640784133E-01     1.29845157344792E-01     1.56986057354678E-01
         0.16139156624546     7.25568643357183E-01    -1.85008817130971E-01    -2.57338753762772E-01     8.44814311123899E-01
H DZVP-MOLOPT-PBE-GTH-q1
 1
 2 0 1 5 2 1
         9.42354063693337     1.73389254674243E-02    -1.21441381781897E-01    -8.76722314909129E-02
         2.22615949373757     1.93701953472634E-01    -1.18295700700916E-01     2.94035801652179E-01
         0.63906011750762     5.93968178416321E-01    -1.91886640436410E-01     4.09268475073086E-01
         0.31891311049636     2.87977189530933E-01     9.48793640784133E-01     1.56986057354678E-01
         0.16139156624546     7.25568643357183E-01    -1.85008817130971E-01     8.44814311123899E-01
C TZV2P-MOLOPT-PBE-GTH-Q4
 1
 2 0 3 5 3 3 2 1
         5.26168129831067    -1.61141917378974E-01     9.96686652890171E-02    -1.17238307580140E-01    -9.87481588337120E-02     8.04369823930186E-02     7.08590015603763E-02    -7.94823942452603E-02     1.04464800757986E-01    -1.15487166610279E-05
         1.93765185829818    -1.80855958455182E-01     2.07650729566158E-01    -3.33811408541760E-01    -2.33439340416087E-01     3.08796108490828E-01     4.56576584711807E-01     2.69082041591327E-01    -3.53701545984790E-01     9.95236583846123E-02
         0.75874037796781     4.91788265416699E-01    -4.16657014983378E-01     5.95870904155683E-01    -5.45250710497427E-01     4.47197164192854E-01     3.99065341940114E-01     5.09051672136440E-01    -6.69295761141920E-01    -1.83046665174320E-05
         0.29195902016920     8.01306792979118E-01     6.03691230508770E-02    -5.88930355080236E-01    -6.71258492279101E-01     5.58623031841720E-02    -7.14283704651730E-01     7.95918282332624E-01     6.05404067152161E-01     9.95035195799905E-01
         0.09607356854063     2.39533150688254E-01     8.77325385770500E-01     4.15841346199326E-01    -4.33438086372545E-01    -8.33707955260866E-01     3.42143926326319E-01     1.69286404775650E-01    -2.22511620738430E-01    -8.52958759292650E-06
C TZVP-MOLOPT-PBE-GTH-q4
 1
 2 0 2 5 3 3 1
         5.26168129831067    -1.61141917378974E-01     9.96686652890171E-02    -1.17238307580140E-01    -9.87481588337120E-02     8.04369823930186E-02     7.08590015603763E-02    -7.94823942452603E-02
         1.93765185829818    -1.80855958455182E-01     2.07650729566158E-01    -3.33811408541760E-01    -2.33439340416087E-01     3.08796108490828E-01     4.56576584711807E-01     2.69082041591327E-01
         0.75874037796781     4.91788265416699E-01    -4.16657014983378E-01     5.95870904155683E-01    -5.45250710497427E-01     4.47197164192854E-01     3.99065341940114E-01     5.09051672136440E-01
         0.29195902016920     8.01306792979118E-01     6.03691230508770E-02    -5.88930355080236E-01    -6.71258492279101E-01     5.58623031841720E-02    -7.14283704651730E-01     7.95918282332624E-01
         0.09607356854063     2.39533150688254E-01     8.77325385770500E-01     4.15841346199326E-01    -4.33438086372545E-01    -8.33707955260866E-01     3.42143926326319E-01     1.69286404775650E-01
C DZVP-MOLOPT-PBE-GTH-q4
 1
 2 0 2 5 2 2 1
         5.26168129831067    -1.61141917378974E-01     9.96686652890171E-02    -9.87481588337120E-02     8.04369823930186E-02    -7.94823942452603E-02
         1.93765185829818    -1.80855958455182E-01     2.07650729566158E-01    -2.33439340416087E-01     3.08796108490828E-01     2.69082041591327E-01
         0.75874037796781     4.91788265416699E-01    -4.16657014983378E-01    -5.45250710497427E-01     4.47197164192854E-01     5.09051672136440E-01
         0.29195902016920     8.01306792979118E-01     6.03691230508770E-02    -6.71258492279101E-01     5.58623031841720E-02     7.95918282332624E-01
         0.09607356854063     2.39533150688254E-01     8.77325385770500E-01    -4.33438086372545E-01    -8.33707955260866E-01     1.69286404775650E-01
F TZV2P-MOLOPT-PBE-GTH-Q7
 1
 2 0 3 5 3 3 2 1
        13.30428004732790     1.38292090777636E-01    -4.13851185732434E-02    -3.68601172475513E-01    -9.35531482386367E-02     5.06296345689289E-02     1.31156005847365E-01    -3.26022751966033E-02     1.00541308351024E-01     9.72064409635608E-05
         4.80605774544240     1.37268979809070E-01    -3.39565337061055E-02    -2.68712697428403E-01    -2.95910126104609E-01     1.05677150923709E-01    -3.03933997040743E-01     1.33191225710905E-01    -4.08920622745241E-01     5.04092340544058E-06
         1.70698523266130    -5.18264453672791E-01     1.04861752881122E-01     6.94838249064691E-01    -5.65276724858415E-01     3.02716360438154E-01     7.47866109869779E-01     2.66499643835383E-01    -8.18034852203344E-01     5.83002400834836E-05
         0.58735472443375    -8.26267224974586E-01     4.59440905301858E-02    -5.51244775686392E-01    -6.52493507471700E-01     2.40526134346493E-01    -5.71224059806739E-01     9.50822081343244E-01     3.09737546860849E-01     9.99999990598423E-01
         0.17874874061685    -1.03522721189923E-01    -9.91981541717081E-01     7.24959778581021E-02    -3.97994287350983E-01    -9.14756231842929E-01     6.94376178966044E-02     7.81824693351836E-02    -2.39910404638869E-01    -7.70047573235798E-05
F TZVP-MOLOPT-PBE-GTH-q7
 1
 2 0 2 5 3 3 1
        13.30428004732790     1.38292090777636E-01    -4.13851185732434E-02    -3.68601172475513E-01    -9.35531482386367E-02     5.06296345689289E-02     1.31156005847365E-01    -3.26022751966033E-02
         4.80605774544240     1.37268979809070E-01    -3.39565337061055E-02    -2.68712697428403E-01    -2.95910126104609E-01     1.05677150923709E-01    -3.03933997040743E-01     1.33191225710905E-01
         1.70698523266130    -5.18264453672791E-01     1.04861752881122E-01     6.94838249064691E-01    -5.65276724858415E-01     3.02716360438154E-01     7.47866109869779E-01     2.66499643835383E-01
         0.58735472443375    -8.26267224974586E-01     4.59440905301858E-02    -5.51244775686392E-01    -6.52493507471700E-01     2.40526134346493E-01    -5.71224059806739E-01     9.50822081343244E-01
         0.17874874061685    -1.03522721189923E-01    -9.91981541717081E-01     7.24959778581021E-02    -3.97994287350983E-01    -9.14756231842929E-01     6.94376178966044E-02     7.81824693351836E-02
F DZVP-MOLOPT-PBE-GTH-q7
 1
 2 0 2 5 2 2 1
        13.30428004732790     1.38292090777636E-01    -4.13851185732434E-02    -9.35531482386367E-02     5.06296345689289E-02    -3.26022751966033E-02
         4.80605774544240     1.37268979809070E-01    -3.39565337061055E-02    -2.95910126104609E-01     1.05677150923709E-01     1.33191225710905E-01
         1.70698523266130    -5.18264453672791E-01     1.04861752881122E-01    -5.65276724858415E-01     3.02716360438154E-01     2.66499643835383E-01
         0.58735472443375    -8.26267224974586E-01     4.59440905301858E-02    -6.52493507471700E-01     2.40526134346493E-01     9.50822081343244E-01
         0.17874874061685    -1.03522721189923E-01    -9.91981541717081E-01    -3.97994287350983E-01    -9.14756231842929E-01     7.81824693351836E-02
