AS TZV2P-MOLOPT-PBE0-GTH-Q5
 1
 2 0 3 4 3 3 2 1
         1.11951779332153     6.79495627001858E-01     1.64308254920376E-01     9.40381699899292E-02     4.49783004612814E-01    -2.87758627322148E-01    -7.64405205657272E-01    -1.42605284371972E-01     6.62424357432677E-02    -2.85045285956542E-01
         0.94226569732698    -5.20770630697289E-01    -1.46491391121093E-01    -5.79010137643546E-01    -5.03055142605086E-01     3.05902509128260E-01    -2.93052047331041E-02     2.79065546208894E-01    -8.69497587896794E-01     5.01795166171439E-01
         0.25388268518287    -3.66237054921072E-01    -3.80924394432562E-01     7.79686969684999E-01    -5.41578704073136E-01     2.76891653160516E-01    -6.42938673717795E-01     9.28168914302517E-01     1.72546853109657E-01     8.16670395164480E-01
         0.08699266424553     3.64628664110817E-01    -8.98019863599137E-01    -2.19071477820301E-01    -5.01321533104762E-01    -8.64262483115369E-01     3.81542707651186E-02     2.00720253862952E-01     4.58054000998147E-01    -5.11686255099138E-04
AS TZVP-MOLOPT-PBE0-GTH-q5
 1
 2 0 2 4 3 3 1
         1.11951779332153     6.79495627001858E-01     1.64308254920376E-01     9.40381699899292E-02     4.49783004612814E-01    -2.87758627322148E-01    -7.64405205657272E-01    -1.42605284371972E-01
         0.94226569732698    -5.20770630697289E-01    -1.46491391121093E-01    -5.79010137643546E-01    -5.03055142605086E-01     3.05902509128260E-01    -2.93052047331041E-02     2.79065546208894E-01
         0.25388268518287    -3.66237054921072E-01    -3.80924394432562E-01     7.79686969684999E-01    -5.41578704073136E-01     2.76891653160516E-01    -6.42938673717795E-01     9.28168914302517E-01
         0.08699266424553     3.64628664110817E-01    -8.98019863599137E-01    -2.19071477820301E-01    -5.01321533104762E-01    -8.64262483115369E-01     3.81542707651186E-02     2.00720253862952E-01
AS DZVP-MOLOPT-PBE0-GTH-q5
 1
 2 0 2 4 2 2 1
         1.11951779332153     6.79495627001858E-01     1.64308254920376E-01     4.49783004612814E-01    -2.87758627322148E-01    -1.42605284371972E-01
         0.94226569732698    -5.20770630697289E-01    -1.46491391121093E-01    -5.03055142605086E-01     3.05902509128260E-01     2.79065546208894E-01
         0.25388268518287    -3.66237054921072E-01    -3.80924394432562E-01    -5.41578704073136E-01     2.76891653160516E-01     9.28168914302517E-01
         0.08699266424553     3.64628664110817E-01    -8.98019863599137E-01    -5.01321533104762E-01    -8.64262483115369E-01     2.00720253862952E-01
H TZV2P-MOLOPT-PBE0-GTH-Q1
 1
 2 0 2 5 3 2 1
         9.40376558777484     5.57995409025206E-02    -4.70579310756749E-02    -9.03982952048893E-02    -9.22922683878503E-02     5.62771387719766E-01     7.80341103329014E-02
         2.19236236036235     2.26741263852150E-01    -2.37595450605385E-01    -3.31859181820579E-01     3.56629407794935E-01    -1.55610962004131E-01     3.11602862374432E-01
         0.70785664525623     4.70071809062586E-01    -3.84865803668886E-01    -6.33091997698946E-01     4.70685683046521E-01    -1.55533260185636E-01     6.35783567219683E-05
         0.37495748172786     5.50419957177599E-01     8.25544608526065E-01    -1.19262368808400E-01     4.93402007633953E-01     7.41061881197701E-01     9.44971331284660E-01
         0.15142571456720     6.49265104227107E-01    -3.34198093163844E-01     6.83131496493313E-01     6.31907468961614E-01    -2.92763192495008E-01     6.19960707827798E-02
H TZVP-MOLOPT-PBE0-GTH-q1
 1
 2 0 1 5 3 1
         9.40376558777484     5.57995409025206E-02    -4.70579310756749E-02    -9.03982952048893E-02    -9.22922683878503E-02
         2.19236236036235     2.26741263852150E-01    -2.37595450605385E-01    -3.31859181820579E-01     3.56629407794935E-01
         0.70785664525623     4.70071809062586E-01    -3.84865803668886E-01    -6.33091997698946E-01     4.70685683046521E-01
         0.37495748172786     5.50419957177599E-01     8.25544608526065E-01    -1.19262368808400E-01     4.93402007633953E-01
         0.15142571456720     6.49265104227107E-01    -3.34198093163844E-01     6.83131496493313E-01     6.31907468961614E-01
H DZVP-MOLOPT-PBE0-GTH-q1
 1
 2 0 1 5 2 1
         9.40376558777484     5.57995409025206E-02    -4.70579310756749E-02    -9.22922683878503E-02
         2.19236236036235     2.26741263852150E-01    -2.37595450605385E-01     3.56629407794935E-01
         0.70785664525623     4.70071809062586E-01    -3.84865803668886E-01     4.70685683046521E-01
         0.37495748172786     5.50419957177599E-01     8.25544608526065E-01     4.93402007633953E-01
         0.15142571456720     6.49265104227107E-01    -3.34198093163844E-01     6.31907468961614E-01
S TZV2P-MOLOPT-PBE0-GTH-Q6
 1
 2 0 3 4 3 3 2 1
         1.83659095947030     3.72803746003926E-01    -1.31812637810655E-01     2.56559878276949E-01     3.22135672378229E-01     2.14331044549409E-01    -6.28996181588624E-01    -6.56359111506667E-02    -4.82828101700687E-01    -3.30262411007222E-01
         1.39208197320107    -1.14279794636780E-01    -1.43288136484319E-01    -9.36393612455788E-01    -4.14974000535217E-01    -2.38907656855117E-01     4.88223890340128E-01     4.63441350718008E-01     7.40196513039148E-01     6.28765210001307E-01
         0.38620456072642    -7.33165669969939E-01     5.64751972580603E-01     1.18110304523197E-01    -7.40576228885045E-01    -2.84085486628765E-01    -5.98215801765616E-01     8.51719381751729E-01    -4.61461066543628E-01     6.86604311155619E-01
         0.12374068236867    -5.57158501578093E-01    -8.01965802215136E-01     2.08312235300652E-01    -4.19013170045561E-01     9.03482579314762E-01     9.02169106431992E-02     2.35559199269617E-01     7.77163454957457E-02     1.55420624339973E-01
S TZVP-MOLOPT-PBE0-GTH-q6
 1
 2 0 2 4 3 3 1
         1.83659095947030     3.72803746003926E-01    -1.31812637810655E-01     2.56559878276949E-01     3.22135672378229E-01     2.14331044549409E-01    -6.28996181588624E-01    -6.56359111506667E-02
         1.39208197320107    -1.14279794636780E-01    -1.43288136484319E-01    -9.36393612455788E-01    -4.14974000535217E-01    -2.38907656855117E-01     4.88223890340128E-01     4.63441350718008E-01
         0.38620456072642    -7.33165669969939E-01     5.64751972580603E-01     1.18110304523197E-01    -7.40576228885045E-01    -2.84085486628765E-01    -5.98215801765616E-01     8.51719381751729E-01
         0.12374068236867    -5.57158501578093E-01    -8.01965802215136E-01     2.08312235300652E-01    -4.19013170045561E-01     9.03482579314762E-01     9.02169106431992E-02     2.35559199269617E-01
S DZVP-MOLOPT-PBE0-GTH-q6
 1
 2 0 2 4 2 2 1
         1.83659095947030     3.72803746003926E-01    -1.31812637810655E-01     3.22135672378229E-01     2.14331044549409E-01    -6.56359111506667E-02
         1.39208197320107    -1.14279794636780E-01    -1.43288136484319E-01    -4.14974000535217E-01    -2.38907656855117E-01     4.63441350718008E-01
         0.38620456072642    -7.33165669969939E-01     5.64751972580603E-01    -7.40576228885045E-01    -2.84085486628765E-01     8.51719381751729E-01
         0.12374068236867    -5.57158501578093E-01    -8.01965802215136E-01    -4.19013170045561E-01     9.03482579314762E-01     2.35559199269617E-01
CL TZV2P-MOLOPT-PBE0-GTH-Q7
 1
 2 0 3 4 3 3 2 1
         1.95736377876919     5.14900988266686E-01     2.40693792976430E-01    -1.28104442415964E-01     3.91491934421244E-01     1.94579618291814E-01    -4.24624922261607E-01     1.03302579489917E-01    -1.51719991846673E-01    -8.80894837945973E-02
         1.54347371438383    -4.22981434715776E-01     4.84506053505603E-02    -8.97870765280675E-01    -5.31183852831214E-01    -2.06763688400425E-01    -8.12512692066251E-01     2.53080986425568E-01     7.90079486051753E-01     3.40736837991551E-01
         0.40766941393095    -4.94589672987331E-01    -6.25944067103656E-01     2.66738548390739E-01    -6.13505638411310E-01    -3.32691397032460E-01     3.96050456242181E-01     9.52098239408987E-01    -2.69731069825107E-01     9.35543949131780E-01
         0.13062819821750    -5.57982735881729E-01     7.40211497966302E-01     3.25987557262530E-01    -4.33807113141348E-01     8.99279702676011E-01     5.15832990020733E-02     1.37067625261757E-01     5.29150828937503E-01     2.99360873066907E-02
CL TZVP-MOLOPT-PBE0-GTH-q7
 1
 2 0 2 4 3 3 1
         1.95736377876919     5.14900988266686E-01     2.40693792976430E-01    -1.28104442415964E-01     3.91491934421244E-01     1.94579618291814E-01    -4.24624922261607E-01     1.03302579489917E-01
         1.54347371438383    -4.22981434715776E-01     4.84506053505603E-02    -8.97870765280675E-01    -5.31183852831214E-01    -2.06763688400425E-01    -8.12512692066251E-01     2.53080986425568E-01
         0.40766941393095    -4.94589672987331E-01    -6.25944067103656E-01     2.66738548390739E-01    -6.13505638411310E-01    -3.32691397032460E-01     3.96050456242181E-01     9.52098239408987E-01
         0.13062819821750    -5.57982735881729E-01     7.40211497966302E-01     3.25987557262530E-01    -4.33807113141348E-01     8.99279702676011E-01     5.15832990020733E-02     1.37067625261757E-01
CL DZVP-MOLOPT-PBE0-GTH-q7
 1
 2 0 2 4 2 2 1
         1.95736377876919     5.14900988266686E-01     2.40693792976430E-01     3.91491934421244E-01     1.94579618291814E-01     1.03302579489917E-01
         1.54347371438383    -4.22981434715776E-01     4.84506053505603E-02    -5.31183852831214E-01    -2.06763688400425E-01     2.53080986425568E-01
         0.40766941393095    -4.94589672987331E-01    -6.25944067103656E-01    -6.13505638411310E-01    -3.32691397032460E-01     9.52098239408987E-01
         0.13062819821750    -5.57982735881729E-01     7.40211497966302E-01    -4.33807113141348E-01     8.99279702676011E-01     1.37067625261757E-01
