W  admm-dz
    7
1 0 0 2 1
        2.74328371    0.76501106 
        1.42524904   -0.85833581
1 0 0 1 1
        0.60318119    1.00000000
1 0 0 1 1
        0.08295651    1.00000000
2 1 1 2 1
        4.06277808   -0.15605975 
        1.09399078    0.71879601
2 1 1 1 1
        0.41668032    1.00000000
2 2 2 2 1
        1.17017563   -0.32422249 
        0.41785825   -0.53146766
2 2 2 1 1
        0.12570285    1.00000000

W  admm-dzp
    8
1 0 0 2 1
        2.74328371    0.76501106 
        1.42524904   -0.85833581  
1 0 0 1 1
        0.60318119    1.00000000
1 0 0 1 1
        0.08295651    1.00000000
2 1 1 2 1
        4.06277808   -0.15605975 
        1.09399078    0.71879601  
2 1 1 1 1
        0.41668032    1.00000000
2 2 2 2 1
        1.17017563   -0.32422249 
        0.41785825   -0.53146766 
2 2 2 1 1
        0.12570285    1.00000000
3 3 3 1 1
      0.4769000       1.0000000

W  admm-tzp
   11
1 0 0 2 1
        4.55293392    0.73582092 
        4.09239230   -1.17255080
1 0 0 1 1
        0.87068664    1.00000000
1 0 0 1 1
        0.28876195    1.00000000
1 0 0 1 1
        0.07747615    1.00000000
2 1 1 2 1
        5.58881662    0.20525129 
        5.01471768   -0.34716163
2 1 1 1 1
        1.06125712    1.00000000
2 1 1 1 1
        0.40597111    1.00000000
2 2 2 2 1
        1.34287522    0.21874449 
        0.58921367    0.42863944
2 2 2 1 1
        0.22626566    1.00000000
2 2 2 1 1
        0.07796399    1.00000000
3 3 3 1 1
      0.4769000       1.0000000

W  admm-tz2p
   13
1 0 0 2 1
        4.55293392    0.73582092  
        4.09239230   -1.17255080 
1 0 0 1 1
        0.87068664    1.00000000
1 0 0 1 1
        0.28876195    1.00000000
1 0 0 1 1
        0.07747615    1.00000000
2 1 1 2 1
        5.58881662    0.20525129 
        5.01471768   -0.34716163  
2 1 1 1 1
        1.06125712    1.00000000
2 1 1 1 1
        0.40597111    1.00000000
2 2 2 2 1
        1.34287522    0.21874449 
        0.58921367    0.42863944 
2 2 2 1 1
        0.22626566    1.00000000
2 2 2 1 1
        0.07796399    1.00000000
3 3 3 1 1
      0.8266000       1.0000000
3 3 3 1 1
      0.2560000       1.0000000
4 4 4 1 1
      0.6205000       1.0000000
