Se admm-dz
    4
1 0 0 2 1
        1.40735182    0.41401048 
        0.43875897   -0.69598568 
1 0 0 1 1
        0.15452265    1.00000000 
2 1 1 2 1
        2.49950504    0.14740983 
        0.39680005   -1.03177689 
2 1 1 1 1
        0.11812325    1.00000000 

Se admm-dzp
    5
1 0 0 2 1
        1.40735182    0.41401048 
        0.43875897   -0.69598568  
1 0 0 1 1
        0.15452265    1.00000000  
2 1 1 2 1
        2.49950504    0.14740983 
        0.39680005   -1.03177689  
2 1 1 1 1
        0.11812325    1.00000000
2 2 2 1 1
  0.130207085143      1.0000000000

Se admm-tzp
    7
1 0 0 2 1
        3.37255064      0.09446511 
        1.90083067     -0.41266999 
1 0 0 1 1
        0.34981519      1.00000000 
1 0 0 1 1
        0.13226905      1.00000000 
2 1 1 2 1
        3.50308939    0.04248219  
        3.13851779   -0.13849540 
2 1 1 1 1
        0.39233595    1.00000000 
2 1 1 1 1
        0.11720050    1.00000000
2 2 2 1 1
  0.130207085143      1.0000000000

Se admm-tz2p
    9
1 0 0 2 1
        3.37255064      0.09446511  
        1.90083067     -0.41266999 
1 0 0 1 1
        0.34981519      1.00000000  
1 0 0 1 1
        0.13226905      1.00000000  
2 1 1 2 1
        3.50308939    0.04248219  
        3.13851779   -0.13849540 
2 1 1 1 1
        0.39233595    1.00000000  
2 1 1 1 1
        0.11720050    1.00000000
2 2 2 2 2
  0.324273404874      1.0000000000 
  0.948457915699E-01  1.0000000000
3 3 3 1 1
      4.620000E-01    1.0000000

