##################################################################################
CA DZVP-MOLOPT-SCAN-GTH-Q10
 1
 2 0 2 6 3 2 1
         9.79125362187315    -1.12653695586957E-02     2.04493070683206E-02     3.62283554436808E-02    -1.16640759376851E-02     3.67824927022638E-03    -4.41712357192736E-03
         3.44709760414526     2.50106849655313E-02    -3.41646205085456E-01    -3.92894849861940E-01    -1.43568943195200E-01     6.54104754360021E-03     7.86595435200679E-02
         1.83871973182204    -6.00570664610287E-02     1.48494332355729E-01     2.11270177365045E-01     4.54746492615182E-01    -9.68787718661686E-02     3.02123613577423E-01
         0.68597627400877     6.35024941691174E-01     6.68573250391774E-01     1.54167179120866E-01     7.60119755850584E-01    -3.10498057250159E-01     4.30391610400422E-01
         0.24723511439051    -6.65947142162043E-01     2.73614303251942E-01     5.23201671557000E-01     3.76036197708303E-01     1.77305733239769E-01     7.21352099907305E-01
         0.05478691422624     3.85873597348517E-01    -5.82197691137547E-01     7.08645572293956E-01     2.30807864067181E-01     9.28822815258769E-01     4.43766489279822E-01

##################################################################################
# Cl H F
##################################################################################
CL DZVP-MOLOPT-SCAN-GTH-q7
 1
 2 0 2 4 2 2 1
         1.99031135450461     4.85018816633289E-01     1.94158525239581E-01     3.26464872695311E-01     1.51626624474172E-01     1.14349988907458E-01
         1.46501921747017    -3.69443122264159E-01     8.84925501203065E-02    -4.91090003440862E-01    -1.60659090706497E-01     2.49763916797096E-01
         0.40655378963524    -5.57894471564660E-01    -6.37209072162332E-01    -6.93734950650820E-01    -3.56105172703454E-01     9.48735957067629E-01
         0.13370286337397    -5.63047320854067E-01     7.40564739914084E-01    -4.13501044329990E-01     9.07957669331436E-01     1.56339853108561E-01
H DZVP-MOLOPT-SCAN-GTH-q1
 1
 2 0 1 5 2 1
         9.16876514496744     4.30245721944096E-02    -3.89199332255518E-02    -1.03225299298647E-01
         2.16119406948452     1.67758655334156E-01    -2.29436993766244E-01     3.18679005482070E-01
         0.61986766123499     5.51924571472773E-01    -2.73974309763091E-01     4.58038932787715E-01
         0.16131600752250     6.99078574975625E-01    -2.64330500496994E-01     8.23091485416057E-01
         0.41225503616229     4.20326460221825E-01     8.94936516623427E-01     2.25604019455304E-02
F DZVP-MOLOPT-SCAN-GTH-q7
 1
 2 0 2 5 2 2 1
        13.16645520019096     1.25688709752362E-01    -6.90191648196731E-02    -9.31572868763813E-02     5.00225599861602E-02    -1.02513605924922E-02
         4.67863609541364     1.25206371205048E-01    -7.54523660806367E-02    -2.93923292691458E-01     1.19602022797720E-01     4.04484470063397E-02
         1.68188350144516    -4.93940854057955E-01     2.15904735709196E-01    -5.53343548452151E-01     3.11861936412921E-01     4.51403790784568E-01
         0.58393450944632    -7.58234802751956E-01     3.05654861844976E-01    -6.44505933144035E-01     2.69615230808562E-01     8.90352206116421E-01
         0.18571155118612    -3.86817953873203E-01    -9.21685166349822E-01    -4.28198362261887E-01    -9.01799789070697E-01     4.20285554084608E-02
