CA TZV2P-MOLOPT-SCAN-GTH-Q10
 1
 2 0 2 6 4 3 2
         4.90934186905579    -1.78762685816523E-01     1.91016535721163E-01     2.93668470455499E-01     5.54412541011705E-01    -1.35435977351307E-01     7.57408206144971E-02    -4.13039327917840E-02    -2.38146599906699E-01     3.17389731295035E-01
         4.04682028201733     2.69813927944579E-01    -4.05067607729010E-01    -5.18162615495568E-01     6.78465476994821E-01     8.38878701273654E-02    -8.35537632626196E-02     1.03749039084222E-01     3.76575713557954E-01    -3.64995306583436E-01
         1.27928275443354    -1.14900713298343E-01     2.20111217000299E-01     2.17731253389031E-01     1.22004219658409E-01     5.95208948989584E-01    -2.30815341691021E-01     1.92011663510275E-01     3.52601748414984E-01    -1.56040979917028E-02
         0.51670653009855     4.59325570441337E-01     6.48830013298755E-01     1.80683987764627E-01     3.24851697706035E-01     6.35936808454367E-01    -3.54766615641255E-01     3.96294764201981E-02     4.21731424778355E-01    -2.57059330690626E-01
         0.19163784258782    -7.41133469029174E-01    -9.25090763470517E-02     1.64205050094657E-01     3.27582194737209E-01     2.98397468583820E-01     2.40200589620237E-01    -9.14916566296792E-01     6.28485328694399E-01     9.30419444288569E-02
         0.05051789553235     3.48974746871223E-01    -5.66961773875966E-01     7.33654845788975E-01     6.77316873356702E-02     3.56215601458930E-01     8.66285576441103E-01     3.34692133781776E-01     3.22951595283574E-01     8.31301626275432E-01
CA TZVP-MOLOPT-SCAN-GTH-q10
 1
 2 0 2 6 4 2 1
         4.90934186905579    -1.78762685816523E-01     1.91016535721163E-01     2.93668470455499E-01     5.54412541011705E-01    -1.35435977351307E-01     7.57408206144971E-02    -2.38146599906699E-01
         4.04682028201733     2.69813927944579E-01    -4.05067607729010E-01    -5.18162615495568E-01     6.78465476994821E-01     8.38878701273654E-02    -8.35537632626196E-02     3.76575713557954E-01
         1.27928275443354    -1.14900713298343E-01     2.20111217000299E-01     2.17731253389031E-01     1.22004219658409E-01     5.95208948989584E-01    -2.30815341691021E-01     3.52601748414984E-01
         0.51670653009855     4.59325570441337E-01     6.48830013298755E-01     1.80683987764627E-01     3.24851697706035E-01     6.35936808454367E-01    -3.54766615641255E-01     4.21731424778355E-01
         0.19163784258782    -7.41133469029174E-01    -9.25090763470517E-02     1.64205050094657E-01     3.27582194737209E-01     2.98397468583820E-01     2.40200589620237E-01     6.28485328694399E-01
         0.05051789553235     3.48974746871223E-01    -5.66961773875966E-01     7.33654845788975E-01     6.77316873356702E-02     3.56215601458930E-01     8.66285576441103E-01     3.22951595283574E-01
CA DZVP-MOLOPT-SCAN-GTH-q10
 1
 2 0 2 6 3 2 1
         4.90934186905579    -1.78762685816523E-01     1.91016535721163E-01     2.93668470455499E-01    -1.35435977351307E-01     7.57408206144971E-02    -2.38146599906699E-01
         4.04682028201733     2.69813927944579E-01    -4.05067607729010E-01    -5.18162615495568E-01     8.38878701273654E-02    -8.35537632626196E-02     3.76575713557954E-01
         1.27928275443354    -1.14900713298343E-01     2.20111217000299E-01     2.17731253389031E-01     5.95208948989584E-01    -2.30815341691021E-01     3.52601748414984E-01
         0.51670653009855     4.59325570441337E-01     6.48830013298755E-01     1.80683987764627E-01     6.35936808454367E-01    -3.54766615641255E-01     4.21731424778355E-01
         0.19163784258782    -7.41133469029174E-01    -9.25090763470517E-02     1.64205050094657E-01     2.98397468583820E-01     2.40200589620237E-01     6.28485328694399E-01
         0.05051789553235     3.48974746871223E-01    -5.66961773875966E-01     7.33654845788975E-01     3.56215601458930E-01     8.66285576441103E-01     3.22951595283574E-01
CL TZV2P-MOLOPT-SCAN-GTH-Q7
 1
 2 0 3 4 3 3 2 1
         1.99031135450461     4.85018816633289E-01     1.94158525239581E-01    -1.02487019822790E-01     3.26464872695311E-01     1.51626624474172E-01    -3.04303079631876E-01     1.14349988907458E-01    -6.94120784194127E-02    -3.74274318976047E-02
         1.46501921747017    -3.69443122264159E-01     8.84925501203066E-02    -9.21581198729358E-01    -4.91090003440862E-01    -1.60659090706497E-01    -8.51979523656754E-01     2.49763916797096E-01     9.08906621638742E-01     2.75533996785233E-01
         0.40655378963524    -5.57894471564660E-01    -6.37209072162332E-01     2.04948617227288E-01    -6.93734950650820E-01    -3.56105172703454E-01     4.21045721459141E-01     9.48735957067630E-01    -2.80461592308605E-01     9.57496717801440E-01
         0.13370286337397    -5.63047320854067E-01     7.40564739914085E-01     3.13337787719621E-01    -4.13501044329990E-01     9.07957669331436E-01     6.51999036588082E-02     1.56339853108561E-01     3.00685902147853E-01    -7.66827187609711E-02
CL TZVP-MOLOPT-SCAN-GTH-q7
 1
 2 0 2 4 3 3 1
         1.99031135450461     4.85018816633289E-01     1.94158525239581E-01    -1.02487019822790E-01     3.26464872695311E-01     1.51626624474172E-01    -3.04303079631876E-01     1.14349988907458E-01
         1.46501921747017    -3.69443122264159E-01     8.84925501203066E-02    -9.21581198729358E-01    -4.91090003440862E-01    -1.60659090706497E-01    -8.51979523656754E-01     2.49763916797096E-01
         0.40655378963524    -5.57894471564660E-01    -6.37209072162332E-01     2.04948617227288E-01    -6.93734950650820E-01    -3.56105172703454E-01     4.21045721459141E-01     9.48735957067630E-01
         0.13370286337397    -5.63047320854067E-01     7.40564739914085E-01     3.13337787719621E-01    -4.13501044329990E-01     9.07957669331436E-01     6.51999036588082E-02     1.56339853108561E-01
CL DZVP-MOLOPT-SCAN-GTH-q7
 1
 2 0 2 4 2 2 1
         1.99031135450461     4.85018816633289E-01     1.94158525239581E-01     3.26464872695311E-01     1.51626624474172E-01     1.14349988907458E-01
         1.46501921747017    -3.69443122264159E-01     8.84925501203066E-02    -4.91090003440862E-01    -1.60659090706497E-01     2.49763916797096E-01
         0.40655378963524    -5.57894471564660E-01    -6.37209072162332E-01    -6.93734950650820E-01    -3.56105172703454E-01     9.48735957067630E-01
         0.13370286337397    -5.63047320854067E-01     7.40564739914085E-01    -4.13501044329990E-01     9.07957669331436E-01     1.56339853108561E-01
H TZV2P-MOLOPT-SCAN-GTH-Q1
 1
 2 0 2 5 3 2 1
         9.16876514496744     4.30245721944096E-02    -3.89199332255518E-02     1.05597841287996E-01    -1.03225299298647E-01     1.47849610372066E-01     5.89397100894678E-04
         2.16119406948452     1.67758655334156E-01    -2.29436993766244E-01     9.00816001060512E-01     3.18679005482070E-01    -4.59921573561831E-01     9.06454549928757E-04
         0.61986766123499     5.51924571472773E-01    -2.73974309763091E-01     8.95041468250583E-02     4.58038932787715E-01    -6.65599039198367E-01    -4.14822793772387E-04
         0.16131600752250     6.99078574975625E-01    -2.64330500496994E-01    -3.83347452986213E-01     8.23091485416057E-01     5.67905974411888E-01     9.99996815399554E-01
         0.41225503616229     4.20326460221825E-01     8.94936516623427E-01     1.49710941947358E-01     2.25604019455304E-02    -3.27622058282529E-02    -2.24233449917807E-03
H TZVP-MOLOPT-SCAN-GTH-q1
 1
 2 0 1 5 3 1
         9.16876514496744     4.30245721944096E-02    -3.89199332255518E-02     1.05597841287996E-01    -1.03225299298647E-01
         2.16119406948452     1.67758655334156E-01    -2.29436993766244E-01     9.00816001060512E-01     3.18679005482070E-01
         0.61986766123499     5.51924571472773E-01    -2.73974309763091E-01     8.95041468250583E-02     4.58038932787715E-01
         0.16131600752250     6.99078574975625E-01    -2.64330500496994E-01    -3.83347452986213E-01     8.23091485416057E-01
         0.41225503616229     4.20326460221825E-01     8.94936516623427E-01     1.49710941947358E-01     2.25604019455304E-02
H DZVP-MOLOPT-SCAN-GTH-q1
 1
 2 0 1 5 2 1
         9.16876514496744     4.30245721944096E-02    -3.89199332255518E-02    -1.03225299298647E-01
         2.16119406948452     1.67758655334156E-01    -2.29436993766244E-01     3.18679005482070E-01
         0.61986766123499     5.51924571472773E-01    -2.73974309763091E-01     4.58038932787715E-01
         0.16131600752250     6.99078574975625E-01    -2.64330500496994E-01     8.23091485416057E-01
         0.41225503616229     4.20326460221825E-01     8.94936516623427E-01     2.25604019455304E-02
F TZV2P-MOLOPT-SCAN-GTH-Q7
 1
 2 0 3 5 3 3 2 1
        13.16645520019096     1.25688709752362E-01    -6.90191648196731E-02    -4.19619998203344E-01    -9.31572868763813E-02     5.00225599861602E-02    -6.88622277281857E-02    -1.02513605924922E-02    -1.03135180619022E-01    -3.14119421202531E-02
         4.67863609541364     1.25206371205048E-01    -7.54523660806367E-02    -2.93986334505468E-01    -2.93923292691458E-01     1.19602022797720E-01    -4.99826189781570E-01     4.04484470063397E-02    -1.25856773171103E-01     1.01835664406271E-01
         1.68188350144516    -4.93940854057955E-01     2.15904735709196E-01    -7.69158858630548E-01    -5.53343548452151E-01     3.11861936412921E-01     7.42571819653283E-01     4.51403790784568E-01    -8.76791264789868E-01     2.29748587047615E-01
         0.58393450944632    -7.58234802751956E-01     3.05654861844976E-01     3.81944805550917E-01    -6.44505933144035E-01     2.69615230808562E-01    -4.36892722870730E-01     8.90352206116421E-01     4.45248862484438E-01     9.66043910568162E-01
         0.18571155118612    -3.86817953873203E-01    -9.21685166349822E-01     1.97684968795901E-03    -4.28198362261887E-01    -9.01799789070697E-01     5.60679494913208E-02     4.20285554084608E-02     8.07077171659289E-02    -5.11618700886137E-02
F TZVP-MOLOPT-SCAN-GTH-q7
 1
 2 0 2 5 3 3 1
        13.16645520019096     1.25688709752362E-01    -6.90191648196731E-02    -4.19619998203344E-01    -9.31572868763813E-02     5.00225599861602E-02    -6.88622277281857E-02    -1.02513605924922E-02
         4.67863609541364     1.25206371205048E-01    -7.54523660806367E-02    -2.93986334505468E-01    -2.93923292691458E-01     1.19602022797720E-01    -4.99826189781570E-01     4.04484470063397E-02
         1.68188350144516    -4.93940854057955E-01     2.15904735709196E-01    -7.69158858630548E-01    -5.53343548452151E-01     3.11861936412921E-01     7.42571819653283E-01     4.51403790784568E-01
         0.58393450944632    -7.58234802751956E-01     3.05654861844976E-01     3.81944805550917E-01    -6.44505933144035E-01     2.69615230808562E-01    -4.36892722870730E-01     8.90352206116421E-01
         0.18571155118612    -3.86817953873203E-01    -9.21685166349822E-01     1.97684968795901E-03    -4.28198362261887E-01    -9.01799789070697E-01     5.60679494913208E-02     4.20285554084608E-02
F DZVP-MOLOPT-SCAN-GTH-q7
 1
 2 0 2 5 2 2 1
        13.16645520019096     1.25688709752362E-01    -6.90191648196731E-02    -9.31572868763813E-02     5.00225599861602E-02    -1.02513605924922E-02
         4.67863609541364     1.25206371205048E-01    -7.54523660806367E-02    -2.93923292691458E-01     1.19602022797720E-01     4.04484470063397E-02
         1.68188350144516    -4.93940854057955E-01     2.15904735709196E-01    -5.53343548452151E-01     3.11861936412921E-01     4.51403790784568E-01
         0.58393450944632    -7.58234802751956E-01     3.05654861844976E-01    -6.44505933144035E-01     2.69615230808562E-01     8.90352206116421E-01
         0.18571155118612    -3.86817953873203E-01    -9.21685166349822E-01    -4.28198362261887E-01    -9.01799789070697E-01     4.20285554084608E-02
