CA DZVP-MOLOPT-SCAN-GTH-Q10
 1
 2 0 2 6 3 2 1
         4.90934186905579    -1.65486225702684E-01     2.34571523856553E-01     2.75226265683471E-01    -1.35962570962232E-01     7.39417314861175E-02    -2.35026144817053E-01
         4.04682028201733     2.38520110646521E-01    -4.76368217799444E-01    -4.79909352149541E-01     8.66066519540793E-02    -7.61159389836825E-02     3.70740946777712E-01
         1.27928275443354    -4.01785538608691E-02     2.52124113405382E-01     1.90027791104885E-01     5.93314228590533E-01    -2.36697184118046E-01     3.48674647248408E-01
         0.51670653009855     5.14567996283750E-01     6.21213248010704E-01     1.06820484776053E-01     6.37118684780922E-01    -3.49563746501124E-01     4.15297259290763E-01
         0.19163784258782    -7.39895168624384E-01    -1.12118460844605E-02     1.85221111576467E-01     2.85200275760547E-01     2.02753873075758E-01     6.22114643300112E-01
         0.05051789553235     3.19191269267068E-01    -5.18122907917722E-01     7.82374257541571E-01     3.67058956430438E-01     8.77159894941015E-01     3.55304670695663E-01
CL DZVP-MOLOPT-SCAN-GTH-Q7
 1
 2 0 2 4 2 2 1
         1.94742837096494     4.72226841935866E-01     2.66210470760900E-01     2.08787526709877E-01     3.20307975654495E-01     1.33374970684154E-01
         1.42475748962520    -3.73443731570781E-01    -7.51905299646520E-02    -3.25561143806793E-01    -4.79562048277012E-01    -1.71346336807892E-02
         0.39043774461957    -4.15634465300588E-01    -7.03604927478020E-01    -5.00427199642408E-01    -5.24232589337975E-01     6.17033545897809E-01
         0.12363772158640    -6.81754780225312E-01     6.54536840437224E-01    -7.74590426090874E-01     6.26580589278409E-01     7.75362576321815E-01
H DZVP-MOLOPT-SCAN-GTH-Q1
 1
 2 0 1 5 2 1
         9.16876514496744     4.30245721944096E-02    -3.89199332255518E-02    -1.03225299298647E-01
         2.16119406948452     1.67758655334156E-01    -2.29436993766244E-01     3.18679005482070E-01
         0.61986766123499     5.51924571472773E-01    -2.73974309763091E-01     4.58038932787715E-01
         0.16131600752250     6.99078574975625E-01    -2.64330500496994E-01     8.23091485416057E-01
         0.41225503616229     4.20326460221825E-01     8.94936516623427E-01     2.25604019455304E-02
F DZVP-MOLOPT-SCAN-GTH-Q7
 1
 2 0 2 5 2 2 1
        13.16645520019096     1.25688709752362E-01    -6.90191648196731E-02    -9.31572868763813E-02     5.00225599861602E-02    -1.02513605924922E-02
         4.67863609541364     1.25206371205048E-01    -7.54523660806367E-02    -2.93923292691458E-01     1.19602022797720E-01     4.04484470063397E-02
         1.68188350144516    -4.93940854057955E-01     2.15904735709196E-01    -5.53343548452151E-01     3.11861936412921E-01     4.51403790784568E-01
         0.58393450944632    -7.58234802751956E-01     3.05654861844976E-01    -6.44505933144035E-01     2.69615230808562E-01     8.90352206116421E-01
         0.18571155118612    -3.86817953873203E-01    -9.21685166349822E-01    -4.28198362261887E-01    -9.01799789070697E-01     4.20285554084608E-02
