
PB SVP-MOLOPT-PBE-Q22
 2
 1 0 2 7 1 1 1
        55.91729365985930     5.34383999880895E-04    -1.89289438238526E-03     2.60641536865406E-04
        20.33078913540641    -3.77268165312646E-02     1.49674436759168E-04    -6.34155496589423E-04
        14.58512939283574     1.01166690812614E-01     4.64875500449658E-02     1.40624237511377E-02
         7.23427435860319    -9.45031402094256E-01    -1.59023233717567E-01    -8.30737330041839E-02
         1.99773527232634     2.11297910881449E-01     6.67558313473979E-01     5.63453839298728E-01
         0.87844751684540     2.24646166212068E-01     7.16277839357761E-01     6.86850323208588E-01
         0.38970960902347    -1.20268174219994E-02     1.17723694870659E-01     4.51283655280767E-01
 1 0 2 4 3 3 1
         7.73465388375939     9.42579560447551E-01     7.22432553046186E-02    -3.23343560329804E-01     5.83917126710732E-01     2.34056713914052E-01    -6.63436203396240E-01     3.06696285215126E-02
         1.44947830669074     1.53964554396146E-01    -1.97442877178890E-01     2.84164454956620E-01     3.48485211858738E-01    -7.11787395611819E-01    -2.76354980410274E-01    -3.56298740677420E-01
         0.19762045585572    -2.66023152601652E-01     5.41484812264120E-01    -7.03444047864250E-01     5.05036329589873E-01     5.71930473171542E-01     2.95108221560594E-01     6.36091474065783E-01
         0.06291977353327     1.30653627948008E-01     8.13997186974012E-01     5.65566950994144E-01     5.31542239190869E-01    -3.33873766531119E-01     6.29596272537380E-01     6.83738413356202E-01


PB TZVPP-MOLOPT-PBE-Q22
 2
 1 0 2 8 2 1 1
       591.61938360168756    -1.15174992714684E-03    -1.24681523200766E-03    -4.87512754718812E-05     4.34425842019169E-05
        46.91540652477999     3.82686963359576E-02     2.50086446196313E-02     5.35294340209593E-05    -1.02612839982357E-04
        20.56097759118810    -4.65038419683645E-01    -1.82902227527798E-01     1.64069931495872E-02     3.16145727555434E-03
        14.82469058127251     7.76059573106389E-01     1.38667083460647E-01    -6.11274234472540E-02     5.66991272264771E-03
         6.68997528904757    -2.28341308250002E-01     6.44917112438013E-01     2.49070839134785E-01    -8.48388855657511E-02
         2.17415188246029     4.20919898455056E-02    -7.16538021592450E-01    -3.65614615989495E-01     4.72566648347067E-01
         0.98816945851703    -3.23348993274541E-01     9.26221369014338E-02     8.48733951050172E-01     7.01852226013352E-01
         0.40762912089782     1.46761464447529E-01     9.36351949256239E-02    -2.82727065274470E-01     5.26160074565757E-01
 1 0 3 6 4 4 2 2
         3.54623590051894     4.90501875846747E-02    -4.30292494823321E-01    -1.59449875635120E-01     3.70470321200714E-01     2.07411235845034E-01    -3.67710834744594E-01     2.48679058804638E-01     6.88042320634504E-01    -6.23046078527921E-02    -1.53092987613476E-01     4.66262698172478E-02    -6.50201769595744E-02
         1.05992618341512     6.00921737639952E-01     5.45018466037594E-01    -5.27670652161615E-01     1.99581528141582E-02     8.13787257978788E-01     4.58254401668869E-01    -3.15766540479388E-01     1.09950542577926E-01    -2.19238188576408E-01    -8.82534433217809E-02     2.25183988151176E-02     1.93908524308437E-01
         0.61622861473224     2.36694177685154E-01    -6.64235684839074E-02    -1.92247772077703E-01    -3.63684239311679E-02    -4.56416715482655E-02    -1.57141061573852E-01    -2.79791113839395E-01     5.69053013992872E-01     3.55817010781866E-01     2.34797973480509E-02     6.77129402083553E-01    -6.10643577409787E-01
         0.22994571758139     5.79711069879350E-01    -5.51578657839049E-01     1.28211190672302E-01    -5.54484110264070E-01    -4.94730420484859E-01     4.88240863640412E-01    -2.04368374887324E-01     4.07227847946196E-01     7.77165987841764E-01    -5.22589295721122E-01     7.30274246975351E-01     5.74942636445446E-01
         0.10466955432328     1.64278917241317E-01     4.47302948122453E-01     7.01683938217692E-01    -2.04768851824699E-01    -1.82354543306661E-01     5.45313182693094E-01     5.91220845327573E-02     1.04387966786530E-01     4.59207921725926E-01     7.33166147444180E-01    -1.84314126622547E-02    -4.52646792996036E-01
         0.04359959253447     4.66273013790202E-01    -9.52481335462745E-02     3.87790865766770E-01     7.15295631032028E-01     1.20980772840875E-01     3.07168885114976E-01     8.45520725179841E-01     1.18135272952738E-01     8.11672305452914E-02     3.96976566363160E-01    -7.19339470873038E-02     2.23244546953359E-01


PB QZVPP-MOLOPT-PBE-Q22
 2
 1 0 2 11 2 2 1
      9368.31069351771112     2.07265699394175E-04    -6.91054242584874E-04     3.22434842086290E-05    -7.07294682492465E-05    -7.17162416980694E-06
      1366.96627473582430    -9.78891237423492E-04     3.75642248730434E-03    -2.18019007949341E-04     4.09843661011985E-04     4.05524227788238E-05
       299.65219068783625     2.68222163787413E-03    -8.60566225511655E-03     1.14068623835474E-03    -1.95819756154605E-03    -1.27039095018758E-04
        34.80838784431543     9.73105533993985E-03     2.14344749944470E-02    -7.93212565767764E-03     2.76060839001291E-02     8.07358673613516E-03
        21.74849344642460    -1.86429161882581E-01     1.63775583966465E-01    -2.27814648738243E-02    -5.43827830592604E-02    -3.04630256470924E-02
        13.66515940836222     5.82390410879284E-01    -3.30046828913447E-01     1.69535558368708E-01     4.22156371996009E-02     7.83496811342344E-02
         8.44921316968182    -3.52314591912383E-01    -3.84906681998321E-01    -1.04223327022112E-01    -3.59720671320866E-01    -1.33808341372702E-01
         5.29047149409673    -5.39496880110337E-01     4.24419002854179E-01    -4.77580454664206E-01     7.83493554359226E-01     2.53279192417708E-02
         1.96095082222038     4.51677846338590E-01     6.84304643089660E-01     5.86032623060997E-01     1.45989442734268E-01     5.35303069846949E-01
         0.89368597087854    -7.54379268410944E-02     2.15519878053724E-02     4.58718049990508E-01     4.75926045227067E-01     6.40552550515732E-01
         0.35930028811214    -3.28096780725355E-02    -2.58218105194993E-01     4.21749159691712E-01     5.84347541173885E-02     5.26749474250455E-01
 1 0 4 6 5 4 3 4 1
         2.12138675247626     1.31052911037146E-01    -3.52605820263377E-01     1.15057750177282E-03    -1.17162022759312E-01    -1.06752539116941E-01    -1.61496708599204E-01    -7.70228505142770E-03     1.10500928977273E-01    -1.99426438167492E-01     1.69595392762190E-02     4.98249346774665E-01    -4.69140270060083E-01     9.25702588984238E-01     2.45624403208755E-01     7.48774257170917E-02    -1.90980908480093E-01     6.77932849306622E-02
         1.05372731527911     8.43055515162721E-01    -1.05029415952164E-01    -2.10094528672532E-01     2.39345927045608E-01    -3.82188619845213E-01    -3.73246595142721E-01    -2.13114937049410E-01    -6.90689864029613E-02    -1.03914467372407E-01    -3.38681356328970E-02    -1.97382040404903E-01    -2.66551865383988E-01    -3.13494226581570E-01     8.74613094479342E-01     4.33759422818901E-02    -7.84209965635500E-02    -2.21341689669572E-01
         0.57657918380504     2.56657452981679E-01     8.46588469785247E-01    -1.95397003841102E-01    -3.02314321457253E-01     1.29250074526981E-01     8.83179329831950E-01     4.41207872563358E-02    -1.76992972037439E-01     5.36867091450646E-02    -1.97063857184158E-01    -6.55420604990009E-01     2.61204226936415E-01    -8.47769601898037E-02    -1.79090648602183E-01     9.41374936204179E-01    -1.43868642225974E-01     6.84700939922481E-01
         0.21406980580298     4.25462675324047E-01    -1.15921687076652E-01     7.14373436489113E-01    -3.38934470332931E-01     4.12218005205446E-01    -1.53471839507074E-01     9.08140739264925E-01    -3.47737328052930E-01    -1.37080188525230E-01     9.05941449356517E-01     5.84054904164719E-02     3.14311003390938E-01     1.47189861594179E-01     2.92727700609854E-01     2.84753039335117E-01     7.76885238804946E-01     4.68168578001054E-01
         0.11175413390060     7.72095186904183E-02     1.61368816273892E-01     1.28055395606514E-01     8.25188349403982E-01     4.74868325029877E-01     3.94693628267353E-02     3.56099098335156E-01     8.36958256811514E-01     3.57804801824427E-01    -3.67916469929041E-01     5.21343156190896E-01     5.58295966574112E-01    -2.04813452296900E-02     2.32528946747064E-01     9.48647708002524E-02    -5.66021197965349E-01    -5.07802926193297E-01
         0.04920119132197     1.38671146317699E-01    -3.29314724431626E-01    -6.25261053463267E-01    -2.04402180760218E-01     6.56053780231033E-01    -1.71722530728919E-01    -3.24019196273518E-02    -3.60932313177170E-01     8.94278123514704E-01    -6.03218128106156E-02     8.94531234830554E-02     4.79733330875892E-01     1.24597804195527E-01    -5.37392716477389E-02    -1.27442183307357E-01     1.12905194118809E-01     2.34716962274924E-02
