BA DZVP-MOLOPT-SCAN-GTH-Q10
 1
 2 0 2 6 3 2 1
         0.95576745873267     3.67331979395837E-01    -1.71723278978832E-01     9.38592463548574E-02     7.84870311594273E-01    -6.98341403819676E-02    -7.29279259114296E-01
         0.91851400799437    -8.12611205297078E-01    -6.31341930781821E-02    -7.62302792784382E-02    -3.55636669014104E-01     2.35636606934497E-01     5.66652312463601E-01
         0.87053633074886     4.50817104653633E-01     3.59462980816732E-02    -1.34108831248585E-01    -4.81150429075333E-01    -1.98214666385436E-01     2.13450534398010E-01
         0.25891509406677     1.75670205114135E-02    -1.50761429008072E-01    -1.43359607022614E-01    -1.52928323791662E-01     2.56086738314236E-03     2.48982384169994E-01
         0.07981245296040    -2.90761052652726E-02     5.62956518182335E-01     7.89465939735334E-01    -9.33039181649764E-03     2.49797203026471E-01     1.97960512641577E-01
         0.03858670835965     1.84435350037852E-02     7.90938684687261E-01    -5.68845990447411E-01     5.02124466831407E-02     9.15371142027985E-01    -1.77537651857372E-02
H DZVP-MOLOPT-SCAN-GTH-Q1
 1
 2 0 1 5 2 1
         9.16876514496744     4.30245721944096E-02    -3.89199332255518E-02    -1.03225299298647E-01
         2.16119406948452     1.67758655334156E-01    -2.29436993766244E-01     3.18679005482070E-01
         0.61986766123499     5.51924571472773E-01    -2.73974309763091E-01     4.58038932787715E-01
         0.41225503616229     4.20326460221825E-01     8.94936516623427E-01     2.25604019455304E-02
         0.16131600752250     6.99078574975625E-01    -2.64330500496994E-01     8.23091485416057E-01
F DZVP-MOLOPT-SCAN-GTH-Q7
 1
 2 0 2 5 2 2 1
        13.16645520019096     1.25688709752362E-01    -6.90191648196731E-02    -9.31572868763813E-02     5.00225599861602E-02    -1.02513605924922E-02
         4.67863609541364     1.25206371205048E-01    -7.54523660806367E-02    -2.93923292691458E-01     1.19602022797720E-01     4.04484470063397E-02
         1.68188350144516    -4.93940854057955E-01     2.15904735709196E-01    -5.53343548452151E-01     3.11861936412921E-01     4.51403790784568E-01
         0.58393450944632    -7.58234802751956E-01     3.05654861844976E-01    -6.44505933144035E-01     2.69615230808562E-01     8.90352206116421E-01
         0.18571155118612    -3.86817953873203E-01    -9.21685166349822E-01    -4.28198362261887E-01    -9.01799789070697E-01     4.20285554084608E-02
O DZVP-MOLOPT-SCAN-GTH-Q6
 1
 2 0 2 5 2 2 1
        10.25781699497238    -1.37093335568261E-01     6.42341766590814E-02    -1.01541960662273E-01     5.12250917317880E-02    -1.55308630843787E-02
         3.64428735012608    -1.53382903419191E-01     6.95730187369108E-02    -2.97888826596963E-01     1.18416114723772E-01     1.12242705044625E-01
         1.40222472037927     4.52964005356058E-01    -1.60546208430784E-01    -5.48743422499672E-01     2.65706574607295E-01     4.02080210361362E-01
         0.52205700268808     8.05450964095097E-01    -2.63981031214717E-01    -6.95022929228448E-01     1.92118246587555E-01     9.01700430010169E-01
         0.16818943371335     3.22104729197730E-01     9.46346921445871E-01    -3.41723954857718E-01    -9.35865486749767E-01    -1.11481865840859E-01
S DZVP-MOLOPT-SCAN-GTH-Q6
 1
 2 0 2 4 2 2 1
         1.88982592125518     3.26660680903398E-01    -1.40113335745630E-01     2.05757289488259E-01     1.31587103765163E-01     8.63181897573166E-02
         1.15800216982202    -7.89841314278472E-02    -1.32842309185549E-01    -3.49827240399351E-01    -1.70936424818098E-01     3.62126019596262E-01
         0.37325162853195    -7.39935765807641E-01     5.77184184804776E-01    -8.28100896626626E-01    -3.25058953530420E-01     9.02338526329730E-01
         0.12418523801761    -5.82708648479647E-01    -7.93460516250008E-01    -3.86695933135065E-01     9.20761776749454E-01     2.17253538404969E-01
