Hf admm-dz
    7
1 0 0 2 1
        1.91871897   -0.56623592 
        1.73011183    0.57609374
1 0 0 1 1
        0.49510157    1.00000000
1 0 0 1 1
        0.06971640    1.00000000
2 1 1 2 1
        3.91831946   -0.13963592 
        0.97930808    0.69439702 
2 1 1 1 1
        0.36322654    1.00000000
2 2 2 2 1
        0.87390361   -0.34513195 
        0.28220752   -0.51216569
2 2 2 1 1
        0.08051166    1.00000000

Hf admm-dzp
    8
1 0 0 2 1
        1.91871897   -0.56623592  
        1.73011183    0.57609374
1 0 0 1 1
        0.49510157    1.00000000
1 0 0 1 1
        0.06971640    1.00000000
2 1 1 2 1
        3.91831946   -0.13963592 
        0.97930808    0.69439702  
2 1 1 1 1
        0.36322654    1.00000000
2 2 2 2 1
        0.87390361   -0.34513195 
        0.28220752   -0.51216569 
2 2 2 1 1
        0.08051166    1.00000000
3 3 3 1 1
      0.2700000       1.0000000

Hf admm-tzp
   11
1 0 0 2 1
        5.20750284    1.90732713 
        4.66341239   -2.41084046
1 0 0 1 1
        0.95118137    1.00000000
1 0 0 1 1
        0.45188692    1.00000000
1 0 0 1 1
        0.06929425    1.00000000
2 1 1 2 1
        5.48850713    0.20385714 
        4.92589356   -0.33075985
2 1 1 1 1
        0.94921791    1.00000000
2 1 1 1 1
        0.35339673    1.00000000
2 2 2 2 1
        7.92728494   -0.00069032  
        0.87652203    0.34357866 
2 2 2 1 1
        0.28336924    1.00000000
2 2 2 1 1
        0.08073673    1.00000000
3 3 3 1 1
      0.2700000       1.0000000

Hf admm-tz2p
   13
1 0 0 2 1
        5.20750284    1.90732713
        4.66341239   -2.41084046
1 0 0 1 1
        0.95118137    1.00000000
1 0 0 1 1
        0.45188692    1.00000000
1 0 0 1 1
        0.06929425    1.00000000
2 1 1 2 1
        5.48850713    0.20385714
        4.92589356   -0.33075985
2 1 1 1 1
        0.94921791    1.00000000
2 1 1 1 1
        0.35339673    1.00000000
2 2 2 2 1
        7.92728494   -0.00069032
        0.87652203    0.34357866
2 2 2 1 1
        0.28336924    1.00000000
2 2 2 1 1
        0.08073673    1.00000000
3 3 3 1 1
      0.5521000       1.0000000
3 3 3 1 1
      0.1605000       1.0000000
4 4 4 1 1
      0.3579000       1.0000000
