 I  DZVP-MOLOPT-PBE-GTH-q7
 1
 2 0 2 4 2 2 1
      0.828885570527 -0.046174838614 -0.405245398304  0.405448133098 -0.360836974979 -0.706739130323
      0.367159310806  0.674866028669  0.837346281042  0.154408288042 -0.426955819328 -1.146102256372
      0.201369106832  0.441846190432 -2.170714561688  0.307131088797 -0.142879089720 -1.473453298743
      0.083015071126  0.147700751496  2.099200395478  0.151452356751  1.946428231727 -0.517749701272

########################################################################################################
K DZVP-MOLOPT-PBE-GTH-q9
 1
 2 0 2 6 3 2 1
         2.48747977586520    -4.04541449491646E-01     3.96810704822150E-01     4.38515247662444E-01     5.73885817114187E-01    -1.38106310654091E-01    -7.07537555299719E-02
         2.27394291855764     2.40062434349072E-01    -3.01093053424306E-01    -4.05959872277501E-01    -6.58998983969840E-01     1.41212069969661E-01     2.65151738814355E-01
         0.70553141160975     1.65018427547841E-01    -2.24132654574817E-01    -2.34500961442699E-01    -3.72473022526282E-01     2.30507363292612E-02     3.71935448527667E-01
         0.27115084058935    -4.39965204747534E-02    -2.49999696936685E-01    -1.48434991047682E-01    -2.46890361973185E-01     1.42359493137757E-02     4.74790700382168E-01
         0.09276063298934     7.63919901792343E-01    -8.51616896026069E-02     6.25087992363735E-01     3.81680041314524E-02     3.70351684168966E-01     6.25759917032562E-01
         0.03061539107740     4.07401339785384E-01     7.94919133640030E-01    -4.18500076446565E-01     1.87690191958470E-01     9.07243864452896E-01     4.11522539694565E-01
########################################################################################################
S DZVP-MOLOPT-PBE-GTH-Q6
 1
 2 0 2 4 2 2 1
 1.90928473004308  3.13525266390759E-01 -1.51675736920755E-01  2.14054427784196E-01  1.45259453005035E-01  7.24574522157166E-02
 1.19506924590343 -7.14378794138229E-02 -1.22108655812001E-01 -3.46925058611244E-01 -1.90735670677686E-01  3.77729399511775E-01
 0.37255650459583 -7.35868321394835E-01  5.84868049787620E-01 -8.25555992336665E-01 -3.16083367485666E-01  9.06091042409042E-01
 0.11964558871342 -5.95899614269892E-01 -7.87409240067043E-01 -3.90231994037637E-01  9.17938396649107E-01  1.76265258145152E-01

CL DZVP-MOLOPT-PBE-GTH-Q7
 1
 2 0 2 4 2 2 1
 1.99824811943664  4.80178625121655E-01  2.13595239647007E-01  3.37297835177395E-01  1.93550474567217E-01  9.49286028054555E-02
 1.50363082119869 -3.59931830134513E-01  5.82028670667737E-02 -4.88390621275333E-01 -2.19767298436887E-01  2.80669438798039E-01
 0.40650884550636 -5.66727788276184E-01 -6.12160145305852E-01 -6.58014497305072E-01 -3.61134655335744E-01  9.44637929647980E-01
 0.12853799110242 -5.64532709085914E-01  7.59110964460706E-01 -4.63380721190784E-01  8.85337398423952E-01  1.40969529915426E-01

##################################################################################
H DZVP-MOLOPT-PBE-GTH-Q1
 1
 2 0 1 5 2 1
         9.42354063693337     1.73378201014863E-02    -1.21445159969598E-01    -8.76671027046430E-02
         2.22615949373757     1.93709872716504E-01    -1.18321991639862E-01     2.94039390163616E-01
         0.63906011750762     5.93969954529689E-01    -1.91879319676876E-01     4.09265411017209E-01
         0.31891311049636     2.87972643705189E-01     9.48793006176853E-01     1.56988630151590E-01
         0.16139156624546     7.25566905805197E-01    -1.85000371687637E-01     8.44814600657224E-01

F DZVP-MOLOPT-PBE-GTH-Q7
 1
 2 0 2 5 2 2 1
        13.30428004732790     1.38300641201995E-01    -4.13429187269840E-02    -9.35306094799813E-02     5.06566246623838E-02    -3.27607844899301E-02
         4.80605774544240     1.37253664661734E-01    -3.39425431978004E-02    -2.95918398172795E-01     1.05639317967558E-01     1.33212173705781E-01
         1.70698523266130    -5.18315587577063E-01     1.04830293747595E-01    -5.65287543674134E-01     3.02725510725546E-01     2.66499630071583E-01
         0.58735472443375    -8.26234910698634E-01     4.59821538585407E-02    -6.52514099592094E-01     2.40459771924833E-01     9.50816701157307E-01
         0.17874874061685    -1.03533512436824E-01    -9.91985341560913E-01    -3.97944304537121E-01    -9.14773526135829E-01     7.81459899689756E-02

C DZVP-MOLOPT-PBE-GTH-Q4
 1
 2 0 2 5 2 2 1
         5.26168129831067    -1.61180329987319E-01     9.95867208365846E-02    -9.87196463656005E-02     8.04180361628404E-02    -7.94810431764520E-02
         1.93765185829818    -1.80818549742989E-01     2.07627108755464E-01    -2.33418997562279E-01     3.08840032955768E-01     2.69065919998737E-01
         0.75874037796781     4.91719768047513E-01    -4.16765369564797E-01    -5.45204647452669E-01     4.47360294645044E-01     5.09115674523642E-01
         0.29195902016920     8.01363369134776E-01     6.04318650540439E-02    -6.71299816524380E-01     5.57121483533110E-02     7.95876444290429E-01
         0.09607356854063     2.39486896539835E-01     8.77284494996048E-01    -4.33449480019086E-01    -8.33616036796648E-01     1.69316891799892E-01

O DZVP-MOLOPT-PBE-GTH-Q6
 1
 2 0 2 5 2 2 1
        10.34256722623639    -1.36612866576817E-01     5.36780510727693E-02    -9.23817206645146E-02     5.83443637080248E-02    -9.48473896502772E-02
         3.67715896642206    -1.53385468202307E-01     9.10278370989298E-02    -2.98264530995839E-01     1.75046650342809E-01     1.72754284852763E-01
         1.30046451996361     5.48080652961239E-01    -2.61157543615482E-01    -5.68590641449654E-01     3.64872626600995E-01     4.96868401181124E-01
         0.46645021946921     7.84467551986126E-01    -4.09115659592466E-02    -6.49258120291653E-01     1.42983044083434E-01     8.41501659783491E-01
         0.14793951916337     2.05007513424509E-01     9.58621708960114E-01    -3.97079920076698E-01    -9.01320376386329E-01    -7.84645029990108E-02


