I TZV2P-MOLOPT-PBE-GTH-Q7
 1
 2 0 3 4 3 3 2 1
         0.86721959599302    -2.01917559324081E-01    -6.94739759641125E-01    -1.57810498959278E-01     8.00269806048058E-03    -7.06604968245553E-01    -2.28186310999968E-02     6.42760248870165E-01     2.66955608453880E-02    -6.15120054640663E-01
         0.80345194505052     4.00589384955995E-01     5.33925402778252E-01    -4.95297041932935E-01     4.24047170919670E-02     7.06899679596510E-01    -5.13140307892417E-02    -6.90334314590361E-01     3.50324459591047E-02     7.46112948001898E-01
         0.23725655265447    -3.34860139051596E-01     4.02768546920285E-01     7.03146554969275E-01     9.09192526032495E-01    -3.05435576240457E-02    -4.11716144920035E-01    -3.27101264753926E-01    -1.93665709619104E-01     2.54743944257322E-01
         0.08675847927232     8.28629067298227E-01    -2.64646610130556E-01     4.85140813481559E-01     4.14133731297940E-01     8.32784033946866E-03     9.09580120897036E-01    -5.74678968451170E-02     9.80078398741142E-01    -6.95054436766267E-03
I TZVP-MOLOPT-PBE-GTH-q7
 1
 2 0 2 4 3 3 1
         0.86721959599302    -2.01917559324081E-01    -6.94739759641125E-01    -1.57810498959278E-01     8.00269806048058E-03    -7.06604968245553E-01    -2.28186310999968E-02     6.42760248870165E-01
         0.80345194505052     4.00589384955995E-01     5.33925402778252E-01    -4.95297041932935E-01     4.24047170919670E-02     7.06899679596510E-01    -5.13140307892417E-02    -6.90334314590361E-01
         0.23725655265447    -3.34860139051596E-01     4.02768546920285E-01     7.03146554969275E-01     9.09192526032495E-01    -3.05435576240457E-02    -4.11716144920035E-01    -3.27101264753926E-01
         0.08675847927232     8.28629067298227E-01    -2.64646610130556E-01     4.85140813481559E-01     4.14133731297940E-01     8.32784033946866E-03     9.09580120897036E-01    -5.74678968451170E-02
I DZVP-MOLOPT-PBE-GTH-q7
 1
 2 0 2 4 2 2 1
         0.86721959599302    -2.01917559324081E-01    -6.94739759641125E-01     8.00269806048058E-03    -7.06604968245553E-01     6.42760248870165E-01
         0.80345194505052     4.00589384955995E-01     5.33925402778252E-01     4.24047170919670E-02     7.06899679596510E-01    -6.90334314590361E-01
         0.23725655265447    -3.34860139051596E-01     4.02768546920285E-01     9.09192526032495E-01    -3.05435576240457E-02    -3.27101264753926E-01
         0.08675847927232     8.28629067298227E-01    -2.64646610130556E-01     4.14133731297940E-01     8.32784033946866E-03    -5.74678968451170E-02
K TZV2P-MOLOPT-PBE-GTH-Q9
 1
 2 0 2 6 4 3 2
         2.48747977586520    -4.04541449491646E-01     3.96810704822150E-01     4.38515247662444E-01     2.43235047279681E-01     5.73885817114187E-01    -1.38106310654091E-01    -9.39036120824996E-02    -7.07537555299719E-02    -5.13413185409032E-02
         2.27394291855764     2.40062434349072E-01    -3.01093053424306E-01    -4.05959872277501E-01     6.22226509398589E-01    -6.58998983969840E-01     1.41212069969661E-01    -1.72824773279987E-02     2.65151738814355E-01    -1.24131758354338E-01
         0.70553141160975     1.65018427547841E-01    -2.24132654574817E-01    -2.34500961442699E-01    -6.69419824548849E-01    -3.72473022526282E-01     2.30507363292612E-02    -3.25276102788827E-01     3.71935448527667E-01    -4.27349574075392E-01
         0.27115084058935    -4.39965204747534E-02    -2.49999696936685E-01    -1.48434991047682E-01     3.13550775457242E-01    -2.46890361973185E-01     1.42359493137757E-02     1.81113853127736E-01     4.74790700382168E-01    -4.98214957134785E-01
         0.09276063298934     7.63919901792343E-01    -8.51616896026073E-02     6.25087992363734E-01     7.85794209501060E-02     3.81680041314524E-02     3.70351684168966E-01     8.52536292389097E-01     6.25759917032562E-01     2.10680045529010E-01
         0.03061539107740     4.07401339785384E-01     7.94919133640030E-01    -4.18500076446565E-01     3.25448473770432E-02     1.87690191958470E-01     9.07243864452896E-01    -3.54201252022711E-01     4.11522539694565E-01     7.11845132046993E-01
K TZVP-MOLOPT-PBE-GTH-q9
 1
 2 0 2 6 4 3 1
         2.48747977586520    -4.04541449491646E-01     3.96810704822150E-01     4.38515247662444E-01     2.43235047279681E-01     5.73885817114187E-01    -1.38106310654091E-01    -9.39036120824996E-02    -7.07537555299719E-02
         2.27394291855764     2.40062434349072E-01    -3.01093053424306E-01    -4.05959872277501E-01     6.22226509398589E-01    -6.58998983969840E-01     1.41212069969661E-01    -1.72824773279987E-02     2.65151738814355E-01
         0.70553141160975     1.65018427547841E-01    -2.24132654574817E-01    -2.34500961442699E-01    -6.69419824548849E-01    -3.72473022526282E-01     2.30507363292612E-02    -3.25276102788827E-01     3.71935448527667E-01
         0.27115084058935    -4.39965204747534E-02    -2.49999696936685E-01    -1.48434991047682E-01     3.13550775457242E-01    -2.46890361973185E-01     1.42359493137757E-02     1.81113853127736E-01     4.74790700382168E-01
         0.09276063298934     7.63919901792343E-01    -8.51616896026073E-02     6.25087992363734E-01     7.85794209501060E-02     3.81680041314524E-02     3.70351684168966E-01     8.52536292389097E-01     6.25759917032562E-01
         0.03061539107740     4.07401339785384E-01     7.94919133640030E-01    -4.18500076446565E-01     3.25448473770432E-02     1.87690191958470E-01     9.07243864452896E-01    -3.54201252022711E-01     4.11522539694565E-01
K DZVP-MOLOPT-PBE-GTH-q9
 1
 2 0 2 6 3 2 1
         2.48747977586520    -4.04541449491646E-01     3.96810704822150E-01     4.38515247662444E-01     5.73885817114187E-01    -1.38106310654091E-01    -7.07537555299719E-02
         2.27394291855764     2.40062434349072E-01    -3.01093053424306E-01    -4.05959872277501E-01    -6.58998983969840E-01     1.41212069969661E-01     2.65151738814355E-01
         0.70553141160975     1.65018427547841E-01    -2.24132654574817E-01    -2.34500961442699E-01    -3.72473022526282E-01     2.30507363292612E-02     3.71935448527667E-01
         0.27115084058935    -4.39965204747534E-02    -2.49999696936685E-01    -1.48434991047682E-01    -2.46890361973185E-01     1.42359493137757E-02     4.74790700382168E-01
         0.09276063298934     7.63919901792343E-01    -8.51616896026073E-02     6.25087992363734E-01     3.81680041314524E-02     3.70351684168966E-01     6.25759917032562E-01
         0.03061539107740     4.07401339785384E-01     7.94919133640030E-01    -4.18500076446565E-01     1.87690191958470E-01     9.07243864452896E-01     4.11522539694565E-01
H TZV2P-MOLOPT-PBE-GTH-Q1
 1
 2 0 2 5 3 2 1
         9.42354063693337     1.73389254674243E-02    -1.21441381781897E-01     8.48842952201243E-01    -8.76722314909129E-02     1.38509912982294E-01     1.01583846424117E-05
         2.22615949373757     1.93701953472634E-01    -1.18295700700916E-01     4.34966851840939E-01     2.94035801652179E-01    -4.64264354132394E-01    -5.41805899933135E-06
         0.63906011750762     5.93968178416321E-01    -1.91886640436410E-01     8.47731161618519E-02     4.09268475073086E-01    -6.46177309023364E-01    -2.13029117448260E-05
         0.31891311049636     2.87977189530933E-01     9.48793640784133E-01     1.29845157344792E-01     1.56986057354678E-01    -2.47870371773730E-01     1.00804100896023E-05
         0.16139156624546     7.25568643357183E-01    -1.85008817130971E-01    -2.57338753762772E-01     8.44814311123899E-01     5.35059601902204E-01     9.99999999656012E-01
H TZVP-MOLOPT-PBE-GTH-q1
 1
 2 0 1 5 3 1
         9.42354063693337     1.73389254674243E-02    -1.21441381781897E-01     8.48842952201243E-01    -8.76722314909129E-02
         2.22615949373757     1.93701953472634E-01    -1.18295700700916E-01     4.34966851840939E-01     2.94035801652179E-01
         0.63906011750762     5.93968178416321E-01    -1.91886640436410E-01     8.47731161618519E-02     4.09268475073086E-01
         0.31891311049636     2.87977189530933E-01     9.48793640784133E-01     1.29845157344792E-01     1.56986057354678E-01
         0.16139156624546     7.25568643357183E-01    -1.85008817130971E-01    -2.57338753762772E-01     8.44814311123899E-01
H DZVP-MOLOPT-PBE-GTH-q1
 1
 2 0 1 5 2 1
         9.42354063693337     1.73389254674243E-02    -1.21441381781897E-01    -8.76722314909129E-02
         2.22615949373757     1.93701953472634E-01    -1.18295700700916E-01     2.94035801652179E-01
         0.63906011750762     5.93968178416321E-01    -1.91886640436410E-01     4.09268475073086E-01
         0.31891311049636     2.87977189530933E-01     9.48793640784133E-01     1.56986057354678E-01
         0.16139156624546     7.25568643357183E-01    -1.85008817130971E-01     8.44814311123899E-01
O TZV2P-MOLOPT-PBE-GTH-Q6
 1
 2 0 3 5 3 3 2 1
        10.34256722623639    -1.36598767253985E-01     5.35898017733314E-02    -1.18707008771107E-01    -9.23673397522993E-02     5.82948619873807E-02     9.18414097966572E-02    -9.48396929864874E-02     1.47739306049945E-01    -6.27421636348332E-05
         3.67715896642206    -1.53365311059511E-01     9.09944842814309E-02    -2.82507973527509E-01    -2.98268574244154E-01     1.75273022378177E-01     2.27281538167357E-01     1.72695668110757E-01    -2.69128753144972E-01     1.08668748395417E-04
         1.30046451996361     5.48021970885945E-01    -2.61169567089594E-01     6.98682645593308E-01    -5.68604037326135E-01     3.64979965319240E-01     5.95584075165259E-01     4.96837623369842E-01    -7.73936715688092E-01     3.17226823696088E-04
         0.46645021946921     7.84538402757388E-01    -4.08365744734644E-02    -6.15550727563364E-01    -6.49207117094457E-01     1.42847181972710E-01    -7.45101990481658E-01     8.41535542399250E-01     5.40201745515093E-01     9.99999938769363E-01
         0.14793951916337     2.04917720496501E-01     9.58629734771334E-01     1.97579739611495E-01    -3.97144432185278E-01    -9.01257668045223E-01     1.73236517641798E-01    -7.84343402663362E-02     1.22257293978271E-01     7.79931889816245E-05
O TZVP-MOLOPT-PBE-GTH-q6
 1
 2 0 2 5 3 3 1
        10.34256722623639    -1.36598767253985E-01     5.35898017733314E-02    -1.18707008771107E-01    -9.23673397522993E-02     5.82948619873807E-02     9.18414097966572E-02    -9.48396929864874E-02
         3.67715896642206    -1.53365311059511E-01     9.09944842814309E-02    -2.82507973527509E-01    -2.98268574244154E-01     1.75273022378177E-01     2.27281538167357E-01     1.72695668110757E-01
         1.30046451996361     5.48021970885945E-01    -2.61169567089594E-01     6.98682645593308E-01    -5.68604037326135E-01     3.64979965319240E-01     5.95584075165259E-01     4.96837623369842E-01
         0.46645021946921     7.84538402757388E-01    -4.08365744734644E-02    -6.15550727563364E-01    -6.49207117094457E-01     1.42847181972710E-01    -7.45101990481658E-01     8.41535542399250E-01
         0.14793951916337     2.04917720496501E-01     9.58629734771334E-01     1.97579739611495E-01    -3.97144432185278E-01    -9.01257668045223E-01     1.73236517641798E-01    -7.84343402663362E-02
O DZVP-MOLOPT-PBE-GTH-q6
 1
 2 0 2 5 2 2 1
        10.34256722623639    -1.36598767253985E-01     5.35898017733314E-02    -9.23673397522993E-02     5.82948619873807E-02    -9.48396929864874E-02
         3.67715896642206    -1.53365311059511E-01     9.09944842814309E-02    -2.98268574244154E-01     1.75273022378177E-01     1.72695668110757E-01
         1.30046451996361     5.48021970885945E-01    -2.61169567089594E-01    -5.68604037326135E-01     3.64979965319240E-01     4.96837623369842E-01
         0.46645021946921     7.84538402757388E-01    -4.08365744734644E-02    -6.49207117094457E-01     1.42847181972710E-01     8.41535542399250E-01
         0.14793951916337     2.04917720496501E-01     9.58629734771334E-01    -3.97144432185278E-01    -9.01257668045223E-01    -7.84343402663362E-02
CL TZV2P-MOLOPT-PBE-GTH-Q7
 1
 2 0 3 4 3 3 2 1
         1.99824811943664     4.33846894941631E-01     3.07041170622732E-01     1.75957585523759E-02     3.45339975324402E-01     1.79965250304009E-01    -3.72667358036020E-01     9.05635141754461E-02    -2.17425270215822E-01    -1.43769165568981E-01
         1.50363082119869    -3.38194302379175E-01    -3.89997660747776E-02    -9.17322433894228E-01    -4.97369383451272E-01    -2.01781984518266E-01    -8.34831128966391E-01     2.85556761650639E-01     9.18680132432251E-01     4.08136672326571E-01
         0.40650884550636    -5.13548002397481E-01    -6.29188376955880E-01     3.25113335470044E-01    -6.70835040884209E-01    -3.34082727506389E-01     4.03493031418158E-01     9.41536415237722E-01    -2.84903780503556E-01     9.00979681734397E-01
         0.12853799110242    -6.58536206158268E-01     7.12970352884578E-01     2.29153356193791E-01    -4.28187278851352E-01     9.02931487206409E-01     3.70054044720497E-02     1.54158245180379E-01     1.66081010355251E-01     3.14721596903698E-02
CL TZVP-MOLOPT-PBE-GTH-q7
 1
 2 0 2 4 3 3 1
         1.99824811943664     4.33846894941631E-01     3.07041170622732E-01     1.75957585523759E-02     3.45339975324402E-01     1.79965250304009E-01    -3.72667358036020E-01     9.05635141754461E-02
         1.50363082119869    -3.38194302379175E-01    -3.89997660747776E-02    -9.17322433894228E-01    -4.97369383451272E-01    -2.01781984518266E-01    -8.34831128966391E-01     2.85556761650639E-01
         0.40650884550636    -5.13548002397481E-01    -6.29188376955880E-01     3.25113335470044E-01    -6.70835040884209E-01    -3.34082727506389E-01     4.03493031418158E-01     9.41536415237722E-01
         0.12853799110242    -6.58536206158268E-01     7.12970352884578E-01     2.29153356193791E-01    -4.28187278851352E-01     9.02931487206409E-01     3.70054044720497E-02     1.54158245180379E-01
CL DZVP-MOLOPT-PBE-GTH-q7
 1
 2 0 2 4 2 2 1
         1.99824811943664     4.33846894941631E-01     3.07041170622732E-01     3.45339975324402E-01     1.79965250304009E-01     9.05635141754461E-02
         1.50363082119869    -3.38194302379175E-01    -3.89997660747776E-02    -4.97369383451272E-01    -2.01781984518266E-01     2.85556761650639E-01
         0.40650884550636    -5.13548002397481E-01    -6.29188376955880E-01    -6.70835040884209E-01    -3.34082727506389E-01     9.41536415237722E-01
         0.12853799110242    -6.58536206158268E-01     7.12970352884578E-01    -4.28187278851352E-01     9.02931487206409E-01     1.54158245180379E-01
