RE TZV2P-MOLOPT-SCAN-GTH-Q15
 1
 2 0 3 6 4 3 3 2
         3.27954739812770     5.61440770545304E-01     7.57769516723067E-02     4.28645113556592E-01     2.28497037284368E-01     6.27176361424919E-01     2.03032165981887E-01     2.33012970881230E-02    -2.38462311318976E-01    -1.25999470334284E-01     8.77352045889174E-02    -2.11992029999977E-01    -7.60556349253133E-04
         3.07479133472296    -2.32370968790842E-01     8.60398408400217E-02    -5.15194741592245E-01     4.23726499797738E-02    -5.80880062725736E-01    -1.79942732603229E-01     9.19964982178009E-03     2.91542783435206E-01     1.17339299359661E-01    -9.33451085123840E-02     2.44268494913221E-01    -9.56226792349980E-03
         1.07598640302218    -6.61544069680272E-01    -4.09429122707614E-01     3.11845319276929E-01    -1.35352888753726E-01    -2.26806762368613E-01    -4.66721419280906E-01     2.00858781014077E-01     5.20327743106039E-01    -2.40858154733646E-01     2.30203710347639E-01    -2.46488911887007E-01    -1.17060905322948E-01
         0.44642384095132    -1.69909239756808E-01    -2.55459803480899E-01     5.50425548063342E-02     9.27600699249966E-01    -2.49072724873374E-01     2.26223227529316E-02    -3.33958961364475E-01     6.70726675616712E-01    -2.81604889345688E-01     1.84346887190186E-01    -7.81632921100913E-01    -1.02179332527494E-02
         0.16780554095585     7.16789620448854E-03     2.37088856152839E-01    -5.74613129499389E-01     2.25324701777240E-01    -3.77136894063382E-01     8.04684409939802E-01    -1.55388830453765E-01     3.70453195579712E-01     6.45150942559740E-01    -5.62063336975423E-01    -4.72915847139648E-01     6.07149643177661E-02
         0.05603775652475    -4.05249194216139E-01     8.35315482890141E-01     3.46958657871706E-01     1.28292554390157E-01    -1.16264344499034E-01     2.46050605074439E-01     9.07388499806604E-01     1.69625399741371E-02     6.45617471271068E-01     7.62034452466602E-01    -6.00633844544248E-03     9.91168005929926E-01
RE TZVP-MOLOPT-SCAN-GTH-q15
 1
 2 0 3 6 4 3 3 1
         3.27954739812770     5.61440770545304E-01     7.57769516723067E-02     4.28645113556592E-01     2.28497037284368E-01     6.27176361424919E-01     2.03032165981887E-01     2.33012970881230E-02    -2.38462311318976E-01    -1.25999470334284E-01     8.77352045889174E-02    -2.11992029999977E-01
         3.07479133472296    -2.32370968790842E-01     8.60398408400217E-02    -5.15194741592245E-01     4.23726499797738E-02    -5.80880062725736E-01    -1.79942732603229E-01     9.19964982178009E-03     2.91542783435206E-01     1.17339299359661E-01    -9.33451085123840E-02     2.44268494913221E-01
         1.07598640302218    -6.61544069680272E-01    -4.09429122707614E-01     3.11845319276929E-01    -1.35352888753726E-01    -2.26806762368613E-01    -4.66721419280906E-01     2.00858781014077E-01     5.20327743106039E-01    -2.40858154733646E-01     2.30203710347639E-01    -2.46488911887007E-01
         0.44642384095132    -1.69909239756808E-01    -2.55459803480899E-01     5.50425548063342E-02     9.27600699249966E-01    -2.49072724873374E-01     2.26223227529316E-02    -3.33958961364475E-01     6.70726675616712E-01    -2.81604889345688E-01     1.84346887190186E-01    -7.81632921100913E-01
         0.16780554095585     7.16789620448854E-03     2.37088856152839E-01    -5.74613129499389E-01     2.25324701777240E-01    -3.77136894063382E-01     8.04684409939802E-01    -1.55388830453765E-01     3.70453195579712E-01     6.45150942559740E-01    -5.62063336975423E-01    -4.72915847139648E-01
         0.05603775652475    -4.05249194216139E-01     8.35315482890141E-01     3.46958657871706E-01     1.28292554390157E-01    -1.16264344499034E-01     2.46050605074439E-01     9.07388499806604E-01     1.69625399741371E-02     6.45617471271068E-01     7.62034452466602E-01    -6.00633844544248E-03
RE DZVP-MOLOPT-SCAN-GTH-q15
 1
 2 0 3 6 3 2 2 1
         3.27954739812770     5.61440770545304E-01     7.57769516723067E-02     4.28645113556592E-01     6.27176361424919E-01     2.03032165981887E-01    -2.38462311318976E-01    -1.25999470334284E-01    -2.11992029999977E-01
         3.07479133472296    -2.32370968790842E-01     8.60398408400217E-02    -5.15194741592245E-01    -5.80880062725736E-01    -1.79942732603229E-01     2.91542783435206E-01     1.17339299359661E-01     2.44268494913221E-01
         1.07598640302218    -6.61544069680272E-01    -4.09429122707614E-01     3.11845319276929E-01    -2.26806762368613E-01    -4.66721419280906E-01     5.20327743106039E-01    -2.40858154733646E-01    -2.46488911887007E-01
         0.44642384095132    -1.69909239756808E-01    -2.55459803480899E-01     5.50425548063342E-02    -2.49072724873374E-01     2.26223227529316E-02     6.70726675616712E-01    -2.81604889345688E-01    -7.81632921100913E-01
         0.16780554095585     7.16789620448854E-03     2.37088856152839E-01    -5.74613129499389E-01    -3.77136894063382E-01     8.04684409939802E-01     3.70453195579712E-01     6.45150942559740E-01    -4.72915847139648E-01
         0.05603775652475    -4.05249194216139E-01     8.35315482890141E-01     3.46958657871706E-01    -1.16264344499034E-01     2.46050605074439E-01     1.69625399741371E-02     6.45617471271068E-01    -6.00633844544248E-03
H TZV2P-MOLOPT-SCAN-GTH-Q1
 1
 2 0 2 5 3 2 1
         9.16876514496744     4.30245721944096E-02    -3.89199332255518E-02     1.05597841287996E-01    -1.03225299298647E-01     1.47849610372066E-01     5.89397100894678E-04
         2.16119406948452     1.67758655334156E-01    -2.29436993766244E-01     9.00816001060512E-01     3.18679005482070E-01    -4.59921573561831E-01     9.06454549928757E-04
         0.61986766123499     5.51924571472773E-01    -2.73974309763091E-01     8.95041468250583E-02     4.58038932787715E-01    -6.65599039198367E-01    -4.14822793772387E-04
         0.41225503616229     4.20326460221825E-01     8.94936516623427E-01     1.49710941947358E-01     2.25604019455304E-02    -3.27622058282529E-02    -2.24233449917807E-03
         0.16131600752250     6.99078574975625E-01    -2.64330500496994E-01    -3.83347452986213E-01     8.23091485416057E-01     5.67905974411888E-01     9.99996815399554E-01
H TZVP-MOLOPT-SCAN-GTH-q1
 1
 2 0 1 5 3 1
         9.16876514496744     4.30245721944096E-02    -3.89199332255518E-02     1.05597841287996E-01    -1.03225299298647E-01
         2.16119406948452     1.67758655334156E-01    -2.29436993766244E-01     9.00816001060512E-01     3.18679005482070E-01
         0.61986766123499     5.51924571472773E-01    -2.73974309763091E-01     8.95041468250583E-02     4.58038932787715E-01
         0.41225503616229     4.20326460221825E-01     8.94936516623427E-01     1.49710941947358E-01     2.25604019455304E-02
         0.16131600752250     6.99078574975625E-01    -2.64330500496994E-01    -3.83347452986213E-01     8.23091485416057E-01
H DZVP-MOLOPT-SCAN-GTH-q1
 1
 2 0 1 5 2 1
         9.16876514496744     4.30245721944096E-02    -3.89199332255518E-02    -1.03225299298647E-01
         2.16119406948452     1.67758655334156E-01    -2.29436993766244E-01     3.18679005482070E-01
         0.61986766123499     5.51924571472773E-01    -2.73974309763091E-01     4.58038932787715E-01
         0.41225503616229     4.20326460221825E-01     8.94936516623427E-01     2.25604019455304E-02
         0.16131600752250     6.99078574975625E-01    -2.64330500496994E-01     8.23091485416057E-01
O TZV2P-MOLOPT-SCAN-GTH-Q6
 1
 2 0 3 5 3 3 2 1
        10.25781699497238    -1.37093335568261E-01     6.42341766590814E-02    -7.17088581420037E-01    -1.01541960662273E-01     5.12250917317880E-02     1.18360216509634E-01    -1.55308630843787E-02     3.18602602792577E-02     1.18645628163343E-03
         3.64428735012608    -1.53382903419191E-01     6.95730187369108E-02    -5.49416247278626E-01    -2.97888826596963E-01     1.18416114723772E-01     5.91292938991213E-02     1.12242705044625E-01    -2.22035206994148E-01    -3.65643497936781E-03
         1.40222472037927     4.52964005356058E-01    -1.60546208430784E-01     2.25545730548663E-01    -5.48743422499672E-01     2.65706574607295E-01     7.32042358682655E-01     4.02080210361362E-01    -8.37756480907312E-01     4.91390044295019E-04
         0.52205700268808     8.05450964095097E-01    -2.63981031214717E-01    -3.63850982918199E-01    -6.95022929228448E-01     1.92118246587555E-01    -6.62764404039625E-01     9.01700430010169E-01     4.32284673630976E-01     9.99992334274143E-01
         0.16818943371335     3.22104729197730E-01     9.46346921445871E-01     2.58329108697022E-02    -3.41723954857718E-01    -9.35865486749767E-01     8.57433121772174E-02    -1.11481865840859E-01     2.46939932598114E-01     5.59225812546083E-04
O TZVP-MOLOPT-SCAN-GTH-q6
 1
 2 0 2 5 3 3 1
        10.25781699497238    -1.37093335568261E-01     6.42341766590814E-02    -7.17088581420037E-01    -1.01541960662273E-01     5.12250917317880E-02     1.18360216509634E-01    -1.55308630843787E-02
         3.64428735012608    -1.53382903419191E-01     6.95730187369108E-02    -5.49416247278626E-01    -2.97888826596963E-01     1.18416114723772E-01     5.91292938991213E-02     1.12242705044625E-01
         1.40222472037927     4.52964005356058E-01    -1.60546208430784E-01     2.25545730548663E-01    -5.48743422499672E-01     2.65706574607295E-01     7.32042358682655E-01     4.02080210361362E-01
         0.52205700268808     8.05450964095097E-01    -2.63981031214717E-01    -3.63850982918199E-01    -6.95022929228448E-01     1.92118246587555E-01    -6.62764404039625E-01     9.01700430010169E-01
         0.16818943371335     3.22104729197730E-01     9.46346921445871E-01     2.58329108697022E-02    -3.41723954857718E-01    -9.35865486749767E-01     8.57433121772174E-02    -1.11481865840859E-01
O DZVP-MOLOPT-SCAN-GTH-q6
 1
 2 0 2 5 2 2 1
        10.25781699497238    -1.37093335568261E-01     6.42341766590814E-02    -1.01541960662273E-01     5.12250917317880E-02    -1.55308630843787E-02
         3.64428735012608    -1.53382903419191E-01     6.95730187369108E-02    -2.97888826596963E-01     1.18416114723772E-01     1.12242705044625E-01
         1.40222472037927     4.52964005356058E-01    -1.60546208430784E-01    -5.48743422499672E-01     2.65706574607295E-01     4.02080210361362E-01
         0.52205700268808     8.05450964095097E-01    -2.63981031214717E-01    -6.95022929228448E-01     1.92118246587555E-01     9.01700430010169E-01
         0.16818943371335     3.22104729197730E-01     9.46346921445871E-01    -3.41723954857718E-01    -9.35865486749767E-01    -1.11481865840859E-01
F TZV2P-MOLOPT-SCAN-GTH-Q7
 1
 2 0 3 5 3 3 2 1
        13.16645520019096     1.25688709752362E-01    -6.90191648196731E-02    -4.19619998203344E-01    -9.31572868763813E-02     5.00225599861602E-02    -6.88622277281857E-02    -1.02513605924922E-02    -1.03135180619022E-01    -3.14119421202531E-02
         4.67863609541364     1.25206371205048E-01    -7.54523660806367E-02    -2.93986334505468E-01    -2.93923292691458E-01     1.19602022797720E-01    -4.99826189781570E-01     4.04484470063397E-02    -1.25856773171103E-01     1.01835664406271E-01
         1.68188350144516    -4.93940854057955E-01     2.15904735709196E-01    -7.69158858630548E-01    -5.53343548452151E-01     3.11861936412921E-01     7.42571819653283E-01     4.51403790784568E-01    -8.76791264789868E-01     2.29748587047615E-01
         0.58393450944632    -7.58234802751956E-01     3.05654861844976E-01     3.81944805550917E-01    -6.44505933144035E-01     2.69615230808562E-01    -4.36892722870730E-01     8.90352206116421E-01     4.45248862484439E-01     9.66043910568162E-01
         0.18571155118612    -3.86817953873203E-01    -9.21685166349822E-01     1.97684968795899E-03    -4.28198362261887E-01    -9.01799789070697E-01     5.60679494913207E-02     4.20285554084608E-02     8.07077171659289E-02    -5.11618700886137E-02
F TZVP-MOLOPT-SCAN-GTH-q7
 1
 2 0 2 5 3 3 1
        13.16645520019096     1.25688709752362E-01    -6.90191648196731E-02    -4.19619998203344E-01    -9.31572868763813E-02     5.00225599861602E-02    -6.88622277281857E-02    -1.02513605924922E-02
         4.67863609541364     1.25206371205048E-01    -7.54523660806367E-02    -2.93986334505468E-01    -2.93923292691458E-01     1.19602022797720E-01    -4.99826189781570E-01     4.04484470063397E-02
         1.68188350144516    -4.93940854057955E-01     2.15904735709196E-01    -7.69158858630548E-01    -5.53343548452151E-01     3.11861936412921E-01     7.42571819653283E-01     4.51403790784568E-01
         0.58393450944632    -7.58234802751956E-01     3.05654861844976E-01     3.81944805550917E-01    -6.44505933144035E-01     2.69615230808562E-01    -4.36892722870730E-01     8.90352206116421E-01
         0.18571155118612    -3.86817953873203E-01    -9.21685166349822E-01     1.97684968795899E-03    -4.28198362261887E-01    -9.01799789070697E-01     5.60679494913207E-02     4.20285554084608E-02
F DZVP-MOLOPT-SCAN-GTH-q7
 1
 2 0 2 5 2 2 1
        13.16645520019096     1.25688709752362E-01    -6.90191648196731E-02    -9.31572868763813E-02     5.00225599861602E-02    -1.02513605924922E-02
         4.67863609541364     1.25206371205048E-01    -7.54523660806367E-02    -2.93923292691458E-01     1.19602022797720E-01     4.04484470063397E-02
         1.68188350144516    -4.93940854057955E-01     2.15904735709196E-01    -5.53343548452151E-01     3.11861936412921E-01     4.51403790784568E-01
         0.58393450944632    -7.58234802751956E-01     3.05654861844976E-01    -6.44505933144035E-01     2.69615230808562E-01     8.90352206116421E-01
         0.18571155118612    -3.86817953873203E-01    -9.21685166349822E-01    -4.28198362261887E-01    -9.01799789070697E-01     4.20285554084608E-02
