#############################################################################################################################
#  MOLOPT basis sets optimized with PBE pseudopotentials (new version)
#############################################################################################################################
#
# DZVP
# TZVP
# TZV2P
#

#############################################################################################################################
# Hydrogen
#############################################################################################################################

H TZV2P-MOLOPT-PBE-GTH-q1
 1
 2 0 2 5 3 2 1
         9.42354063693337     1.73389254674243E-02    -1.21441381781897E-01     8.48842952201243E-01    -8.76722314909129E-02     1.38509912982294E-01     1.01583846424117E-05
         2.22615949373757     1.93701953472634E-01    -1.18295700700916E-01     4.34966851840939E-01     2.94035801652179E-01    -4.64264354132394E-01    -5.41805899933135E-06
         0.63906011750762     5.93968178416321E-01    -1.91886640436410E-01     8.47731161618522E-02     4.09268475073086E-01    -6.46177309023364E-01    -2.13029117448260E-05
         0.31891311049636     2.87977189530933E-01     9.48793640784133E-01     1.29845157344792E-01     1.56986057354678E-01    -2.47870371773730E-01     1.00804100896023E-05
         0.16139156624546     7.25568643357183E-01    -1.85008817130971E-01    -2.57338753762772E-01     8.44814311123899E-01     5.35059601902204E-01     9.99999999656011E-01

H TZVP-MOLOPT-PBE-GTH-q1
 1
 2 0 1 5 3 1
         9.42354063693337     1.73389254674243E-02    -1.21441381781897E-01     8.48842952201243E-01    -8.76722314909129E-02
         2.22615949373757     1.93701953472634E-01    -1.18295700700916E-01     4.34966851840939E-01     2.94035801652179E-01
         0.63906011750762     5.93968178416321E-01    -1.91886640436410E-01     8.47731161618522E-02     4.09268475073086E-01
         0.31891311049636     2.87977189530933E-01     9.48793640784133E-01     1.29845157344792E-01     1.56986057354678E-01
         0.16139156624546     7.25568643357183E-01    -1.85008817130971E-01    -2.57338753762772E-01     8.44814311123899E-01

H DZVP-MOLOPT-PBE-GTH-q1
 1
 2 0 1 5 2 1
         9.42354063693337     1.73389254674243E-02    -1.21441381781897E-01    -8.76722314909129E-02
         2.22615949373757     1.93701953472634E-01    -1.18295700700916E-01     2.94035801652179E-01
         0.63906011750762     5.93968178416321E-01    -1.91886640436410E-01     4.09268475073086E-01
         0.31891311049636     2.87977189530933E-01     9.48793640784133E-01     1.56986057354678E-01
         0.16139156624546     7.25568643357183E-01    -1.85008817130971E-01     8.44814311123899E-01

#############################################################################################################################
# Helium
#############################################################################################################################

He TZV2P-MOLOPT-PBE-GTH-q2
 1
 2 0 2 5 3 2 1
        13.01500369293916    -7.96084622010495E-02     8.63909786157572E-02    -3.99656875390798E-01     1.08028326279977E-01     8.99621040275600E-01     1.89633938368441E-01
         4.03273332916049    -2.45486864287292E-01     2.10001413596999E-01    -7.72395652108714E-02    -3.02949446814424E-02     2.29396099247985E-02     1.83417579705008E-02
         1.27884932187946    -5.38047734903174E-01     4.26991629840921E-01     6.76389171830359E-01     5.63751052753347E-01    -1.72887755554193E-01     1.05760135147548E-01
         0.42620485937574    -6.83483380945984E-01     1.12323579992667E-01    -5.80652607366431E-01     8.13709612604769E-01     4.34796518304126E-02     9.70686974132870E-01
         0.14605599318013    -4.20420973721088E-01    -8.68042375995837E-01     1.99119736108970E-01    -8.64494876907055E-02     3.97963694381893E-01    -1.01410755818953E-01

He TZVP-MOLOPT-PBE-GTH-q2
 1
 2 0 1 5 3 1
        13.01500369293916    -7.96084622010495E-02     8.63909786157572E-02    -3.99656875390798E-01     1.08028326279977E-01
         4.03273332916049    -2.45486864287292E-01     2.10001413596999E-01    -7.72395652108714E-02    -3.02949446814424E-02
         1.27884932187946    -5.38047734903174E-01     4.26991629840921E-01     6.76389171830359E-01     5.63751052753347E-01
         0.42620485937574    -6.83483380945984E-01     1.12323579992667E-01    -5.80652607366431E-01     8.13709612604769E-01
         0.14605599318013    -4.20420973721088E-01    -8.68042375995837E-01     1.99119736108970E-01    -8.64494876907055E-02

He DZVP-MOLOPT-PBE-GTH-q2
 1
 2 0 1 5 2 1
        13.01500369293916    -7.96084622010495E-02     8.63909786157572E-02     1.08028326279977E-01
         4.03273332916049    -2.45486864287292E-01     2.10001413596999E-01    -3.02949446814424E-02
         1.27884932187946    -5.38047734903174E-01     4.26991629840921E-01     5.63751052753347E-01
         0.42620485937574    -6.83483380945984E-01     1.12323579992667E-01     8.13709612604769E-01
         0.14605599318013    -4.20420973721088E-01    -8.68042375995837E-01    -8.64494876907055E-02

#############################################################################################################################
# Lithium 
#############################################################################################################################

Li TZV2P-MOLOPT-PBE-GTH-q1
 1
 2 0 2 4 3 2 1
         1.06083469848181    -4.46893670333118E-02     1.51792868264889E-01    -4.71606231063575E-01     1.30322609738977E-02    -1.03673149545995E-02     5.38895380355749E-04
         0.22013652131490    -5.96032365738433E-01     2.60028931323526E-01     6.96817721729016E-01     9.22552680884175E-03    -5.35113537043150E-03     3.20585097997588E-05
         0.18273292485940     6.51546096014531E-01    -3.79091684129623E-01     5.30210643540058E-01     8.80070309524562E-01    -4.74440664887803E-01     9.99999815986497E-01
         0.04240106693548     4.67157322788194E-01     8.75004785725444E-01     1.04447589647781E-01     4.74574862505748E-01     8.80210167875661E-01     2.76750778591919E-04

Li TZVP-MOLOPT-PBE-GTH-q1
 1
 2 0 1 4 3 1
         1.06083469848181    -4.46893670333118E-02     1.51792868264889E-01    -4.71606231063575E-01     1.30322609738977E-02
         0.22013652131490    -5.96032365738433E-01     2.60028931323526E-01     6.96817721729016E-01     9.22552680884175E-03
         0.18273292485940     6.51546096014531E-01    -3.79091684129623E-01     5.30210643540058E-01     8.80070309524562E-01
         0.04240106693548     4.67157322788194E-01     8.75004785725444E-01     1.04447589647781E-01     4.74574862505748E-01

Li DZVP-MOLOPT-PBE-GTH-q1
 1
 2 0 1 4 2 1
         1.06083469848181    -4.46893670333118E-02     1.51792868264889E-01     1.30322609738977E-02
         0.22013652131490    -5.96032365738433E-01     2.60028931323526E-01     9.22552680884175E-03
         0.18273292485940     6.51546096014531E-01    -3.79091684129623E-01     8.80070309524562E-01
         0.04240106693548     4.67157322788194E-01     8.75004785725444E-01     4.74574862505748E-01

Li TZV2P-MOLOPT-PBE-GTH-q3
 1
 2 0 2 5 4 2 1
         7.13002679057289     4.55192406518897E-01     7.95670549627334E-02    -2.70911985755654E-02    -3.03388407635803E-01    -4.33560136355406E-02    -1.07726975906649E-01    -1.10711375411734E-04
         1.98345055482154     6.69094143675926E-01     2.36260965452838E-01     2.64320868175509E-02    -4.41762535609484E-01    -9.06362076474094E-03    -2.81842157704846E-02    -1.07752772354147E-03
         0.61054853394678     4.61085747485362E-01     3.02538761493955E-01     3.84777415196574E-02     8.32961365194343E-01    -3.35245897627058E-01    -8.50150212490329E-01     9.83237423660622E-02
         0.10464690341681     3.24274183687255E-01    -7.83136879919911E-01    -5.09320733865311E-01     1.30506313040037E-01    -8.78694403049577E-01     4.35258720053057E-01     9.75591169348956E-01
         0.03818397374492     1.65405825792032E-01    -4.82718101039169E-01     8.58882567763869E-01     4.40999160357828E-02    -3.36963560394657E-01    -2.74581520616071E-01     1.96349531836632E-01

Li TZVP-MOLOPT-PBE-GTH-q3
 1
 2 0 1 5 4 1
         7.13002679057289     4.55192406518897E-01     7.95670549627334E-02    -2.70911985755654E-02    -3.03388407635803E-01    -4.33560136355406E-02
         1.98345055482154     6.69094143675926E-01     2.36260965452838E-01     2.64320868175509E-02    -4.41762535609484E-01    -9.06362076474094E-03
         0.61054853394678     4.61085747485362E-01     3.02538761493955E-01     3.84777415196574E-02     8.32961365194343E-01    -3.35245897627058E-01
         0.10464690341681     3.24274183687255E-01    -7.83136879919911E-01    -5.09320733865311E-01     1.30506313040037E-01    -8.78694403049577E-01
         0.03818397374492     1.65405825792032E-01    -4.82718101039169E-01     8.58882567763869E-01     4.40999160357828E-02    -3.36963560394657E-01

Li DZVP-MOLOPT-PBE-GTH-q3
 1
 2 0 1 5 3 1
         7.13002679057289     4.55192406518897E-01     7.95670549627334E-02    -2.70911985755654E-02    -4.33560136355406E-02
         1.98345055482154     6.69094143675926E-01     2.36260965452838E-01     2.64320868175509E-02    -9.06362076474094E-03
         0.61054853394678     4.61085747485362E-01     3.02538761493955E-01     3.84777415196574E-02    -3.35245897627058E-01
         0.10464690341681     3.24274183687255E-01    -7.83136879919911E-01    -5.09320733865311E-01    -8.78694403049577E-01
         0.03818397374492     1.65405825792032E-01    -4.82718101039169E-01     8.58882567763869E-01    -3.36963560394657E-01

#############################################################################################################################
# Beryllium
#############################################################################################################################

Be TZV2P-MOLOPT-PBE-GTH-q2
 1
 2 0 2 5 3 2 1
         1.58665396921818    -1.39700301607158E-01     4.48416504881003E-01     6.98107962354801E-01     9.28330820229291E-02    -9.01856393914689E-02     9.77310235908170E-02
         0.62080933286878    -8.10877012234650E-02    -1.04663018822882E-01    -5.51271638026996E-01     4.90759385524516E-01    -6.33654897222628E-01     6.52204714856588E-01
         0.21031485994300     5.04530212442237E-01    -7.33198865731937E-01     3.92940710689556E-01     7.85056907810377E-01     8.02161518348421E-02     7.01690228976074E-01
         0.07782193303800     8.21042165563080E-01     4.88937665004182E-01    -1.26372915436905E-01     3.60011495173807E-01     6.30713089940024E-01    -1.91019853054426E-01
         0.03792369272211     2.12714920825133E-01     1.06431544529081E-01    -1.95888586014153E-01     6.79309888316935E-02     4.31409769055418E-01     1.90315252266595E-01

Be TZVP-MOLOPT-PBE-GTH-q2
 1
 2 0 1 5 3 1
         1.58665396921818    -1.39700301607158E-01     4.48416504881003E-01     6.98107962354801E-01     9.28330820229291E-02
         0.62080933286878    -8.10877012234650E-02    -1.04663018822882E-01    -5.51271638026996E-01     4.90759385524516E-01
         0.21031485994300     5.04530212442237E-01    -7.33198865731937E-01     3.92940710689556E-01     7.85056907810377E-01
         0.07782193303800     8.21042165563080E-01     4.88937665004182E-01    -1.26372915436905E-01     3.60011495173807E-01
         0.03792369272211     2.12714920825133E-01     1.06431544529081E-01    -1.95888586014153E-01     6.79309888316935E-02

Be DZVP-MOLOPT-PBE-GTH-q2
 1
 2 0 1 5 2 1
         1.58665396921818    -1.39700301607158E-01     4.48416504881003E-01     9.28330820229291E-02
         0.62080933286878    -8.10877012234650E-02    -1.04663018822882E-01     4.90759385524516E-01
         0.21031485994300     5.04530212442237E-01    -7.33198865731937E-01     7.85056907810377E-01
         0.07782193303800     8.21042165563080E-01     4.88937665004182E-01     3.60011495173807E-01
         0.03792369272211     2.12714920825133E-01     1.06431544529081E-01     6.79309888316935E-02

Be TZV2P-MOLOPT-PBE-GTH-q4
 1
 2 0 2 6 4 2 1
        15.02090627119885    -2.42097685248685E-01     6.99518272772564E-02    -5.35217165453167E-02     5.05034598173260E-02     1.67243231161818E-02    -2.71991545770501E-02     3.22503594514942E-04
         6.80740495343491    -5.32940552673258E-01     1.67004071018518E-01    -1.50968286231358E-01     1.22899574931735E-01    -2.68083667780315E-02    -5.94568160445569E-02     2.51603218764801E-02
         2.10807679826291    -6.69376843705680E-01     3.54976293810702E-01     4.11338118999924E-01    -1.33888864836140E-01    -9.68878081180205E-02    -6.62856319818364E-02     1.84438867835252E-02
         0.65753335908566    -2.03814178566993E-01     1.32667084059432E-01    -8.59103513168870E-01     2.00949523076056E-01    -3.93264260470564E-01    -8.85959170980907E-01     6.10033783231793E-01
         0.21492308172976    -2.96963442610730E-01    -7.04427366544025E-01     1.65924820848593E-01     6.08786298192225E-01    -8.28987093851051E-01     2.55106121916010E-01     7.81487274387899E-01
         0.06437460992642    -2.82081927092147E-01    -5.72179817039408E-01    -1.98884543781769E-01    -7.43920290898078E-01    -3.84366987123003E-01     3.75936858959989E-01     1.27134183131443E-01

Be TZVP-MOLOPT-PBE-GTH-q4
 1
 2 0 1 6 4 1
        15.02090627119885    -2.42097685248685E-01     6.99518272772564E-02    -5.35217165453167E-02     5.05034598173260E-02     1.67243231161818E-02
         6.80740495343491    -5.32940552673258E-01     1.67004071018518E-01    -1.50968286231358E-01     1.22899574931735E-01    -2.68083667780315E-02
         2.10807679826291    -6.69376843705680E-01     3.54976293810702E-01     4.11338118999924E-01    -1.33888864836140E-01    -9.68878081180205E-02
         0.65753335908566    -2.03814178566993E-01     1.32667084059432E-01    -8.59103513168870E-01     2.00949523076056E-01    -3.93264260470564E-01
         0.21492308172976    -2.96963442610730E-01    -7.04427366544025E-01     1.65924820848593E-01     6.08786298192225E-01    -8.28987093851051E-01
         0.06437460992642    -2.82081927092147E-01    -5.72179817039408E-01    -1.98884543781769E-01    -7.43920290898078E-01    -3.84366987123003E-01

Be DZVP-MOLOPT-PBE-GTH-q4
 1
 2 0 1 6 3 1
        15.02090627119885    -2.42097685248685E-01     6.99518272772564E-02     5.05034598173260E-02     1.67243231161818E-02
         6.80740495343491    -5.32940552673258E-01     1.67004071018518E-01     1.22899574931735E-01    -2.68083667780315E-02
         2.10807679826291    -6.69376843705680E-01     3.54976293810702E-01    -1.33888864836140E-01    -9.68878081180205E-02
         0.65753335908566    -2.03814178566993E-01     1.32667084059432E-01     2.00949523076056E-01    -3.93264260470564E-01
         0.21492308172976    -2.96963442610730E-01    -7.04427366544025E-01     6.08786298192225E-01    -8.28987093851051E-01
         0.06437460992642    -2.82081927092147E-01    -5.72179817039408E-01    -7.43920290898078E-01    -3.84366987123003E-01

#############################################################################################################################
# Boron
#############################################################################################################################

B TZV2P-MOLOPT-PBE-GTH-q3
 1
 2 0 3 5 3 3 2 1
         3.77336826454340    -1.41115090532709E-01     1.45531448084478E-01    -7.30079839103651E-01    -7.87341730849941E-02     5.69689909311345E-02     2.12344292016796E-02    -1.30154399304561E-01     2.25587113361683E-01    -2.84699073260465E-06
         1.48457356603086    -2.26455911603482E-01     1.29341511786225E-01    -4.30718479268155E-01    -1.82454696775366E-01     2.49453034291071E-01     8.29401316688629E-01     3.28606833608372E-01    -5.69560445712059E-01    -2.67722646783374E-06
         0.57896170504797     3.49953749692160E-01    -1.49908279690390E-01     3.10740904974678E-01    -5.51696115776173E-01     2.96985213913586E-01    -5.30846239238385E-01     3.52333757066171E-01    -6.10646159475387E-01     5.73525170885924E-06
         0.22636161880123     8.50631811608557E-01    -2.00492833251784E-01    -4.08764919971541E-01    -5.85485412006969E-01     4.18191480782503E-01     1.20986169627869E-01     8.66169176695334E-01     4.99750895069800E-01     9.99999997787162E-01
         0.07385684466123     2.87684107103124E-01     9.48378354056138E-01     1.33477902019373E-01    -5.59776242598545E-01    -8.19416491091621E-01     1.23317362674063E-01     2.62538039550888E-02    -4.55155331762403E-02    -6.61627531173113E-05

B TZVP-MOLOPT-PBE-GTH-q3
 1
 2 0 2 5 3 3 1
         3.77336826454340    -1.41115090532709E-01     1.45531448084478E-01    -7.30079839103651E-01    -7.87341730849941E-02     5.69689909311345E-02     2.12344292016796E-02    -1.30154399304561E-01
         1.48457356603086    -2.26455911603482E-01     1.29341511786225E-01    -4.30718479268155E-01    -1.82454696775366E-01     2.49453034291071E-01     8.29401316688629E-01     3.28606833608372E-01
         0.57896170504797     3.49953749692160E-01    -1.49908279690390E-01     3.10740904974678E-01    -5.51696115776173E-01     2.96985213913586E-01    -5.30846239238385E-01     3.52333757066171E-01
         0.22636161880123     8.50631811608557E-01    -2.00492833251784E-01    -4.08764919971541E-01    -5.85485412006969E-01     4.18191480782503E-01     1.20986169627869E-01     8.66169176695334E-01
         0.07385684466123     2.87684107103124E-01     9.48378354056138E-01     1.33477902019373E-01    -5.59776242598545E-01    -8.19416491091621E-01     1.23317362674063E-01     2.62538039550888E-02

B DZVP-MOLOPT-PBE-GTH-q3
 1
 2 0 2 5 2 2 1
         3.77336826454340    -1.41115090532709E-01     1.45531448084478E-01    -7.87341730849941E-02     5.69689909311345E-02    -1.30154399304561E-01
         1.48457356603086    -2.26455911603482E-01     1.29341511786225E-01    -1.82454696775366E-01     2.49453034291071E-01     3.28606833608372E-01
         0.57896170504797     3.49953749692160E-01    -1.49908279690390E-01    -5.51696115776173E-01     2.96985213913586E-01     3.52333757066171E-01
         0.22636161880123     8.50631811608557E-01    -2.00492833251784E-01    -5.85485412006969E-01     4.18191480782503E-01     8.66169176695334E-01
         0.07385684466123     2.87684107103124E-01     9.48378354056138E-01    -5.59776242598545E-01    -8.19416491091621E-01     2.62538039550888E-02

#############################################################################################################################
# Carbon 
#############################################################################################################################

C TZV2P-MOLOPT-PBE-GTH-q4
 1
 2 0 3 5 3 3 2 1
         5.26168129831067    -1.61141917378974E-01     9.96686652890171E-02    -1.17238307580140E-01    -9.87481588337120E-02     8.04369823930185E-02     7.08590015603762E-02    -7.94823942452603E-02     1.04464800757986E-01    -1.15487166610279E-05
         1.93765185829818    -1.80855958455182E-01     2.07650729566158E-01    -3.33811408541760E-01    -2.33439340416087E-01     3.08796108490828E-01     4.56576584711807E-01     2.69082041591327E-01    -3.53701545984790E-01     9.95236583846123E-02
         0.75874037796781     4.91788265416699E-01    -4.16657014983378E-01     5.95870904155682E-01    -5.45250710497427E-01     4.47197164192854E-01     3.99065341940113E-01     5.09051672136440E-01    -6.69295761141920E-01    -1.83046665174320E-05
         0.29195902016920     8.01306792979118E-01     6.03691230508767E-02    -5.88930355080236E-01    -6.71258492279101E-01     5.58623031841717E-02    -7.14283704651730E-01     7.95918282332624E-01     6.05404067152161E-01     9.95035195799905E-01
         0.09607356854063     2.39533150688254E-01     8.77325385770500E-01     4.15841346199326E-01    -4.33438086372545E-01    -8.33707955260866E-01     3.42143926326319E-01     1.69286404775650E-01    -2.22511620738430E-01    -8.52958759292650E-06

C TZVP-MOLOPT-PBE-GTH-q4
 1
 2 0 2 5 3 3 1
         5.26168129831067    -1.61141917378974E-01     9.96686652890171E-02    -1.17238307580140E-01    -9.87481588337120E-02     8.04369823930185E-02     7.08590015603762E-02    -7.94823942452603E-02
         1.93765185829818    -1.80855958455182E-01     2.07650729566158E-01    -3.33811408541760E-01    -2.33439340416087E-01     3.08796108490828E-01     4.56576584711807E-01     2.69082041591327E-01
         0.75874037796781     4.91788265416699E-01    -4.16657014983378E-01     5.95870904155682E-01    -5.45250710497427E-01     4.47197164192854E-01     3.99065341940113E-01     5.09051672136440E-01
         0.29195902016920     8.01306792979118E-01     6.03691230508767E-02    -5.88930355080236E-01    -6.71258492279101E-01     5.58623031841717E-02    -7.14283704651730E-01     7.95918282332624E-01
         0.09607356854063     2.39533150688254E-01     8.77325385770500E-01     4.15841346199326E-01    -4.33438086372545E-01    -8.33707955260866E-01     3.42143926326319E-01     1.69286404775650E-01

C DZVP-MOLOPT-PBE-GTH-q4
 1
 2 0 2 5 2 2 1
         5.26168129831067    -1.61141917378974E-01     9.96686652890171E-02    -9.87481588337120E-02     8.04369823930185E-02    -7.94823942452603E-02
         1.93765185829818    -1.80855958455182E-01     2.07650729566158E-01    -2.33439340416087E-01     3.08796108490828E-01     2.69082041591327E-01
         0.75874037796781     4.91788265416699E-01    -4.16657014983378E-01    -5.45250710497427E-01     4.47197164192854E-01     5.09051672136440E-01
         0.29195902016920     8.01306792979118E-01     6.03691230508767E-02    -6.71258492279101E-01     5.58623031841717E-02     7.95918282332624E-01
         0.09607356854063     2.39533150688254E-01     8.77325385770500E-01    -4.33438086372545E-01    -8.33707955260866E-01     1.69286404775650E-01

#############################################################################################################################
# Nitrogen
#############################################################################################################################

N TZV2P-MOLOPT-PBE-GTH-q5
 1
 2 0 3 5 3 3 2 1
         7.77707451136406    -1.52230843201055E-01     4.67957235185031E-02    -2.52265720902059E-01    -9.67369808121485E-02     5.60212424750194E-02     1.10119411375113E-01    -2.57052508990082E-02     3.75423630314391E-02    -3.26322928098585E-06
         2.85082134435768    -1.76782811772387E-01     6.06655031885265E-02    -3.49750972257708E-01    -2.98537356634858E-01     1.49940530586822E-01     2.13502237900097E-01     1.53156724042298E-01    -2.26529519550677E-01     5.84652934205863E-05
         1.05583952627190     4.83412005475574E-01    -1.37561487417828E-01     7.09479975675812E-01    -5.77391825277201E-01     3.27672241589988E-01     6.18079618116643E-01     5.16991380239588E-01    -7.64668730228305E-01    -1.16676676487472E-04
         0.41439259860883     8.35995374110474E-01    -3.37017466369492E-02    -5.45658788229974E-01    -6.71795743779048E-01     1.13865817707018E-01    -7.28793255055536E-01     8.28422876395642E-01     5.60103085014083E-01     9.99999990347349E-01
         0.13462511143859     1.14009540250447E-01     9.86950295828658E-01     1.13714178557459E-01    -3.41799008161579E-01    -9.24145516316669E-01     1.70670696677520E-01     1.49391126172833E-01    -2.21000486241306E-01    -4.75711644394771E-05

N TZVP-MOLOPT-PBE-GTH-q5
 1
 2 0 2 5 3 3 1
         7.77707451136406    -1.52230843201055E-01     4.67957235185031E-02    -2.52265720902059E-01    -9.67369808121485E-02     5.60212424750194E-02     1.10119411375113E-01    -2.57052508990082E-02
         2.85082134435768    -1.76782811772387E-01     6.06655031885265E-02    -3.49750972257708E-01    -2.98537356634858E-01     1.49940530586822E-01     2.13502237900097E-01     1.53156724042298E-01
         1.05583952627190     4.83412005475574E-01    -1.37561487417828E-01     7.09479975675812E-01    -5.77391825277201E-01     3.27672241589988E-01     6.18079618116643E-01     5.16991380239588E-01
         0.41439259860883     8.35995374110474E-01    -3.37017466369492E-02    -5.45658788229974E-01    -6.71795743779048E-01     1.13865817707018E-01    -7.28793255055536E-01     8.28422876395642E-01
         0.13462511143859     1.14009540250447E-01     9.86950295828658E-01     1.13714178557459E-01    -3.41799008161579E-01    -9.24145516316669E-01     1.70670696677520E-01     1.49391126172833E-01

N DZVP-MOLOPT-PBE-GTH-q5
 1
 2 0 2 5 2 2 1
         7.77707451136406    -1.52230843201055E-01     4.67957235185031E-02    -9.67369808121485E-02     5.60212424750194E-02    -2.57052508990082E-02
         2.85082134435768    -1.76782811772387E-01     6.06655031885265E-02    -2.98537356634858E-01     1.49940530586822E-01     1.53156724042298E-01
         1.05583952627190     4.83412005475574E-01    -1.37561487417828E-01    -5.77391825277201E-01     3.27672241589988E-01     5.16991380239588E-01
         0.41439259860883     8.35995374110474E-01    -3.37017466369492E-02    -6.71795743779048E-01     1.13865817707018E-01     8.28422876395642E-01
         0.13462511143859     1.14009540250447E-01     9.86950295828658E-01    -3.41799008161579E-01    -9.24145516316669E-01     1.49391126172833E-01

#############################################################################################################################
# Oxygen
#############################################################################################################################

O TZV2P-MOLOPT-PBE-GTH-q6
 1
 2 0 3 5 3 3 2 1
        10.34256722623639    -1.36598767253985E-01     5.35898017733314E-02    -1.18707008771107E-01    -9.23673397522993E-02     5.82948619873806E-02     9.18414097966573E-02    -9.48396929864874E-02     1.47739306049945E-01    -6.27421636348332E-05
         3.67715896642206    -1.53365311059511E-01     9.09944842814308E-02    -2.82507973527509E-01    -2.98268574244154E-01     1.75273022378177E-01     2.27281538167357E-01     1.72695668110757E-01    -2.69128753144972E-01     1.08668748395417E-04
         1.30046451996361     5.48021970885945E-01    -2.61169567089594E-01     6.98682645593308E-01    -5.68604037326135E-01     3.64979965319240E-01     5.95584075165259E-01     4.96837623369842E-01    -7.73936715688092E-01     3.17226823696088E-04
         0.46645021946921     7.84538402757388E-01    -4.08365744734643E-02    -6.15550727563364E-01    -6.49207117094457E-01     1.42847181972710E-01    -7.45101990481658E-01     8.41535542399250E-01     5.40201745515093E-01     9.99999938769363E-01
         0.14793951916337     2.04917720496501E-01     9.58629734771334E-01     1.97579739611495E-01    -3.97144432185278E-01    -9.01257668045223E-01     1.73236517641798E-01    -7.84343402663362E-02     1.22257293978271E-01     7.79931889816245E-05

O TZVP-MOLOPT-PBE-GTH-q6
 1
 2 0 2 5 3 3 1
        10.34256722623639    -1.36598767253985E-01     5.35898017733314E-02    -1.18707008771107E-01    -9.23673397522993E-02     5.82948619873806E-02     9.18414097966573E-02    -9.48396929864874E-02
         3.67715896642206    -1.53365311059511E-01     9.09944842814308E-02    -2.82507973527509E-01    -2.98268574244154E-01     1.75273022378177E-01     2.27281538167357E-01     1.72695668110757E-01
         1.30046451996361     5.48021970885945E-01    -2.61169567089594E-01     6.98682645593308E-01    -5.68604037326135E-01     3.64979965319240E-01     5.95584075165259E-01     4.96837623369842E-01
         0.46645021946921     7.84538402757388E-01    -4.08365744734643E-02    -6.15550727563364E-01    -6.49207117094457E-01     1.42847181972710E-01    -7.45101990481658E-01     8.41535542399250E-01
         0.14793951916337     2.04917720496501E-01     9.58629734771334E-01     1.97579739611495E-01    -3.97144432185278E-01    -9.01257668045223E-01     1.73236517641798E-01    -7.84343402663362E-02

O DZVP-MOLOPT-PBE-GTH-q6
 1
 2 0 2 5 2 2 1
        10.34256722623639    -1.36598767253985E-01     5.35898017733314E-02    -9.23673397522993E-02     5.82948619873806E-02    -9.48396929864874E-02
         3.67715896642206    -1.53365311059511E-01     9.09944842814308E-02    -2.98268574244154E-01     1.75273022378177E-01     1.72695668110757E-01
         1.30046451996361     5.48021970885945E-01    -2.61169567089594E-01    -5.68604037326135E-01     3.64979965319240E-01     4.96837623369842E-01
         0.46645021946921     7.84538402757388E-01    -4.08365744734643E-02    -6.49207117094457E-01     1.42847181972710E-01     8.41535542399250E-01
         0.14793951916337     2.04917720496501E-01     9.58629734771334E-01    -3.97144432185278E-01    -9.01257668045223E-01    -7.84343402663362E-02
  
#############################################################################################################################
# Fluor 
#############################################################################################################################

F TZV2P-MOLOPT-PBE-GTH-q7
 1
 2 0 3 5 3 3 2 1
        13.30428004732790     1.38292090777636E-01    -4.13851185732433E-02    -3.68601172475513E-01    -9.35531482386367E-02     5.06296345689289E-02     1.31156005847365E-01    -3.26022751966033E-02     1.00541308351024E-01     9.72064409635608E-05
         4.80605774544240     1.37268979809070E-01    -3.39565337061054E-02    -2.68712697428403E-01    -2.95910126104609E-01     1.05677150923709E-01    -3.03933997040743E-01     1.33191225710905E-01    -4.08920622745241E-01     5.04092340544058E-06
         1.70698523266130    -5.18264453672791E-01     1.04861752881122E-01     6.94838249064691E-01    -5.65276724858415E-01     3.02716360438154E-01     7.47866109869779E-01     2.66499643835383E-01    -8.18034852203344E-01     5.83002400834836E-05
         0.58735472443375    -8.26267224974586E-01     4.59440905301853E-02    -5.51244775686391E-01    -6.52493507471700E-01     2.40526134346493E-01    -5.71224059806739E-01     9.50822081343244E-01     3.09737546860849E-01     9.99999990598423E-01
         0.17874874061685    -1.03522721189923E-01    -9.91981541717081E-01     7.24959778581025E-02    -3.97994287350983E-01    -9.14756231842929E-01     6.94376178966043E-02     7.81824693351836E-02    -2.39910404638869E-01    -7.70047573235798E-05

F TZVP-MOLOPT-PBE-GTH-q7
 1
 2 0 2 5 3 3 1
        13.30428004732790     1.38292090777636E-01    -4.13851185732433E-02    -3.68601172475513E-01    -9.35531482386367E-02     5.06296345689289E-02     1.31156005847365E-01    -3.26022751966033E-02
         4.80605774544240     1.37268979809070E-01    -3.39565337061054E-02    -2.68712697428403E-01    -2.95910126104609E-01     1.05677150923709E-01    -3.03933997040743E-01     1.33191225710905E-01
         1.70698523266130    -5.18264453672791E-01     1.04861752881122E-01     6.94838249064691E-01    -5.65276724858415E-01     3.02716360438154E-01     7.47866109869779E-01     2.66499643835383E-01
         0.58735472443375    -8.26267224974586E-01     4.59440905301853E-02    -5.51244775686391E-01    -6.52493507471700E-01     2.40526134346493E-01    -5.71224059806739E-01     9.50822081343244E-01
         0.17874874061685    -1.03522721189923E-01    -9.91981541717081E-01     7.24959778581025E-02    -3.97994287350983E-01    -9.14756231842929E-01     6.94376178966043E-02     7.81824693351836E-02

F DZVP-MOLOPT-PBE-GTH-q7
 1
 2 0 2 5 2 2 1
        13.30428004732790     1.38292090777636E-01    -4.13851185732433E-02    -9.35531482386367E-02     5.06296345689289E-02    -3.26022751966033E-02
         4.80605774544240     1.37268979809070E-01    -3.39565337061054E-02    -2.95910126104609E-01     1.05677150923709E-01     1.33191225710905E-01
         1.70698523266130    -5.18264453672791E-01     1.04861752881122E-01    -5.65276724858415E-01     3.02716360438154E-01     2.66499643835383E-01
         0.58735472443375    -8.26267224974586E-01     4.59440905301853E-02    -6.52493507471700E-01     2.40526134346493E-01     9.50822081343244E-01
         0.17874874061685    -1.03522721189923E-01    -9.91981541717081E-01    -3.97994287350983E-01    -9.14756231842929E-01     7.81824693351836E-02

#############################################################################################################################
# Neon
#############################################################################################################################

Ne TZV2P-MOLOPT-PBE-GTH-q8
 1
 2 0 3 5 3 3 2 1
        16.32668927804775    -3.21366904365913E-02    -2.86286826789186E-01     5.41839435336706E-01    -1.73400342789884E-01     3.78514953764470E-01     2.70850873161983E-01    -1.66128499961787E-02    -2.22136591047935E-01     1.60830650447904E-01
         5.41305177983800     5.44564638333750E-03    -1.67460746131507E-01     3.96824794850713E-01    -4.62257234453643E-01     5.97449893015067E-01     2.58332011718695E-01     2.10350035640901E-02    -1.85068446870247E-01     2.07186897239449E-02
         1.80537925358827    -4.53014966362899E-01     4.92481704460843E-01     6.24394474737802E-01    -6.62002560636009E-01     4.68088603544370E-02    -2.85632204916505E-01     2.75995731426048E-01    -7.72720935624758E-01     9.84439241418307E-02
         0.58906964755768    -6.01688440961972E-01     4.03302321528831E-01    -3.86047009852419E-01    -5.30932000456837E-01    -5.39488203559328E-01    -2.59083303259643E-01     9.31591100970195E-01     3.42535992205796E-01     9.76548302214308E-01
         0.18226186709541    -6.57028186858998E-01    -6.96279943365351E-01    -1.00196579814887E-01    -1.90037867063092E-01    -4.54468331048064E-01     8.43323462092317E-01    -2.35044503589859E-01     4.49417906387170E-01    -1.01815740504778E-01

Ne TZVP-MOLOPT-PBE-GTH-q8
 1
 2 0 2 5 3 3 1
        16.32668927804775    -3.21366904365913E-02    -2.86286826789186E-01     5.41839435336706E-01    -1.73400342789884E-01     3.78514953764470E-01     2.70850873161983E-01    -1.66128499961787E-02
         5.41305177983800     5.44564638333750E-03    -1.67460746131507E-01     3.96824794850713E-01    -4.62257234453643E-01     5.97449893015067E-01     2.58332011718695E-01     2.10350035640901E-02
         1.80537925358827    -4.53014966362899E-01     4.92481704460843E-01     6.24394474737802E-01    -6.62002560636009E-01     4.68088603544370E-02    -2.85632204916505E-01     2.75995731426048E-01
         0.58906964755768    -6.01688440961972E-01     4.03302321528831E-01    -3.86047009852419E-01    -5.30932000456837E-01    -5.39488203559328E-01    -2.59083303259643E-01     9.31591100970195E-01
         0.18226186709541    -6.57028186858998E-01    -6.96279943365351E-01    -1.00196579814887E-01    -1.90037867063092E-01    -4.54468331048064E-01     8.43323462092317E-01    -2.35044503589859E-01

Ne DZVP-MOLOPT-PBE-GTH-q8
 1
 2 0 2 5 2 2 1
        16.32668927804775    -3.21366904365913E-02    -2.86286826789186E-01    -1.73400342789884E-01     3.78514953764470E-01    -1.66128499961787E-02
         5.41305177983800     5.44564638333750E-03    -1.67460746131507E-01    -4.62257234453643E-01     5.97449893015067E-01     2.10350035640901E-02
         1.80537925358827    -4.53014966362899E-01     4.92481704460843E-01    -6.62002560636009E-01     4.68088603544370E-02     2.75995731426048E-01
         0.58906964755768    -6.01688440961972E-01     4.03302321528831E-01    -5.30932000456837E-01    -5.39488203559328E-01     9.31591100970195E-01
         0.18226186709541    -6.57028186858998E-01    -6.96279943365351E-01    -1.90037867063092E-01    -4.54468331048064E-01    -2.35044503589859E-01

#############################################################################################################################
# Sodium
#############################################################################################################################

Na TZV2P-MOLOPT-PBE-GTH-q1
 1
 2 0 2 3 3 2 1
         0.55937327280667     4.32698741744364E-01    -3.62793274495803E-01     8.25319840348854E-01    -9.29686125933925E-02     9.88742435397940E-01     4.01808736607890E-01
         0.08401566905623    -7.04674873494766E-01     4.34900470135887E-01     5.60620106436364E-01     6.69532915505373E-01    -2.50709297656926E-02     6.78002962670453E-01
         0.03702783530289     5.62321190742426E-01     8.24161768742155E-01     6.74704185982516E-02     7.36941322038149E-01     1.47512185679806E-01     6.15517442316349E-01

Na TZVP-MOLOPT-PBE-GTH-q1
 1
 2 0 1 3 3 1
         0.55937327280667     4.32698741744364E-01    -3.62793274495803E-01     8.25319840348854E-01    -9.29686125933925E-02
         0.08401566905623    -7.04674873494766E-01     4.34900470135887E-01     5.60620106436364E-01     6.69532915505373E-01
         0.03702783530289     5.62321190742426E-01     8.24161768742155E-01     6.74704185982516E-02     7.36941322038149E-01

NA DZVP-MOLOPT-PBE-GTH-q1
 1
 2 0 1 3 2 1
         0.55937327280667     4.32698741744364E-01    -3.62793274495803E-01    -9.29686125933925E-02
         0.08401566905623    -7.04674873494766E-01     4.34900470135887E-01     6.69532915505373E-01
         0.03702783530289     5.62321190742426E-01     8.24161768742155E-01     7.36941322038149E-01

Na TZV2P-MOLOPT-PBE-GTH-q9
 1
 2 0 2 7 4 3 1
        23.79081214840574     7.44807862733427E-02     1.40467025541270E-02     7.35104697145907E-04     5.93623267397110E-02    -6.08291751466791E-02    -9.93557898661037E-03    -1.84997193832864E-02     1.88016431253592E-02
        10.05759994065551     2.10980261681734E-01     4.31478801418365E-02    -2.36227121374802E-03     1.94602719380655E-01    -2.61904439017521E-01    -4.96539537741549E-02    -3.77153718611627E-02    -3.57315651149498E-02
         3.48660883997075    -3.31139441549082E-01    -7.71333510903173E-02     1.23397103402561E-02    -6.51790681824047E-01    -5.67406887836641E-01    -1.06405035122084E-01    -2.56437438847362E-01     5.73432617162337E-02
         1.26095388158312    -7.93525476134685E-01    -2.47005638659837E-01     5.72013947237595E-02    -6.14687324295107E-03    -6.49625226259722E-01    -1.36880717338135E-01    -5.80976058603335E-02     7.34713238835922E-02
         0.46367206976262    -2.55159953256282E-01    -3.09380064089506E-01     2.92885769948760E-01     6.77429881585144E-01    -3.82579781379566E-01    -4.65550839044424E-02     3.79590874605816E-01     3.38981680853848E-01
         0.16057431223610    -3.01762081198886E-01     3.90550614448030E-01    -8.06991996922374E-01     2.68370207098454E-01    -1.15368099696207E-01     3.15221429493470E-01     8.32542469122175E-01     4.42105969480040E-01
         0.04108212236768    -2.33317327340609E-01     8.26277075020652E-01     5.09461925909025E-01     5.29453141255374E-02    -1.55129873875036E-01     9.30508184497699E-01    -3.03123117367778E-01     8.24207012933263E-01

Na TZVP-MOLOPT-PBE-GTH-q9
 1
 2 0 1 7 4 2
        23.79081214840574     7.44807862733427E-02     1.40467025541270E-02     7.35104697145907E-04     5.93623267397110E-02    -6.08291751466791E-02    -9.93557898661037E-03
        10.05759994065551     2.10980261681734E-01     4.31478801418365E-02    -2.36227121374802E-03     1.94602719380655E-01    -2.61904439017521E-01    -4.96539537741549E-02
         3.48660883997075    -3.31139441549082E-01    -7.71333510903173E-02     1.23397103402561E-02    -6.51790681824047E-01    -5.67406887836641E-01    -1.06405035122084E-01
         1.26095388158312    -7.93525476134685E-01    -2.47005638659837E-01     5.72013947237595E-02    -6.14687324295107E-03    -6.49625226259722E-01    -1.36880717338135E-01
         0.46367206976262    -2.55159953256282E-01    -3.09380064089506E-01     2.92885769948760E-01     6.77429881585144E-01    -3.82579781379566E-01    -4.65550839044424E-02
         0.16057431223610    -3.01762081198886E-01     3.90550614448030E-01    -8.06991996922374E-01     2.68370207098454E-01    -1.15368099696207E-01     3.15221429493470E-01
         0.04108212236768    -2.33317327340609E-01     8.26277075020652E-01     5.09461925909025E-01     5.29453141255374E-02    -1.55129873875036E-01     9.30508184497699E-01

Na DZVP-MOLOPT-PBE-GTH-q9
 1
 2 0 1 7 3 2
        23.79081214840574     7.44807862733427E-02     1.40467025541270E-02     7.35104697145907E-04    -6.08291751466791E-02    -9.93557898661037E-03
        10.05759994065551     2.10980261681734E-01     4.31478801418365E-02    -2.36227121374802E-03    -2.61904439017521E-01    -4.96539537741549E-02
         3.48660883997075    -3.31139441549082E-01    -7.71333510903173E-02     1.23397103402561E-02    -5.67406887836641E-01    -1.06405035122084E-01
         1.26095388158312    -7.93525476134685E-01    -2.47005638659837E-01     5.72013947237595E-02    -6.49625226259722E-01    -1.36880717338135E-01
         0.46367206976262    -2.55159953256282E-01    -3.09380064089506E-01     2.92885769948760E-01    -3.82579781379566E-01    -4.65550839044424E-02
         0.16057431223610    -3.01762081198886E-01     3.90550614448030E-01    -8.06991996922374E-01    -1.15368099696207E-01     3.15221429493470E-01
         0.04108212236768    -2.33317327340609E-01     8.26277075020652E-01     5.09461925909025E-01    -1.55129873875036E-01     9.30508184497699E-01

#############################################################################################################################
# Magnesium
#############################################################################################################################

Mg TZV2P-MOLOPT-PBE-GTH-q10
 1
 2 0 2 7 4 3 1
        30.66511264805410     5.05101591298220E-02     5.44261196570683E-02    -4.14857279921781E-03    -1.35986943997645E-02     5.91514290824296E-02     2.14896934322602E-02    -4.89966324771166E-03     2.94766736709816E-02
        12.27585863903791     1.61416482178386E-01     1.70214301970214E-01    -2.26251016492683E-02    -8.79901837750851E-02     2.50962587524142E-01     9.51077890202922E-02    -3.23248541118298E-02    -1.81204445279745E-02
         4.27200977614451    -2.58213242998081E-01    -2.58731881434535E-01     3.18864254767536E-02     1.14042748465575E-01     5.69067736629913E-01     2.18121129839253E-01    -7.19052368919082E-02     3.98433437491067E-02
         1.49576890730141    -6.57888920467221E-01    -5.09953517184983E-01    -1.73036739689866E-01    -4.04280699972015E-01     6.28246455329401E-01     2.68063885726018E-01    -1.75835058955786E-01     7.24857428581497E-02
         0.53746463134226    -3.10558327844975E-01    -1.19925280981795E-01     2.26984011540388E-02     8.94505353006247E-01     3.22159879581595E-01    -2.10623670200191E-02     5.47882442984300E-01     4.49231629673533E-01
         0.15046849346346     3.39744820628441E-01    -5.89253733403952E-01     7.22930512848367E-01    -1.92217707949762E-02     2.79327587309031E-01    -7.60228489881509E-01     4.01804904833289E-01     8.70375357253968E-01
         0.05346306902009     5.09929911296646E-01    -5.28647403658451E-01    -6.67359492990663E-01     1.22942536142210E-01     1.82143628902392E-01    -5.40986734864146E-01    -7.07969217676665E-01     1.80551324078459E-01

Mg TZVP-MOLOPT-PBE-GTH-q10
 1
 2 0 1 7 4 2
        30.66511264805410     5.05101591298220E-02     5.44261196570683E-02    -4.14857279921781E-03    -1.35986943997645E-02     5.91514290824296E-02     2.14896934322602E-02
        12.27585863903791     1.61416482178386E-01     1.70214301970214E-01    -2.26251016492683E-02    -8.79901837750851E-02     2.50962587524142E-01     9.51077890202922E-02
         4.27200977614451    -2.58213242998081E-01    -2.58731881434535E-01     3.18864254767536E-02     1.14042748465575E-01     5.69067736629913E-01     2.18121129839253E-01
         1.49576890730141    -6.57888920467221E-01    -5.09953517184983E-01    -1.73036739689866E-01    -4.04280699972015E-01     6.28246455329401E-01     2.68063885726018E-01
         0.53746463134226    -3.10558327844975E-01    -1.19925280981795E-01     2.26984011540388E-02     8.94505353006247E-01     3.22159879581595E-01    -2.10623670200191E-02
         0.15046849346346     3.39744820628441E-01    -5.89253733403952E-01     7.22930512848367E-01    -1.92217707949762E-02     2.79327587309031E-01    -7.60228489881509E-01
         0.05346306902009     5.09929911296646E-01    -5.28647403658451E-01    -6.67359492990663E-01     1.22942536142210E-01     1.82143628902392E-01    -5.40986734864146E-01

Mg DZVP-MOLOPT-PBE-GTH-q10
 1
 2 0 1 7 3 2
        30.66511264805410     5.05101591298220E-02     5.44261196570683E-02    -4.14857279921781E-03     5.91514290824296E-02     2.14896934322602E-02
        12.27585863903791     1.61416482178386E-01     1.70214301970214E-01    -2.26251016492683E-02     2.50962587524142E-01     9.51077890202922E-02
         4.27200977614451    -2.58213242998081E-01    -2.58731881434535E-01     3.18864254767536E-02     5.69067736629913E-01     2.18121129839253E-01
         1.49576890730141    -6.57888920467221E-01    -5.09953517184983E-01    -1.73036739689866E-01     6.28246455329401E-01     2.68063885726018E-01
         0.53746463134226    -3.10558327844975E-01    -1.19925280981795E-01     2.26984011540388E-02     3.22159879581595E-01    -2.10623670200191E-02
         0.15046849346346     3.39744820628441E-01    -5.89253733403952E-01     7.22930512848367E-01     2.79327587309031E-01    -7.60228489881509E-01
         0.05346306902009     5.09929911296646E-01    -5.28647403658451E-01    -6.67359492990663E-01     1.82143628902392E-01    -5.40986734864146E-01

#############################################################################################################################
# Aluminium
#############################################################################################################################

Al TZV2P-MOLOPT-PBE-GTH-q3
 1
 2 0 3 4 3 3 2 1
         0.93255672866082     1.44068158731867E-01    -5.87219876794402E-01    -6.38887790278359E-01     7.56100004481059E-02    -1.32585413373516E-01    -4.95603586960142E-01     3.11341612287490E-01    -6.59620587708547E-01     2.42766142824849E-01
         0.31986612081442     2.04290223535817E-02     6.82252958437941E-01    -8.17923694325877E-02    -3.91596331972907E-01     8.17680891662171E-01     2.74456616612248E-01     8.31076698069311E-01     5.16969731534645E-01     8.95928729231545E-01
         0.13831594273608    -9.05064591600738E-01     1.08202434436058E-01    -3.93237132483476E-01    -7.83206805096242E-01    -8.43487291779434E-02    -5.55668582634616E-01     4.29538992357692E-01    -5.42934124145744E-01     3.65108163463411E-01
         0.04718609184019    -3.99606188285263E-01    -4.21895662673078E-01     6.56122669454433E-01    -4.76993229583544E-01    -5.53808955739430E-01     6.08508895960309E-01     1.66955612151184E-01     5.35304939835492E-02     7.12203693325873E-02

Al TZVP-MOLOPT-PBE-GTH-q3
 1
 2 0 2 4 3 3 1
         0.93255672866082     1.44068158731867E-01    -5.87219876794402E-01    -6.38887790278359E-01     7.56100004481059E-02    -1.32585413373516E-01    -4.95603586960142E-01     3.11341612287490E-01
         0.31986612081442     2.04290223535817E-02     6.82252958437941E-01    -8.17923694325877E-02    -3.91596331972907E-01     8.17680891662171E-01     2.74456616612248E-01     8.31076698069311E-01
         0.13831594273608    -9.05064591600738E-01     1.08202434436058E-01    -3.93237132483476E-01    -7.83206805096242E-01    -8.43487291779434E-02    -5.55668582634616E-01     4.29538992357692E-01
         0.04718609184019    -3.99606188285263E-01    -4.21895662673078E-01     6.56122669454433E-01    -4.76993229583544E-01    -5.53808955739430E-01     6.08508895960309E-01     1.66955612151184E-01

Al DZVP-MOLOPT-PBE-GTH-q3
 1
 2 0 2 4 2 2 1
         0.93255672866082     1.44068158731867E-01    -5.87219876794402E-01     7.56100004481059E-02    -1.32585413373516E-01     3.11341612287490E-01
         0.31986612081442     2.04290223535817E-02     6.82252958437941E-01    -3.91596331972907E-01     8.17680891662171E-01     8.31076698069311E-01
         0.13831594273608    -9.05064591600738E-01     1.08202434436058E-01    -7.83206805096242E-01    -8.43487291779434E-02     4.29538992357692E-01
         0.04718609184019    -3.99606188285263E-01    -4.21895662673078E-01    -4.76993229583544E-01    -5.53808955739430E-01     1.66955612151184E-01

#############################################################################################################################
# Neon
#############################################################################################################################

Si TZV2P-MOLOPT-PBE-GTH-q4
 1
 2 0 3 4 3 3 2 1
         1.22572561638461     4.42121058209490E-01    -3.96859545970688E-01    -5.98696898149167E-01     1.31087356821012E-01     8.13138319797660E-02    -6.14342256229962E-01     2.70717858637866E-01    -8.38391711905273E-01     2.08218906834555E-01
         0.42099053879393    -3.88451199997312E-01     3.23694264374270E-01     2.41707595848821E-01    -7.64556078997668E-01    -4.88986914503462E-01     2.21509411462924E-01     8.05507256291022E-01     4.64425886726687E-01     8.40563538868680E-01
         0.16952356596164    -8.08290311232822E-01    -3.89084524937603E-01    -4.30084553073501E-01    -6.31075765457445E-01     6.12884924801084E-01    -3.92203091653796E-01     5.24573647345835E-01    -2.83585143010270E-01     4.99086031567217E-01
         0.04752233180448     1.73611023704017E-02    -7.65726946396181E-01     6.31004547894162E-01     3.67222026729945E-03     6.15346997331359E-01     6.47837871493195E-01     5.18882413204081E-02     3.14229185551135E-02    -3.17955508785506E-02

Si TZVP-MOLOPT-PBE-GTH-q4
 1
 2 0 2 4 3 3 1
         1.22572561638461     4.42121058209490E-01    -3.96859545970688E-01    -5.98696898149167E-01     1.31087356821012E-01     8.13138319797660E-02    -6.14342256229962E-01     2.70717858637866E-01
         0.42099053879393    -3.88451199997312E-01     3.23694264374270E-01     2.41707595848821E-01    -7.64556078997668E-01    -4.88986914503462E-01     2.21509411462924E-01     8.05507256291022E-01
         0.16952356596164    -8.08290311232822E-01    -3.89084524937603E-01    -4.30084553073501E-01    -6.31075765457445E-01     6.12884924801084E-01    -3.92203091653796E-01     5.24573647345835E-01
         0.04752233180448     1.73611023704017E-02    -7.65726946396181E-01     6.31004547894162E-01     3.67222026729945E-03     6.15346997331359E-01     6.47837871493195E-01     5.18882413204081E-02

Si DZVP-MOLOPT-PBE-GTH-q4
 1
 2 0 2 4 2 2 1
         1.22572561638461     4.42121058209490E-01    -3.96859545970688E-01     1.31087356821012E-01     8.13138319797660E-02     2.70717858637866E-01
         0.42099053879393    -3.88451199997312E-01     3.23694264374270E-01    -7.64556078997668E-01    -4.88986914503462E-01     8.05507256291022E-01
         0.16952356596164    -8.08290311232822E-01    -3.89084524937603E-01    -6.31075765457445E-01     6.12884924801084E-01     5.24573647345835E-01
         0.04752233180448     1.73611023704017E-02    -7.65726946396181E-01     3.67222026729945E-03     6.15346997331359E-01     5.18882413204081E-02

#############################################################################################################################
# Phosphorous
#############################################################################################################################

P TZV2P-MOLOPT-PBE-GTH-q5
 1
 2 0 3 4 3 3 2 1
         1.52997442810250     3.72140622491875E-01     2.94912996620757E-01    -7.17282511679776E-01     1.42007115981761E-01     1.02489790741895E-01     1.41577246248583E-01     2.58356603330289E-01    -6.28502463860785E-02     1.49619148548671E-01
         0.57215623734269    -2.86654463183099E-01    -3.54714954358767E-01     3.00878415642023E-01    -6.90107171500210E-01    -4.44463997488106E-01     5.67445251868649E-01     7.86129849829025E-01     5.91966557211443E-01     7.85558833487888E-01
         0.22147285204987    -8.55355955675672E-01     2.06831186295467E-02    -5.07546560722881E-01    -7.04204434492490E-01     3.54647334824100E-01    -5.96016566821706E-01     5.61466877410575E-01    -8.00245983980688E-01     5.83224077945255E-01
         0.07588507590177    -2.18418783346870E-01     8.87003852405490E-01     3.70640615876719E-01    -8.76480763943743E-02     8.16194134769871E-01     5.50205435769641E-01     2.58269128027405E-03     7.23312297366912E-02    -1.42692341846458E-01

P TZVP-MOLOPT-PBE-GTH-q5
 1
 2 0 2 4 3 3 1
         1.52997442810250     3.72140622491875E-01     2.94912996620757E-01    -7.17282511679776E-01     1.42007115981761E-01     1.02489790741895E-01     1.41577246248583E-01     2.58356603330289E-01
         0.57215623734269    -2.86654463183099E-01    -3.54714954358767E-01     3.00878415642023E-01    -6.90107171500210E-01    -4.44463997488106E-01     5.67445251868649E-01     7.86129849829025E-01
         0.22147285204987    -8.55355955675672E-01     2.06831186295467E-02    -5.07546560722881E-01    -7.04204434492490E-01     3.54647334824100E-01    -5.96016566821706E-01     5.61466877410575E-01
         0.07588507590177    -2.18418783346870E-01     8.87003852405490E-01     3.70640615876719E-01    -8.76480763943743E-02     8.16194134769871E-01     5.50205435769641E-01     2.58269128027405E-03

P DZVP-MOLOPT-PBE-GTH-q5
 1
 2 0 2 4 2 2 1
         1.52997442810250     3.72140622491875E-01     2.94912996620757E-01     1.42007115981761E-01     1.02489790741895E-01     2.58356603330289E-01
         0.57215623734269    -2.86654463183099E-01    -3.54714954358767E-01    -6.90107171500210E-01    -4.44463997488106E-01     7.86129849829025E-01
         0.22147285204987    -8.55355955675672E-01     2.06831186295467E-02    -7.04204434492490E-01     3.54647334824100E-01     5.61466877410575E-01
         0.07588507590177    -2.18418783346870E-01     8.87003852405490E-01    -8.76480763943743E-02     8.16194134769871E-01     2.58269128027405E-03

#############################################################################################################################
# Sulfur
#############################################################################################################################

S TZV2P-MOLOPT-PBE-GTH-q6
 1
 2 0 3 4 3 3 2 1
         1.90928473004308     3.15669989593405E-01    -1.65456324788273E-01     3.10548000189879E-01     2.12914054759076E-01     1.55419933935669E-01    -7.11939992762134E-01     7.69801068642102E-02    -1.88997576689492E-01    -1.06596717424030E-01
         1.19506924590343    -6.18859553620396E-02    -9.38673161414144E-02    -9.35734177878882E-01    -3.46018377109546E-01    -2.07811881091118E-01     5.31802271666964E-01     3.74453729277594E-01     9.11097678000808E-01     4.72918833714747E-01
         0.37255650459583    -7.61235407877732E-01     5.43670742015259E-01     1.15196623983730E-01    -8.19216679563436E-01    -3.21721314227604E-01    -4.50938487460970E-01     8.99702285348994E-01    -3.66075556598410E-01     8.72423546594614E-01
         0.11964558871342    -5.63065928637358E-01    -8.17456577332731E-01     1.21207366732185E-01    -4.04750441523642E-01     9.10579080686827E-01     8.35599849337089E-02     2.10699467287116E-01     1.30239782017600E-02     6.21455702329570E-02

S TZVP-MOLOPT-PBE-GTH-q6
 1
 2 0 2 4 3 3 1
         1.90928473004308     3.15669989593405E-01    -1.65456324788273E-01     3.10548000189879E-01     2.12914054759076E-01     1.55419933935669E-01    -7.11939992762134E-01     7.69801068642102E-02
         1.19506924590343    -6.18859553620396E-02    -9.38673161414144E-02    -9.35734177878882E-01    -3.46018377109546E-01    -2.07811881091118E-01     5.31802271666964E-01     3.74453729277594E-01
         0.37255650459583    -7.61235407877732E-01     5.43670742015259E-01     1.15196623983730E-01    -8.19216679563436E-01    -3.21721314227604E-01    -4.50938487460970E-01     8.99702285348994E-01
         0.11964558871342    -5.63065928637358E-01    -8.17456577332731E-01     1.21207366732185E-01    -4.04750441523642E-01     9.10579080686827E-01     8.35599849337089E-02     2.10699467287116E-01

S DZVP-MOLOPT-PBE-GTH-q6
 1
 2 0 2 4 2 2 1
         1.90928473004308     3.15669989593405E-01    -1.65456324788273E-01     2.12914054759076E-01     1.55419933935669E-01     7.69801068642102E-02
         1.19506924590343    -6.18859553620396E-02    -9.38673161414144E-02    -3.46018377109546E-01    -2.07811881091118E-01     3.74453729277594E-01
         0.37255650459583    -7.61235407877732E-01     5.43670742015259E-01    -8.19216679563436E-01    -3.21721314227604E-01     8.99702285348994E-01
         0.11964558871342    -5.63065928637358E-01    -8.17456577332731E-01    -4.04750441523642E-01     9.10579080686827E-01     2.10699467287116E-01

#############################################################################################################################
# Chlor
#############################################################################################################################

Cl TZV2P-MOLOPT-PBE-GTH-q7
 1
 2 0 3 4 3 3 2 1
         1.99824811943664     4.33846894941631E-01     3.07041170622732E-01     1.75957585523757E-02     3.45339975324402E-01     1.79965250304009E-01    -3.72667358036020E-01     9.05635141754461E-02    -2.17425270215822E-01    -1.43769165568981E-01
         1.50363082119869    -3.38194302379175E-01    -3.89997660747777E-02    -9.17322433894228E-01    -4.97369383451272E-01    -2.01781984518266E-01    -8.34831128966391E-01     2.85556761650639E-01     9.18680132432250E-01     4.08136672326571E-01
         0.40650884550636    -5.13548002397481E-01    -6.29188376955880E-01     3.25113335470044E-01    -6.70835040884209E-01    -3.34082727506389E-01     4.03493031418157E-01     9.41536415237722E-01    -2.84903780503556E-01     9.00979681734397E-01
         0.12853799110242    -6.58536206158268E-01     7.12970352884578E-01     2.29153356193791E-01    -4.28187278851352E-01     9.02931487206409E-01     3.70054044720501E-02     1.54158245180379E-01     1.66081010355251E-01     3.14721596903698E-02

Cl TZVP-MOLOPT-PBE-GTH-q7
 1
 2 0 2 4 3 3 1
         1.99824811943664     4.33846894941631E-01     3.07041170622732E-01     1.75957585523757E-02     3.45339975324402E-01     1.79965250304009E-01    -3.72667358036020E-01     9.05635141754461E-02
         1.50363082119869    -3.38194302379175E-01    -3.89997660747777E-02    -9.17322433894228E-01    -4.97369383451272E-01    -2.01781984518266E-01    -8.34831128966391E-01     2.85556761650639E-01
         0.40650884550636    -5.13548002397481E-01    -6.29188376955880E-01     3.25113335470044E-01    -6.70835040884209E-01    -3.34082727506389E-01     4.03493031418157E-01     9.41536415237722E-01
         0.12853799110242    -6.58536206158268E-01     7.12970352884578E-01     2.29153356193791E-01    -4.28187278851352E-01     9.02931487206409E-01     3.70054044720501E-02     1.54158245180379E-01

Cl DZVP-MOLOPT-PBE-GTH-q7
 1
 2 0 2 4 2 2 1
         1.99824811943664     4.33846894941631E-01     3.07041170622732E-01     3.45339975324402E-01     1.79965250304009E-01     9.05635141754461E-02
         1.50363082119869    -3.38194302379175E-01    -3.89997660747777E-02    -4.97369383451272E-01    -2.01781984518266E-01     2.85556761650639E-01
         0.40650884550636    -5.13548002397481E-01    -6.29188376955880E-01    -6.70835040884209E-01    -3.34082727506389E-01     9.41536415237722E-01
         0.12853799110242    -6.58536206158268E-01     7.12970352884578E-01    -4.28187278851352E-01     9.02931487206409E-01     1.54158245180379E-01

#############################################################################################################################
# Argon
#############################################################################################################################

Ar TZV2P-MOLOPT-PBE-GTH-q8
 1
 2 0 3 5 3 3 2 1
         4.71662662638022     1.82919800332946E-01     2.40428072883343E-01     4.27690585670006E-01     9.89404873337723E-03     1.37920034239185E-01     3.84830533917295E-01    -6.05705467605777E-02    -1.55142523399148E-01     5.37104340088329E-02
         2.81819132938890    -4.75529780232649E-01     3.05635987369658E-02     8.11000555309563E-01    -2.03360375058761E-01     6.74725625926408E-01     5.62351774351659E-01     2.03845175768169E-01    -6.77012365250932E-01    -2.96722105051234E-01
         1.01830728051710     1.71009404105839E-01    -3.85261028546826E-01     2.36558545621793E-01    -5.49478929230473E-01     4.95898688022014E-02    -4.63361100651431E-01     2.60824100459628E-01    -4.68698181639911E-01     1.39636719004416E-01
         0.38324200185074     6.63854446378969E-01    -5.14450753216894E-01     2.83986954863441E-01    -7.96314226035679E-01    -6.91691732561333E-02     7.51193554221537E-02     9.39487390949614E-01     2.98218228221202E-01     9.41566045858422E-01
         0.12646451451319     5.20062335194813E-01     7.26756197496423E-01     1.50832112554055E-01    -1.50010750949898E-01    -7.20055459153615E-01     5.61533182361047E-01    -6.41294319893879E-02     4.57135600904952E-01     5.50104503232289E-02

Ar TZVP-MOLOPT-PBE-GTH-q8
 1
 2 0 2 5 3 3 1
         4.71662662638022     1.82919800332946E-01     2.40428072883343E-01     4.27690585670006E-01     9.89404873337723E-03     1.37920034239185E-01     3.84830533917295E-01    -6.05705467605777E-02
         2.81819132938890    -4.75529780232649E-01     3.05635987369658E-02     8.11000555309563E-01    -2.03360375058761E-01     6.74725625926408E-01     5.62351774351659E-01     2.03845175768169E-01
         1.01830728051710     1.71009404105839E-01    -3.85261028546826E-01     2.36558545621793E-01    -5.49478929230473E-01     4.95898688022014E-02    -4.63361100651431E-01     2.60824100459628E-01
         0.38324200185074     6.63854446378969E-01    -5.14450753216894E-01     2.83986954863441E-01    -7.96314226035679E-01    -6.91691732561333E-02     7.51193554221537E-02     9.39487390949614E-01
         0.12646451451319     5.20062335194813E-01     7.26756197496423E-01     1.50832112554055E-01    -1.50010750949898E-01    -7.20055459153615E-01     5.61533182361047E-01    -6.41294319893879E-02

Ar DZVP-MOLOPT-PBE-GTH-q8
 1
 2 0 2 5 2 2 1
         4.71662662638022     1.82919800332946E-01     2.40428072883343E-01     9.89404873337723E-03     1.37920034239185E-01    -6.05705467605777E-02
         2.81819132938890    -4.75529780232649E-01     3.05635987369658E-02    -2.03360375058761E-01     6.74725625926408E-01     2.03845175768169E-01
         1.01830728051710     1.71009404105839E-01    -3.85261028546826E-01    -5.49478929230473E-01     4.95898688022014E-02     2.60824100459628E-01
         0.38324200185074     6.63854446378969E-01    -5.14450753216894E-01    -7.96314226035679E-01    -6.91691732561333E-02     9.39487390949614E-01
         0.12646451451319     5.20062335194813E-01     7.26756197496423E-01    -1.50010750949898E-01    -7.20055459153615E-01    -6.41294319893879E-02

#############################################################################################################################
# Krypton
#############################################################################################################################

Kr TZV2P-MOLOPT-PBE-GTH-Q8
 1
 2 0 3 4 3 3 2 1
         1.80739894788004     2.77756825054504E-01    -4.14285569233001E-01     1.92004994510813E-01     6.19372570673507E-01    -1.79945165584764E-01    -3.92530611171424E-01     5.67782424614722E-01    -1.46888822277129E-01    -5.91258639493084E-02
         1.65111167180844    -1.39800850990444E-01     1.17108013441431E-01    -9.31425962472188E-01    -6.17774698655777E-01     1.94152322082872E-01    -7.36368024258097E-01    -6.62959199657033E-01    -6.23318639186982E-01     3.34395002861273E-01
         0.41967761989538    -4.31204822578797E-01     7.32096837383230E-01     3.02762656972722E-01    -3.81289333770424E-01     1.40992411512485E-01     5.51044724192032E-01    -4.80179676509759E-01     7.30036937052810E-01     9.37236111196775E-01
         0.12928062725261    -8.46976545828028E-01    -5.27908515754920E-01     6.25662213856481E-02     2.98915513734170E-01     9.53963182260403E-01    -5.61819221304954E-03    -8.68083875885108E-02    -2.38628620393024E-01     7.91996599891948E-02

Kr TZVP-MOLOPT-PBE-GTH-q8
 1
 2 0 2 4 3 3 1
         1.80739894788004     2.77756825054504E-01    -4.14285569233001E-01     1.92004994510813E-01     6.19372570673507E-01    -1.79945165584764E-01    -3.92530611171424E-01     5.67782424614722E-01
         1.65111167180844    -1.39800850990444E-01     1.17108013441431E-01    -9.31425962472188E-01    -6.17774698655777E-01     1.94152322082872E-01    -7.36368024258097E-01    -6.62959199657033E-01
         0.41967761989538    -4.31204822578797E-01     7.32096837383230E-01     3.02762656972722E-01    -3.81289333770424E-01     1.40992411512485E-01     5.51044724192032E-01    -4.80179676509759E-01
         0.12928062725261    -8.46976545828028E-01    -5.27908515754920E-01     6.25662213856481E-02     2.98915513734170E-01     9.53963182260403E-01    -5.61819221304954E-03    -8.68083875885108E-02

Kr DZVP-MOLOPT-PBE-GTH-q8
 1
 2 0 2 4 2 2 1
         1.80739894788004     2.77756825054504E-01    -4.14285569233001E-01     6.19372570673507E-01    -1.79945165584764E-01     5.67782424614722E-01
         1.65111167180844    -1.39800850990444E-01     1.17108013441431E-01    -6.17774698655777E-01     1.94152322082872E-01    -6.62959199657033E-01
         0.41967761989538    -4.31204822578797E-01     7.32096837383230E-01    -3.81289333770424E-01     1.40992411512485E-01    -4.80179676509759E-01
         0.12928062725261    -8.46976545828028E-01    -5.27908515754920E-01     2.98915513734170E-01     9.53963182260403E-01    -8.68083875885108E-02

#############################################################################################################################
# Xenon
#############################################################################################################################

Xe TZV2P-MOLOPT-PBE-GTH-q8
 1
 2 0 3 4 3 3 2 1
         0.91002149819418     7.10561734872125E-01    -9.10142757581694E-02     6.57783254878040E-01    -6.75424329937173E-01     6.02366602681447E-02    -5.84709311468914E-01     3.66538091049708E-01     1.52049259577109E-01     1.45443798560202E-02
         0.84467042999473    -6.88962428374585E-01    -1.16317460957648E-01     7.14336328063572E-01     6.86268895099868E-01    -1.86488403820151E-01    -6.82017218191265E-01    -3.93548769815277E-01    -2.13488675286906E-01     9.23129345954241E-02
         0.24137284829354    -1.03368337164779E-01     7.57271101408199E-01    -1.16315348552382E-02     2.69846248571973E-01     6.12359664034117E-01     2.76622870545375E-01    -6.19270173644334E-01     7.66869565223738E-01     9.89139533772180E-01
         0.08489800714197    -9.87308467273462E-02    -6.36181679126800E-01    -2.38557136568193E-01    -4.46993053190667E-03    -7.65904211938005E-01     3.41243787728705E-01    -5.72078356189984E-01    -5.85845268069864E-01    -1.13444990413590E-01

Xe TZVP-MOLOPT-PBE-GTH-q8
 1
 2 0 2 4 3 3 1
         0.91002149819418     7.10561734872125E-01    -9.10142757581694E-02     6.57783254878040E-01    -6.75424329937173E-01     6.02366602681447E-02    -5.84709311468914E-01     3.66538091049708E-01
         0.84467042999473    -6.88962428374585E-01    -1.16317460957648E-01     7.14336328063572E-01     6.86268895099868E-01    -1.86488403820151E-01    -6.82017218191265E-01    -3.93548769815277E-01
         0.24137284829354    -1.03368337164779E-01     7.57271101408199E-01    -1.16315348552382E-02     2.69846248571973E-01     6.12359664034117E-01     2.76622870545375E-01    -6.19270173644334E-01
         0.08489800714197    -9.87308467273462E-02    -6.36181679126800E-01    -2.38557136568193E-01    -4.46993053190667E-03    -7.65904211938005E-01     3.41243787728705E-01    -5.72078356189984E-01

Xe DZVP-MOLOPT-PBE-GTH-q8
 1
 2 0 2 4 2 2 1
         0.91002149819418     7.10561734872125E-01    -9.10142757581694E-02    -6.75424329937173E-01     6.02366602681447E-02     3.66538091049708E-01
         0.84467042999473    -6.88962428374585E-01    -1.16317460957648E-01     6.86268895099868E-01    -1.86488403820151E-01    -3.93548769815277E-01
         0.24137284829354    -1.03368337164779E-01     7.57271101408199E-01     2.69846248571973E-01     6.12359664034117E-01    -6.19270173644334E-01
         0.08489800714197    -9.87308467273462E-02    -6.36181679126800E-01    -4.46993053190667E-03    -7.65904211938005E-01    -5.72078356189984E-01

#############################################################################################################################
# Radon
#############################################################################################################################

Rn TZV2P-MOLOPT-PBE-GTH-q8
 1
 2 0 3 4 3 3 2 1
         1.85687190777427    -4.60216404411063E-01    -4.66817005088422E-01     1.60504967508642E-01    -4.23769765991498E-01    -8.48250419926953E-02    -5.37132145230472E-01    -5.60428538144614E-02    -8.03369299096880E-02    -2.83561403901141E-02
         1.63653001685247     8.18206686031667E-01    -5.06424819987775E-01    -1.55085638654659E-01     5.59121049341645E-01     1.67252884286955E-01    -7.78593110651424E-01     1.57425921360600E-01    -1.13326537102999E-01     2.02925523429333E-02
         0.30650314194320    -3.44232771930311E-01    -5.58718135767032E-01    -6.17332580685646E-01    -5.57702024477237E-01    -4.58715586933743E-01    -3.16859179531415E-01    -4.23476787614473E-01     8.88409491788345E-01     9.68725422907316E-01
         0.10319282589091    -1.55717299361310E-02    -4.62006309724919E-01     7.54378608466681E-01     4.43589099853231E-01    -8.68568474705745E-01     6.98719325117752E-02    -8.90361549131489E-01    -4.37529025987194E-01     2.45672946485009E-01

Rn TZVP-MOLOPT-PBE-GTH-q8
 1
 2 0 2 4 3 3 1
         1.85687190777427    -4.60216404411063E-01    -4.66817005088422E-01     1.60504967508642E-01    -4.23769765991498E-01    -8.48250419926953E-02    -5.37132145230472E-01    -5.60428538144614E-02
         1.63653001685247     8.18206686031667E-01    -5.06424819987775E-01    -1.55085638654659E-01     5.59121049341645E-01     1.67252884286955E-01    -7.78593110651424E-01     1.57425921360600E-01
         0.30650314194320    -3.44232771930311E-01    -5.58718135767032E-01    -6.17332580685646E-01    -5.57702024477237E-01    -4.58715586933743E-01    -3.16859179531415E-01    -4.23476787614473E-01
         0.10319282589091    -1.55717299361310E-02    -4.62006309724919E-01     7.54378608466681E-01     4.43589099853231E-01    -8.68568474705745E-01     6.98719325117752E-02    -8.90361549131489E-01

Rn DZVP-MOLOPT-PBE-GTH-q8
 1
 2 0 2 4 2 2 1
         1.85687190777427    -4.60216404411063E-01    -4.66817005088422E-01    -4.23769765991498E-01    -8.48250419926953E-02    -5.60428538144614E-02
         1.63653001685247     8.18206686031667E-01    -5.06424819987775E-01     5.59121049341645E-01     1.67252884286955E-01     1.57425921360600E-01
         0.30650314194320    -3.44232771930311E-01    -5.58718135767032E-01    -5.57702024477237E-01    -4.58715586933743E-01    -4.23476787614473E-01
         0.10319282589091    -1.55717299361310E-02    -4.62006309724919E-01     4.43589099853231E-01    -8.68568474705745E-01    -8.90361549131489E-01

