NB TZV2P-MOLOPT-SCAN-GTH-Q13
 1
 2 0 3 6 4 3 3 2
         1.96999324611125    -6.58859760939717E-04    -6.49040928067094E-01    -1.55248923950853E-01     9.15496926369619E-02     6.74713875723188E-01     3.18872151265046E-01    -9.39327198548989E-02     6.22502096639446E-01    -5.92448133690539E-02    -1.41897005370571E-01     5.66198114737992E-01     1.05105070608443E-01
         1.88374699392928     2.94606893436124E-01     1.95254087328833E-01     7.21838955085915E-01     4.12253299063685E-01    -5.57621641162023E-01     2.32151311440654E-01     1.38858556728519E-01    -7.03239408231437E-01     1.87225740699177E-01    -1.61359844996119E-01    -7.81930311768840E-01    -7.59029906046305E-04
         1.69404813323849     4.85464421100011E-03     4.18696635295974E-01    -6.24280849266694E-01     3.31381210258925E-01    -1.95216551625947E-01    -6.42515488421946E-01     1.67085449721660E-01    -2.54763229980166E-02    -1.14967983863399E-01    -4.10935800795008E-01     2.03265296811383E-01    -1.85076040737046E-01
         0.55999440608532     1.38036968567720E-01     2.60947384046672E-01    -1.41758302023731E-01     5.48670656551341E-01    -2.11684807283104E-01    -1.64012583902089E-01    -6.73337495910103E-01    -2.30674147363146E-01     2.38067721000727E-01     3.69731463608062E-01    -1.32751738254926E-01    -4.51762028227406E-01
         0.19323512411150    -9.39417945333330E-01     3.97970287118475E-02     1.92078147736384E-01     2.77839377603787E-01     2.23775124720144E-01    -4.17385299939688E-01    -5.23020472795701E-01    -2.39177005955744E-01    -7.03716189513050E-01    -4.41250701462144E-01    -9.47746858143944E-02     8.59825259189395E-01
         0.05887530413058     1.07807680466907E-01    -5.43725575940590E-01    -9.01680915897625E-02     5.77596879812190E-01     3.17527991061638E-01    -4.80093272810513E-01     4.65879382988041E-01    -8.29471453193145E-02    -6.29544455642053E-01     6.73466013390479E-01    -9.09045848606003E-03     1.06352248038509E-01
NB TZVP-MOLOPT-SCAN-GTH-q13
 1
 2 0 3 6 4 3 3 1
         1.96999324611125    -6.58859760939717E-04    -6.49040928067094E-01    -1.55248923950853E-01     9.15496926369619E-02     6.74713875723188E-01     3.18872151265046E-01    -9.39327198548989E-02     6.22502096639446E-01    -5.92448133690539E-02    -1.41897005370571E-01     5.66198114737992E-01
         1.88374699392928     2.94606893436124E-01     1.95254087328833E-01     7.21838955085915E-01     4.12253299063685E-01    -5.57621641162023E-01     2.32151311440654E-01     1.38858556728519E-01    -7.03239408231437E-01     1.87225740699177E-01    -1.61359844996119E-01    -7.81930311768840E-01
         1.69404813323849     4.85464421100011E-03     4.18696635295974E-01    -6.24280849266694E-01     3.31381210258925E-01    -1.95216551625947E-01    -6.42515488421946E-01     1.67085449721660E-01    -2.54763229980166E-02    -1.14967983863399E-01    -4.10935800795008E-01     2.03265296811383E-01
         0.55999440608532     1.38036968567720E-01     2.60947384046672E-01    -1.41758302023731E-01     5.48670656551341E-01    -2.11684807283104E-01    -1.64012583902089E-01    -6.73337495910103E-01    -2.30674147363146E-01     2.38067721000727E-01     3.69731463608062E-01    -1.32751738254926E-01
         0.19323512411150    -9.39417945333330E-01     3.97970287118475E-02     1.92078147736384E-01     2.77839377603787E-01     2.23775124720144E-01    -4.17385299939688E-01    -5.23020472795701E-01    -2.39177005955744E-01    -7.03716189513050E-01    -4.41250701462144E-01    -9.47746858143944E-02
         0.05887530413058     1.07807680466907E-01    -5.43725575940590E-01    -9.01680915897625E-02     5.77596879812190E-01     3.17527991061638E-01    -4.80093272810513E-01     4.65879382988041E-01    -8.29471453193145E-02    -6.29544455642053E-01     6.73466013390479E-01    -9.09045848606003E-03
NB DZVP-MOLOPT-SCAN-GTH-q13
 1
 2 0 3 6 3 2 2 1
         1.96999324611125    -6.58859760939717E-04    -6.49040928067094E-01    -1.55248923950853E-01     6.74713875723188E-01     3.18872151265046E-01     6.22502096639446E-01    -5.92448133690539E-02     5.66198114737992E-01
         1.88374699392928     2.94606893436124E-01     1.95254087328833E-01     7.21838955085915E-01    -5.57621641162023E-01     2.32151311440654E-01    -7.03239408231437E-01     1.87225740699177E-01    -7.81930311768840E-01
         1.69404813323849     4.85464421100011E-03     4.18696635295974E-01    -6.24280849266694E-01    -1.95216551625947E-01    -6.42515488421946E-01    -2.54763229980166E-02    -1.14967983863399E-01     2.03265296811383E-01
         0.55999440608532     1.38036968567720E-01     2.60947384046672E-01    -1.41758302023731E-01    -2.11684807283104E-01    -1.64012583902089E-01    -2.30674147363146E-01     2.38067721000727E-01    -1.32751738254926E-01
         0.19323512411150    -9.39417945333330E-01     3.97970287118475E-02     1.92078147736384E-01     2.23775124720144E-01    -4.17385299939688E-01    -2.39177005955744E-01    -7.03716189513050E-01    -9.47746858143944E-02
         0.05887530413058     1.07807680466907E-01    -5.43725575940590E-01    -9.01680915897625E-02     3.17527991061638E-01    -4.80093272810513E-01    -8.29471453193145E-02    -6.29544455642053E-01    -9.09045848606003E-03
O TZV2P-MOLOPT-SCAN-GTH-Q6
 1
 2 0 3 5 3 3 2 1
        10.25781699497238    -1.37093335568261E-01     6.42341766590814E-02    -7.17088581420037E-01    -1.01541960662273E-01     5.12250917317880E-02     1.18360216509634E-01    -1.55308630843787E-02     3.18602602792577E-02     1.18645628163343E-03
         3.64428735012608    -1.53382903419191E-01     6.95730187369108E-02    -5.49416247278626E-01    -2.97888826596963E-01     1.18416114723772E-01     5.91292938991212E-02     1.12242705044625E-01    -2.22035206994148E-01    -3.65643497936781E-03
         1.40222472037927     4.52964005356058E-01    -1.60546208430784E-01     2.25545730548663E-01    -5.48743422499672E-01     2.65706574607295E-01     7.32042358682655E-01     4.02080210361362E-01    -8.37756480907312E-01     4.91390044295019E-04
         0.52205700268808     8.05450964095097E-01    -2.63981031214717E-01    -3.63850982918199E-01    -6.95022929228448E-01     1.92118246587555E-01    -6.62764404039625E-01     9.01700430010169E-01     4.32284673630976E-01     9.99992334274143E-01
         0.16818943371335     3.22104729197730E-01     9.46346921445871E-01     2.58329108697022E-02    -3.41723954857718E-01    -9.35865486749767E-01     8.57433121772174E-02    -1.11481865840859E-01     2.46939932598114E-01     5.59225812546083E-04
O TZVP-MOLOPT-SCAN-GTH-q6
 1
 2 0 2 5 3 3 1
        10.25781699497238    -1.37093335568261E-01     6.42341766590814E-02    -7.17088581420037E-01    -1.01541960662273E-01     5.12250917317880E-02     1.18360216509634E-01    -1.55308630843787E-02
         3.64428735012608    -1.53382903419191E-01     6.95730187369108E-02    -5.49416247278626E-01    -2.97888826596963E-01     1.18416114723772E-01     5.91292938991212E-02     1.12242705044625E-01
         1.40222472037927     4.52964005356058E-01    -1.60546208430784E-01     2.25545730548663E-01    -5.48743422499672E-01     2.65706574607295E-01     7.32042358682655E-01     4.02080210361362E-01
         0.52205700268808     8.05450964095097E-01    -2.63981031214717E-01    -3.63850982918199E-01    -6.95022929228448E-01     1.92118246587555E-01    -6.62764404039625E-01     9.01700430010169E-01
         0.16818943371335     3.22104729197730E-01     9.46346921445871E-01     2.58329108697022E-02    -3.41723954857718E-01    -9.35865486749767E-01     8.57433121772174E-02    -1.11481865840859E-01
O DZVP-MOLOPT-SCAN-GTH-q6
 1
 2 0 2 5 2 2 1
        10.25781699497238    -1.37093335568261E-01     6.42341766590814E-02    -1.01541960662273E-01     5.12250917317880E-02    -1.55308630843787E-02
         3.64428735012608    -1.53382903419191E-01     6.95730187369108E-02    -2.97888826596963E-01     1.18416114723772E-01     1.12242705044625E-01
         1.40222472037927     4.52964005356058E-01    -1.60546208430784E-01    -5.48743422499672E-01     2.65706574607295E-01     4.02080210361362E-01
         0.52205700268808     8.05450964095097E-01    -2.63981031214717E-01    -6.95022929228448E-01     1.92118246587555E-01     9.01700430010169E-01
         0.16818943371335     3.22104729197730E-01     9.46346921445871E-01    -3.41723954857718E-01    -9.35865486749767E-01    -1.11481865840859E-01
F TZV2P-MOLOPT-SCAN-GTH-Q7
 1
 2 0 3 5 3 3 2 1
        13.16645520019096     1.25688709752362E-01    -6.90191648196731E-02    -4.19619998203344E-01    -9.31572868763813E-02     5.00225599861602E-02    -6.88622277281857E-02    -1.02513605924922E-02    -1.03135180619022E-01    -3.14119421202531E-02
         4.67863609541364     1.25206371205048E-01    -7.54523660806367E-02    -2.93986334505468E-01    -2.93923292691458E-01     1.19602022797720E-01    -4.99826189781570E-01     4.04484470063397E-02    -1.25856773171103E-01     1.01835664406271E-01
         1.68188350144516    -4.93940854057955E-01     2.15904735709196E-01    -7.69158858630548E-01    -5.53343548452151E-01     3.11861936412921E-01     7.42571819653283E-01     4.51403790784568E-01    -8.76791264789868E-01     2.29748587047615E-01
         0.58393450944632    -7.58234802751956E-01     3.05654861844976E-01     3.81944805550917E-01    -6.44505933144035E-01     2.69615230808562E-01    -4.36892722870730E-01     8.90352206116421E-01     4.45248862484439E-01     9.66043910568162E-01
         0.18571155118612    -3.86817953873203E-01    -9.21685166349822E-01     1.97684968795902E-03    -4.28198362261887E-01    -9.01799789070697E-01     5.60679494913207E-02     4.20285554084608E-02     8.07077171659289E-02    -5.11618700886137E-02
F TZVP-MOLOPT-SCAN-GTH-q7
 1
 2 0 2 5 3 3 1
        13.16645520019096     1.25688709752362E-01    -6.90191648196731E-02    -4.19619998203344E-01    -9.31572868763813E-02     5.00225599861602E-02    -6.88622277281857E-02    -1.02513605924922E-02
         4.67863609541364     1.25206371205048E-01    -7.54523660806367E-02    -2.93986334505468E-01    -2.93923292691458E-01     1.19602022797720E-01    -4.99826189781570E-01     4.04484470063397E-02
         1.68188350144516    -4.93940854057955E-01     2.15904735709196E-01    -7.69158858630548E-01    -5.53343548452151E-01     3.11861936412921E-01     7.42571819653283E-01     4.51403790784568E-01
         0.58393450944632    -7.58234802751956E-01     3.05654861844976E-01     3.81944805550917E-01    -6.44505933144035E-01     2.69615230808562E-01    -4.36892722870730E-01     8.90352206116421E-01
         0.18571155118612    -3.86817953873203E-01    -9.21685166349822E-01     1.97684968795902E-03    -4.28198362261887E-01    -9.01799789070697E-01     5.60679494913207E-02     4.20285554084608E-02
F DZVP-MOLOPT-SCAN-GTH-q7
 1
 2 0 2 5 2 2 1
        13.16645520019096     1.25688709752362E-01    -6.90191648196731E-02    -9.31572868763813E-02     5.00225599861602E-02    -1.02513605924922E-02
         4.67863609541364     1.25206371205048E-01    -7.54523660806367E-02    -2.93923292691458E-01     1.19602022797720E-01     4.04484470063397E-02
         1.68188350144516    -4.93940854057955E-01     2.15904735709196E-01    -5.53343548452151E-01     3.11861936412921E-01     4.51403790784568E-01
         0.58393450944632    -7.58234802751956E-01     3.05654861844976E-01    -6.44505933144035E-01     2.69615230808562E-01     8.90352206116421E-01
         0.18571155118612    -3.86817953873203E-01    -9.21685166349822E-01    -4.28198362261887E-01    -9.01799789070697E-01     4.20285554084608E-02
