NB DZVP-MOLOPT-SCAN-GTH-Q13
 1
 2 0 3 6 3 2 2 1
         1.96999324611125     2.11742857045037E-01    -3.37702934582417E-01    -1.46325172114406E-01     5.45119399841493E-01     5.06978173992933E-01     5.69198795523404E-01    -2.56392194184060E-01     5.59419316102232E-01
         1.88374699392928     2.13511226691002E-01     8.33589156042196E-02     7.17102963576299E-01    -4.85382399266790E-01    -3.26871650905974E-02    -6.15960030007306E-01     3.94294044505762E-01    -7.86734021033455E-01
         1.69404813323849    -1.01846986441404E-01     2.37251893708074E-01    -6.33520179258731E-01    -1.19413246178147E-01    -5.74590588280787E-01    -4.83440144689832E-02    -9.62425322920480E-02     2.19209071848096E-01
         0.55999440608532     7.19331642457290E-02     2.47233615785073E-01    -1.34703891236663E-01    -2.07324495057235E-01    -1.67193744968033E-01    -1.46494485889469E-01     2.80785888561385E-01    -1.15613691995130E-01
         0.19323512411150    -9.44213666369073E-01    -1.75144962517438E-02     1.92126162810086E-01     3.80066558665256E-01    -4.05025870808153E-01    -4.50171659201193E-01    -6.17389405439044E-01    -8.11378701577745E-02
         0.05887530413058    -4.99127443002533E-02    -8.72518389343475E-01    -8.91451925643567E-02     5.15320490344866E-01    -4.68775673229672E-01    -2.64865384165529E-01    -5.56347221654968E-01    -9.85454155480039E-03
O DZVP-MOLOPT-SCAN-GTH-Q6
 1
 2 0 2 5 2 2 1
        10.25781699497238    -1.37093335568261E-01     6.42341766590814E-02    -1.01541960662273E-01     5.12250917317880E-02    -1.55308630843787E-02
         3.64428735012608    -1.53382903419191E-01     6.95730187369108E-02    -2.97888826596963E-01     1.18416114723772E-01     1.12242705044625E-01
         1.40222472037927     4.52964005356058E-01    -1.60546208430784E-01    -5.48743422499672E-01     2.65706574607295E-01     4.02080210361362E-01
         0.52205700268808     8.05450964095097E-01    -2.63981031214717E-01    -6.95022929228448E-01     1.92118246587555E-01     9.01700430010169E-01
         0.16818943371335     3.22104729197730E-01     9.46346921445871E-01    -3.41723954857718E-01    -9.35865486749767E-01    -1.11481865840859E-01
F DZVP-MOLOPT-SCAN-GTH-Q7
 1
 2 0 2 5 2 2 1
        13.16645520019096     1.25688709752362E-01    -6.90191648196731E-02    -9.31572868763813E-02     5.00225599861602E-02    -1.02513605924922E-02
         4.67863609541364     1.25206371205048E-01    -7.54523660806367E-02    -2.93923292691458E-01     1.19602022797720E-01     4.04484470063397E-02
         1.68188350144516    -4.93940854057955E-01     2.15904735709196E-01    -5.53343548452151E-01     3.11861936412921E-01     4.51403790784568E-01
         0.58393450944632    -7.58234802751956E-01     3.05654861844976E-01    -6.44505933144035E-01     2.69615230808562E-01     8.90352206116421E-01
         0.18571155118612    -3.86817953873203E-01    -9.21685166349822E-01    -4.28198362261887E-01    -9.01799789070697E-01     4.20285554084608E-02
