NB TZV2P-MOLOPT-SCAN-GTH-Q13
 1
 2 0 3 6 4 3 3 2
         1.96999324611125     1.85288318991948E-01    -3.80083400540266E-01    -1.26912210180264E-01    -2.43917901613356E-01     5.99617870081121E-01     4.34568184844501E-01    -1.11603302087352E-01     5.90989576362415E-01    -2.08108715225278E-01    -2.45939516570879E-01     5.68140650541617E-01     2.90455872122733E-02
         1.88374699392928     2.29433601696054E-01     1.18159438648045E-01     7.04800698539793E-01     5.25756779417049E-01    -4.67617653635586E-01     3.11659629261280E-02     3.00908160230841E-01    -6.36045320147754E-01     3.46426215529455E-01    -1.73771986242813E-01    -7.79822813672486E-01    -2.73143391523992E-02
         1.69404813323849    -1.30636914798087E-01     2.45808773299895E-01    -6.38566883682758E-01     4.73188795523467E-01    -2.13273122053958E-01    -5.49136494614945E-01    -4.84071370222149E-03    -5.96752860703551E-02    -1.04047081200326E-01    -3.65745798814603E-01     1.97924828571085E-01    -8.29347574399487E-02
         0.55999440608532     1.33539093062403E-01     2.38837809511903E-01    -1.62002079132645E-01     4.80684635844515E-01    -2.28778744589944E-01    -1.44880159539806E-01    -5.87278164708236E-01    -1.85202826994105E-01     2.62513915805380E-01     2.02237366820248E-01    -1.40268396730722E-01    -1.49292656511220E-01
         0.19323512411150    -9.35999630666950E-01    -5.50392169250038E-03     2.17350251034857E-01     6.12876400673064E-02     3.32412301437487E-01    -4.50654548150993E-01    -5.20152234425767E-01    -3.98456375912075E-01    -6.37098716042830E-01    -5.11024917808939E-01    -1.00703103324820E-01     3.27204854285704E-01
         0.05887530413058    -4.51049860365363E-02    -8.50928440149045E-01    -7.67840871564943E-02     4.53169213427619E-01     4.62027123850937E-01    -5.33430879646462E-01     5.30586053189632E-01    -2.22595958970375E-01    -5.92490940656497E-01     6.88113829591847E-01    -1.00997313096183E-02     9.28536909763006E-01
NB TZVP-MOLOPT-SCAN-GTH-q13
 1
 2 0 3 6 4 3 3 1
         1.96999324611125     1.85288318991948E-01    -3.80083400540266E-01    -1.26912210180264E-01    -2.43917901613356E-01     5.99617870081121E-01     4.34568184844501E-01    -1.11603302087352E-01     5.90989576362415E-01    -2.08108715225278E-01    -2.45939516570879E-01     5.68140650541617E-01
         1.88374699392928     2.29433601696054E-01     1.18159438648045E-01     7.04800698539793E-01     5.25756779417049E-01    -4.67617653635586E-01     3.11659629261280E-02     3.00908160230841E-01    -6.36045320147754E-01     3.46426215529455E-01    -1.73771986242813E-01    -7.79822813672486E-01
         1.69404813323849    -1.30636914798087E-01     2.45808773299895E-01    -6.38566883682758E-01     4.73188795523467E-01    -2.13273122053958E-01    -5.49136494614945E-01    -4.84071370222149E-03    -5.96752860703551E-02    -1.04047081200326E-01    -3.65745798814603E-01     1.97924828571085E-01
         0.55999440608532     1.33539093062403E-01     2.38837809511903E-01    -1.62002079132645E-01     4.80684635844515E-01    -2.28778744589944E-01    -1.44880159539806E-01    -5.87278164708236E-01    -1.85202826994105E-01     2.62513915805380E-01     2.02237366820248E-01    -1.40268396730722E-01
         0.19323512411150    -9.35999630666950E-01    -5.50392169250038E-03     2.17350251034857E-01     6.12876400673064E-02     3.32412301437487E-01    -4.50654548150993E-01    -5.20152234425767E-01    -3.98456375912075E-01    -6.37098716042830E-01    -5.11024917808939E-01    -1.00703103324820E-01
         0.05887530413058    -4.51049860365363E-02    -8.50928440149045E-01    -7.67840871564943E-02     4.53169213427619E-01     4.62027123850937E-01    -5.33430879646462E-01     5.30586053189632E-01    -2.22595958970375E-01    -5.92490940656497E-01     6.88113829591847E-01    -1.00997313096183E-02
NB DZVP-MOLOPT-SCAN-GTH-q13
 1
 2 0 3 6 3 2 2 1
         1.96999324611125     1.85288318991948E-01    -3.80083400540266E-01    -1.26912210180264E-01     5.99617870081121E-01     4.34568184844501E-01     5.90989576362415E-01    -2.08108715225278E-01     5.68140650541617E-01
         1.88374699392928     2.29433601696054E-01     1.18159438648045E-01     7.04800698539793E-01    -4.67617653635586E-01     3.11659629261280E-02    -6.36045320147754E-01     3.46426215529455E-01    -7.79822813672486E-01
         1.69404813323849    -1.30636914798087E-01     2.45808773299895E-01    -6.38566883682758E-01    -2.13273122053958E-01    -5.49136494614945E-01    -5.96752860703551E-02    -1.04047081200326E-01     1.97924828571085E-01
         0.55999440608532     1.33539093062403E-01     2.38837809511903E-01    -1.62002079132645E-01    -2.28778744589944E-01    -1.44880159539806E-01    -1.85202826994105E-01     2.62513915805380E-01    -1.40268396730722E-01
         0.19323512411150    -9.35999630666950E-01    -5.50392169250038E-03     2.17350251034857E-01     3.32412301437487E-01    -4.50654548150993E-01    -3.98456375912075E-01    -6.37098716042830E-01    -1.00703103324820E-01
         0.05887530413058    -4.51049860365363E-02    -8.50928440149045E-01    -7.67840871564943E-02     4.62027123850937E-01    -5.33430879646462E-01    -2.22595958970375E-01    -5.92490940656497E-01    -1.00997313096183E-02
O TZV2P-MOLOPT-SCAN-GTH-Q6
 1
 2 0 3 5 3 3 2 1
        10.25781699497238    -1.37093335568261E-01     6.42341766590814E-02    -7.17088581420037E-01    -1.01541960662273E-01     5.12250917317880E-02     1.18360216509634E-01    -1.55308630843787E-02     3.18602602792577E-02     1.18645628163343E-03
         3.64428735012608    -1.53382903419191E-01     6.95730187369108E-02    -5.49416247278626E-01    -2.97888826596963E-01     1.18416114723772E-01     5.91292938991213E-02     1.12242705044625E-01    -2.22035206994148E-01    -3.65643497936781E-03
         1.40222472037927     4.52964005356058E-01    -1.60546208430784E-01     2.25545730548663E-01    -5.48743422499672E-01     2.65706574607295E-01     7.32042358682655E-01     4.02080210361362E-01    -8.37756480907312E-01     4.91390044295019E-04
         0.52205700268808     8.05450964095097E-01    -2.63981031214717E-01    -3.63850982918199E-01    -6.95022929228448E-01     1.92118246587555E-01    -6.62764404039625E-01     9.01700430010169E-01     4.32284673630976E-01     9.99992334274143E-01
         0.16818943371335     3.22104729197730E-01     9.46346921445871E-01     2.58329108697022E-02    -3.41723954857718E-01    -9.35865486749767E-01     8.57433121772174E-02    -1.11481865840859E-01     2.46939932598114E-01     5.59225812546083E-04
O TZVP-MOLOPT-SCAN-GTH-q6
 1
 2 0 2 5 3 3 1
        10.25781699497238    -1.37093335568261E-01     6.42341766590814E-02    -7.17088581420037E-01    -1.01541960662273E-01     5.12250917317880E-02     1.18360216509634E-01    -1.55308630843787E-02
         3.64428735012608    -1.53382903419191E-01     6.95730187369108E-02    -5.49416247278626E-01    -2.97888826596963E-01     1.18416114723772E-01     5.91292938991213E-02     1.12242705044625E-01
         1.40222472037927     4.52964005356058E-01    -1.60546208430784E-01     2.25545730548663E-01    -5.48743422499672E-01     2.65706574607295E-01     7.32042358682655E-01     4.02080210361362E-01
         0.52205700268808     8.05450964095097E-01    -2.63981031214717E-01    -3.63850982918199E-01    -6.95022929228448E-01     1.92118246587555E-01    -6.62764404039625E-01     9.01700430010169E-01
         0.16818943371335     3.22104729197730E-01     9.46346921445871E-01     2.58329108697022E-02    -3.41723954857718E-01    -9.35865486749767E-01     8.57433121772174E-02    -1.11481865840859E-01
O DZVP-MOLOPT-SCAN-GTH-q6
 1
 2 0 2 5 2 2 1
        10.25781699497238    -1.37093335568261E-01     6.42341766590814E-02    -1.01541960662273E-01     5.12250917317880E-02    -1.55308630843787E-02
         3.64428735012608    -1.53382903419191E-01     6.95730187369108E-02    -2.97888826596963E-01     1.18416114723772E-01     1.12242705044625E-01
         1.40222472037927     4.52964005356058E-01    -1.60546208430784E-01    -5.48743422499672E-01     2.65706574607295E-01     4.02080210361362E-01
         0.52205700268808     8.05450964095097E-01    -2.63981031214717E-01    -6.95022929228448E-01     1.92118246587555E-01     9.01700430010169E-01
         0.16818943371335     3.22104729197730E-01     9.46346921445871E-01    -3.41723954857718E-01    -9.35865486749767E-01    -1.11481865840859E-01
F TZV2P-MOLOPT-SCAN-GTH-Q7
 1
 2 0 3 5 3 3 2 1
        13.16645520019096     1.25688709752362E-01    -6.90191648196731E-02    -4.19619998203344E-01    -9.31572868763813E-02     5.00225599861602E-02    -6.88622277281857E-02    -1.02513605924922E-02    -1.03135180619022E-01    -3.14119421202531E-02
         4.67863609541364     1.25206371205048E-01    -7.54523660806367E-02    -2.93986334505468E-01    -2.93923292691458E-01     1.19602022797720E-01    -4.99826189781570E-01     4.04484470063397E-02    -1.25856773171103E-01     1.01835664406271E-01
         1.68188350144516    -4.93940854057955E-01     2.15904735709196E-01    -7.69158858630548E-01    -5.53343548452151E-01     3.11861936412921E-01     7.42571819653283E-01     4.51403790784568E-01    -8.76791264789868E-01     2.29748587047615E-01
         0.58393450944632    -7.58234802751956E-01     3.05654861844976E-01     3.81944805550917E-01    -6.44505933144035E-01     2.69615230808562E-01    -4.36892722870730E-01     8.90352206116421E-01     4.45248862484439E-01     9.66043910568162E-01
         0.18571155118612    -3.86817953873203E-01    -9.21685166349822E-01     1.97684968795899E-03    -4.28198362261887E-01    -9.01799789070697E-01     5.60679494913207E-02     4.20285554084608E-02     8.07077171659289E-02    -5.11618700886137E-02
F TZVP-MOLOPT-SCAN-GTH-q7
 1
 2 0 2 5 3 3 1
        13.16645520019096     1.25688709752362E-01    -6.90191648196731E-02    -4.19619998203344E-01    -9.31572868763813E-02     5.00225599861602E-02    -6.88622277281857E-02    -1.02513605924922E-02
         4.67863609541364     1.25206371205048E-01    -7.54523660806367E-02    -2.93986334505468E-01    -2.93923292691458E-01     1.19602022797720E-01    -4.99826189781570E-01     4.04484470063397E-02
         1.68188350144516    -4.93940854057955E-01     2.15904735709196E-01    -7.69158858630548E-01    -5.53343548452151E-01     3.11861936412921E-01     7.42571819653283E-01     4.51403790784568E-01
         0.58393450944632    -7.58234802751956E-01     3.05654861844976E-01     3.81944805550917E-01    -6.44505933144035E-01     2.69615230808562E-01    -4.36892722870730E-01     8.90352206116421E-01
         0.18571155118612    -3.86817953873203E-01    -9.21685166349822E-01     1.97684968795899E-03    -4.28198362261887E-01    -9.01799789070697E-01     5.60679494913207E-02     4.20285554084608E-02
F DZVP-MOLOPT-SCAN-GTH-q7
 1
 2 0 2 5 2 2 1
        13.16645520019096     1.25688709752362E-01    -6.90191648196731E-02    -9.31572868763813E-02     5.00225599861602E-02    -1.02513605924922E-02
         4.67863609541364     1.25206371205048E-01    -7.54523660806367E-02    -2.93923292691458E-01     1.19602022797720E-01     4.04484470063397E-02
         1.68188350144516    -4.93940854057955E-01     2.15904735709196E-01    -5.53343548452151E-01     3.11861936412921E-01     4.51403790784568E-01
         0.58393450944632    -7.58234802751956E-01     3.05654861844976E-01    -6.44505933144035E-01     2.69615230808562E-01     8.90352206116421E-01
         0.18571155118612    -3.86817953873203E-01    -9.21685166349822E-01    -4.28198362261887E-01    -9.01799789070697E-01     4.20285554084608E-02
