Y QZVPP-MOLOPT-PBE-Q11
 2
 1 0 2 5 2 1 1
        13.73591043931043    -8.01662066777081E-01    -2.08275607892598E-01     1.59960792024152E-02     2.90868091892012E-02
         7.87652935970994     5.58796011509293E-01    -6.40988933472660E-03    -1.53982407511660E-02    -5.52384483817594E-02
         3.08118772708369    -1.84409556201036E-01     7.99873809915133E-01    -2.68405173964823E-01     1.40584599351520E-02
         1.29685379320435    -9.83315972630216E-02    -5.24178049242126E-02     6.99357779173320E-01     3.79080326445114E-01
         0.79370353519047     3.75361262445397E-02    -5.60387764333290E-01     6.62090914399672E-01     9.23148491391328E-01
 1 0 4 6 5 4 3 3 2
         1.13054944167274     8.45093201247062E-02    -1.10788023917837E-01    -1.16823061254032E-01    -5.72565319542338E-02    -1.25476962044896E-01     9.48064566822239E-03     1.39173347386135E-01    -2.75356760667032E-01     3.32466348261616E-01    -4.64191708846603E-04    -2.97898093274471E-01     1.09421454265515E-01     6.30209836370572E-01    -1.43685725660688E-01     1.07633632381145E-01     7.34934396813727E-02    -1.71676289180765E-02
         0.44041613594440     8.52063874436499E-01    -3.27642492332528E-01     1.48648885251221E-01    -2.97538542525376E-01    -1.93776413652231E-01     4.66701043924116E-01     3.91305037998174E-01     1.48935270672803E-01    -7.35204901996631E-01     5.94687485264271E-01     1.70602359764894E-01    -3.55728690853620E-01     6.48587685238843E-01     2.24081182887963E-01    -1.49382114711469E-01     7.34787281288287E-02    -4.00322955859091E-01
         0.21186706755312     4.55994993413909E-01     7.13543812505093E-01    -4.61238652902138E-01     1.29012835168591E-01     2.30184777730525E-01    -8.16514032723034E-01     4.16078646165795E-01    -1.47621117172976E-01    -3.29259451244770E-01     7.55479311557419E-01    -3.92854823663263E-01     5.54171649607482E-02     1.86164727773252E-01     7.80464504567166E-01    -1.20707734177212E-01     9.57354379021806E-01    -1.37567220882726E-01
         0.10140540247131     1.92936744338885E-01     1.70246823999321E-01     7.65096114381845E-01     4.35330467162053E-01     3.62103058668905E-01     3.18418127019504E-01     4.72661149752270E-01    -2.77484571807466E-01     2.68261718544651E-01     2.70551863695923E-01     7.82746827830272E-01     4.86881300365637E-01     1.68721353195375E-01    -3.39929920703652E-02     9.08985685682673E-01     2.35725298691817E-01     8.52834884517438E-01
         0.05136978952567     1.34834759256147E-01    -5.71581807485964E-01    -4.07355047606617E-01     5.99943601932317E-01     3.56756617922133E-01    -8.89611785227870E-02     3.98569771178723E-01     8.40442781306302E-01     3.49643645926954E-01     4.89730866896433E-02    -3.38782117092156E-01     7.78459841313942E-01    -3.36572629343369E-01     5.58240616048819E-01     3.30906515162769E-01     1.30629035613037E-01    -2.91431435293762E-01
         0.02302903835926    -5.92359270546159E-02    -1.24667136324813E-01    -1.43034013102110E-02    -5.84895933036944E-01     7.97074207386362E-01     7.81082097186366E-02     5.21654370092716E-01    -3.11228515769579E-01     2.15204703354925E-01    -9.56574928726799E-04    -1.87277614998076E-02     1.23934888120500E-01     7.59225986398010E-02    -8.50240196130500E-02     1.25600674127992E-01    -6.46702525161971E-03     9.08979732497947E-02
F QZVPP-MOLOPT-PBE-AE
 3
 1 0 0 8 1
    132536.04395257573924     2.19133884152562E-04
     19758.15592578060023     2.13098802939830E-03
      4485.33885808192372     9.36952235670608E-03
      1273.60032301696378     4.57116768597223E-02
       418.75079369228018     1.29815698472524E-01
       152.24712142839283     3.88984269444136E-01
        59.93506405237581     3.48051089779771E-01
        24.88806979770636     8.41734891149259E-01
 1 0 1 5 2 1
       240.82710880865446    -5.22362746235088E-02     7.61618022060436E-02     2.22155163398913E-02
        56.74054074501728     8.36915891686098E-01    -3.52431037520191E-01     9.17502257704855E-02
        18.02568816680041     5.06654331012575E-01     3.90319004241376E-01     6.94833984744179E-01
         7.22835931546723     1.13647744824332E-01     8.46604124895882E-01     5.19336475096237E-01
         2.54051853711273     1.65011335426585E-01     3.00711541924844E-02     4.88450331337750E-01
 1 0 4 4 4 3 3 2 1
         4.64152109972176     7.99092172965100E-01     3.57185510151160E-01    -4.75225254357118E-01     8.96167845059309E-02     2.14101203990999E-03     4.09061558167189E-01    -4.32260580718334E-01     5.23415929943841E-01    -8.45844703511436E-01    -9.90960844591549E-02     6.49830793177351E-01    -6.47812475723957E-01     7.18812892465629E-01
         1.55189089466188    -5.65383503262805E-01     6.20688611440661E-01    -5.16124369070663E-01    -1.69418940846506E-01     9.01357430415779E-01    -3.23634717094166E-01     1.52228377872265E-01     8.31684066132871E-01     4.84322390964955E-01     2.69070652276370E-01     7.59749389285090E-01     5.45754817250953E-01     6.81802537410497E-01
         0.54311529853246     1.47999793272877E-01     6.59726542294831E-01     7.03321697890184E-01    -2.19534826074957E-01     3.64587678140232E-01     2.81361980784028E-01    -7.13536840615867E-01    -1.67858516623561E-01    -2.20433972029506E-01     9.41600143248362E-01     1.96681952393344E-02     4.63299478087506E-01    -2.42238812327185E-02
         0.17933709925335    -1.41029268364327E-01     2.27870683409749E-01     1.14521537491829E-01     9.56593181325010E-01     2.33722107747691E-01     8.05459277239079E-01     5.29945741006902E-01     7.84913805373263E-02     3.72481291736264E-02    -1.76550617000047E-01     1.06755709662101E-02    -2.60469325156765E-01    -1.33665736760872E-01
O QZVPP-MOLOPT-PBE-AE
 3
 1 0 0 8 1
    116506.38604434675653    -9.98096455193836E-05
     17504.60971368530591     2.33919295977431E-03
      3993.52399023383759     6.88020418607601E-03
      1133.09478918324885     4.13200618900893E-02
       369.82539210352701     1.15856592130636E-01
       133.78894948022503     3.83521465148008E-01
        52.21462909576736     4.11693815406844E-01
        21.67293595845605     8.17457382177472E-01
 1 0 1 5 2 1
       191.04192564330430    -5.10687570632457E-03     2.62695839052370E-02     1.26002594453494E-02
        45.06231751131436     7.10386627064769E-01    -6.24048153127723E-01     1.12036824182174E-01
        14.05235016622558     5.61186314944367E-01     2.63654168302179E-01     6.01861899721717E-01
         5.51919750076573     3.93930461642211E-01     7.34005739981864E-01     3.82904045403275E-01
         2.22318311118849     1.58787503341973E-01     3.99482759313346E-02     6.91690486537335E-01
 1 0 4 4 4 3 3 2 1
         4.07110969272635     8.35823185743741E-01     1.43707378138683E-01    -5.04975809725526E-01    -1.60459413041861E-01     1.72086536028372E-01     1.83573320585855E-01    -5.65096491463834E-01     5.87117703432284E-01    -6.86150954111257E-01     3.38448518372782E-01     7.96331496602706E-01    -4.06031379618403E-01     7.19190810290016E-01
         1.29660548931134    -3.21106263793023E-01     8.70808213615098E-01    -3.35156402976138E-01     1.62030885936799E-01     7.37714269017482E-01    -1.23907267761277E-01     5.94500398393531E-01     7.22514408166509E-01     6.34126435292987E-01    -1.48853997263073E-01     5.96617421514652E-01     6.47582903144410E-01     6.77717136798244E-01
         0.45442777800760     1.72702329034076E-01     4.19606306388715E-01     6.11297846324634E-01    -6.48397560346960E-01     6.52371782439809E-01     1.27228381173723E-01    -5.13977719496993E-01    -3.94104996625507E-02     3.37150724159123E-01     9.16679165386756E-01    -9.80648777410346E-02     6.03388801969736E-01     3.99419887891043E-02
         0.14870720086566     4.10443997485985E-01     2.12065537529809E-01     5.08905256619550E-01     7.26346592547186E-01    -2.39778831856476E-02     9.66830266380264E-01     2.51121754346111E-01     3.62922229719464E-01    -1.15801215165473E-01    -1.51639030780056E-01     1.69434240146108E-02    -2.27369426215928E-01    -1.47880689800770E-01
