BR SVP-MOLOPT-PBE-AE
 4
 1 0 0 6 1
    113286.50070637895260     2.73679070406414E-03
     17009.60150593013896     2.04224830435350E-02
      3870.15111125195654     1.02258486786087E-01
      1093.06469645727907     3.50861576287240E-01
       356.39209644773683     7.35115712366502E-01
       122.33734910491883     5.70630947075535E-01
 1 0 0 8 4
       236.68890020910689    -1.42377940387386E-01    -1.53356321726189E-02    -1.32453049271746E-03     1.24807446279851E-02
        28.29552011608497     8.20039242753422E-01     3.36232154065049E-02    -7.91673129395208E-04    -1.59723257717162E-02
        11.59544741922181     5.50573510010224E-01     2.70199197152304E-03    -7.26523054268614E-04     4.79653197682448E-02
        21.25301253282698     5.85118363999994E-02    -1.75461480304077E-01    -4.80148175588570E-02    -1.06216404025967E-01
         3.82022978092594    -1.03751666966927E-02     8.35127863437438E-01     5.90062980551844E-02     5.42767037570422E-04
         1.63946176354510    -2.25627503854966E-02     5.14357815804242E-01    -1.71512988697568E-02    -1.48543728161790E-01
         0.42384803033618     6.35649499365479E-03    -6.42930391423643E-02     9.51412159558787E-01    -3.00656087068082E-01
         0.15923499550744    -7.22569678405151E-03     4.12814739299527E-02     2.97876922087396E-01     9.34637310925979E-01
 1 1 1 5 1
      1560.24830420641410     1.25122692983022E-02
       368.41679118049291     9.46399988480796E-02
       117.27927480988920     3.74366734991600E-01
        42.15612905782969     7.70798878482013E-01
        15.63041779771482     5.06562286789732E-01
 1 1 2 7 3 3
       104.89886226826710    -1.02224396247013E-02    -1.77512940281584E-02     2.24631079508638E-02     5.47541844817148E-02    -2.06028605361001E-02     7.33326240014467E-02
        29.94506237918729    -4.28496934700606E-02    -5.95434995860600E-02     6.73603505250562E-02     2.09945472349178E-01     4.34044132635983E-02    -1.00647203378275E-01
         9.65337341802465     4.10185394057782E-01     6.03680833186423E-02    -4.14607187015686E-02     5.52788868927752E-01     1.79682244034756E-01    -1.30421441693132E-01
         3.61786935754580     8.58220425478026E-01    -6.16671755666301E-02     2.80908055242612E-02     7.46316705796560E-01    -1.24875884208157E-02     6.67542196329500E-02
         1.34807183343949     3.00088145767200E-01     2.48448771880308E-01    -8.93512836581095E-02     1.46513277788918E-01     4.92066394838714E-01    -3.83806078998553E-01
         0.40983130827127    -5.14132446328857E-02     9.62667921958878E-01     1.62087522645095E-02    -1.77548551192702E-01     8.43885507902541E-01     3.62241977276298E-01
         0.12283059264340     2.38502062452763E-02     1.53621930069012E-02     9.92070326069051E-01     1.93316037517043E-01    -1.04775202140300E-01     8.27345291906463E-01

BR TZVPP-MOLOPT-PBE-AE
 4
 1 0 0 8 1
    565073.22118037915789     3.99516677727690E-04
     84701.72704296337906     2.99953385158423E-03
     19276.44264374252089     1.59602629021429E-02
      5456.51274815238412     6.39114559159112E-02
      1776.82757982094381     2.10150243575377E-01
       639.13306202204126     5.01560544209896E-01
       248.98086519111993     7.31894670698252E-01
        98.59931534744351     4.05284499598096E-01
 1 0 1 6 1 1
      3019.59229611025467    -5.79767120346481E-04     4.15767459643464E-03
       715.51151128109268    -2.81318787228155E-02     3.55511334555379E-02
       230.06307200774307    -1.22976594819926E-01     1.62912381927296E-01
        86.18707961288328    -8.51131334041558E-02     4.82844251881620E-01
        34.55960726804160     6.47800622468112E-01     7.52476891716471E-01
        14.30487932077407     7.46455039803577E-01     4.15714255618387E-01
 1 0 2 5 1 1 1
       168.70206026494347    -1.42020355408387E-01    -8.94454382307488E-04     1.71629607708441E-02
        49.90606764937369     1.86329136073248E-01    -4.41363801581103E-02     1.04253780373630E-01
        18.22159604978471    -3.28304881266732E-01     5.74525561755956E-02     3.95479879421758E-01
         6.96845316295950     8.31603702300171E-01     6.48884488978932E-01     7.16208119865607E-01
         2.89997582210675     3.81789024144171E-01     7.57429405059862E-01     5.65224005210775E-01
 1 0 3 4 3 3 3 1
         3.03028994946560     9.20935806045223E-01     1.88997299046597E-01    -7.29264471646356E-02     8.06678176422275E-02    -1.16274334662205E-01     2.50605410807326E-02     2.56207736166861E-01     2.38110565915873E-02    -1.83722960063551E-01     2.45416768152676E-02
         1.18942401700282     3.37419767907124E-01     2.19814021092516E-02     2.29661930700243E-02     9.96693998804077E-01     9.77499791869839E-03    -1.17323961167989E-02     9.60896806062087E-01     9.62710560132231E-02     8.41272429668651E-02     2.75910378251013E-01
         0.38314620634303    -1.85281265774550E-01     9.81707172869998E-01     6.49885219309196E-03    -1.03764816916835E-03     9.90764592548058E-01    -6.64730588777015E-02    -1.00365692509923E-01     9.94330650564426E-01     3.40142928937670E-02     9.42936182919466E-01
         0.11900475112660     6.07946866289956E-02     6.91850055993613E-03     9.97051679804004E-01     9.62804398912108E-03     6.90670012931776E-02     9.97404457883331E-01    -3.10105110395623E-02    -3.83598058678047E-02     9.78780623436742E-01     1.84776958016265E-01

BR QZVPP-MOLOPT-PBE-AE
 4
 1 0 0 11 1
  10629044.22998351603746     2.20000689636195E-05
   1591918.27267376380041     1.18492787573332E-04
    362334.00671384145971     7.57327864247573E-04
    102643.10643995473220     2.76386415766309E-03
     33489.80796310193546     1.35620684074616E-02
     12091.22216237757311     3.74810903998498E-02
      4716.22094337003364     1.01130661500367E-01
      1956.16727850481857     2.88638501802529E-01
       853.05991495928845     4.70247163374609E-01
       387.91988342081129     7.07833367348074E-01
       182.79664067557846     4.27437650583498E-01
 1 0 1 10 1 1
     26566.51441850133051    -5.60038260447953E-03     1.07971465820160E-04
      6290.49774346626327    -4.07915265183505E-03     9.91733626709075E-04
      2043.30633650289406    -3.46531095554105E-02     5.75435588641893E-03
       781.68475186921307     1.28694682537123E-01     2.49119811560587E-02
       331.48813169777151     4.16979916378664E-01     8.72169758445848E-02
       151.11025238323259     8.94756029423936E-01     2.37850445879877E-01
        72.41114009969232     4.38832632615111E-02     4.87059489611460E-01
        35.87207687991965    -2.20233271508209E-02     6.63957273200956E-01
        18.20019193969771     1.80604573681803E-02     4.88784252753588E-01
         9.06701796977480    -7.06490354206803E-02     1.34868072990419E-01
 1 0 2 7 5 2 1
       601.45670906725604     6.73920779400082E-02     8.90427077225865E-02    -1.50674915204366E-01     2.98964943353229E-01    -1.20687784830774E-01    -7.94197992665322E-03     7.05728721573245E-03     1.32358914353546E-03
       180.82297604246133     5.13874685713832E-03    -2.23659690586989E-02    -1.12501940666263E-02    -1.42153889157603E-01     2.17514973748696E-02    -6.24338096814081E-02     4.84324328690017E-02     9.98004644942062E-03
        70.00446014529651     9.95753404889707E-01     5.40627408190503E-02     2.61769314068217E-02    -2.29849094680219E-02     7.48422507524163E-04    -9.62944869848382E-02     5.27414176346164E-02     5.53008235317076E-02
        30.32418648921326    -6.04978133640447E-02     9.93531387605561E-01     2.48576785670736E-02    -2.71814112157890E-02    -2.58583585569641E-02    -8.22564401717023E-02     4.53813447487098E-03     1.73808514601469E-01
        14.05488088907709    -1.48368574808585E-02    -1.52613666213987E-02     9.86115375448789E-01     3.87926266564493E-02    -7.62710620833444E-02     3.50111345602003E-01    -1.05483032925524E-01     4.38146738137852E-01
         6.65263701291652     2.41092150431721E-03    -2.11027584440891E-03     5.10631790525137E-03     9.41717654299700E-01     1.41551103205366E-02     9.25962199644207E-01     4.47851047448273E-02     6.16863223849416E-01
         3.26267689846069     4.59646146323654E-03     3.61441413219892E-02     5.84616024493207E-02     2.84269407709916E-02     9.89077587478138E-01     4.03047155229644E-03     9.90792544634219E-01     6.27804320528824E-01
 1 0 4 6 4 4 3 4 1
        12.69906724561855    -1.45654168571778E-01    -1.17111377208473E-01    -1.00466176078153E-01    -3.11340354050539E-02     3.83000658979533E-03     3.02244383846275E-02    -3.25022730970342E-02     2.05251370745009E-02    -7.00445725182696E-02     3.92603784867398E-03     2.82623281273084E-02     9.99694831618784E-01     9.10053564354076E-03     1.24241838655008E-02     2.46509416055088E-03    -1.99683014067602E-02
         3.99303255990626    -1.35580286729473E-01    -2.41349388647599E-02    -1.24374325306476E-01    -3.79839389133551E-02     4.59992720335287E-03     1.30409727553107E-02    -2.85337692580770E-02    -2.69737796231443E-02    -4.16281368366972E-02    -1.01267127105609E-02     5.41771712238483E-02    -9.09476508519911E-03     9.98220499405527E-01    -8.30947372639269E-03    -4.28396724909694E-02     2.26306135505871E-02
         1.53963147259810     9.77504175506415E-01     6.91104417288878E-03     1.50222897418574E-02     3.42371879918489E-02     9.98878110669175E-01    -3.48137807689655E-02     3.08230740918182E-02    -8.10776128898851E-03     9.96602082047491E-01     1.07039607670328E-02     2.81241601387998E-04    -1.31803012185120E-02     2.85310407783452E-02     6.62147647568638E-01    -2.13794383515146E-02     5.23121031957959E-03
         0.62746120439955    -3.54356107873478E-02     9.76898632256042E-01     1.61149866572667E-01    -2.23705590096288E-03     3.45890650118173E-02     9.98686990925703E-01     8.42235129240294E-03     1.65696582710484E-02    -1.08190394871251E-02     9.99836308956711E-01    -6.58584555924403E-03    -5.16593273910839E-03    -1.48276419936755E-02     7.49173873190708E-01     1.09330990427352E-02     9.98376665787247E-01
         0.24586599735428    -4.00888653246971E-02    -1.76705578493855E-01     9.73241626692267E-01    -4.13272627102598E-02    -3.04567303356005E-02    -6.83045615833249E-03     9.97333883891555E-01     4.93735309098094E-02     3.85501825195738E-03     7.09885775062171E-03     9.98060909508651E-01    -3.31209619767811E-03     4.32628112523843E-02     5.49949924947796E-03     9.98707590976866E-01     2.79038669534737E-02
         0.08945319439396    -4.50070690075147E-02    -9.94325641808357E-03     3.23011154096397E-02     9.97347863145155E-01     9.09262910815320E-03    -1.67945243139950E-02    -4.93310490409036E-02     9.98034618156141E-01    -3.63776878017566E-03     6.66503194610183E-03    -9.85105980098500E-03    -1.77806552252190E-02    -2.38215181114172E-02    -6.73411890479615E-03    -1.28538110273454E-02     3.90789473812537E-02
