BR QZVPP-MOLOPT-PBE-AE
 4
 1 0 0 11 1
  10629044.22998351603746     2.20000689636195E-05
   1591918.27267376380041     1.18492787573332E-04
    362334.00671384145971     7.57327864247573E-04
    102643.10643995473220     2.76386415766309E-03
     33489.80796310193546     1.35620684074616E-02
     12091.22216237757311     3.74810903998498E-02
      4716.22094337003364     1.01130661500367E-01
      1956.16727850481857     2.88638501802529E-01
       853.05991495928845     4.70247163374609E-01
       387.91988342081129     7.07833367348074E-01
       182.79664067557846     4.27437650583498E-01
 1 0 1 10 1 1
     26566.51441850133051    -5.60038260447953E-03     1.07971465820160E-04
      6290.49774346626327    -4.07915265183505E-03     9.91733626709075E-04
      2043.30633650289406    -3.46531095554105E-02     5.75435588641893E-03
       781.68475186921307     1.28694682537123E-01     2.49119811560587E-02
       331.48813169777151     4.16979916378664E-01     8.72169758445848E-02
       151.11025238323259     8.94756029423936E-01     2.37850445879877E-01
        72.41114009969232     4.38832632615111E-02     4.87059489611460E-01
        35.87207687991965    -2.20233271508209E-02     6.63957273200956E-01
        18.20019193969771     1.80604573681803E-02     4.88784252753588E-01
         9.06701796977480    -7.06490354206803E-02     1.34868072990419E-01
 1 0 2 7 5 2 1
       601.45670906725604     6.73920779400082E-02     8.90427077225865E-02    -1.50674915204366E-01     2.98964943353229E-01    -1.20687784830774E-01    -7.94197992665322E-03     7.05728721573245E-03     1.32358914353546E-03
       180.82297604246133     5.13874685713832E-03    -2.23659690586989E-02    -1.12501940666263E-02    -1.42153889157603E-01     2.17514973748696E-02    -6.24338096814081E-02     4.84324328690017E-02     9.98004644942062E-03
        70.00446014529651     9.95753404889707E-01     5.40627408190503E-02     2.61769314068217E-02    -2.29849094680219E-02     7.48422507524163E-04    -9.62944869848382E-02     5.27414176346164E-02     5.53008235317076E-02
        30.32418648921326    -6.04978133640447E-02     9.93531387605561E-01     2.48576785670736E-02    -2.71814112157890E-02    -2.58583585569641E-02    -8.22564401717023E-02     4.53813447487098E-03     1.73808514601469E-01
        14.05488088907709    -1.48368574808585E-02    -1.52613666213987E-02     9.86115375448789E-01     3.87926266564493E-02    -7.62710620833444E-02     3.50111345602003E-01    -1.05483032925524E-01     4.38146738137852E-01
         6.65263701291652     2.41092150431721E-03    -2.11027584440891E-03     5.10631790525137E-03     9.41717654299700E-01     1.41551103205366E-02     9.25962199644207E-01     4.47851047448273E-02     6.16863223849416E-01
         3.26267689846069     4.59646146323654E-03     3.61441413219892E-02     5.84616024493207E-02     2.84269407709916E-02     9.89077587478138E-01     4.03047155229644E-03     9.90792544634219E-01     6.27804320528824E-01
 1 0 4 6 4 4 3 4 1
        12.69906724561855    -1.45654168571778E-01    -1.17111377208473E-01    -1.00466176078153E-01    -3.11340354050539E-02     3.83000658979533E-03     3.02244383846275E-02    -3.25022730970342E-02     2.05251370745009E-02    -7.00445725182696E-02     3.92603784867398E-03     2.82623281273084E-02     9.99694831618784E-01     9.10053564354076E-03     1.24241838655008E-02     2.46509416055088E-03    -1.99683014067602E-02
         3.99303255990626    -1.35580286729473E-01    -2.41349388647599E-02    -1.24374325306476E-01    -3.79839389133551E-02     4.59992720335287E-03     1.30409727553107E-02    -2.85337692580770E-02    -2.69737796231443E-02    -4.16281368366972E-02    -1.01267127105609E-02     5.41771712238483E-02    -9.09476508519911E-03     9.98220499405527E-01    -8.30947372639269E-03    -4.28396724909694E-02     2.26306135505871E-02
         1.53963147259810     9.77504175506415E-01     6.91104417288878E-03     1.50222897418574E-02     3.42371879918489E-02     9.98878110669175E-01    -3.48137807689655E-02     3.08230740918182E-02    -8.10776128898851E-03     9.96602082047491E-01     1.07039607670328E-02     2.81241601387998E-04    -1.31803012185120E-02     2.85310407783452E-02     6.62147647568638E-01    -2.13794383515146E-02     5.23121031957959E-03
         0.62746120439955    -3.54356107873478E-02     9.76898632256042E-01     1.61149866572667E-01    -2.23705590096288E-03     3.45890650118173E-02     9.98686990925703E-01     8.42235129240294E-03     1.65696582710484E-02    -1.08190394871251E-02     9.99836308956711E-01    -6.58584555924403E-03    -5.16593273910839E-03    -1.48276419936755E-02     7.49173873190708E-01     1.09330990427352E-02     9.98376665787247E-01
         0.24586599735428    -4.00888653246971E-02    -1.76705578493855E-01     9.73241626692267E-01    -4.13272627102598E-02    -3.04567303356005E-02    -6.83045615833249E-03     9.97333883891555E-01     4.93735309098094E-02     3.85501825195738E-03     7.09885775062171E-03     9.98060909508651E-01    -3.31209619767811E-03     4.32628112523843E-02     5.49949924947796E-03     9.98707590976866E-01     2.79038669534737E-02
         0.08945319439396    -4.50070690075147E-02    -9.94325641808357E-03     3.23011154096397E-02     9.97347863145155E-01     9.09262910815320E-03    -1.67945243139950E-02    -4.93310490409036E-02     9.98034618156141E-01    -3.63776878017566E-03     6.66503194610183E-03    -9.85105980098500E-03    -1.77806552252190E-02    -2.38215181114172E-02    -6.73411890479615E-03    -1.28538110273454E-02     3.90789473812537E-02
K QZVPP-MOLOPT-PBE-AE
 4
 1 0 0 11 1
   2022075.20064430451021     1.83255302175271E-05
    303044.68885858508293     1.18785689889383E-04
     69013.92110390946618     6.35907585972259E-04
     19559.22799029401722     2.80969571053025E-03
      6383.86344832890427     9.34952210919551E-03
      2305.37920973116297     2.83701382260738E-02
       899.19288042643564     9.16795896935047E-02
       372.59317286161047     2.07211826536008E-01
       161.93762919762352     4.64516078885763E-01
        73.10758571468521     7.54669551592478E-01
        33.59971013481373     4.03058557299184E-01
 1 0 1 9 1 1
      3469.70236337001370    -1.16304403859074E-02     5.39388882274679E-04
       822.04279384455015    -1.04583267779223E-02     3.06723616993154E-03
       266.55863987228372    -2.65897152332738E-02     1.79833095784603E-02
       101.20907426213208     6.39218658489102E-01     7.12208942289976E-02
        42.43488265968892     7.49119364862640E-01     2.13672933229885E-01
        18.91509472958130    -1.29937258095686E-01     4.62653437592302E-01
         8.69988541900191     5.10388407223611E-02     6.64506593352714E-01
         4.10551762800967     5.85592014757904E-02     5.23541874898658E-01
         1.89098010905434     7.96880966471684E-02     1.38654436752200E-01
 1 0 1 5 3 1
        27.51846878737157     6.90930460578449E-01    -4.36394359185978E-01    -2.82646030563851E-01    -2.05876713129613E-02
         8.80429801779690     7.09697173658566E-01     2.64455617029274E-01     2.69975660460611E-01    -6.86443713542608E-02
         1.90514404965401     1.32601047028074E-01     8.59982699530791E-01    -2.20567269720788E-01     5.35876994353974E-01
         0.34863647123587     3.63197534101997E-02    -6.19162016821750E-03     8.86484241729831E-01     5.45648202905487E-01
         0.23920983106753    -6.54661631503710E-03    -3.82233433270494E-03    -1.12783566435713E-01     6.40287422693474E-01
 1 0 3 7 6 4 4 3
         3.75625093362763     1.64833999033273E-02    -4.34550844497388E-01    -8.98884044260234E-02     3.52776699745819E-01    -4.34273518055856E-01    -5.52470171350377E-02     6.25346773341549E-03    -2.29017509140158E-02    -2.44349752457879E-02     2.00184501911938E-02     2.62602570596042E-02    -3.66431695156018E-03     1.42657706053021E-01     7.46257995991512E-02     9.92075166262804E-01     9.79129096897370E-03    -2.10551732810656E-04
         0.80019988684194     9.56623444905748E-01    -1.99480106841677E-01     1.44667102135588E-01    -1.71655294782546E-02    -4.54966895697692E-02     1.94366977153636E-02    -1.11438877023683E-02    -1.38535008440540E-01     1.13343298509083E-01    -3.82072297116554E-02     9.97979771739427E-01     4.47151946470736E-02    -2.91782839374865E-02    -9.70421694226560E-03     1.28096463009488E-02     3.89821117797805E-02    -2.34077908360084E-02
         0.37603865545823     1.88620007069873E-01     8.27788328078293E-01     2.86754791515439E-01     1.41275343994830E-01    -1.13434816540868E-01    -1.51620492681667E-02     1.07993051266830E-01    -3.70953991535537E-02     1.10090184627389E-02    -9.80274974741797E-02    -4.30103463951893E-02     9.97362185099712E-01     1.29970853280515E-02     4.51163121880353E-02    -5.50921544615831E-03     9.96868394364959E-01    -3.02307119234839E-02
         0.17140690735852    -2.00566012624060E-01    -2.42569736944681E-01     9.03111046178969E-01    -2.38280654904506E-01    -1.63283429838525E-01    -4.09577288722066E-02     9.92567688409063E-01     4.75126704514914E-02     3.40799138004305E-03     4.04122858961913E-02     2.69566519338209E-02    -1.20634382771589E-02     9.88469343751793E-01    -1.94942971461634E-02     6.45682591821884E-02     1.65824619921351E-02     9.68821616904349E-02
         0.05940946293329    -7.97980970839260E-02    -5.69588364626719E-03     2.14106366976271E-01     8.83329987132790E-01     1.98638473067216E-02     6.88703708169849E-02    -4.54536505205586E-02     9.87099054965429E-01    -2.92766420270510E-02     6.49770444595923E-03     1.46793481964598E-02    -5.00924669488260E-02     9.62628041534216E-04     9.78545394598917E-01    -6.44352489939591E-03     2.75487210486836E-02     9.91155611537121E-01
         0.06040240783771     4.32637021424153E-02    -1.65059698034612E-01     1.65235516113229E-01     1.18321009379806E-01     8.64393774445404E-01     1.32079456990853E-01    -4.87404654566592E-03     4.44039769722721E-02     9.92687094211678E-01     1.77758511186876E-02     3.19015027311431E-04    -3.90752189288040E-03    -2.49309427102453E-02    -5.69041119462559E-02    -3.73025065206867E-02    -8.66746955943346E-03    -7.84827810381353E-02
         0.01637081780611    -2.35831608578925E-02     4.74448429064306E-03    -3.05286044847805E-03    -6.51599874380855E-02    -1.49118935619502E-01     9.86141190525857E-01    -2.98965221585839E-02    -1.77138721080994E-02    -1.17739964436503E-02     9.93246558056577E-01    -2.35507554764050E-02     2.42021768990367E-02     3.05673081716593E-02     1.76443026821442E-01     9.99518378608888E-02    -5.94045014529733E-02    -2.45558261504130E-02
H QZVPP-MOLOPT-PBE-AE
 2
 1 0 0 4 1
       190.54117440353127     1.96600972886938E-02
        28.48589623081718     5.38615245148400E-01
         6.82683105625948     8.41690491707832E-01
         1.91976916792120    -3.26222996883324E-02
 1 0 3 4 3 3 2 1
         3.13044722440195    -3.66327628299461E-01     2.56023465069061E-01     1.80301571342015E-01     9.57864765395543E-01    -2.86990854469403E-01     7.09708425215968E-03     9.99207337838246E-01    -1.14391682399844E-02     5.85140484472903E-01
         0.96627664577475     8.95826280526715E-01     1.78507674168198E-01     3.15139388181339E-01     2.45050348375012E-01     8.29767518144689E-01     5.01170647875718E-01     1.62635846128724E-02     9.81329325317073E-01     6.84086073735301E-01
         0.31928820204257    -2.30012077387642E-01     6.10224429055026E-01     6.40105374762635E-01    -1.47922353363481E-01    -4.66731275488582E-01     8.51205422301253E-01    -4.48915950780499E-03     1.60295348734119E-01    -4.27324109791794E-01
         0.10666805621490    -1.01949929465328E-01    -7.28157360590113E-01     6.77084646545968E-01     2.37570063441528E-02     1.06226323308904E-01    -1.55650063115620E-01     3.60560573643188E-02    -1.05675455413839E-01    -8.38508338830758E-02
C QZVPP-MOLOPT-PBE-AE
 3
 1 0 0 8 1
     67025.10701901487482     1.55242819581319E-04
     10039.96335431500120     1.79971855855663E-03
      2284.84440343404003     9.18465603393004E-03
       647.15582521948454     3.30943254643816E-02
       211.19400038923030     1.40054573872043E-01
        76.38630250999670     4.88904212464159E-01
        29.42939055659313     2.78742815383946E-01
        12.03316158077197     8.13926885458716E-01
 1 0 1 5 2 1
       105.22664287722547     1.24505987707591E-01    -1.23979079829649E-01     8.48724734240174E-03
        24.91583300068185     8.86899830964621E-01    -2.61079451396708E-01     7.12935689849336E-02
         7.80229155370005     4.00003776712541E-01     4.47986862457745E-01     2.93646788512991E-01
         3.21099181776232     6.52461897044525E-02     8.43161823281634E-01     4.71754813357094E-01
         1.56967041290132     1.83430810401738E-01     6.96607396504120E-02     8.28289896910713E-01
 1 0 4 4 4 3 3 2 1
         2.47850638544973     9.25363103371105E-01     3.63921965952564E-01    -4.09754907799388E-02     9.79027005345653E-02     8.73685730878957E-02     3.72622955903123E-01    -9.83513676753768E-02     4.18652943059247E-01    -8.11425670640435E-01    -2.99873003208179E-01     8.66784219363824E-01    -3.74034672761027E-01     4.58087622796984E-01
         0.78087017731256    -2.54208430662628E-01     7.69342245085598E-01    -2.12774533576705E-01    -5.46093015490870E-01     7.33644745126078E-01    -6.00104778885827E-01     2.48102701482297E-01     8.43800014184531E-01     5.13566081489940E-01    -1.18528266702603E-01     4.72493367712121E-01     8.15402228229376E-01     8.80208065556334E-01
         0.29223334789975    -1.80276620568274E-01     4.39776512878143E-01     7.84816560471271E-01     3.97693255169442E-01     5.19905537704389E-01     2.32993327506253E-01    -7.89436028296271E-01     2.94729082110152E-01    -2.41293925323745E-01     9.09144108822956E-01    -8.52078289092147E-02     3.90944163971848E-01    -9.54945193189171E-02
         0.09841607149407    -2.15827571862177E-01     2.86827354596128E-01    -5.80612584626446E-01     7.30778731527445E-01     4.28754419510502E-01     6.68386487318509E-01     5.52777364968373E-01     1.60829156214052E-01    -1.40055355380103E-01    -2.63598598880757E-01     1.34813799080373E-01    -2.05863863821392E-01    -7.91851498062194E-02
O QZVPP-MOLOPT-PBE-AE
 3
 1 0 0 8 1
    116506.38604434675653    -9.98096455193836E-05
     17504.60971368530591     2.33919295977431E-03
      3993.52399023383759     6.88020418607601E-03
      1133.09478918324885     4.13200618900893E-02
       369.82539210352701     1.15856592130636E-01
       133.78894948022503     3.83521465148008E-01
        52.21462909576736     4.11693815406844E-01
        21.67293595845605     8.17457382177472E-01
 1 0 1 5 2 1
       191.04192564330430    -5.10687570632457E-03     2.62695839052370E-02     1.26002594453494E-02
        45.06231751131436     7.10386627064769E-01    -6.24048153127724E-01     1.12036824182174E-01
        14.05235016622558     5.61186314944367E-01     2.63654168302179E-01     6.01861899721717E-01
         5.51919750076573     3.93930461642211E-01     7.34005739981864E-01     3.82904045403275E-01
         2.22318311118849     1.58787503341973E-01     3.99482759313346E-02     6.91690486537335E-01
 1 0 4 4 4 3 3 2 1
         4.07110969272635     8.35823185743741E-01     1.43707378138683E-01    -5.04975809725526E-01    -1.60459413041861E-01     1.72086536028372E-01     1.83573320585855E-01    -5.65096491463834E-01     5.87117703432284E-01    -6.86150954111257E-01     3.38448518372782E-01     7.96331496602706E-01    -4.06031379618403E-01     7.19190810290016E-01
         1.29660548931134    -3.21106263793023E-01     8.70808213615098E-01    -3.35156402976138E-01     1.62030885936799E-01     7.37714269017482E-01    -1.23907267761277E-01     5.94500398393531E-01     7.22514408166509E-01     6.34126435292987E-01    -1.48853997263073E-01     5.96617421514652E-01     6.47582903144410E-01     6.77717136798244E-01
         0.45442777800760     1.72702329034076E-01     4.19606306388715E-01     6.11297846324634E-01    -6.48397560346960E-01     6.52371782439809E-01     1.27228381173723E-01    -5.13977719496993E-01    -3.94104996625507E-02     3.37150724159123E-01     9.16679165386756E-01    -9.80648777410346E-02     6.03388801969736E-01     3.99419887891043E-02
         0.14870720086566     4.10443997485985E-01     2.12065537529809E-01     5.08905256619550E-01     7.26346592547186E-01    -2.39778831856476E-02     9.66830266380264E-01     2.51121754346111E-01     3.62922229719464E-01    -1.15801215165473E-01    -1.51639030780056E-01     1.69434240146108E-02    -2.27369426215928E-01    -1.47880689800770E-01
CL QZVPP-MOLOPT-PBE-AE
 3
 1 0 0 10 1
   1467458.93775052158162     5.00027973996311E-05
    219756.22561595341540     2.92119625382510E-04
     50010.78269045410707     1.28590722749441E-03
     14164.71914344428478     6.48940441751174E-03
      4620.77877126598923     1.97871266811614E-02
      1667.78852683964556     6.65018359892871E-02
       650.34523295930057     1.78047411514083E-01
       269.43766657761569     4.24217234215202E-01
       117.09536851846944     6.88319212568402E-01
        52.76000788002602     5.56504843396412E-01
 1 0 1 8 2 2
      2501.95646798690223    -3.82883357554072E-02     8.37909091563773E-02     4.17887012633053E-04     1.59916949870661E-03
       592.94635448432632    -4.07348538060098E-02     1.30718267465741E-01     3.99041739687339E-03    -2.59213449401013E-02
       192.18114183797039     2.20528820527411E-01    -1.98966788392605E-01     2.18359541428443E-02     3.32964376441369E-02
        72.87930898689872     7.33114974004280E-01    -3.92594344886566E-01     8.68350005331845E-02    -2.17375228769997E-01
        30.43574290352728     6.34280900802578E-01     5.37964084760841E-01     2.47733889523512E-01    -2.17956740087419E-01
        13.46035723428640     7.71650835004062E-03     6.98209154610030E-01     5.32066586940945E-01    -4.48983934995352E-01
         5.97563269106637     1.31312121901711E-02     1.06376827476728E-02     7.10008437176348E-01     6.90916424895068E-01
         3.08191027511841    -9.07739768895670E-02     7.18273987087124E-02     3.78665897473595E-01    -4.73822396122835E-01
 1 0 4 6 6 4 4 2 1
         9.78337990819075     8.91563859098250E-01     4.20492586467600E-01    -1.05500184052396E-01    -6.37580026009099E-03    -1.27727899356303E-01    -2.85396905660188E-02    -1.53857744271598E-02     1.06253051057092E-01    -1.15431250361608E-01    -2.24073346383234E-02     3.39725575429827E-02     1.01895475255016E-01     3.78215008137413E-02    -4.46426713878059E-02    -6.35534933198293E-02     3.84866238399188E-02    -6.11006722560778E-02
         4.33269446539561    -4.29731410091877E-01     7.82174610574314E-01    -3.34369761244485E-01    -2.72432075009675E-01    -1.25354633131214E-01    -4.23985492338584E-02     7.30865995598478E-02    -1.69780800664228E-01     9.20852072943818E-03     3.68926930660954E-02     9.84874476080405E-01    -1.38014851189017E-01    -4.74208272594507E-02     1.83642605819759E-02     4.69010615356294E-02    -6.41463169582076E-02    -1.95982450216892E-02
         1.89618722201134    -1.08607609504601E-01     3.85249243565499E-01     8.24406939689850E-01     3.51646048346057E-01    -1.90711290748148E-01     1.07175344599850E-02     9.91627029311956E-01     8.56131566559374E-02    -7.28575131920513E-02     2.31284362812144E-02     7.90619312155555E-02     7.33791834593761E-01    -6.62746105231222E-01     4.37386186866967E-02     6.43881756150717E-01    -4.40208755319482E-01     7.22168984314687E-01
         0.75937665037877    -8.64870311670285E-02     5.72642042507304E-02    -4.40832017733930E-01     8.81987013108728E-01    -1.10544464050763E-01     6.91864630354049E-02    -7.17104623334244E-02     9.75883878241501E-01     2.82742999161818E-02    -5.63192675837824E-03     1.32325112586378E-01     6.30921978952516E-01     7.45720946790107E-01     7.09504044527997E-02     7.55448939940310E-01     4.62184592162924E-01     6.65787803325587E-01
         0.29257745973674     3.21350778484430E-02     2.43787785919905E-01     5.55589531759151E-02     1.28047138769592E-01     9.55294229503361E-01     8.63997700254051E-02     6.90556986584205E-02    -6.16188331121305E-03     9.83715665542611E-01     1.12973648641345E-01    -3.38233190166359E-02    -5.85726486891373E-02    -1.98834428606854E-02     9.93139085193975E-01    -8.21528343028837E-02     7.63814987833132E-01     1.70005500533451E-01
         0.10605356801669     1.16840788925550E-02     1.61310253462363E-02    -3.26472144512038E-04    -8.82496986965603E-02    -8.24248737035741E-02     9.92482391084379E-01    -3.44438923863824E-02     1.29554489179424E-02    -1.13078139742878E-01     9.92374501940459E-01    -6.29554636350571E-02     1.75001307873770E-01     2.43581082505283E-02    -6.63137740448836E-02    -4.15371998214924E-02    -5.99362050420123E-02     4.66830318968192E-02
