BR TZVPP-MOLOPT-PBE-AE
 4
 1 0 0 8 1
    565073.22118037915789     3.99516677727690E-04
     84701.72704296337906     2.99953385158423E-03
     19276.44264374252089     1.59602629021429E-02
      5456.51274815238412     6.39114559159112E-02
      1776.82757982094381     2.10150243575377E-01
       639.13306202204126     5.01560544209896E-01
       248.98086519111993     7.31894670698252E-01
        98.59931534744351     4.05284499598096E-01
 1 0 1 6 1 1
      3019.59229611025467    -5.79767120346481E-04     4.15767459643464E-03
       715.51151128109268    -2.81318787228155E-02     3.55511334555379E-02
       230.06307200774307    -1.22976594819926E-01     1.62912381927296E-01
        86.18707961288328    -8.51131334041558E-02     4.82844251881620E-01
        34.55960726804160     6.47800622468112E-01     7.52476891716471E-01
        14.30487932077407     7.46455039803577E-01     4.15714255618387E-01
 1 0 2 5 1 1 1
       168.70206026494347    -1.42020355408387E-01    -8.94454382307488E-04     1.71629607708441E-02
        49.90606764937369     1.86329136073248E-01    -4.41363801581103E-02     1.04253780373630E-01
        18.22159604978471    -3.28304881266732E-01     5.74525561755956E-02     3.95479879421758E-01
         6.96845316295950     8.31603702300171E-01     6.48884488978932E-01     7.16208119865607E-01
         2.89997582210675     3.81789024144171E-01     7.57429405059862E-01     5.65224005210775E-01
 1 0 3 4 3 3 3 1
         3.03028994946560     9.20935806045223E-01     1.88997299046597E-01    -7.29264471646356E-02     8.06678176422275E-02    -1.16274334662205E-01     2.50605410807326E-02     2.56207736166861E-01     2.38110565915873E-02    -1.83722960063551E-01     2.45416768152676E-02
         1.18942401700282     3.37419767907124E-01     2.19814021092516E-02     2.29661930700243E-02     9.96693998804077E-01     9.77499791869839E-03    -1.17323961167989E-02     9.60896806062087E-01     9.62710560132231E-02     8.41272429668651E-02     2.75910378251013E-01
         0.38314620634303    -1.85281265774550E-01     9.81707172869998E-01     6.49885219309196E-03    -1.03764816916835E-03     9.90764592548058E-01    -6.64730588777015E-02    -1.00365692509923E-01     9.94330650564426E-01     3.40142928937670E-02     9.42936182919466E-01
         0.11900475112660     6.07946866289956E-02     6.91850055993613E-03     9.97051679804004E-01     9.62804398912108E-03     6.90670012931776E-02     9.97404457883331E-01    -3.10105110395623E-02    -3.83598058678047E-02     9.78780623436742E-01     1.84776958016265E-01
K TZVPP-MOLOPT-PBE-AE
 3
 1 0 0 8 1
    153976.23238349103485     5.31458593058260E-04
     23082.42273195593953     3.14541624756185E-03
      5253.12112786122543     1.74132779870263E-02
      1487.14161416746197     6.96449336355488E-02
       484.20424964210599     2.24403103615076E-01
       173.48082009050833     5.27726028286229E-01
        66.96534119403582     7.30945568798061E-01
        26.07907775987378     3.62909419123674E-01
 1 0 1 6 1 1
       728.22692078628870    -1.60863888601052E-02     5.17488274566756E-03
       171.99663529504494    -7.11219296043245E-02     3.97470558699720E-02
        54.89903752858421    -1.85753632693697E-01     1.79207767687719E-01
        20.23025564587055    -2.36091877703569E-02     4.85733746946605E-01
         8.08048188389595     7.09893872474832E-01     7.37831492466290E-01
         3.34027289123578     6.75034653361888E-01     4.31213849430652E-01
 1 0 2 6 4 3 3
        11.48005307969177    -2.55716758167501E-01     6.18062935816150E-03     1.02230064307258E-01    -5.34118303788791E-02    -1.53354865205643E-01     2.41865826672604E-01    -6.96146411629952E-02     1.02355324455203E-01    -1.01223292036979E-01     2.81315931421266E-02
         3.17979948014481    -2.79800162388755E-02    -1.83749186339461E-01    -2.91980812366904E-01    -4.03465835397101E-02     1.27781144765407E-01    -6.84155731078055E-02    -5.88410119958202E-02     9.02278517240045E-02     2.49730638797650E-01     1.85551677816120E-02
         1.31365525874645     9.65255196770569E-01     7.23242425763144E-03     4.84566152604907E-02     1.75420444924359E-02     9.56522787405243E-01    -1.57345612525302E-01    -5.90065703414018E-02     9.76335732604604E-01    -3.91535105223318E-02    -5.52261818959991E-03
         0.48815315332522    -1.65789427437883E-02     9.35570580378633E-01     2.26206216577522E-01    -9.49636305448768E-02     1.89421775555421E-01     7.20877947781106E-01     5.69457319893265E-01     1.03803640792760E-01     8.12756956768957E-01     2.19001324146352E-01
         0.17481411802884    -1.48109960854553E-02    -3.01153236316794E-01     8.71451988720679E-01    -3.10709033786567E-01     2.60657919945269E-02     7.26188239041547E-02     4.13118426207395E-01    -1.08833760027427E-01     2.16410524408874E-01     6.79257616376756E-01
         0.03630867459053    -4.01775614421846E-02    -1.26548712198226E-02     3.02242211703213E-01     9.43214403751570E-01    -9.30504538830131E-02    -6.22192960648884E-01     7.02325628499705E-01     7.43698622079753E-02    -4.67384285098923E-01     6.99629423709814E-01
H TZVPP-MOLOPT-PBE-AE
 1
 1 0 2 5 3 2 1
        34.17773832674855    -4.67038702307212E-01     3.25930727691839E-01    -1.51283436822271E-01    -1.00054440080746E-01     7.49322156514700E-02     1.29694886730211E-02
         4.94770130521271    -8.38132979846024E-02     2.28656356488893E-01    -2.28133785557746E-02     1.35570007424312E-01    -4.78523016653350E-02    -4.42398660674758E-02
         1.06512662518152     8.14717082181122E-01     2.11440298046549E-01     2.96545250287854E-01     9.76472815332876E-01     6.34720246090092E-02     9.35175251752971E-01
         0.29382327136550    -1.33307568322592E-01     8.19165770735029E-01     3.66068869122815E-01    -2.64980945419224E-02     9.79893619096044E-01     2.87655408521357E-01
         0.09137129667664    -3.05475612542697E-01    -3.54606643763996E-01     8.68704419864991E-01     1.31941555275947E-01    -1.66958430843673E-01    -2.01435451376045E-01
C TZVPP-MOLOPT-PBE-AE
 2
 1 0 0 6 1
     13575.36958405577388     4.58147950944622E-04
      2035.23751738363671     1.21337901046264E-02
       463.11111195382159     3.94772659786306E-02
       131.31855343946540     2.27675432947388E-01
        42.89959282566456     1.83999091958326E-01
        15.85510154272720     9.55302223434938E-01
 1 0 3 6 4 3 2 1
        34.41721150609357     9.02610706533540E-02     1.45960387814647E-01    -5.81350391534647E-01    -1.86791853710472E-01     2.24000414781332E-02     1.35113513652918E-02    -9.87851280080972E-02     2.98612069007889E-01    -2.24236690578969E-01     1.44118218013727E-02
         6.73967331854110     8.42948760302444E-01    -1.29849205041561E-01    -5.44525843040446E-02    -6.71931413988591E-02     1.91277633948411E-01    -1.66915456837718E-01     1.05142388826124E-01     1.25840321584798E-01    -1.04282075437448E-01    -2.31687139463439E-02
         2.44162428858657     4.59593591138479E-01    -1.00655279581068E-01    -1.37653511557023E-01    -1.93557517366444E-02     2.11051684448653E-01     1.99160136414799E-01    -1.81772636941788E-01     6.58919643733437E-01    -3.51581809254503E-01     1.16047272341388E-01
         0.80676393803573     8.72690243543751E-03     8.01077547688240E-01    -4.00910108714892E-01     7.51099749711393E-02     9.43473200180869E-01    -1.64395137159315E-01    -5.93836313870153E-02     6.64977833395214E-01     3.14836909427245E-01     7.81790432912519E-01
         0.28395954992898     1.42303776998465E-01     4.59233425841999E-01     5.88311261894914E-01    -6.15166888615124E-01     1.43785506703447E-01     9.46250030657811E-01    -5.39147063185988E-02     1.17179343018990E-01     8.44845722597378E-01     5.98727626814855E-01
         0.09709795396584     2.23019133348180E-01     3.14774025311408E-01     3.65074092396285E-01     7.59043760808618E-01     8.69042000524980E-02     9.93832585229523E-02     9.69387473501416E-01     6.99530662023376E-02     4.84439079059064E-02    -1.26954671295191E-01
O TZVPP-MOLOPT-PBE-AE
 2
 1 0 0 6 1
     27032.34110717467047     7.35264897360634E-04
      4052.43915960016602     8.66846509689763E-03
       922.34965292725667     3.34607178584762E-02
       261.27735857055188     1.68914563970243E-01
        85.30942400544160     3.28333881314405E-01
        31.08080221478707     9.28692322525900E-01
 1 0 3 6 4 3 2 1
        62.91495630413323     1.16332726109966E-01    -5.81371416541881E-02     1.11937556008261E-02     5.75105170781195E-02    -1.16673038976174E-01     1.57254063503839E-01    -3.81929188419382E-02     1.36166697203113E-01    -8.71583721921845E-02     3.21000644845466E-04
        12.30944986692977     8.69241308775708E-01    -1.42460076990705E-02    -1.06600413011436E-01    -2.47597695986788E-02     1.45932079266690E-01    -6.05243600472558E-02     1.73638156652357E-02    -3.58452443966721E-02     4.76694147153259E-02     4.38837435813283E-02
         4.39539910954103     4.65741956926282E-01    -6.40342096322616E-02    -3.00344470998384E-02    -3.98106989985228E-03     3.91422103647488E-01     5.26377359502661E-02    -3.09523103597808E-02     7.70731222820744E-01    -3.53322944888660E-01    -1.34769543790620E-01
         1.33540846189799     9.21608149605863E-03     9.33076668604289E-01    -3.27550581669708E-01    -1.21459202569881E-01     9.00080356671289E-01     4.50466786404856E-02    -1.97504472088648E-02     5.53665920222864E-01     3.94485051877056E-01     9.40647803425498E-01
         0.45443287552085     9.32917636734327E-02     2.31107250617785E-01     8.41720615852045E-01    -4.78471205438802E-01    -3.61150582409544E-02     9.80775789580233E-01    -6.12678902654526E-02     1.14853463706434E-01     8.35162106564474E-01     2.94962206933611E-01
         0.14893102365245     7.19887781862831E-02     2.61293155746377E-01     4.14519004469322E-01     8.67396456641546E-01     2.07610475621550E-02     6.99062044682833E-02     9.96563053096360E-01     2.57701109533086E-01    -1.10361865139449E-01     8.99460419695147E-02
CL TZVPP-MOLOPT-PBE-AE
 3
 1 0 0 7 1
     69508.00450217274192     8.54639670881115E-04
     10426.07404861877149     6.36610882195957E-03
      2373.21372557596396     3.32269466123591E-02
       671.48082610673112     1.29170911439118E-01
       218.35953271185565     3.78680461942424E-01
        77.68193958237838     7.12972790189941E-01
        28.63569494373375     5.74839539435266E-01
 1 0 1 5 1 1
       666.45268090401123     1.43814656418117E-03     5.81778333606563E-03
       157.54073854080110     2.68716178613030E-02     4.29983499959330E-02
        50.27147981024441     2.23252919385808E-01     2.08198314680469E-01
        18.56181800307728     1.26049949313096E-01     5.59198731644810E-01
         7.67698456608668    -9.66201527711407E-01     8.01291167794660E-01
 1 0 3 5 3 4 3 1
         7.92291630827550    -3.55714849236007E-02    -2.05335282550433E-02    -6.21248979322774E-03     1.19403838140099E-01     1.05841381548266E-01    -1.46122271692274E-02     1.83454633514421E-02    -6.37399836508334E-02     8.49429480795528E-02     1.55420574128900E-02     9.92703827764435E-03
         3.21359254353200     9.59549625721583E-01    -2.59950857602373E-02    -1.29366285576508E-01     9.67663531581177E-01     2.77689868599939E-03     2.12406118864057E-01    -7.59992235115861E-02     9.93189642383517E-01     9.67974271551950E-02     3.26871756359324E-02     7.10821712077589E-02
         1.26147295769703     2.42813469124242E-01     1.04956178351874E-01    -5.23619012807165E-02    -7.82419592685200E-03     9.92946336504231E-01    -1.67130180932944E-02     4.83191202193001E-02    -8.82726077217294E-02     9.57739641027515E-01    -9.19882652581050E-02     1.80157385026295E-01
         0.41296442360435    -1.45904199321127E-02     9.89285109716447E-01    -9.35576426318929E-02    -2.17443131180686E-01     2.49858269018969E-02     9.66832988440939E-01    -1.25324606656001E-01    -3.65554258774248E-02     3.24811484808539E-02     9.74023579148050E-01     9.80783981908141E-01
         0.13005620364658     1.37214882924396E-01     9.59260238559098E-02     9.85764154311841E-01     4.50253233824506E-02    -4.71505255802842E-02     1.40088439832982E-01     9.87849466056346E-01    -1.95754006656028E-02     2.55136647045343E-01     2.03730752020278E-01    -2.13278292454652E-02
