################################################################################################
# Technetium
################################################################################################
Tc ccGRB-D-q15
    2
  2  0  2  6  3  2  2
   8.49119340413       -0.0532578511    0.0203328158    0.0028557294    0.0005864227    0.0347290037    0.0107124802   -0.0056725227
   3.34319754047        0.6361833421   -0.2623884468    0.1746385196   -0.1568038807   -0.3092110563   -0.0083790114    0.0101514745
   1.31630140343       -0.7441742034    0.4205821084    0.0026261874    0.6798974205    1.3732534416   -0.4192385368    0.1413763114
  0.518261144813       -0.7117850084    0.3987387809   -2.2220638293    0.4561976918   -2.0351561541   -0.4235962557    0.2938861760
  0.204052516790        0.0551519069   -0.0546051728    4.0633637882    0.0367237886    1.0553416700   -0.2975446430    0.0698769992
  0.803406352666E-01   -0.0237650352   -1.1255904567   -2.2701309108    0.0031843026    0.5336266769   -0.0852701946   -1.0367400779
  3 3 3 1 1
      0.7228000              1.0000000

Tc ccGRB-T-q15
    4
  2  0  2  7  4  3  3
   7.45655463643       -0.0678158674   -0.0246397002    0.0399231832    0.0723456557   -0.0068224841   -0.0654617723   -0.0087468216    0.0092427075   -0.0045318350    0.0073403326
   3.39508035799        0.6438420902    0.2577523446   -0.3446190983   -0.1547053637    0.1901015895    0.4430722235    0.2168714531    0.0137069421   -0.0010075651   -0.0008357568
   1.54583064153       -0.4408400571   -0.2352832637    0.4889663445    1.4950488445   -0.5170006921   -1.3288350335   -0.7004288043   -0.3302193849    0.1146629446   -0.1564106435
  0.703839709322       -0.8908303021   -0.5240487497   -0.0528684733   -6.1173395471   -0.5281530950    0.8959191577   -0.7092294741   -0.3625497628    0.1650178886   -0.2755219259
  0.320468700199       -0.0537697796   -0.0013005093    1.7964640312    9.6216677139   -0.1495664870    1.0810901834    1.5107481129   -0.3361737774    0.2792363151   -0.4260409603
  0.145914171148       -0.0412227343    0.2098291553   -4.5071326315   -7.3067365194   -0.0078198884   -1.6441685592    0.1466581474   -0.1646341783   -0.2742881975    1.9918481046
  0.664368948628E-01    0.0116837029    0.9406789870    2.8742612953    2.4072006739   -0.0004543230   -0.0071125368   -0.3476325185   -0.0540576404   -0.8417113410   -1.4467525346
  3 3 3 1 1
      1.4494000              1.0000000
  3 3 3 1 1
      0.4015000              1.0000000
  4 4 4 1 1
      0.8717000              1.0000000

Tc ccGRB-Q-q15
    6
  2  0  2  8  5  4  4
   7.45995958957        0.0676869634   -0.0246669474    0.0384318417    0.0634666358    0.3334549095    0.0068399982    0.0656213450    0.0095994657    0.2109988645    0.0092099798   -0.0047684638    0.0069098620   -0.0530428087
   3.39582805373       -0.6430061576    0.2578143866   -0.3357324245   -0.1131375835   -1.9163681719   -0.1900779797   -0.4450995853   -0.2200246906   -1.2914852649    0.0138179379    0.0002307239    0.0011417737    0.2017730937
   1.54580571544        0.4388709512   -0.2356484825    0.4657996527    1.3411268731    4.0673153357    0.5170244679    1.3346607031    0.7076575550    4.1945968734   -0.3305368074    0.1101686705   -0.1625952809   -0.4374078516
  0.703662044153        0.8949763387   -0.5232233706   -0.0043479099   -5.6665313505   -2.8213567382    0.5282932358   -0.8886912191    0.6879358475   -6.2419211352   -0.3619822062    0.1736842833   -0.2609923781    2.1331686448
  0.320312098369        0.0466064118   -0.0033303877    1.6800677521    8.7298635134   -1.7426745070    0.1493863062   -1.1053253827   -1.4670233992    5.7952418782   -0.3377723470    0.2550941464   -0.4582308590   -3.5088604998
  0.145808405063        0.0508129841    0.2149185168   -4.2931485279   -6.0871506254    5.8551966802    0.0077744794    1.6748003288   -0.2033180588   -3.5130616411   -0.1613615159   -0.2275399215    2.0411036968    2.7020405464
  0.663730502072E-01   -0.0209732230    0.9351544789    2.6382485874    1.3116993344   -6.4343667093    0.0004972399   -0.0294826486    0.3964949393    0.9500215094   -0.0580801520   -0.8924519894   -1.4992032384   -1.0498691472
  0.302134968962E-01    0.0044430862    0.0023034322    0.1181625375    0.4855895778    3.1117181062   -0.0000305793    0.0220764261   -0.0294725721    0.0468737899    0.0022044617    0.0291332788    0.0402741205   -0.0266192058
  3 3 3 2 2
      2.5389000              1.0000000              0.00000000
      0.8280000              0.00000000             1.0000000
  3 3 3 1 1
      0.2700000              1.0000000
  4 4 4 1 1
      1.4683000              1.0000000
  4 4 4 1 1
      0.4823000              1.0000000
  5 5 5 1 1
      0.9932000              1.0000000

Tc aug-cc-D
    4
1 0 0 1 1
      0.0137000              1.0000000
1 1 1 1 1
      0.0136000              1.0000000
1 2 2 1 1
      0.0264000              1.0000000
1 3 3 1 1
      0.2272000              1.0000000

Tc aug-cc-T
     5
1 0 0 1 1
      0.0128000              1.0000000
1 1 1 1 1
      0.0119000              1.0000000
1 2 2 1 1
      0.0211000              1.0000000
1 3 3 1 1
      0.1464000              1.0000000
1 4 4 1 1
      0.3410000              1.0000000

Tc aug-cc-Q
     6
1 0 0 1 1
      0.0120000              1.0000000
1 1 1 1 1
      0.0111000              1.0000000
1 2 2 1 1
      0.0185000              1.0000000
1 3 3 1 1
      0.0956000              1.0000000
1 4 4 1 1
      0.1907000              1.0000000
1 5 5 1 1
      0.4063000              1.0000000




