H TZV2P-MOLOPT-PBE-GTH
 1
 2 0 2 5 3 2 1
         9.20227962803520     7.02849456540482E-03    -4.17321831971311E-02     1.94923177503358E-01    -6.98497320178775E-02     1.50460522038696E-01    -5.87580033143445E-06
         2.12746037960792     2.62648874869829E-01    -6.94767331290599E-04    -7.61045900440615E-01     2.42753191777685E-01    -5.22333949699814E-01    -6.77366337977458E-06
         0.55158413302399     5.18335225169089E-01    -2.20874056994185E-01    -3.66006353548585E-01     4.17906336589123E-01    -6.84800575940101E-01    -2.04547744433261E-06
         0.11361746812014     6.54577840293046E-01    -4.59234014317988E-01     4.70375144675838E-01     8.72660166599495E-01     4.85312536658489E-01     9.99999999727101E-01
         0.10287954205387     4.83552080069932E-01     8.59404859902638E-01     1.66134477841839E-01    -3.22959563670733E-03     6.98493042507106E-03    -2.14757167042878E-05
H TZVP-MOLOPT-PBE-GTH
 1
 2 0 1 5 3 1
         9.20227962803520     7.02849456540482E-03    -4.17321831971311E-02     1.94923177503358E-01    -6.98497320178775E-02
         2.12746037960792     2.62648874869829E-01    -6.94767331290599E-04    -7.61045900440615E-01     2.42753191777685E-01
         0.55158413302399     5.18335225169089E-01    -2.20874056994185E-01    -3.66006353548585E-01     4.17906336589123E-01
         0.11361746812014     6.54577840293046E-01    -4.59234014317988E-01     4.70375144675838E-01     8.72660166599495E-01
         0.10287954205387     4.83552080069932E-01     8.59404859902638E-01     1.66134477841839E-01    -3.22959563670733E-03
H DZVP-MOLOPT-PBE-GTH
 1
 2 0 1 5 2 1
         9.20227962803520     7.02849456540482E-03    -4.17321831971311E-02    -6.98497320178775E-02
         2.12746037960792     2.62648874869829E-01    -6.94767331290599E-04     2.42753191777685E-01
         0.55158413302399     5.18335225169089E-01    -2.20874056994185E-01     4.17906336589123E-01
         0.11361746812014     6.54577840293046E-01    -4.59234014317988E-01     8.72660166599495E-01
         0.10287954205387     4.83552080069932E-01     8.59404859902638E-01    -3.22959563670733E-03
C TZV2P-MOLOPT-PBE-GTH
 1
 2 0 3 5 3 3 2 1
         5.35455235503273    -5.50537300824953E-02     1.45010207065356E-01    -6.60798082012944E-01    -8.61874731281922E-02     4.78778081466863E-02     1.10431440568523E-01    -3.96294133077640E-02     6.77442368768647E-02    -1.15660294970194E-05
         1.91501568533124    -1.20240476348586E-01     7.48351404888695E-02    -2.15132033509244E-01    -2.43481385161078E-01     2.21811605658353E-01     7.87254005400983E-01     2.37256677361010E-01    -4.04878017315627E-01    -1.31654633696053E-05
         0.62893064032180     5.28893257944741E-01    -2.42654220400583E-01     5.07399814167908E-01    -7.05505729384929E-01     2.48371042498385E-01     1.16101506369984E-01     4.39549646823655E-01    -7.50087631153224E-01     2.03772904204837E-06
         0.18937993154995     7.98317247404269E-01    -1.21973904320692E-01    -4.74020441345355E-01    -5.86758535326651E-01     8.51542884095305E-02    -5.70428778066560E-01     8.62776197370877E-01     5.05586024068131E-01     9.99999999472378E-01
         0.15667875935035     2.55876550017656E-01     9.48479329021685E-01     1.86853292010922E-01    -3.02100350185467E-01    -9.37852813343365E-01     1.70784886000435E-01    -6.74693995522794E-02     1.15047065683837E-01     2.72761579943684E-05
C TZVP-MOLOPT-PBE-GTH
 1
 2 0 2 5 3 3 1
         5.35455235503273    -5.50537300824953E-02     1.45010207065356E-01    -6.60798082012944E-01    -8.61874731281922E-02     4.78778081466863E-02     1.10431440568523E-01    -3.96294133077640E-02
         1.91501568533124    -1.20240476348586E-01     7.48351404888695E-02    -2.15132033509244E-01    -2.43481385161078E-01     2.21811605658353E-01     7.87254005400983E-01     2.37256677361010E-01
         0.62893064032180     5.28893257944741E-01    -2.42654220400583E-01     5.07399814167908E-01    -7.05505729384929E-01     2.48371042498385E-01     1.16101506369984E-01     4.39549646823655E-01
         0.18937993154995     7.98317247404269E-01    -1.21973904320692E-01    -4.74020441345355E-01    -5.86758535326651E-01     8.51542884095305E-02    -5.70428778066560E-01     8.62776197370877E-01
         0.15667875935035     2.55876550017656E-01     9.48479329021685E-01     1.86853292010922E-01    -3.02100350185467E-01    -9.37852813343365E-01     1.70784886000435E-01    -6.74693995522794E-02
C DZVP-MOLOPT-PBE-GTH
 1
 2 0 2 5 2 2 1
         5.35455235503273    -5.50537300824953E-02     1.45010207065356E-01    -8.61874731281922E-02     4.78778081466863E-02    -3.96294133077640E-02
         1.91501568533124    -1.20240476348586E-01     7.48351404888695E-02    -2.43481385161078E-01     2.21811605658353E-01     2.37256677361010E-01
         0.62893064032180     5.28893257944741E-01    -2.42654220400583E-01    -7.05505729384929E-01     2.48371042498385E-01     4.39549646823655E-01
         0.18937993154995     7.98317247404269E-01    -1.21973904320692E-01    -5.86758535326651E-01     8.51542884095305E-02     8.62776197370877E-01
         0.15667875935035     2.55876550017656E-01     9.48479329021685E-01    -3.02100350185467E-01    -9.37852813343365E-01    -6.74693995522794E-02
N TZV2P-MOLOPT-PBE-GTH
 1
 2 0 3 5 3 3 2 1
         7.68662101897341    -1.59861850713437E-01     6.18548606193147E-02    -9.60141815421547E-02    -9.97188168198586E-02     6.30925625571030E-02     3.17400807630802E-01     8.83797025122035E-02    -1.88411948983718E-01     4.36124285874575E-06
         2.79702553296756    -1.96363930130279E-01     1.22862282644792E-01    -3.79122514601199E-01    -3.19588806866491E-01     1.86676875345743E-01     6.91366475042094E-01     1.78818441810344E-01    -3.81272764695308E-01     1.01881724374270E-05
         1.03833689109164     5.15942639747816E-01    -2.62730943509248E-01     6.62580065211760E-01    -5.69765900018499E-01     2.44460902513913E-01    -6.31300247855459E-01     3.59190089399515E-01    -7.65859846295374E-01    -5.59123774551057E-05
         0.44939271502365     7.74241542577980E-01    -1.05877655254866E-01    -6.15723067868917E-01    -6.12733595539305E-01     3.01782944951000E-01     1.44601653283256E-01     9.05371132733039E-01     4.24621139034978E-01     9.99999996840112E-01
         0.14813984430811     2.65025700389211E-01     9.49126550656733E-01     1.70059274205565E-01    -4.33409174073745E-01    -9.00187199442378E-01     4.26554032751942E-02     1.07231454075924E-01    -2.28664821297060E-01     5.54144645536179E-05
N TZVP-MOLOPT-PBE-GTH
 1
 2 0 2 5 3 3 1
         7.68662101897341    -1.59861850713437E-01     6.18548606193147E-02    -9.60141815421547E-02    -9.97188168198586E-02     6.30925625571030E-02     3.17400807630802E-01     8.83797025122035E-02
         2.79702553296756    -1.96363930130279E-01     1.22862282644792E-01    -3.79122514601199E-01    -3.19588806866491E-01     1.86676875345743E-01     6.91366475042094E-01     1.78818441810344E-01
         1.03833689109164     5.15942639747816E-01    -2.62730943509248E-01     6.62580065211760E-01    -5.69765900018499E-01     2.44460902513913E-01    -6.31300247855459E-01     3.59190089399515E-01
         0.44939271502365     7.74241542577980E-01    -1.05877655254866E-01    -6.15723067868917E-01    -6.12733595539305E-01     3.01782944951000E-01     1.44601653283256E-01     9.05371132733039E-01
         0.14813984430811     2.65025700389211E-01     9.49126550656733E-01     1.70059274205565E-01    -4.33409174073745E-01    -9.00187199442378E-01     4.26554032751942E-02     1.07231454075924E-01
N DZVP-MOLOPT-PBE-GTH
 1
 2 0 2 5 2 2 1
         7.68662101897341    -1.59861850713437E-01     6.18548606193147E-02    -9.97188168198586E-02     6.30925625571030E-02     8.83797025122035E-02
         2.79702553296756    -1.96363930130279E-01     1.22862282644792E-01    -3.19588806866491E-01     1.86676875345743E-01     1.78818441810344E-01
         1.03833689109164     5.15942639747816E-01    -2.62730943509248E-01    -5.69765900018499E-01     2.44460902513913E-01     3.59190089399515E-01
         0.44939271502365     7.74241542577980E-01    -1.05877655254866E-01    -6.12733595539305E-01     3.01782944951000E-01     9.05371132733039E-01
         0.14813984430811     2.65025700389211E-01     9.49126550656733E-01    -4.33409174073745E-01    -9.00187199442378E-01     1.07231454075924E-01
O TZV2P-MOLOPT-PBE-GTH
 1
 2 0 3 5 3 3 2 1
        10.28559091383323    -1.38955655815430E-01     3.53871497710038E-02    -1.35964823863696E-01    -9.55873446463589E-02     3.83945014300393E-02     8.62412595709261E-02    -5.38913723175979E-02     1.37773090066547E-01    -6.92068558321924E-05
         3.81486308307816    -1.49461716576520E-01     5.92988800170700E-02    -2.93291032801823E-01    -3.00064217311723E-01     9.76988126286789E-02     1.00664436676920E-01     1.82172008712924E-01    -4.65516610223178E-01     7.37270183543460E-06
         1.33072414371840     5.27959879063607E-01    -1.66585598186068E-01     7.38946419605500E-01    -6.18044075814515E-01     2.62639018664896E-01     6.65113215196907E-01     3.09003073704852E-01    -7.90188848277484E-01    -1.31819095434437E-06
         0.46830009132686     8.16925118255488E-01    -8.69687836013631E-03    -5.73673568662774E-01    -6.68922937969303E-01     8.94719025136931E-02    -7.23490173330283E-01     9.31297200227548E-01     3.64260218816224E-01     9.99999997426621E-01
         0.14595301757507     1.10653686144213E-01     9.83567483827919E-01     1.42656098080962E-01    -2.67185606726222E-01    -9.54984988785795E-01     1.28901110938146E-01    -3.33422332861474E-02     8.50231633479756E-02    -1.73514980810068E-05
O TZVP-MOLOPT-PBE-GTH
 1
 2 0 2 5 3 3 1
        10.28559091383323    -1.38955655815430E-01     3.53871497710038E-02    -1.35964823863696E-01    -9.55873446463589E-02     3.83945014300393E-02     8.62412595709261E-02    -5.38913723175979E-02
         3.81486308307816    -1.49461716576520E-01     5.92988800170700E-02    -2.93291032801823E-01    -3.00064217311723E-01     9.76988126286789E-02     1.00664436676920E-01     1.82172008712924E-01
         1.33072414371840     5.27959879063607E-01    -1.66585598186068E-01     7.38946419605500E-01    -6.18044075814515E-01     2.62639018664896E-01     6.65113215196907E-01     3.09003073704852E-01
         0.46830009132686     8.16925118255488E-01    -8.69687836013631E-03    -5.73673568662774E-01    -6.68922937969303E-01     8.94719025136931E-02    -7.23490173330283E-01     9.31297200227548E-01
         0.14595301757507     1.10653686144213E-01     9.83567483827919E-01     1.42656098080962E-01    -2.67185606726222E-01    -9.54984988785795E-01     1.28901110938146E-01    -3.33422332861474E-02
O DZVP-MOLOPT-PBE-GTH
 1
 2 0 2 5 2 2 1
        10.28559091383323    -1.38955655815430E-01     3.53871497710038E-02    -9.55873446463589E-02     3.83945014300393E-02    -5.38913723175979E-02
         3.81486308307816    -1.49461716576520E-01     5.92988800170700E-02    -3.00064217311723E-01     9.76988126286789E-02     1.82172008712924E-01
         1.33072414371840     5.27959879063607E-01    -1.66585598186068E-01    -6.18044075814515E-01     2.62639018664896E-01     3.09003073704852E-01
         0.46830009132686     8.16925118255488E-01    -8.69687836013631E-03    -6.68922937969303E-01     8.94719025136931E-02     9.31297200227548E-01
         0.14595301757507     1.10653686144213E-01     9.83567483827919E-01    -2.67185606726222E-01    -9.54984988785795E-01    -3.33422332861474E-02
F TZV2P-MOLOPT-PBE-GTH
 1
 2 0 3 5 3 3 2 1
        13.32707892621907     1.34303551409091E-01    -4.18158110142060E-02    -1.56912319474963E-01    -9.78058159046000E-02     1.07043945193515E-02    -2.93959343477855E-01    -1.09844821552110E-02     6.30132271144390E-02    -5.01819211981219E-05
         4.81858397917683     1.34813822849117E-01    -7.83749268387656E-02    -6.08751550985906E-01    -3.12497351023519E-01     1.53597564940179E-01     8.99205982635069E-01     1.36833932252878E-01    -7.88264585432187E-01    -4.08559654539420E-05
         1.73851615097723    -4.82317370861679E-01     1.52945233710417E-01     5.97016104592646E-01    -5.83148237671481E-01     1.69797778198188E-01    -1.15948066678910E-01     9.91601602123073E-02    -5.71040444202588E-01     6.73945216039477E-05
         0.61161116582013    -8.28526091826215E-01     1.40041808255725E-01    -4.92116819129789E-01    -6.84404651730663E-01     1.88775248040165E-01    -2.96152363548422E-01     9.85261997528360E-01     1.71052019696943E-01     9.99999995615877E-01
         0.18613824873013    -2.11429085454128E-01    -9.74220127187883E-01     7.86948559681111E-02    -2.90358112627484E-01    -9.54895713797457E-01     6.21798084065507E-02     2.41220850900531E-02    -1.39004655334108E-01     6.22803218981754E-06
F TZVP-MOLOPT-PBE-GTH
 1
 2 0 2 5 3 3 1
        13.32707892621907     1.34303551409091E-01    -4.18158110142060E-02    -1.56912319474963E-01    -9.78058159046000E-02     1.07043945193515E-02    -2.93959343477855E-01    -1.09844821552110E-02
         4.81858397917683     1.34813822849117E-01    -7.83749268387656E-02    -6.08751550985906E-01    -3.12497351023519E-01     1.53597564940179E-01     8.99205982635069E-01     1.36833932252878E-01
         1.73851615097723    -4.82317370861679E-01     1.52945233710417E-01     5.97016104592646E-01    -5.83148237671481E-01     1.69797778198188E-01    -1.15948066678910E-01     9.91601602123073E-02
         0.61161116582013    -8.28526091826215E-01     1.40041808255725E-01    -4.92116819129789E-01    -6.84404651730663E-01     1.88775248040165E-01    -2.96152363548422E-01     9.85261997528360E-01
         0.18613824873013    -2.11429085454128E-01    -9.74220127187883E-01     7.86948559681111E-02    -2.90358112627484E-01    -9.54895713797457E-01     6.21798084065507E-02     2.41220850900531E-02
F DZVP-MOLOPT-PBE-GTH
 1
 2 0 2 5 2 2 1
        13.32707892621907     1.34303551409091E-01    -4.18158110142060E-02    -9.78058159046000E-02     1.07043945193515E-02    -1.09844821552110E-02
         4.81858397917683     1.34813822849117E-01    -7.83749268387656E-02    -3.12497351023519E-01     1.53597564940179E-01     1.36833932252878E-01
         1.73851615097723    -4.82317370861679E-01     1.52945233710417E-01    -5.83148237671481E-01     1.69797778198188E-01     9.91601602123073E-02
         0.61161116582013    -8.28526091826215E-01     1.40041808255725E-01    -6.84404651730663E-01     1.88775248040165E-01     9.85261997528360E-01
         0.18613824873013    -2.11429085454128E-01    -9.74220127187883E-01    -2.90358112627484E-01    -9.54895713797457E-01     2.41220850900531E-02
