H TZV2P-MOLOPT-PBE-GTH
 1
 2 0 2 5 3 2 1
         9.20227962803520     7.25941011815414E-03    -4.17651319042452E-02     1.94949843256939E-01    -7.25596315438751E-02     1.54832432004896E-01     0.00000000000000E+00
         2.12746037960792     2.62538652260679E-01    -6.77722378955961E-04    -7.60999925683348E-01     2.51971054587865E-01    -5.37672123556569E-01     0.00000000000000E+00
         0.55158413302399     5.18311439184347E-01    -2.20939187358677E-01    -3.66191069004351E-01     3.33624199935170E-01    -7.11908883115193E-01     0.00000000000000E+00
         0.11361746812014     6.54558712205397E-01    -4.59298364587146E-01     4.70309234708706E-01     9.05499546797322E-01     4.24347228988059E-01     1.00000000000000E+00
         0.10287954205387     4.83659902535393E-01     8.59352140991258E-01     1.66093336570723E-01    -3.33938430816759E-03     7.12579409282047E-03     0.00000000000000E+00
H TZVP-MOLOPT-PBE-GTH
 1
 2 0 1 5 3 1
         9.20227962803520     7.25941011815414E-03    -4.17651319042452E-02     1.94949843256939E-01    -7.25596315438751E-02
         2.12746037960792     2.62538652260679E-01    -6.77722378955961E-04    -7.60999925683348E-01     2.51971054587865E-01
         0.55158413302399     5.18311439184347E-01    -2.20939187358677E-01    -3.66191069004351E-01     3.33624199935170E-01
         0.11361746812014     6.54558712205397E-01    -4.59298364587146E-01     4.70309234708706E-01     9.05499546797322E-01
         0.10287954205387     4.83659902535393E-01     8.59352140991258E-01     1.66093336570723E-01    -3.33938430816759E-03
H DZVP-MOLOPT-PBE-GTH
 1
 2 0 1 5 2 1
         9.20227962803520     7.25941011815414E-03    -4.17651319042452E-02    -7.25596315438751E-02
         2.12746037960792     2.62538652260679E-01    -6.77722378955961E-04     2.51971054587865E-01
         0.55158413302399     5.18311439184347E-01    -2.20939187358677E-01     3.33624199935170E-01
         0.11361746812014     6.54558712205397E-01    -4.59298364587146E-01     9.05499546797322E-01
         0.10287954205387     4.83659902535393E-01     8.59352140991258E-01    -3.33938430816759E-03
C TZV2P-MOLOPT-PBE-GTH
 1
 2 0 3 5 3 3 2 1
         5.35455235503273    -5.50549973658548E-02     1.45074099951108E-01    -6.60817602706151E-01    -8.62531192825270E-02     4.78817659303164E-02     1.10342809221623E-01    -3.95986461671985E-02     6.75777495117335E-02     0.00000000000000E+00
         1.91501568533124    -1.20358779256194E-01     7.48649582393866E-02    -2.15124765381199E-01    -2.43508745843909E-01     2.21832045899091E-01     7.87241214258668E-01     2.37240392946475E-01    -4.04866665918552E-01     0.00000000000000E+00
         0.62893064032180     5.28843311927083E-01    -2.42662114829248E-01     5.07365201558153E-01    -7.05511639113093E-01     2.48392347734115E-01     1.16065147936475E-01     4.39548749816576E-01    -7.50119465899954E-01     0.00000000000000E+00
         0.18937993154995     7.98326795160653E-01    -1.21978312801422E-01    -4.74013615189122E-01    -5.86736416870346E-01     8.50838171307049E-02    -5.70457777858264E-01     8.62786503844363E-01     5.05568441246110E-01     1.00000000000000E+00
         0.15667875935035     2.55894101298800E-01     9.48464618625232E-01     1.86903922207570E-01    -3.02088719262513E-01    -9.37848530175967E-01     1.70828979219316E-01    -6.74187547721964E-02     1.15054633513265E-01     0.00000000000000E+00
C TZVP-MOLOPT-PBE-GTH
 1
 2 0 2 5 3 3 1
         5.35455235503273    -5.50549973658548E-02     1.45074099951108E-01    -6.60817602706151E-01    -8.62531192825270E-02     4.78817659303164E-02     1.10342809221623E-01    -3.95986461671985E-02
         1.91501568533124    -1.20358779256194E-01     7.48649582393866E-02    -2.15124765381199E-01    -2.43508745843909E-01     2.21832045899091E-01     7.87241214258668E-01     2.37240392946475E-01
         0.62893064032180     5.28843311927083E-01    -2.42662114829248E-01     5.07365201558153E-01    -7.05511639113093E-01     2.48392347734115E-01     1.16065147936475E-01     4.39548749816576E-01
         0.18937993154995     7.98326795160653E-01    -1.21978312801422E-01    -4.74013615189122E-01    -5.86736416870346E-01     8.50838171307049E-02    -5.70457777858264E-01     8.62786503844363E-01
         0.15667875935035     2.55894101298800E-01     9.48464618625232E-01     1.86903922207570E-01    -3.02088719262513E-01    -9.37848530175967E-01     1.70828979219316E-01    -6.74187547721964E-02
C DZVP-MOLOPT-PBE-GTH
 1
 2 0 2 5 2 2 1
         5.35455235503273    -5.50549973658548E-02     1.45074099951108E-01    -8.62531192825270E-02     4.78817659303164E-02    -3.95986461671985E-02
         1.91501568533124    -1.20358779256194E-01     7.48649582393866E-02    -2.43508745843909E-01     2.21832045899091E-01     2.37240392946475E-01
         0.62893064032180     5.28843311927083E-01    -2.42662114829248E-01    -7.05511639113093E-01     2.48392347734115E-01     4.39548749816576E-01
         0.18937993154995     7.98326795160653E-01    -1.21978312801422E-01    -5.86736416870346E-01     8.50838171307049E-02     8.62786503844363E-01
         0.15667875935035     2.55894101298800E-01     9.48464618625232E-01    -3.02088719262513E-01    -9.37848530175967E-01    -6.74187547721964E-02
N TZV2P-MOLOPT-PBE-GTH
 1
 2 0 3 5 3 3 2 1
         7.68662101897341    -1.59794522677838E-01     6.18136152652517E-02    -9.60661657268643E-02    -9.98720090560463E-02     6.31186897242643E-02     3.17365340027780E-01     8.83586642935265E-02    -1.88427655201419E-01     0.00000000000000E+00
         2.79702553296756    -1.96440035865023E-01     1.22746378128962E-01    -3.79162364155204E-01    -3.19630302630900E-01     1.86634592768206E-01     6.91279870893402E-01     1.78786927443714E-01    -3.81268795632456E-01     0.00000000000000E+00
         1.03833689109164     5.15919162692553E-01    -2.62693835431943E-01     6.62589002490258E-01    -5.69790432357148E-01     2.44404679565241E-01    -6.31399402839276E-01     3.59141932284804E-01    -7.65881566069469E-01     0.00000000000000E+00
         0.44939271502365     7.74272536644957E-01    -1.05872740655959E-01    -6.15698629055938E-01    -6.12677645024267E-01     3.01821085226752E-01     1.44662151161650E-01     9.05397617602778E-01     4.24564664143419E-01     1.00000000000000E+00
         0.14813984430811     2.64965053158919E-01     9.49155053316429E-01     1.69994721589757E-01    -4.33390145168255E-01    -9.00196614584223E-01     4.26501718887898E-02     1.07239020572977E-01    -2.28690614035722E-01     0.00000000000000E+00
N TZVP-MOLOPT-PBE-GTH
 1
 2 0 2 5 3 3 1
         7.68662101897341    -1.59794522677838E-01     6.18136152652517E-02    -9.60661657268643E-02    -9.98720090560463E-02     6.31186897242643E-02     3.17365340027780E-01     8.83586642935265E-02
         2.79702553296756    -1.96440035865023E-01     1.22746378128962E-01    -3.79162364155204E-01    -3.19630302630900E-01     1.86634592768206E-01     6.91279870893402E-01     1.78786927443714E-01
         1.03833689109164     5.15919162692553E-01    -2.62693835431943E-01     6.62589002490258E-01    -5.69790432357148E-01     2.44404679565241E-01    -6.31399402839276E-01     3.59141932284804E-01
         0.44939271502365     7.74272536644957E-01    -1.05872740655959E-01    -6.15698629055938E-01    -6.12677645024267E-01     3.01821085226752E-01     1.44662151161650E-01     9.05397617602778E-01
         0.14813984430811     2.64965053158919E-01     9.49155053316429E-01     1.69994721589757E-01    -4.33390145168255E-01    -9.00196614584223E-01     4.26501718887898E-02     1.07239020572977E-01
N DZVP-MOLOPT-PBE-GTH
 1
 2 0 2 5 2 2 1
         7.68662101897341    -1.59794522677838E-01     6.18136152652517E-02    -9.98720090560463E-02     6.31186897242643E-02     8.83586642935265E-02
         2.79702553296756    -1.96440035865023E-01     1.22746378128962E-01    -3.19630302630900E-01     1.86634592768206E-01     1.78786927443714E-01
         1.03833689109164     5.15919162692553E-01    -2.62693835431943E-01    -5.69790432357148E-01     2.44404679565241E-01     3.59141932284804E-01
         0.44939271502365     7.74272536644957E-01    -1.05872740655959E-01    -6.12677645024267E-01     3.01821085226752E-01     9.05397617602778E-01
         0.14813984430811     2.64965053158919E-01     9.49155053316429E-01    -4.33390145168255E-01    -9.00196614584223E-01     1.07239020572977E-01
O TZV2P-MOLOPT-PBE-GTH
 1
 2 0 3 5 3 3 2 1
        10.28559091383323    -1.39340214950567E-01     3.54057160544200E-02    -1.35980019672055E-01    -9.56716440133259E-02     3.84098549696360E-02     8.62379958644671E-02    -5.38612122908120E-02     1.37699225945250E-01     0.00000000000000E+00
         3.81486308307816    -1.49000608660559E-01     5.92994879272919E-02    -2.93220108216341E-01    -3.00118515701288E-01     9.75651742224880E-02     1.00669638361637E-01     1.82067007587713E-01    -4.65464569932689E-01     0.00000000000000E+00
         1.33072414371840     5.28004828993307E-01    -1.66612155434352E-01     7.38989408556385E-01    -6.17974730092797E-01     2.62693042254452E-01     6.65147333454221E-01     3.09097551745450E-01    -7.90225318121571E-01     0.00000000000000E+00
         0.46830009132686     8.16908441546465E-01    -8.73998215275350E-03    -5.73650317363270E-01    -6.68937693432212E-01     8.95352518372968E-02    -7.23460150365731E-01     9.31291182418812E-01     3.64275628541042E-01     1.00000000000000E+00
         0.14595301757507     1.10700595328964E-01     9.83561898599028E-01     1.42658227305996E-01    -2.67217904223071E-01    -9.54977237451071E-01     1.28891689464256E-01    -3.32567528865919E-02     8.50227637879840E-02     0.00000000000000E+00
O TZVP-MOLOPT-PBE-GTH
 1
 2 0 2 5 3 3 1
        10.28559091383323    -1.39340214950567E-01     3.54057160544200E-02    -1.35980019672055E-01    -9.56716440133259E-02     3.84098549696360E-02     8.62379958644671E-02    -5.38612122908120E-02
         3.81486308307816    -1.49000608660559E-01     5.92994879272919E-02    -2.93220108216341E-01    -3.00118515701288E-01     9.75651742224880E-02     1.00669638361637E-01     1.82067007587713E-01
         1.33072414371840     5.28004828993307E-01    -1.66612155434352E-01     7.38989408556385E-01    -6.17974730092797E-01     2.62693042254452E-01     6.65147333454221E-01     3.09097551745450E-01
         0.46830009132686     8.16908441546465E-01    -8.73998215275350E-03    -5.73650317363270E-01    -6.68937693432212E-01     8.95352518372968E-02    -7.23460150365731E-01     9.31291182418812E-01
         0.14595301757507     1.10700595328964E-01     9.83561898599028E-01     1.42658227305996E-01    -2.67217904223071E-01    -9.54977237451071E-01     1.28891689464256E-01    -3.32567528865919E-02
O DZVP-MOLOPT-PBE-GTH
 1
 2 0 2 5 2 2 1
        10.28559091383323    -1.39340214950567E-01     3.54057160544200E-02    -9.56716440133259E-02     3.84098549696360E-02    -5.38612122908120E-02
         3.81486308307816    -1.49000608660559E-01     5.92994879272919E-02    -3.00118515701288E-01     9.75651742224880E-02     1.82067007587713E-01
         1.33072414371840     5.28004828993307E-01    -1.66612155434352E-01    -6.17974730092797E-01     2.62693042254452E-01     3.09097551745450E-01
         0.46830009132686     8.16908441546465E-01    -8.73998215275350E-03    -6.68937693432212E-01     8.95352518372968E-02     9.31291182418812E-01
         0.14595301757507     1.10700595328964E-01     9.83561898599028E-01    -2.67217904223071E-01    -9.54977237451071E-01    -3.32567528865919E-02
F TZV2P-MOLOPT-PBE-GTH
 1
 2 0 3 5 3 3 2 1
        13.32707892621907     1.34290021710821E-01    -4.18164726780550E-02    -1.56940046274396E-01    -9.78594158231826E-02     1.06458816174250E-02    -2.93992169076249E-01    -1.09313586469066E-02     6.29675619216411E-02     0.00000000000000E+00
         4.81858397917683     1.34783760435023E-01    -7.84291674523517E-02    -6.08731899555508E-01    -3.12578781994742E-01     1.53528110158244E-01     8.99183314128085E-01     1.36843587971682E-01    -7.88255822310324E-01     0.00000000000000E+00
         1.73851615097723    -4.82298386322233E-01     1.52882029435768E-01     5.97053966683137E-01    -5.83140209054325E-01     1.69807347358562E-01    -1.15957883118726E-01     9.91384658498729E-02    -5.71064191456650E-01     0.00000000000000E+00
         0.61161116582013    -8.28559724493684E-01     1.40002449689330E-01    -4.92082393668754E-01    -6.84347023029687E-01     1.88867070426926E-01    -2.96204167731038E-01     9.85263273908811E-01     1.71044675703427E-01     1.00000000000000E+00
         0.18613824873013    -2.11368345524635E-01    -9.74231311066363E-01     7.87195976113611E-02    -2.90404353334986E-01    -9.54887678780717E-01     6.20872972262749E-02     2.41284791189474E-02    -1.38986520529842E-01     0.00000000000000E+00
F TZVP-MOLOPT-PBE-GTH
 1
 2 0 2 5 3 3 1
        13.32707892621907     1.34290021710821E-01    -4.18164726780550E-02    -1.56940046274396E-01    -9.78594158231826E-02     1.06458816174250E-02    -2.93992169076249E-01    -1.09313586469066E-02
         4.81858397917683     1.34783760435023E-01    -7.84291674523517E-02    -6.08731899555508E-01    -3.12578781994742E-01     1.53528110158244E-01     8.99183314128085E-01     1.36843587971682E-01
         1.73851615097723    -4.82298386322233E-01     1.52882029435768E-01     5.97053966683137E-01    -5.83140209054325E-01     1.69807347358562E-01    -1.15957883118726E-01     9.91384658498729E-02
         0.61161116582013    -8.28559724493684E-01     1.40002449689330E-01    -4.92082393668754E-01    -6.84347023029687E-01     1.88867070426926E-01    -2.96204167731038E-01     9.85263273908811E-01
         0.18613824873013    -2.11368345524635E-01    -9.74231311066363E-01     7.87195976113611E-02    -2.90404353334986E-01    -9.54887678780717E-01     6.20872972262749E-02     2.41284791189474E-02
F DZVP-MOLOPT-PBE-GTH
 1
 2 0 2 5 2 2 1
        13.32707892621907     1.34290021710821E-01    -4.18164726780550E-02    -9.78594158231826E-02     1.06458816174250E-02    -1.09313586469066E-02
         4.81858397917683     1.34783760435023E-01    -7.84291674523517E-02    -3.12578781994742E-01     1.53528110158244E-01     1.36843587971682E-01
         1.73851615097723    -4.82298386322233E-01     1.52882029435768E-01    -5.83140209054325E-01     1.69807347358562E-01     9.91384658498729E-02
         0.61161116582013    -8.28559724493684E-01     1.40002449689330E-01    -6.84347023029687E-01     1.88867070426926E-01     9.85263273908811E-01
         0.18613824873013    -2.11368345524635E-01    -9.74231311066363E-01    -2.90404353334986E-01    -9.54887678780717E-01     2.41284791189474E-02
