Sr admm-dz
    4
1 0 0 2 1
        4.41984731    1.41155992 
        3.97085153   -1.74942074 
1 0 0 1 1
        0.45033511    1.00000000
1 0 0 1 1
        0.05025422    1.00000000
2 1 1 3 1
        6.36929338    0.32637088 
        5.74121018   -0.35637924 
        0.49222592    1.01294169 

Sr admm-dzp
    5
1 0 0 2 1
        4.41984731    1.41155992 
        3.97085153   -1.74942074  
1 0 0 1 1
        0.45033511    1.00000000
1 0 0 1 1
        0.05025422    1.00000000
2 1 1 3 1
        6.36929338    0.32637088 
        5.74121018   -0.35637924  
        0.49222592    1.01294169
2 2 2 1 1
      0.36891000      1.00000000

Sr admm-tzp
    7
1 0 0 2 1
        7.14294194    0.35807133 
        5.26027295   -3.30790152 
1 0 0 1 1
        4.75847538    1.00000000
1 0 0 1 1
        0.44188459    1.00000000
1 0 0 1 1
        0.05032427    1.00000000
2 1 1 2 1
        7.14294194    0.07468237 
        4.75847538   -0.10709914 
2 1 1 1 1
        0.49363914    1.00000000
2 2 2 1 1
      0.36891000      1.00000000

Sr admm-tz2p
    9
1 0 0 2 1
        7.14294194    0.35807133  
        5.26027295   -3.30790152 
1 0 0 1 1
        4.75847538    1.00000000
1 0 0 1 1
        0.44188459    1.00000000
1 0 0 1 1
        0.05032427    1.00000000
2 1 1 2 1
        7.14294194    0.07468237 
        4.75847538   -0.10709914  
2 1 1 1 1
        0.49363914    1.00000000
2 2 2 1 1
      0.41534997      1.00000000
2 2 2 1 1
      0.08607999      1.00000000
3 3 3 1 1
      1.71100000      1.00000000
