IN QZVPP-MOLOPT-PBE-Q21
 2
 1 0 2 10 2 2 1
      8931.85763297726589    -2.87561483506332E-02     8.92164567515369E-02     9.53495024775916E-03     1.87612313809543E-02     1.91992912452902E-04
      1352.22257520181756     2.17487210235998E-02    -6.72655075228069E-02     8.32615893126520E-03     1.65386521460295E-02    -1.72396930215381E-04
       303.32404962502818    -5.22529808543416E-02     1.63908031291532E-01     2.13481410291291E-02     4.16852840805752E-02     2.72803233950318E-04
        45.21370886651504    -3.37222646654281E-03     3.05559460101842E-02    -9.54654764805171E-02    -1.85489995872801E-01     1.41981972419584E-03
        28.27160986159428    -7.19075450274423E-02    -9.35691271911373E-03     9.00578768779816E-02     1.70400616173544E-01     4.86396818656370E-03
        17.75177795428723     4.46360781506667E-01    -6.66568944254590E-01     1.86003912594707E-02     5.86399690651873E-05    -1.23851920882478E-02
         6.86375138062550    -5.55849804938801E-01     1.98074047873155E-01    -8.05347038122538E-02     7.06781150236775E-01    -4.22327964952220E-02
         4.23554784503688    -1.88301264734861E-01     5.35330223303114E-02     6.82433782743002E-01    -9.90818821342550E-02     2.22623400013118E-01
         1.92655547779495     6.17541107264520E-01     6.87619008229825E-01     6.96125489359503E-01    -1.83667054803630E-02     6.74199346922550E-01
         0.86991523599451    -2.56449405798709E-01    -1.98882911282896E-02     1.58182048445260E-01     6.51536464601972E-01     7.02802422601675E-01
 1 0 4 7 5 4 3 4 1
         4.27608695991761    -1.39570546578902E-01     1.85581115506639E-01     5.03304978927820E-01    -2.41544042779568E-02    -2.43522935981431E-01     6.12350896199077E-02    -2.06672782720800E-01    -1.61566210160845E-01     2.29549577008354E-01     1.83571185973380E-01     2.48929940463083E-01     2.61214806188008E-01     9.72871279095618E-01    -9.14447397005054E-02     8.09544779436988E-02     1.33569420855598E-01    -1.30887072331367E-02
         1.49200669563493    -2.60832947834663E-01    -2.66700349861496E-01    -1.23088216969358E-01     7.31663189760933E-03     1.65002096281610E-01    -3.28446844444443E-02     3.80856373533754E-03     4.59945653198689E-02    -4.32672544342682E-02    -1.73605073877784E-01    -2.56713424620215E-01    -1.39842164294070E-01    -3.75290698997801E-02     8.25331373928714E-01     2.86409343515278E-02     3.72493857032845E-01     8.82992797599345E-02
         1.00979288212354     9.28391495184028E-01    -1.02525871448038E-01     2.37006624623883E-01     3.21633346643189E-02     4.71342606268498E-02    -5.54659595488070E-01     3.63758254619246E-03     6.76090850026179E-01    -1.52869250163119E-01    -2.22566974921653E-01    -3.36041664793439E-01    -3.17698600619063E-01     1.89261525368305E-01     5.24348361970861E-01     1.70155838813567E-01    -6.81951261886358E-01    -1.35609651058449E-01
         0.36203117191275    -4.24256385592458E-02     6.78845329951141E-01     2.52789254907680E-01    -1.28388527775510E-01    -3.61092327058418E-01     4.96153492547258E-01    -7.57323312550680E-01     3.73260514265001E-01    -1.75905929589415E-01     5.67579841828082E-01    -7.19590385826365E-01     3.72690207071650E-01    -7.25257219914893E-02    -1.26173333452971E-01     4.97100077241310E-01    -4.33422945822079E-01     7.67339105366913E-01
         0.20329369001478    -1.72299661081068E-01    -6.04868774170798E-01     6.15119473200096E-01    -2.22643589322746E-01    -2.22768230623875E-01     4.49278498299554E-01     2.94445194494469E-01    -1.86278562092994E-01    -2.58812556115760E-01     5.12993827784923E-01     2.30415753765050E-01    -5.56728136519454E-01    -7.99530934277479E-02    -7.76449013087812E-02     7.25567442879792E-01     3.17587757618515E-01    -5.94537471710872E-02
         0.17589471504715    -6.23767327652863E-02    -6.93549537298952E-02     1.21614246356260E-01     9.57417174494550E-01    -2.17204398699716E-01     4.82089377101697E-01     5.43274044066733E-01     5.66250416694034E-01     5.59384060651686E-02     4.77519844490277E-01     3.80451692646623E-01     1.81249202304497E-01     2.24192592641410E-02     1.07201164297583E-01     2.72001751615532E-01     2.99338264789081E-01    -6.05666373811476E-01
         0.05681653538448    -1.23278151816245E-01     2.28936002115556E-01     4.67222484787089E-01     1.25008494139067E-01     8.27078076906018E-01     8.42294421241812E-02    -4.33054784951247E-02     1.41489835660383E-01     9.06096014891673E-01    -2.70725125545090E-01     2.08717197396685E-01     5.74093295120968E-01     6.43274245836937E-02     4.56535616122237E-02    -3.40780730170636E-01     5.40205289815703E-03    -1.20275261100222E-01
H QZVPP-MOLOPT-PBE-AE
 2
 1 0 0 4 1
       190.54117440353127     1.96600972886938E-02
        28.48589623081718     5.38615245148400E-01
         6.82683105625948     8.41690491707832E-01
         1.91976916792120    -3.26222996883324E-02
 1 0 3 4 3 3 2 1
         3.13044722440195    -3.66327628299461E-01     2.56023465069061E-01     1.80301571342015E-01     9.57864765395543E-01    -2.86990854469403E-01     7.09708425215967E-03     9.99207337838246E-01    -1.14391682399844E-02     5.85140484472903E-01
         0.96627664577475     8.95826280526715E-01     1.78507674168198E-01     3.15139388181339E-01     2.45050348375012E-01     8.29767518144689E-01     5.01170647875718E-01     1.62635846128724E-02     9.81329325317073E-01     6.84086073735301E-01
         0.31928820204257    -2.30012077387642E-01     6.10224429055026E-01     6.40105374762635E-01    -1.47922353363481E-01    -4.66731275488582E-01     8.51205422301253E-01    -4.48915950780499E-03     1.60295348734119E-01    -4.27324109791794E-01
         0.10666805621490    -1.01949929465328E-01    -7.28157360590113E-01     6.77084646545968E-01     2.37570063441528E-02     1.06226323308904E-01    -1.55650063115620E-01     3.60560573643188E-02    -1.05675455413839E-01    -8.38508338830758E-02
O QZVPP-MOLOPT-PBE-AE
 3
 1 0 0 8 1
    116506.38604434675653    -9.98096455193836E-05
     17504.60971368530591     2.33919295977431E-03
      3993.52399023383759     6.88020418607601E-03
      1133.09478918324885     4.13200618900893E-02
       369.82539210352701     1.15856592130636E-01
       133.78894948022503     3.83521465148008E-01
        52.21462909576736     4.11693815406844E-01
        21.67293595845605     8.17457382177472E-01
 1 0 1 5 2 1
       191.04192564330430    -5.10687570632457E-03     2.62695839052370E-02     1.26002594453494E-02
        45.06231751131436     7.10386627064769E-01    -6.24048153127723E-01     1.12036824182174E-01
        14.05235016622558     5.61186314944367E-01     2.63654168302179E-01     6.01861899721717E-01
         5.51919750076573     3.93930461642211E-01     7.34005739981864E-01     3.82904045403275E-01
         2.22318311118849     1.58787503341973E-01     3.99482759313346E-02     6.91690486537335E-01
 1 0 4 4 4 3 3 2 1
         4.07110969272635     8.35823185743741E-01     1.43707378138683E-01    -5.04975809725526E-01    -1.60459413041861E-01     1.72086536028372E-01     1.83573320585855E-01    -5.65096491463834E-01     5.87117703432284E-01    -6.86150954111257E-01     3.38448518372782E-01     7.96331496602706E-01    -4.06031379618403E-01     7.19190810290016E-01
         1.29660548931134    -3.21106263793023E-01     8.70808213615098E-01    -3.35156402976138E-01     1.62030885936799E-01     7.37714269017482E-01    -1.23907267761277E-01     5.94500398393531E-01     7.22514408166509E-01     6.34126435292987E-01    -1.48853997263073E-01     5.96617421514652E-01     6.47582903144410E-01     6.77717136798244E-01
         0.45442777800760     1.72702329034076E-01     4.19606306388715E-01     6.11297846324634E-01    -6.48397560346960E-01     6.52371782439809E-01     1.27228381173723E-01    -5.13977719496993E-01    -3.94104996625507E-02     3.37150724159123E-01     9.16679165386756E-01    -9.80648777410346E-02     6.03388801969736E-01     3.99419887891043E-02
         0.14870720086566     4.10443997485985E-01     2.12065537529809E-01     5.08905256619550E-01     7.26346592547186E-01    -2.39778831856476E-02     9.66830266380264E-01     2.51121754346111E-01     3.62922229719464E-01    -1.15801215165473E-01    -1.51639030780056E-01     1.69434240146108E-02    -2.27369426215928E-01    -1.47880689800770E-01
CL QZVPP-MOLOPT-PBE-AE
 3
 1 0 0 10 1
   1467458.93775052158162     5.00027973996311E-05
    219756.22561595341540     2.92119625382510E-04
     50010.78269045410707     1.28590722749441E-03
     14164.71914344428478     6.48940441751174E-03
      4620.77877126598923     1.97871266811614E-02
      1667.78852683964556     6.65018359892871E-02
       650.34523295930057     1.78047411514083E-01
       269.43766657761569     4.24217234215202E-01
       117.09536851846944     6.88319212568402E-01
        52.76000788002602     5.56504843396412E-01
 1 0 1 8 2 2
      2501.95646798690223    -3.82883357554072E-02     8.37909091563773E-02     4.17887012633053E-04     1.59916949870661E-03
       592.94635448432632    -4.07348538060098E-02     1.30718267465741E-01     3.99041739687339E-03    -2.59213449401013E-02
       192.18114183797039     2.20528820527411E-01    -1.98966788392605E-01     2.18359541428443E-02     3.32964376441369E-02
        72.87930898689872     7.33114974004280E-01    -3.92594344886566E-01     8.68350005331845E-02    -2.17375228769997E-01
        30.43574290352728     6.34280900802578E-01     5.37964084760841E-01     2.47733889523512E-01    -2.17956740087419E-01
        13.46035723428640     7.71650835004062E-03     6.98209154610030E-01     5.32066586940945E-01    -4.48983934995352E-01
         5.97563269106637     1.31312121901711E-02     1.06376827476728E-02     7.10008437176348E-01     6.90916424895068E-01
         3.08191027511841    -9.07739768895670E-02     7.18273987087125E-02     3.78665897473595E-01    -4.73822396122835E-01
 1 0 4 6 6 4 4 2 1
         9.78337990819075     8.91563859098250E-01     4.20492586467600E-01    -1.05500184052396E-01    -6.37580026009092E-03    -1.27727899356303E-01    -2.85396905660188E-02    -1.53857744271598E-02     1.06253051057092E-01    -1.15431250361608E-01    -2.24073346383234E-02     3.39725575429827E-02     1.01895475255016E-01     3.78215008137413E-02    -4.46426713878059E-02    -6.35534933198293E-02     3.84866238399188E-02    -6.11006722560778E-02
         4.33269446539561    -4.29731410091877E-01     7.82174610574314E-01    -3.34369761244485E-01    -2.72432075009675E-01    -1.25354633131214E-01    -4.23985492338584E-02     7.30865995598478E-02    -1.69780800664228E-01     9.20852072943817E-03     3.68926930660954E-02     9.84874476080405E-01    -1.38014851189017E-01    -4.74208272594508E-02     1.83642605819760E-02     4.69010615356294E-02    -6.41463169582076E-02    -1.95982450216892E-02
         1.89618722201134    -1.08607609504601E-01     3.85249243565499E-01     8.24406939689850E-01     3.51646048346057E-01    -1.90711290748148E-01     1.07175344599850E-02     9.91627029311956E-01     8.56131566559374E-02    -7.28575131920513E-02     2.31284362812144E-02     7.90619312155555E-02     7.33791834593761E-01    -6.62746105231222E-01     4.37386186866967E-02     6.43881756150717E-01    -4.40208755319482E-01     7.22168984314687E-01
         0.75937665037877    -8.64870311670285E-02     5.72642042507304E-02    -4.40832017733930E-01     8.81987013108728E-01    -1.10544464050763E-01     6.91864630354049E-02    -7.17104623334244E-02     9.75883878241501E-01     2.82742999161818E-02    -5.63192675837825E-03     1.32325112586378E-01     6.30921978952516E-01     7.45720946790107E-01     7.09504044527997E-02     7.55448939940310E-01     4.62184592162924E-01     6.65787803325587E-01
         0.29257745973674     3.21350778484430E-02     2.43787785919905E-01     5.55589531759151E-02     1.28047138769592E-01     9.55294229503361E-01     8.63997700254051E-02     6.90556986584205E-02    -6.16188331121305E-03     9.83715665542611E-01     1.12973648641345E-01    -3.38233190166359E-02    -5.85726486891373E-02    -1.98834428606854E-02     9.93139085193975E-01    -8.21528343028837E-02     7.63814987833132E-01     1.70005500533451E-01
         0.10605356801669     1.16840788925550E-02     1.61310253462363E-02    -3.26472144512044E-04    -8.82496986965603E-02    -8.24248737035741E-02     9.92482391084379E-01    -3.44438923863824E-02     1.29554489179424E-02    -1.13078139742878E-01     9.92374501940459E-01    -6.29554636350571E-02     1.75001307873770E-01     2.43581082505283E-02    -6.63137740448836E-02    -4.15371998214924E-02    -5.99362050420123E-02     4.66830318968192E-02
