HG DZVP-MOLOPT-PBE-GTH-Q12
 1
 2 0 3 6 2 2 2 1
         3.00212418041577     1.14217847013897E-02     8.92179558771646E-02    -3.43699408405952E-02    -8.79066320328917E-03    -9.94436299578160E-02     2.36409427617597E-02    -1.57020716925860E-02
         1.98269569630024    -1.47375228818087E-01    -8.97590012908899E-02     1.24908015443138E-01     1.38296499856468E-02     4.79452796348205E-01    -8.44055741625448E-02     4.47874647590048E-02
         0.93528039655682     5.25216286681020E-01    -1.15135861995212E-01    -3.69379922955271E-01     1.57966667759554E-02     6.54788871948319E-01    -2.45487026440810E-01    -1.04706901296411E-01
         0.41814641101230    -7.72675142670054E-02    -2.50093887604118E-01     1.35608651213838E-01     2.02440905968811E-01     5.26542160259816E-01     2.32346526195512E-01    -6.99697247763213E-01
         0.18096910860525    -6.22060745448821E-01     6.10815144074165E-01     6.74965938096923E-01    -6.75818760764502E-01     2.21566033351716E-01     6.37975627901625E-02    -6.42681238495286E-01
         0.06847238884278    -5.56208681324472E-01    -7.31495125391617E-01     6.10578777462117E-01     7.08356275139672E-01     7.17590415283009E-02     9.34878541561303E-01     2.90118217154106E-01
H DZVP-MOLOPT-PBE-GTH-Q1
 1
 2 0 1 5 2 1
         9.42354063693337     1.73378201014863E-02    -1.21445159969598E-01    -8.76671027046430E-02
         2.22615949373757     1.93709872716504E-01    -1.18321991639862E-01     2.94039390163616E-01
         0.63906011750762     5.93969954529689E-01    -1.91879319676876E-01     4.09265411017209E-01
         0.31891311049636     2.87972643705189E-01     9.48793006176853E-01     1.56988630151590E-01
         0.16139156624546     7.25566905805197E-01    -1.85000371687637E-01     8.44814600657224E-01
C DZVP-MOLOPT-PBE-GTH-Q4
 1
 2 0 2 5 2 2 1
         5.26168129831067    -1.61180329987319E-01     9.95867208365846E-02    -9.87196463656005E-02     8.04180361628404E-02    -7.94810431764520E-02
         1.93765185829818    -1.80818549742989E-01     2.07627108755464E-01    -2.33418997562279E-01     3.08840032955768E-01     2.69065919998737E-01
         0.75874037796781     4.91719768047513E-01    -4.16765369564797E-01    -5.45204647452669E-01     4.47360294645044E-01     5.09115674523642E-01
         0.29195902016920     8.01363369134776E-01     6.04318650540438E-02    -6.71299816524380E-01     5.57121483533110E-02     7.95876444290429E-01
         0.09607356854063     2.39486896539835E-01     8.77284494996048E-01    -4.33449480019086E-01    -8.33616036796648E-01     1.69316891799892E-01
F DZVP-MOLOPT-PBE-GTH-Q7
 1
 2 0 2 5 2 2 1
        13.30428004732790     1.38300641201995E-01    -4.13429187269840E-02    -9.35306094799813E-02     5.06566246623838E-02    -3.27607844899301E-02
         4.80605774544240     1.37253664661734E-01    -3.39425431978004E-02    -2.95918398172795E-01     1.05639317967558E-01     1.33212173705781E-01
         1.70698523266130    -5.18315587577063E-01     1.04830293747595E-01    -5.65287543674134E-01     3.02725510725546E-01     2.66499630071583E-01
         0.58735472443375    -8.26234910698634E-01     4.59821538585404E-02    -6.52514099592094E-01     2.40459771924833E-01     9.50816701157307E-01
         0.17874874061685    -1.03533512436824E-01    -9.91985341560913E-01    -3.97944304537121E-01    -9.14773526135829E-01     7.81459899689756E-02
CL DZVP-MOLOPT-PBE-GTH-Q7
 1
 2 0 2 4 2 2 1
         1.99824811943664     4.80178625121655E-01     2.13595239646990E-01     3.37297835177395E-01     1.93550474567217E-01     9.49286028054555E-02
         1.50363082119869    -3.59931830134513E-01     5.82028670667621E-02    -4.88390621275333E-01    -2.19767298436887E-01     2.80669438798039E-01
         0.40650884550636    -5.66727788276184E-01    -6.12160145305859E-01    -6.58014497305072E-01    -3.61134655335744E-01     9.44637929647980E-01
         0.12853799110242    -5.64532709085914E-01     7.59110964460706E-01    -4.63380721190784E-01     8.85337398423951E-01     1.40969529915426E-01
