#
# Generated with CP2K Atom Code
#
 P  ccGRB-VAL-0
   1
  1  0  1  4  1  1
   1.51504855910       -0.3304336384   -0.0518552439
  0.577190557208        0.2568095021    0.3013891198
  0.219893241922        0.7684835619    0.4943618993
  0.837730923337E-01    0.2019956655    0.3642731896

 P  ccGRB-VAL-1
   1
  1  0  1  4  2  2
   1.51504855910       -0.3304336384    0.3119824455   -0.0518552439    0.0208365689
  0.577190557208        0.2568095021   -0.3694656014    0.3013891198   -0.2529489642
  0.219893241922        0.7684835619   -1.4803168287    0.4943618993   -0.9965475490
  0.837730923337E-01    0.2019956655    1.7979726669    0.3642731896    1.3824107477

