################################################################################################
# Selenium
################################################################################################
 Se ccGRB-D-q6 
   2
  1  0  1  4  2  2
   1.56736849746       -0.3739847215    0.3342310536   -0.1233397440    0.0795266503
  0.633746922255        0.2383132494   -0.2688894145    0.3135407455   -0.1972561847
  0.256248075751        0.8046963689   -1.7779548222    0.4695670978   -1.2210676582
  0.103610880022        0.2028341493    1.9740394800    0.4028329657    1.4990894307
1 2 2 1 1
      3.682000E-01           1.000000E+00


 Se ccGRB-T-q6 
   3
  1  0  1  5  3  3
   4.08208368972        0.0408858123   -0.0265332721    0.2862533142   -0.0120705588    0.0176576647    0.0896574530
   1.61661285166       -0.4417584590    0.3771859959   -1.9371829587   -0.1000456506    0.0539050003   -0.6684540177
  0.640221345466        0.2984220824   -0.3235580142    4.8698867238    0.2846686838   -0.1890540216    2.5630393204
  0.253544545790        0.7745222384   -1.6782824431   -4.7548451429    0.5083540702   -1.1802433599   -2.7301711344
  0.100410330200        0.2054663692    1.9163458514    1.9256886089    0.3791521361    1.4722830006    1.1622666078
1 2 2 1 1
      2.220000E-01           1.000000E+00
1 3 3 1 1
      4.620000E-01           1.0000000


 Se ccGRB-Q-q6 
   4
  1  0  1  6  4  4
   4.11699861872       -0.0390519095    0.0315432434   -0.2377982500   -0.8083786439    0.0126096914   -0.0153334298   -0.0738078059   -0.6143042413
   1.59979662208        0.4454780254   -0.4107861412    1.7000972501    1.9802278609    0.0986633003   -0.0634231362    0.5926622980    2.3451115600
  0.621654139108       -0.3362077393    0.4678609224   -4.3788017492   -0.4738499096   -0.3025997560    0.2449151715   -2.3992625948   -1.9409990623
  0.241564373455       -0.7744019443    1.4635349612    4.2218108257   -1.8709146449   -0.5223693952    1.0763222896    2.5713355651    0.6613883818
  0.938678645439E-01   -0.1753998763   -1.8456621567   -1.5064316829    3.0992384627   -0.3545456506   -1.4473362420   -1.0615216177    0.3289737523
  0.364754780185E-01    0.0023586268    0.0204993234   -0.2247390805   -1.9530515836    0.0074295006    0.0166232716   -0.0618959663   -0.5211578818
1 2 2 2 2
  0.46656078            1.0000000000    0.0000000000
  0.04260788            0.0000000000    1.0000000000
1 3 3 2 2
      2.840000E-01           1.000000E+00           0.000000E+00
      7.097000E-01           0.000000E+00           1.000000E+00
1 4 4 1 1
      5.730000E-01           1.0000000

Se aug-cc-D
    3
1 0 0 1 1
      0.0487470              1.0000000
1 1 1 1 1
      0.0354920              1.0000000
1 2 2 1 1
      0.1283000              1.0000000

Se aug-cc-T
    4
1 0 0 1 1
      0.0392010              1.0000000
1 1 1 1 1
      0.0302510              1.0000000
1 2 2 1 1
      0.0837000              1.0000000
1 3 3 1 1
      0.1880000              1.0000000

Se aug-cc-Q
     5
1 0 0 1 1
      0.0381520              1.0000000
1 1 1 1 1
      0.0265690              1.0000000
1 2 2 1 1
      0.0619000              1.0000000
1 3 3 1 1
      0.1240000              1.0000000
1 4 4 1 1
      0.2630000              1.0000000



