MN TZVPP-MOLOPT-PBE-AE
 4
 1 0 0 8 1
    277184.77216613682685     4.04274043361987E-04
     41550.71278831961536     3.18925489449641E-03
      9455.88539778353697     1.65663703894815E-02
      2676.53997376377311     6.66909258627209E-02
       871.49310410091277     2.17395635039188E-01
       313.04902583835849     5.14442986844144E-01
       121.57499685412584     7.30635630141097E-01
        47.79534699344366     3.86686782960724E-01
 1 0 1 6 1 1
      1444.76162392961805    -1.06023364626156E-03     4.22837536075943E-03
       342.03953015227688    -2.45894230337707E-02     3.55230238521883E-02
       109.68595307328810    -1.22596522516699E-01     1.59871580355421E-01
        40.80140570827079    -6.81148645179729E-02     4.69679008301552E-01
        15.87820179976854     6.81804781695600E-01     7.61161649111264E-01
         6.29156018542095     7.17542287070949E-01     4.16168098844634E-01
 1 0 2 4 1 1 1
        56.56325713377939     4.05758871243474E-02    -1.28763869050595E-02     3.70974374249802E-02
        15.79331999496805    -2.81978145077436E-01    -8.99713480633719E-02     2.09606927921227E-01
         6.04048046084283    -3.93916055536833E-01     2.16227169670049E-01     5.52349168601080E-01
         1.64880205351218     8.73883324176096E-01     9.72103475091212E-01     8.05977116207167E-01
 1 0 4 4 3 3 3 2 1
         2.78940334664455     8.70882491038557E-02    -7.96558277918116E-02    -1.45066590388091E-04     5.03476768413391E-01    -4.11321575935495E-02    -8.93490003200355E-02     3.53469588121072E-01     2.57602498328559E-01    -1.27701376353127E-01     9.87377478465222E-01     4.01108154818029E-02     2.30052393378716E-01
         0.63874938945515     8.01987364926042E-01    -5.85356086790010E-01    -2.04148682360850E-02     8.33700386016719E-01    -2.35732957704295E-01     9.71924849908869E-03     9.31116458185899E-01    -1.77363496637494E-01    -1.96121702326316E-03    -1.05634874531905E-01     8.21275485262768E-01     9.35684922154193E-01
         0.19741139893525     5.84176910349484E-01     7.91686110323168E-01     1.78379279042861E-01     2.26671882554830E-01     9.50907324199381E-01     1.99906301127167E-01     7.63552578557477E-02     9.49224555312713E-01    -1.23420515099375E-03     7.99992724360131E-02     5.68803428248314E-01     2.59724262932592E-01
         0.04904063550842    -8.92706042409193E-02    -1.55712245754982E-01     9.83749991064161E-01    -8.64104638522729E-03    -1.96248258712424E-01     9.75684253803492E-01     4.74475095937512E-02     3.39983309412211E-02     9.91809956011206E-01    -8.67588883746045E-02    -1.89831451755004E-02     6.41321292188773E-02
F TZVPP-MOLOPT-PBE-AE
 2
 1 0 0 6 1
     35479.02878767263610     6.72585320603450E-04
      5318.56312951047130     8.20097950478645E-03
      1210.53207767191157     3.41581776414553E-02
       342.85143677005027     1.67981165419731E-01
       112.04698837680320     3.40179960458393E-01
        40.78491787387953     9.24567700620738E-01
 1 0 3 6 4 3 2 1
        79.87901815644609     1.16918239284466E-01    -1.68147951461107E-02    -2.12818697913285E-02    -7.26226478740949E-03    -2.45424567087636E-01     2.14619427519455E-01     6.35891870315225E-02     1.01451133211560E-01    -3.43565246327839E-02    -1.31870850864618E-02
        16.19635642859436     8.53271420269594E-01     1.38508493185086E-02     1.47303644984199E-01    -9.44612873543678E-02    -1.04048621424425E-01     1.57592183640012E-01     5.70164828779390E-02     5.65110690465166E-02     4.45853785965381E-03     1.05680763536942E-01
         5.77801148801512     4.75828101997680E-01     9.06865843095588E-03     4.56280442532806E-02    -3.42227538288093E-02     3.85471543429814E-01     1.08618595980577E-01    -3.86557846134089E-02     7.78219890128867E-01    -1.58938198405914E-01    -1.90738906372033E-01
         1.80048565891898     5.42202862380103E-03     9.84951172129337E-01    -1.65338157360220E-01    -4.82246452283408E-02     8.82036252116551E-01     2.29685585491659E-02     9.54990517737228E-02     5.96805252189064E-01     2.06883586435839E-01     7.91345089335059E-01
         0.61342852936985    -1.78123417267227E-01     1.16155230853301E-01     8.34960810060312E-01    -5.05012861636734E-01     2.35771402740000E-03     9.52591193174218E-01     7.86110613461027E-02     2.14870962580005E-02     9.58447372992515E-01     5.67195057415070E-01
         0.19458219035665     9.39552285204502E-03     1.25786831338083E-01     5.01268928973589E-01     8.55856016509765E-01    -4.85679584923393E-02    -9.66833470619191E-02     9.87882330256585E-01     1.55723360184243E-01    -1.10073678097833E-01    -6.58715646571095E-02
S TZVPP-MOLOPT-PBE-AE
 3
 1 0 0 7 1
     60700.94366395807447     8.62221922262633E-04
      9102.63045975282512     6.58114066512290E-03
      2071.46478936221865     3.37606270243409E-02
       585.93482287830705     1.31916746497162E-01
       190.47913006129434     3.83015696749392E-01
        67.66807502649665     7.19277158425508E-01
        24.76514807848007     5.63341355332923E-01
 1 0 1 5 1 1
       564.29994748762977    -1.00574746546293E-03     5.43973838625324E-03
       133.43593772359748     1.95795911791318E-02     4.01411842803258E-02
        42.45853750153181     1.79491615852029E-01     1.94773603391971E-01
        15.60204677258736     7.60015980310123E-02     5.12907070193976E-01
         6.41245540094229    -9.80623345131480E-01     8.35074053804572E-01
 1 0 3 5 3 4 3 1
         6.97974169262497    -1.31656492931084E-01    -3.49435720482791E-02     2.60745792249960E-02    -2.04676456768718E-02     2.35405160966626E-01    -9.68948142644655E-02    -2.97647950956991E-03     9.82903022915916E-02    -4.58088644661971E-02     8.64436828202630E-02    -3.34913871177732E-02
         2.58898151897930     9.62071337824640E-01    -9.92353221585030E-02    -6.71904133733868E-02     9.97046620525467E-01    -4.86590527658889E-02     2.73261660242076E-02     3.87436318177789E-02     9.88168452464528E-01    -5.84352510710973E-02     4.18412033047573E-03     3.21669286655233E-02
         0.96089457327268     2.08479193164192E-01     8.46023816383715E-02    -1.04337567607444E-01     5.69051907211020E-02     9.65809757047878E-01     6.66066440844520E-02    -8.80863479561085E-02     7.94107544148521E-02     9.79536615989028E-01     2.82613127632868E-02     4.12244961786603E-01
         0.33737394764153     4.24486333804668E-02     9.42543939158042E-01    -3.02973280284459E-01    -3.36055891031887E-02    -3.95796693716816E-02     9.92635254366953E-01     1.47529280095543E-02     7.00150639394903E-04    -5.65539466059057E-02     9.79623100512979E-01     9.08394125822953E-01
         0.10883542027229     1.08719125949087E-01     3.05589033484780E-01     9.44524445468930E-01    -3.33403003767745E-02     8.86660574162969E-02    -1.01726285065988E-02     9.95245305430876E-01    -8.69227697535795E-02     1.78315838972973E-01     1.79024752422017E-01     5.21327089366065E-02
O TZVPP-MOLOPT-PBE-AE
 2
 1 0 0 6 1
     27032.34110717467047     7.35264897360634E-04
      4052.43915960016602     8.66846509689763E-03
       922.34965292725667     3.34607178584762E-02
       261.27735857055188     1.68914563970243E-01
        85.30942400544160     3.28333881314405E-01
        31.08080221478707     9.28692322525900E-01
 1 0 3 6 4 3 2 1
        62.91495630413323     1.16332726109966E-01    -5.81371416541881E-02     1.11937556008261E-02     5.75105170781195E-02    -1.16673038976174E-01     1.57254063503839E-01    -3.81929188419382E-02     1.36166697203113E-01    -8.71583721921845E-02     3.21000644845466E-04
        12.30944986692977     8.69241308775708E-01    -1.42460076990705E-02    -1.06600413011436E-01    -2.47597695986788E-02     1.45932079266690E-01    -6.05243600472558E-02     1.73638156652357E-02    -3.58452443966721E-02     4.76694147153259E-02     4.38837435813283E-02
         4.39539910954103     4.65741956926282E-01    -6.40342096322616E-02    -3.00344470998384E-02    -3.98106989985228E-03     3.91422103647488E-01     5.26377359502661E-02    -3.09523103597808E-02     7.70731222820744E-01    -3.53322944888660E-01    -1.34769543790620E-01
         1.33540846189799     9.21608149605863E-03     9.33076668604289E-01    -3.27550581669708E-01    -1.21459202569881E-01     9.00080356671289E-01     4.50466786404856E-02    -1.97504472088648E-02     5.53665920222864E-01     3.94485051877056E-01     9.40647803425498E-01
         0.45443287552085     9.32917636734327E-02     2.31107250617785E-01     8.41720615852045E-01    -4.78471205438802E-01    -3.61150582409544E-02     9.80775789580233E-01    -6.12678902654526E-02     1.14853463706434E-01     8.35162106564474E-01     2.94962206933611E-01
         0.14893102365245     7.19887781862831E-02     2.61293155746377E-01     4.14519004469322E-01     8.67396456641546E-01     2.07610475621550E-02     6.99062044682833E-02     9.96563053096360E-01     2.57701109533086E-01    -1.10361865139449E-01     8.99460419695147E-02
