MN SVP-MOLOPT-PBE-AE
 4
 1 0 0 6 1
     56136.95153035369731     2.94335561371436E-03
      8429.33135556906564     2.05550672700810E-02
      1917.92896860556493     1.06530539120750E-01
       541.52371039248771     3.53743634178606E-01
       175.46938556797323     7.50618534784531E-01
        58.78150022026143     5.47409651557161E-01
 1 0 0 8 4
       117.05422619019396    -1.35347001460108E-01    -2.29463089923430E-02     2.48110788715537E-03     3.64993483146835E-03
        13.53327841419270     8.03252106992581E-01     7.13414087895785E-02     4.25208907740142E-03    -3.75458717669837E-03
         9.27775905638010     2.52259646833540E-02    -1.49760786369913E-01    -1.64178745084535E-02     4.38554456384482E-02
         5.49015163296859     5.73744375874542E-01     3.13529199100004E-02     3.66474127656155E-02     7.87530677495898E-03
         1.64879504827611    -4.16989831698743E-02     7.52425974248983E-01    -2.59262613176106E-01    -2.78137761865874E-01
         0.65756741177036    -4.87322093188401E-02     4.43018456037596E-01    -4.80054775987900E-03    -3.14883100066357E-01
         0.11805076886007    -4.99530554802668E-02     4.07708918291808E-01     7.68637781771433E-01     4.85609962901395E-01
         0.03884671488933    -6.27235932899113E-03     2.05756677669004E-01    -5.83368662991194E-01     7.65283113056639E-01
 1 1 1 5 1
       705.96276601969737     1.43584895700368E-02
       166.18813371178408     1.00224152525552E-01
        51.78434149442909     4.08923015189979E-01
        17.68652538780940     7.91125883750691E-01
         6.39028778574040     4.43453218203935E-01
 1 1 3 5 2 2 1
         9.68007138334138     2.95304860993261E-02    -1.30381586201920E-02     3.13054709232299E-01    -1.84008981796403E-02     1.07114332684420E-01
         2.74089768728932     6.84571348889171E-01    -9.80588507163859E-02     5.68348044374254E-01     1.60340359509538E-01    -2.41399694909655E-02
         0.93505894229869     7.00611846009833E-01    -1.50361681208823E-01     6.76908243642369E-01     1.42641552802751E-02     5.03941612506945E-01
         0.29132232634265     1.67710069520313E-01     4.82387093497904E-01     1.95646130522646E-01     6.29685697231864E-01     8.42931902750873E-01
         0.06651264238844     1.07267853912462E-01     8.57268059049605E-01    -2.87219551534990E-01     7.59766301328439E-01     1.53141895362567E-01
F SVP-MOLOPT-PBE-AE
 2
 1 0 0 7 3
      2894.85760373222138    -1.89225166552882E-02    -1.69242373474079E-02     1.56429205622782E-01
       435.72006333230098    -5.47718508603712E-02     4.35884037952142E-03    -7.98432634961778E-02
        98.52635730461387    -2.73685193620500E-01     1.03734081139359E-01    -3.50907504362976E-02
        25.52164954648142    -7.37742492792940E-01     9.09854482000018E-02     1.19033433504314E-02
         7.74033527583515    -5.97666004055640E-01     7.53553007481536E-02    -4.08316440936959E-03
         1.29027540045465     1.18958584280118E-01     8.03005387331711E-01    -5.67628929674378E-01
         0.39691722964189     7.82215741311875E-02     5.74594975519432E-01     8.03469123562649E-01
 2 1 2 4 2 1
        20.86106496273842    -1.10459850494974E-01    -4.27931460741902E-02     1.87770753897563E-02
         3.47280160970880    -5.28022336274227E-01    -8.76852813264224E-03     1.42075306386988E-01
         0.85628499813330    -8.26328796839365E-01    -1.81029642926015E-01     9.03974169721402E-01
         0.22140677163303    -1.61776862802262E-01     9.82507062542321E-01     4.02855717635176E-01
S SVP-MOLOPT-PBE-AE
 3
 1 0 0 5 1
      9184.96860696107433    -7.71786840291379E-03
      1381.51400838981726    -6.24039790772488E-02
       313.89281891758924    -2.64955476073617E-01
        87.51457876494304    -7.29865325618015E-01
        25.93139624764258    -6.27009872379816E-01
 1 0 0 5 3
        45.48284978592206    -1.17170830297159E-01    -3.16680267451198E-02     7.98216380989382E-03
         4.87633307381987     7.61443727008839E-01     1.27227635333993E-01    -2.80177602679904E-02
         1.86406639687820     6.26717336923555E-01    -1.01322679524420E-02    -7.26181990838241E-02
         0.43025042118793    -1.11972074429798E-01     9.38663299177241E-01    -3.17638615698874E-01
         0.15287248143189     3.40893131890180E-02     3.18777058166406E-01     9.44978093475824E-01
 1 1 2 7 3 1
       262.03717999008273    -1.40783640264207E-02     5.05186350960515E-03    -5.91979864920292E-03     2.73567974708351E-03
        61.24324399362200    -9.50073267501190E-02    -9.97714102551339E-03     2.54477408773944E-03    -6.54868553542722E-03
        18.81757601711188    -3.86400409125808E-01     3.47067320851585E-02    -4.64624726240253E-02     2.01706189417252E-02
         6.03024687952456    -7.73455398949426E-01    -6.81153146748288E-02    -4.07603942016905E-02    -2.20075057424989E-02
         2.04326094618689    -4.83921927804103E-01     1.73437851923462E-01    -7.00014248570178E-02     3.00876144437373E-01
         0.46190328828318     5.57301141088318E-02     9.72479700780142E-01    -1.25789697052281E-01     9.17113664398799E-01
         0.13202620214187    -7.71401281131005E-02     1.35030459813691E-01     9.87631035176833E-01     2.59681572080285E-01
O SVP-MOLOPT-PBE-AE
 2
 1 0 0 7 3
      2266.11882679815517    -6.53195164418799E-03     4.31511781018852E-03    -1.50255386286268E-02
       340.90332514956907    -6.49692043203330E-02    -8.38643395903431E-03     2.78970138112306E-02
        76.92814265988143    -2.68398557546813E-01     9.66356731438743E-02    -1.03149893654597E-01
        19.69260394517260    -7.46654382968193E-01     7.27513962145946E-02    -4.77845342576543E-02
         5.94653840051691    -5.84020787076508E-01     6.76448442348491E-02    -6.55152912382769E-02
         0.94188304160944     1.58317373375200E-01     7.83140450398519E-01    -5.91846167956205E-01
         0.29333843489112    -7.81743877443225E-03     6.06131205686227E-01     7.94668854066698E-01
 2 1 2 4 2 1
        16.36868614237306     1.01723539743118E-01    -2.55855611750852E-02     8.33706707858758E-03
         2.90797745788635     5.10732722414240E-01    -9.49942456369113E-02     1.82905409616553E-01
         0.75006795444374     8.35859133120747E-01    -1.43391921218567E-01     8.94419927848460E-01
         0.19193642427748     1.73620037138872E-01     9.84764047518226E-01     4.08030755106872E-01
