MN QZVPP-MOLOPT-PBE-AE
 4
 1 0 0 11 1
   4289357.64410000015050     1.48485981998813E-05
    636361.00285000004806     1.17019806749366E-04
    143637.27569000000949     6.21675712789323E-04
     40406.34543200000189     2.64376723058119E-03
     13104.36341700000048     9.64720268407716E-03
      4705.06642550000015     3.11705650546835E-02
      1825.71254320000003     8.96374629976485E-02
       753.33816229000001     2.24428251947755E-01
       326.47253284999999     4.59343429945236E-01
       147.10300670000001     6.70254216967660E-01
        67.98722686900000     5.29422251527835E-01
 1 0 1 9 1 1
      6483.26296579999962     0.00000000000000E+00     3.58748069620499E-04
      1556.71348590000002     1.12213552588256E-02     3.07001803158621E-03
       509.73925459999998     9.81868585147243E-02     1.67812531758066E-02
       195.28408089000001     4.62880904426557E-01     6.77588580178323E-02
        82.54254752500000     8.69655032558986E-01     2.07270364170886E-01
        37.21207673100000     1.40266940735320E-01     4.58397740842417E-01
        17.42580446200000     0.00000000000000E+00     6.72670908008375E-01
         8.36913769620000     0.00000000000000E+00     5.20333375751434E-01
         3.94090004440000     0.00000000000000E+00     1.37095251254077E-01
 1 0 2 6 5 1 1
       200.40254535000000     0.00000000000000E+00     0.00000000000000E+00     0.00000000000000E+00     0.00000000000000E+00     0.00000000000000E+00     0.00000000000000E+00     2.54032214902504E-03
        57.20274101000000     7.07106781186548E-01    -4.08248290463863E-01     5.77350269189626E-01     0.00000000000000E+00     0.00000000000000E+00    -7.17966562381443E-03     2.03225771922003E-02
        20.09093594700000     7.07106781186548E-01     4.08248290463863E-01    -5.77350269189626E-01     0.00000000000000E+00     0.00000000000000E+00    -3.45678922247459E-02     1.62580617537602E-01
         3.93575537630000     0.00000000000000E+00     8.16496580927726E-01     5.77350269189626E-01     0.00000000000000E+00     0.00000000000000E+00     3.48796474021012E-01     5.58870872785508E-01
         1.81819840120000     0.00000000000000E+00     0.00000000000000E+00     0.00000000000000E+00     1.00000000000000E+00     0.00000000000000E+00     7.28282985242718E-01     8.12903087688011E-01
         0.81881535281000     0.00000000000000E+00     0.00000000000000E+00     0.00000000000000E+00     0.00000000000000E+00     1.00000000000000E+00     5.88811027703399E-01     0.00000000000000E+00
 1 0 4 6 4 4 4 4 2
         4.35300000000000     0.00000000000000E+00     0.00000000000000E+00     0.00000000000000E+00     0.00000000000000E+00     0.00000000000000E+00     0.00000000000000E+00     0.00000000000000E+00     0.00000000000000E+00     0.00000000000000E+00     0.00000000000000E+00     0.00000000000000E+00     0.00000000000000E+00     1.00000000000000E+00     0.00000000000000E+00     0.00000000000000E+00     0.00000000000000E+00     7.07106781186548E-01    -4.08248290463863E-01
         1.32600000000000     0.00000000000000E+00     0.00000000000000E+00     0.00000000000000E+00     0.00000000000000E+00     0.00000000000000E+00     0.00000000000000E+00     0.00000000000000E+00     0.00000000000000E+00     7.07106781186548E-01    -7.07106781186547E-01     0.00000000000000E+00     0.00000000000000E+00     0.00000000000000E+00     1.00000000000000E+00     0.00000000000000E+00     0.00000000000000E+00     7.07106781186548E-01     4.08248290463863E-01
         0.34038359193000     1.00000000000000E+00     0.00000000000000E+00     0.00000000000000E+00     0.00000000000000E+00     1.00000000000000E+00     0.00000000000000E+00     0.00000000000000E+00     0.00000000000000E+00     7.07106781186548E-01     7.07106781186548E-01     0.00000000000000E+00     0.00000000000000E+00     0.00000000000000E+00     0.00000000000000E+00     1.00000000000000E+00     0.00000000000000E+00     0.00000000000000E+00     8.16496580927726E-01
         0.15000000000000     0.00000000000000E+00     1.00000000000000E+00     0.00000000000000E+00     0.00000000000000E+00     0.00000000000000E+00     1.00000000000000E+00     0.00000000000000E+00     0.00000000000000E+00     0.00000000000000E+00     0.00000000000000E+00     1.00000000000000E+00     0.00000000000000E+00     0.00000000000000E+00     0.00000000000000E+00     0.00000000000000E+00     1.00000000000000E+00     0.00000000000000E+00     0.00000000000000E+00
         0.06300000000000     0.00000000000000E+00     0.00000000000000E+00     1.00000000000000E+00     0.00000000000000E+00     0.00000000000000E+00     0.00000000000000E+00     1.00000000000000E+00     0.00000000000000E+00     0.00000000000000E+00     0.00000000000000E+00     0.00000000000000E+00     1.00000000000000E+00     0.00000000000000E+00     0.00000000000000E+00     0.00000000000000E+00     0.00000000000000E+00     0.00000000000000E+00     0.00000000000000E+00
         0.02700000000000     0.00000000000000E+00     0.00000000000000E+00     0.00000000000000E+00     1.00000000000000E+00     0.00000000000000E+00     0.00000000000000E+00     0.00000000000000E+00     1.00000000000000E+00     0.00000000000000E+00     0.00000000000000E+00     0.00000000000000E+00     0.00000000000000E+00     0.00000000000000E+00     0.00000000000000E+00     0.00000000000000E+00     0.00000000000000E+00     0.00000000000000E+00     0.00000000000000E+00
F QZVPP-MOLOPT-PBE-AE
 3
 1 0 0 8 1
    132536.04395257573924     2.19133884152562E-04
     19758.15592578060023     2.13098802939830E-03
      4485.33885808192372     9.36952235670608E-03
      1273.60032301696378     4.57116768597223E-02
       418.75079369228018     1.29815698472524E-01
       152.24712142839283     3.88984269444136E-01
        59.93506405237581     3.48051089779771E-01
        24.88806979770636     8.41734891149259E-01
 1 0 1 5 2 1
       240.82710880865446    -5.22362746235088E-02     7.61618022060436E-02     2.22155163398913E-02
        56.74054074501728     8.36915891686098E-01    -3.52431037520191E-01     9.17502257704855E-02
        18.02568816680041     5.06654331012575E-01     3.90319004241376E-01     6.94833984744179E-01
         7.22835931546723     1.13647744824332E-01     8.46604124895882E-01     5.19336475096237E-01
         2.54051853711273     1.65011335426585E-01     3.00711541924844E-02     4.88450331337750E-01
 1 0 4 4 4 3 3 2 1
         4.64152109972176     7.99092172965100E-01     3.57185510151160E-01    -4.75225254357118E-01     8.96167845059310E-02     2.14101203990999E-03     4.09061558167189E-01    -4.32260580718334E-01     5.23415929943841E-01    -8.45844703511436E-01    -9.90960844591549E-02     6.49830793177351E-01    -6.47812475723957E-01     7.18812892465629E-01
         1.55189089466188    -5.65383503262805E-01     6.20688611440661E-01    -5.16124369070663E-01    -1.69418940846506E-01     9.01357430415779E-01    -3.23634717094166E-01     1.52228377872265E-01     8.31684066132871E-01     4.84322390964955E-01     2.69070652276370E-01     7.59749389285090E-01     5.45754817250953E-01     6.81802537410497E-01
         0.54311529853246     1.47999793272877E-01     6.59726542294831E-01     7.03321697890184E-01    -2.19534826074957E-01     3.64587678140232E-01     2.81361980784028E-01    -7.13536840615867E-01    -1.67858516623561E-01    -2.20433972029506E-01     9.41600143248362E-01     1.96681952393344E-02     4.63299478087506E-01    -2.42238812327185E-02
         0.17933709925335    -1.41029268364327E-01     2.27870683409749E-01     1.14521537491829E-01     9.56593181325010E-01     2.33722107747691E-01     8.05459277239079E-01     5.29945741006902E-01     7.84913805373263E-02     3.72481291736264E-02    -1.76550617000047E-01     1.06755709662101E-02    -2.60469325156765E-01    -1.33665736760872E-01
S QZVPP-MOLOPT-PBE-AE
 3
 1 0 0 10 1
   1273410.95499193668365     9.87888036232276E-05
    190697.78010723757325     1.57116366687795E-04
     43397.85422073691734     1.55336389518796E-03
     12291.76862965425789     5.35130499026067E-03
      4009.68458722298510     2.20901350356112E-02
      1447.39797042309806     6.91332148544144E-02
       564.26114559975247     1.84765485267749E-01
       233.63615488869064     4.28663595365080E-01
       101.59995544167144     6.85536035546053E-01
        45.79212563563329     5.53941442861056E-01
 1 0 1 8 2 2
      2189.84619127130554    -5.40227560754291E-02     1.38052066203343E-01     3.98527892046305E-04     4.18881101431139E-03
       518.99909644515526    -6.58816147847172E-02     1.79541187126077E-01     4.06904977423878E-03    -6.17151367487119E-03
       168.30022124117258     7.81490079613725E-02    -3.12549353668520E-02     2.18314673607633E-02     1.87827054701608E-02
        63.73025058358672     5.39631563414771E-01    -2.12047125707757E-01     8.90037859454533E-02    -1.69845333087510E-01
        26.53481464879668     8.31112359293335E-01     1.27604008666390E-01     2.52488946762031E-01    -1.33109680285919E-01
        11.73573877226582     1.76065971579368E-02     9.05018568494592E-01     5.25051079820914E-01    -4.70786937561725E-01
         5.34671198699199    -4.45272502949781E-02    -3.57561642893771E-02     6.54661094190783E-01     7.49238560313875E-01
         2.74105475330837    -4.89003162373073E-02    -2.57188333724953E-01     4.72836699320733E-01    -4.12343535488415E-01
 1 0 4 6 6 4 4 2 1
         8.31619263028394     9.13504257378449E-01    -3.70949282897382E-01    -1.04635636758499E-01    -8.98471926323209E-03    -1.28281446961303E-01    -2.05214515759989E-02     4.81277411771223E-02     8.12380004889105E-02    -1.31315910072865E-01    -3.08915562199779E-03    -6.95036598625231E-02    -2.34623669626775E-01     1.23132825188173E-01     3.42787393017896E-01    -6.38941916706414E-03     1.27346818698528E-02    -3.33563932068701E-02
         3.50409771984308     3.54784636910908E-01     8.34057192385490E-01     3.49038244323994E-01    -1.69012021220416E-01    -1.44720565316922E-01    -8.44965082035499E-02     8.90564670475032E-02    -2.55250590638002E-02    -6.01964016737590E-04    -5.72786490857093E-02     9.86423469842716E-01     4.73874946937614E-02    -7.59528378218381E-02    -5.02787514488447E-02    -3.14629288022827E-02    -1.00376642324275E-02    -1.44297988699904E-01
         1.47335900731238    -9.94815366557345E-02    -3.91289711006025E-01     8.60671926785472E-01    -1.42912323360204E-01    -2.73723672154681E-01     2.98502848020429E-02     9.88144088819932E-01     6.00975069534849E-02    -4.12578816148234E-02     9.01981372587149E-02    -1.28379177667563E-01     5.81853465346992E-01    -7.39784243987395E-01    -8.92077279775996E-02     7.19747987104971E-01    -4.85052712095381E-01     5.66114428416292E-01
         0.59510246212960     1.12541080200268E-01     3.83178786238540E-02     3.07054988424223E-01     8.14370088810093E-01     4.19685019393301E-01    -2.28581106999705E-01    -7.32747548336724E-02     9.68205908353383E-01    -2.11609950482653E-01     2.28310159884936E-02    -2.62223279341700E-05     7.57307044919181E-01     6.37174742814052E-01     5.58068668304718E-02     6.84438273300100E-01     3.85957797347188E-01     8.08809892114526E-01
         0.23342257972438     7.57895118564870E-02    -9.11140702055609E-02     1.34835871245620E-01    -5.35711805426834E-01     7.75700675346518E-01    -2.81202396365756E-01     2.26492583044408E-02     2.20083907821256E-01     9.60818126370448E-01     1.25913313153398E-01     7.11620728748775E-02     1.20508948307327E-01    -1.60602881599418E-01     9.20685481429436E-01     1.11693108549250E-01     7.56628659739873E-01     4.98568279336959E-02
         0.08708605907321     1.06450515207633E-01     6.21896920487338E-02     1.18338682906245E-01     2.72855146973977E-02     3.31403268550300E-01     9.27482646966941E-01    -8.62655628785583E-02    -5.72498108473270E-02    -1.14469705601204E-01     9.86001263584984E-01     2.43459410808561E-02     1.26950135702378E-01    -1.95132718855549E-03    -1.45721204735027E-01    -9.97013949975358E-04    -2.07389945731456E-01     3.03438717761065E-02
O QZVPP-MOLOPT-PBE-AE
 3
 1 0 0 8 1
    116506.38604434675653    -9.98096455193836E-05
     17504.60971368530591     2.33919295977431E-03
      3993.52399023383759     6.88020418607601E-03
      1133.09478918324885     4.13200618900893E-02
       369.82539210352701     1.15856592130636E-01
       133.78894948022503     3.83521465148008E-01
        52.21462909576736     4.11693815406844E-01
        21.67293595845605     8.17457382177472E-01
 1 0 1 5 2 1
       191.04192564330430    -5.10687570632457E-03     2.62695839052370E-02     1.26002594453494E-02
        45.06231751131436     7.10386627064769E-01    -6.24048153127723E-01     1.12036824182174E-01
        14.05235016622558     5.61186314944367E-01     2.63654168302179E-01     6.01861899721717E-01
         5.51919750076573     3.93930461642211E-01     7.34005739981864E-01     3.82904045403275E-01
         2.22318311118849     1.58787503341973E-01     3.99482759313346E-02     6.91690486537335E-01
 1 0 4 4 4 3 3 2 1
         4.07110969272635     8.35823185743741E-01     1.43707378138683E-01    -5.04975809725526E-01    -1.60459413041861E-01     1.72086536028372E-01     1.83573320585855E-01    -5.65096491463834E-01     5.87117703432284E-01    -6.86150954111257E-01     3.38448518372782E-01     7.96331496602706E-01    -4.06031379618403E-01     7.19190810290016E-01
         1.29660548931134    -3.21106263793023E-01     8.70808213615098E-01    -3.35156402976138E-01     1.62030885936799E-01     7.37714269017482E-01    -1.23907267761277E-01     5.94500398393531E-01     7.22514408166509E-01     6.34126435292987E-01    -1.48853997263073E-01     5.96617421514652E-01     6.47582903144410E-01     6.77717136798244E-01
         0.45442777800760     1.72702329034076E-01     4.19606306388715E-01     6.11297846324634E-01    -6.48397560346960E-01     6.52371782439809E-01     1.27228381173723E-01    -5.13977719496993E-01    -3.94104996625507E-02     3.37150724159123E-01     9.16679165386756E-01    -9.80648777410346E-02     6.03388801969736E-01     3.99419887891043E-02
         0.14870720086566     4.10443997485985E-01     2.12065537529809E-01     5.08905256619551E-01     7.26346592547186E-01    -2.39778831856476E-02     9.66830266380264E-01     2.51121754346111E-01     3.62922229719464E-01    -1.15801215165473E-01    -1.51639030780056E-01     1.69434240146108E-02    -2.27369426215928E-01    -1.47880689800770E-01
