H TZV2P-MOLOPT-PBE-GTH-q1
 1
 2 0 2 5 3 2 1
         9.42354063693337     1.73378201014863E-02    -1.21445159969598E-01 0.00   -8.76671027046430E-02 0.00 0.00
         2.22615949373757     1.93709872716504E-01    -1.18321991639862E-01 0.00    2.94039390163616E-01 0.00 0.00
         0.63906011750762     5.93969954529689E-01    -1.91879319676876E-01 0.00    4.09265411017209E-01 0.00 0.00
         0.16139156624546     7.25566905805197E-01    -1.85000371687637E-01 0.00    8.44814600657224E-01 1.00 1.00
         0.31891311049636     2.87972643705189E-01     9.48793006176853E-01 1.00    1.56988630151590E-01 0.00 0.00

B TZV2P-MOLOPT-PBE-GTH-q3
 1
 2 0 3 5 3 3 2 1
         3.77336826454340    -1.41098801807901E-01     1.45534432695769E-01   0.00  -7.87193463285431E-02     5.69709609283924E-02   0.00  -1.30150093716747E-01 0.00 0.00
         1.48457356603086    -2.26448659404382E-01     1.29300174042788E-01   0.00  -1.82452410143604E-01     2.49463387241326E-01   0.00   3.28608925736674E-01 0.00 0.00
         0.57896170504797     3.49975516668562E-01    -1.49890389253044E-01   0.00  -5.51695742938803E-01     2.96971771653195E-01   0.00   3.52307940298340E-01 0.00 0.00
         0.22636161880123     8.50626492175512E-01    -2.00516325057700E-01   0.00  -5.85506427614557E-01     4.18172660040306E-01   0.00   8.66179348921011E-01 1.00 1.00
         0.07385684466123     2.87687054495138E-01     9.48381394001037E-01   1.00  -5.59757459076375E-01    -8.19427679098624E-01   1.00   2.62598122085052E-02 0.00 0.00

C TZV2P-MOLOPT-PBE-GTH-q4
 1
 2 0 3 5 3 3 2 1
         5.26168129831067    -1.61180329987319E-01     9.95867208365845E-02   0.00  -9.87196463656004E-02     8.04180361628404E-02   0.00  -7.94810431764520E-02 0.00 0.00
         1.93765185829818    -1.80818549742989E-01     2.07627108755464E-01   0.00  -2.33418997562279E-01     3.08840032955768E-01   0.00   2.69065919998737E-01 0.00 0.00
         0.75874037796781     4.91719768047513E-01    -4.16765369564797E-01   0.00  -5.45204647452669E-01     4.47360294645044E-01   0.00   5.09115674523642E-01 0.00 0.00
         0.29195902016920     8.01363369134776E-01     6.04318650540443E-02   0.00  -6.71299816524379E-01     5.57121483533108E-02   0.00   7.95876444290429E-01 1.00 1.00
         0.09607356854063     2.39486896539835E-01     8.77284494996048E-01   1.00  -4.33449480019086E-01    -8.33616036796648E-01   1.00   1.69316891799892E-01 0.00 0.00

N TZV2P-MOLOPT-PBE-GTH-q5
 1
 2 0 3 5 3 3 2 1
         7.77707451136406    -1.52257224569246E-01     4.66516548242393E-02   0.00  -9.68040525319594E-02     5.61493330808200E-02   0.00  -2.54676508761754E-02 0.00 0.00
         2.85082134435768    -1.76815074694881E-01     6.07226416504652E-02   0.00  -2.98524115153915E-01     1.49897239722539E-01   0.00   1.53138535493981E-01 0.00 0.00
         1.05583952627190     4.83403059075267E-01    -1.37599316374236E-01   0.00  -5.77349862585676E-01     3.27813494371399E-01   0.00   5.17006466525486E-01 0.00 0.00
         0.41439259860883     8.35986430105637E-01    -3.37132705790290E-02   0.00  -6.71789375342359E-01     1.13844102060437E-01   0.00   8.28419946371821E-01 1.00 1.00
         0.13462511143859     1.14027795221257E-01     9.86947935512992E-01   1.00  -3.41874976320856E-01    -9.24097345116957E-01   1.00   1.49414503077007E-01 0.00 0.00

O TZV2P-MOLOPT-PBE-GTH-q6
 1
 2 0 3 5 3 3 2 1
        10.34256722623639    -1.36612866576817E-01     5.36780510727691E-02   0.00  -9.23817206645146E-02     5.83443637080248E-02   0.00  -9.48473896502772E-02 0.00 0.00
         3.67715896642206    -1.53385468202307E-01     9.10278370989297E-02   0.00  -2.98264530995839E-01     1.75046650342809E-01   0.00   1.72754284852763E-01 0.00 0.00
         1.30046451996361     5.48080652961239E-01    -2.61157543615482E-01   0.00  -5.68590641449654E-01     3.64872626600995E-01   0.00   4.96868401181124E-01 0.00 0.00
         0.46645021946921     7.84467551986126E-01    -4.09115659592461E-02   0.00  -6.49258120291653E-01     1.42983044083434E-01   0.00   8.41501659783491E-01 1.00 1.00
         0.14793951916337     2.05007513424509E-01     9.58621708960114E-01   1.00  -3.97079920076698E-01    -9.01320376386329E-01   1.00  -7.84645029990108E-02 0.00 0.00

F TZV2P-MOLOPT-PBE-GTH-q7
 1
 2 0 3 5 3 3 2 1
        13.30428004732790     1.38300641201995E-01    -4.13429187269840E-02   0.00  -9.35306094799813E-02     5.06566246623838E-02   0.00  -3.27607844899301E-02 0.00 0.00
         4.80605774544240     1.37253664661734E-01    -3.39425431978004E-02   0.00  -2.95918398172795E-01     1.05639317967558E-01   0.00   1.33212173705781E-01 0.00 0.00
         1.70698523266130    -5.18315587577063E-01     1.04830293747595E-01   0.00  -5.65287543674134E-01     3.02725510725546E-01   0.00   2.66499630071583E-01 0.00 0.00
         0.58735472443375    -8.26234910698634E-01     4.59821538585407E-02   0.00  -6.52514099592094E-01     2.40459771924833E-01   0.00   9.50816701157307E-01 1.00 1.00
         0.17874874061685    -1.03533512436824E-01    -9.91985341560913E-01   1.00  -3.97944304537121E-01    -9.14773526135829E-01   1.00   7.81459899689756E-02 0.00 0.00
