H DZVP-MOLOPT-PBE-GTH-Q1
 1
 2 0 1 5 2 1
         9.24066498000000     3.53172068462387E-02    -1.11629993344681E-02     0.00000000000000E+00
         2.20783245000000     1.52668078222027E-01    -6.75506654126909E-02     0.00000000000000E+00
         0.63063432000000     4.60685775596089E-01    -2.47284765672127E-01     0.00000000000000E+00
         0.20111492000000     7.48445060624091E-01    -3.70844329627319E-01     1.00000000000000E+00
         0.06532220000000     4.50603772935162E-01     8.92545249776115E-01     0.00000000000000E+00
B DZVP-MOLOPT-PBE-GTH-Q3
 1
 2 0 2 5 2 2 1
         3.67520191000000    -1.13386901664658E-01    -3.40253730256397E-03    -6.51338315688526E-02     2.44290829576956E-02     0.00000000000000E+00
         1.33472534000000    -1.57229231849423E-01     6.48647119190795E-02    -2.27004535175135E-01     1.10736763269860E-01     0.00000000000000E+00
         0.45799074000000     4.58282522085931E-01    -3.02069223413846E-01    -5.46894578298151E-01     2.67274702321249E-01     0.00000000000000E+00
         0.16624112000000     8.35232603876547E-01    -8.78951737163532E-02    -6.68677462030270E-01     3.37340729222725E-01     1.00000000000000E+00
         0.05671401000000     2.34064107789064E-01     9.47000324493655E-01    -4.44975613933984E-01    -8.95492074265835E-01     0.00000000000000E+00
C DZVP-MOLOPT-PBE-GTH-Q4
 1
 2 0 2 5 2 2 1
         5.47852365000000    -1.21806161002328E-01    -4.74320319510903E-03    -7.81906234936134E-02     2.84300330835062E-02     0.00000000000000E+00
         1.99009798000000    -1.49465717415853E-01     5.41330438268110E-02    -2.56213048554529E-01     1.11610392189608E-01     0.00000000000000E+00
         0.69900243000000     4.87522071896689E-01    -2.74482625081273E-01    -5.67978217141717E-01     2.51306000277351E-01     0.00000000000000E+00
         0.24630109000000     8.24600977287048E-01    -7.53140351169176E-02    -6.70799959512884E-01     2.81698954292075E-01     1.00000000000000E+00
         0.08069556000000     2.12552854909183E-01     9.57096755940796E-01    -3.94549438370028E-01    -9.18817635306106E-01     0.00000000000000E+00
N DZVP-MOLOPT-PBE-GTH-Q5
 1
 2 0 2 5 2 2 1
         7.68439642000000    -1.26322363448379E-01    -5.83479348707295E-03    -8.68366784401256E-02     3.07996944610909E-02     0.00000000000000E+00
         2.78905639000000    -1.44400171774768E-01     4.48731005476918E-02    -2.75852786923464E-01     1.13279739285249E-01     0.00000000000000E+00
         0.99006742000000     5.00509593604982E-01    -2.39337364068034E-01    -5.78083963582940E-01     2.37736621585445E-01     0.00000000000000E+00
         0.34454649000000     8.17556887282118E-01    -9.48958076161799E-02    -6.64075448277791E-01     2.66314191841536E-01     1.00000000000000E+00
         0.11048501000000     2.10433204725829E-01     9.65227834187369E-01    -3.75749066887643E-01    -9.26702287398439E-01     0.00000000000000E+00
O DZVP-MOLOPT-PBE-GTH-Q6
 1
 2 0 2 5 2 2 1
        10.28678512000000    -1.29089102017814E-01    -6.29032997624780E-03    -9.27454295734896E-02     3.19894734714251E-02     0.00000000000000E+00
         3.72496864000000    -1.40468197328623E-01     3.79822847701296E-02    -2.90400263466029E-01     1.14579517279943E-01     0.00000000000000E+00
         1.32679098000000     5.09620219947971E-01    -2.12671490613437E-01    -5.84677564105132E-01     2.27303623376131E-01     0.00000000000000E+00
         0.45777543000000     8.12268177805592E-01    -1.11799914927864E-01    -6.57310332032831E-01     2.59549015575056E-01     1.00000000000000E+00
         0.14444472000000     2.10029350387145E-01     9.69942984868086E-01    -3.64912654901237E-01    -9.31029311633644E-01     0.00000000000000E+00
F DZVP-MOLOPT-PBE-GTH-Q7
 1
 2 0 2 5 2 2 1
        13.28028400000000     1.31007370357427E-01     6.48615358793318E-03    -9.70351010814889E-02     3.26452569611222E-02     0.00000000000000E+00
         4.79675437000000     1.37263961130380E-01    -3.27983087028648E-02    -3.01439098455648E-01     1.15524881327372E-01     0.00000000000000E+00
         1.70922703000000    -5.16389039420800E-01     1.92163131021779E-01    -5.89244716260037E-01     2.19156555715216E-01     0.00000000000000E+00
         0.58579085000000    -8.08231691625741E-01     1.25447526743539E-01    -6.51422575438453E-01     2.56543907273895E-01     1.00000000000000E+00
         0.18245269000000    -2.09998967865765E-01    -9.72737605866917E-01    -3.57991552482894E-01    -9.33672274794494E-01     0.00000000000000E+00
