TC DZVP-MOLOPT-SCAN-GTH-Q15
 1
 2 0 3 6 3 2 2 1
         2.48102409229533    -5.52482633467345E-01     4.74637280058366E-01     9.15716129105893E-02     3.85553156041006E-01     5.94080356803156E-01    -6.83044285015766E-01    -1.05296736094666E-02     2.09358669771447E-01
         2.42663071280710     2.37898648076578E-01    -1.20093401766971E-01    -6.00603235338449E-01    -3.70618684419041E-01    -5.89495721738283E-01     7.16213239881399E-01    -2.09097178380701E-02    -2.05850913874696E-01
         1.46373699865415     2.13765293356692E-01    -5.50131137585978E-01     1.73084135368883E-01     6.24891983597715E-02    -1.23239751248316E-01     3.02469559610798E-02    -5.43663303877282E-02    -1.02927281102203E-01
         0.63077429608595     4.74540124132161E-01    -3.21917150749616E-03     3.80067495209454E-01    -9.17289348907765E-02    -5.15762657163668E-02     1.20260721784340E-01    -3.32428276809212E-01    -6.84642669699507E-01
         0.21902316317430     6.49826216071664E-02     8.35911212027297E-02     6.66369559387051E-01    -7.25351335165368E-01     4.55780834572779E-01     7.13667615996648E-02     6.51488164613119E-01    -6.58592602845010E-01
         0.06859259537642    -6.02545020553771E-01    -6.71308364375170E-01     1.11501501788395E-01    -4.18971237428411E-01     2.71990821676108E-01     4.28550063184649E-03     6.79375318907355E-01    -2.68425363547768E-02


##################################################################################
# H Li Be B C N O F
##################################################################################
H DZVP-MOLOPT-SCAN-GTH-q1
 1
 2 0 1 5 2 1
         9.16876514496744     4.30245721944096E-02    -3.89199332255518E-02    -1.03225299298647E-01
         2.16119406948452     1.67758655334156E-01    -2.29436993766244E-01     3.18679005482070E-01
         0.61986766123499     5.51924571472773E-01    -2.73974309763091E-01     4.58038932787715E-01
         0.41225503616229     4.20326460221825E-01     8.94936516623427E-01     2.25604019455304E-02
         0.16131600752250     6.99078574975625E-01    -2.64330500496994E-01     8.23091485416057E-01

LI DZVP-MOLOPT-SCAN-GTH-q3
 1
 2 0 1 5 3 1
         7.16844236582156     4.59040179831200E-01     6.55252641697574E-02    -5.34888781493631E-02    -5.32633706247447E-02
         1.96646004737787     6.89625406668714E-01     2.24512114641720E-01     9.75628527153406E-03    -1.02755993819427E-02
         0.61528504043118     4.06022964827583E-01     3.90565729423524E-01     3.94146870355341E-02    -3.16520477058582E-01
         0.12335967570440     3.31113892191300E-01    -7.59029087208403E-01    -5.08022279639505E-01    -8.26096787687311E-01
         0.04150141768068     1.98009732609532E-01    -4.65439583518673E-01     8.58722074158918E-01    -4.63072683692687E-01

BE DZVP-MOLOPT-SCAN-GTH-q4
 1
 2 0 1 6 3 1
        15.01377637427408    -2.40510223119198E-01     6.03102625441948E-02     5.25555864333394E-02     1.37703326057228E-02
         6.83529512910521    -5.36645490925219E-01     1.21962287840024E-01     1.59029942088180E-01    -2.21919939752416E-02
         2.13465411675177    -6.94249999440827E-01     3.30280797778627E-01    -7.64945312228299E-02    -8.86818949586169E-02
         0.65769565289362    -1.88269612985260E-01     1.30839466253724E-01     1.41822975650634E-01    -3.81732419167323E-01
         0.21610958539166    -2.33610908694001E-01    -7.25465964242419E-01     6.16572259339964E-01    -8.35157021926512E-01
         0.06662687418727    -2.86642432460271E-01    -5.73570079407608E-01    -7.52210653432328E-01    -3.85027951885812E-01

B DZVP-MOLOPT-SCAN-GTH-q3
 1
 2 0 2 5 2 2 1
         3.65988726090151    -1.63931717391878E-01     1.43039480146903E-01    -9.82563493612261E-02     8.59682867544174E-02    -1.17987384907779E-01
         1.27972732283840    -2.60179746144549E-01     1.42130404338348E-01    -2.35518016243385E-01     2.82827837664396E-01     4.27474251187594E-01
         0.54616677814259     4.80282079929407E-01    -2.85822610121461E-01    -5.47597912886026E-01     3.68307680553495E-01     4.34001973757363E-01
         0.22370469741326     7.50352476860196E-01    -1.48572474286656E-01    -6.57102846745137E-01     1.71955486235345E-01     7.73438906055056E-01
         0.08171614349639     3.34265128150633E-01     9.24970437749022E-01    -4.50809636584324E-01    -8.64522198161194E-01     1.29534886996904E-01

C DZVP-MOLOPT-SCAN-GTH-q4
 1
 2 0 2 5 2 2 1
         5.62346013427220    -1.55253500731420E-01     5.81156225081139E-02    -9.29774868419450E-02     6.15864535855770E-02    -8.37519672759395E-02
         2.09855872766266    -2.36394508865927E-01     1.09598535828912E-01    -2.48489734215218E-01     2.22870166784096E-01     2.49479844044917E-01
         0.82051076634244     4.67426079878225E-01    -1.58417931802923E-01    -5.81990872631545E-01     3.41552398929665E-01     5.62523929081207E-01
         0.31733139976061     8.30527918853097E-01     3.37009387490940E-03    -6.83456388910509E-01     8.65714462205001E-02     7.72454993535448E-01
         0.11111607198944     1.08398443456976E-01     9.79542309813727E-01    -3.51826701035020E-01    -9.06853538878833E-01     1.32761167386880E-01

N DZVP-MOLOPT-SCAN-GTH-q5
 1
 2 0 2 5 2 2 1
         7.74124015225863    -1.45963178273034E-01     6.43304029112797E-02    -1.01905209736116E-01     4.44251854507497E-02    -2.76539938296751E-03
         2.73930390849528    -1.87345534874555E-01     1.22127781812082E-01    -3.01245760058054E-01     1.48069012522506E-01     1.26888684309027E-01
         1.07756524408889     4.78177253406059E-01    -2.57606991616038E-01    -5.55725383684687E-01     2.96032930788583E-01     4.97316099002491E-01
         0.42547578818945     8.00783158520077E-01    -1.27185272284790E-01    -6.97364785465728E-01     1.25087813780900E-01     8.53314297705412E-01
         0.14241534174476     2.71457636670345E-01     9.47844369374694E-01    -3.22052750642701E-01    -9.34248100431846E-01    -9.17770198091085E-02

O DZVP-MOLOPT-SCAN-GTH-q6
 1
 2 0 2 5 2 2 1
        10.25781699497238    -1.37093335568261E-01     6.42341766590814E-02    -1.01541960662273E-01     5.12250917317880E-02    -1.55308630843787E-02
         3.64428735012608    -1.53382903419191E-01     6.95730187369108E-02    -2.97888826596963E-01     1.18416114723772E-01     1.12242705044625E-01
         1.40222472037927     4.52964005356058E-01    -1.60546208430784E-01    -5.48743422499672E-01     2.65706574607295E-01     4.02080210361362E-01
         0.52205700268808     8.05450964095097E-01    -2.63981031214717E-01    -6.95022929228448E-01     1.92118246587555E-01     9.01700430010169E-01
         0.16818943371335     3.22104729197730E-01     9.46346921445871E-01    -3.41723954857718E-01    -9.35865486749767E-01    -1.11481865840859E-01

F DZVP-MOLOPT-SCAN-GTH-q7
 1
 2 0 2 5 2 2 1
        13.16645520019096     1.25688709752362E-01    -6.90191648196731E-02    -9.31572868763813E-02     5.00225599861602E-02    -1.02513605924922E-02
         4.67863609541364     1.25206371205048E-01    -7.54523660806367E-02    -2.93923292691458E-01     1.19602022797720E-01     4.04484470063397E-02
         1.68188350144516    -4.93940854057955E-01     2.15904735709196E-01    -5.53343548452151E-01     3.11861936412921E-01     4.51403790784568E-01
         0.58393450944632    -7.58234802751956E-01     3.05654861844976E-01    -6.44505933144035E-01     2.69615230808562E-01     8.90352206116421E-01
         0.18571155118612    -3.86817953873203E-01    -9.21685166349822E-01    -4.28198362261887E-01    -9.01799789070697E-01     4.20285554084608E-02

##################################################################################
# Na Mg Al Si P S Cl
##################################################################################
NA DZVP-MOLOPT-SCAN-GTH-q9
 1
 2 0 1 7 3 2
        23.73623475451178     7.59293298961994E-02     9.29479206467045E-03     3.52841734252571E-03    -6.04741278775464E-02    -8.07460628967052E-03
        10.11641356043255     2.12113484027943E-01     3.98563875981726E-02    -5.37296099972568E-03    -2.57063918523309E-01    -4.10627635696339E-02
         3.52304833215222    -3.22404264654514E-01    -8.20187220754212E-02     2.79352156362068E-02    -5.69233425597102E-01    -9.38077569794682E-02
         1.27206063218102    -8.09006243563293E-01    -1.94561161439502E-01     3.43476681131119E-02    -6.61805381100161E-01    -1.02544576365611E-01
         0.47926233807059    -2.73216143242605E-01    -3.24733900498562E-01     2.70277296032776E-01    -3.72304201094528E-01    -7.17850018495401E-02
         0.16961828185151    -2.69307829291007E-01     4.04198137636283E-01    -8.12809601220053E-01    -1.03345644624810E-01     2.77011118373101E-01
         0.04234449736515    -2.08885679062582E-01     8.27596349855941E-01     5.14090729733004E-01    -1.37685242365324E-01     9.47124658414570E-01


MG DZVP-MOLOPT-SCAN-GTH-q10
 1
 2 0 1 7 3 2
        30.79059135930717     4.01880715163205E-02     6.02514632186762E-02    -8.04916374032535E-04     5.76281569597292E-02     1.68618438963025E-02
        12.53114403413805     1.35860623871452E-01     1.89634769797005E-01     8.11552106371754E-04     2.46898040486481E-01     7.76703216135123E-02
         4.36072428815407    -2.12263002734065E-01    -2.69307828139988E-01    -1.88870676898386E-02     5.78572230578369E-01     1.81107650826189E-01
         1.52360546268927    -5.44461279411785E-01    -6.44475664186943E-01    -1.38182305724109E-01     6.52857929025903E-01     2.25027899014485E-01
         0.55661077823868    -3.20753701210862E-01    -9.77932878667765E-02    -1.61619344694509E-01     3.02684159996443E-01     9.02693267360224E-03
         0.16291206601077     3.36792868608022E-01    -5.01673429370170E-01     7.70135451546433E-01     2.38457393949193E-01    -7.55364167412647E-01
         0.05681478450624     6.49708218737436E-01    -4.59666259746727E-01    -6.01097493126986E-01     1.62084614319643E-01    -5.82742612062753E-01

AL DZVP-MOLOPT-SCAN-GTH-q3
 1
 2 0 2 4 2 2 1
         0.95791739052556     1.14689332804671E-01    -5.73044740427166E-01     1.17382740743192E-01    -6.53173101228858E-02     2.92793759072556E-01
         0.33961040779561     1.06865292583101E-01     5.72189703068084E-01    -6.96162503439069E-01     4.87500718077411E-01     7.52630299192440E-01
         0.15217379439230    -8.47775135008315E-01     2.96993214273918E-01    -7.00904770655842E-01    -3.81772078180171E-01     5.54992235724637E-01
         0.05336998977337    -5.06659142465208E-01    -5.05977963795723E-01    -1.01545868714324E-01    -7.82513117586097E-01     1.99507056694822E-01

SI DZVP-MOLOPT-SCAN-GTH-q4
 1
 2 0 2 4 2 2 1
         1.21644582823379    -6.11580870028070E-02    -6.06882894624584E-01     1.17073061093317E-01     9.11259094992426E-02     2.61631217642108E-01
         0.42372905166864     4.27090290417921E-02     5.14932476767906E-01    -7.02338753239435E-01    -5.77887340790268E-01     7.89594199172867E-01
         0.16879040618436    -8.19906861559985E-01     3.91687188688344E-01    -7.00406312787509E-01     5.52818836443346E-01     5.52270008986534E-01
         0.04908092112256    -5.67616389473841E-01    -4.61647964144950E-01    -4.94486710814650E-02     5.93408479924001E-01     5.55692699401403E-02

P DZVP-MOLOPT-SCAN-GTH-q5
 1
 2 0 2 4 2 2 1
         1.51742916393594     3.67476636985091E-01     2.94114631954703E-01     1.04407902626154E-01     1.49675885044532E-01     2.48418902614388E-01
         0.57853573960743    -2.68022642057556E-01    -3.43441325547082E-01    -4.98667597011555E-01    -6.24512053742729E-01     7.61832629648219E-01
         0.22221583015814    -8.57162475466123E-01    -1.79271660194195E-02    -7.82439209728714E-01     6.85974050650459E-02     5.98121133591899E-01
         0.07960375197843    -2.41655281894277E-01     8.91752911907287E-01    -3.58076110120508E-01     7.63463306377272E-01    -1.22557242904662E-02

S DZVP-MOLOPT-SCAN-GTH-q6
 1
 2 0 2 4 2 2 1
         1.88982592125518     3.26660680903398E-01    -1.40113335745630E-01     2.05757289488259E-01     1.31587103765163E-01     8.63181897573166E-02
         1.15800216982202    -7.89841314278472E-02    -1.32842309185549E-01    -3.49827240399351E-01    -1.70936424818098E-01     3.62126019596262E-01
         0.37325162853195    -7.39935765807641E-01     5.77184184804776E-01    -8.28100896626626E-01    -3.25058953530420E-01     9.02338526329730E-01
         0.12418523801761    -5.82708648479647E-01    -7.93460516250008E-01    -3.86695933135065E-01     9.20761776749454E-01     2.17253538404969E-01

CL DZVP-MOLOPT-SCAN-GTH-q7
 1
 2 0 2 4 2 2 1
         1.99031135450461     4.85018816633289E-01     1.94158525239581E-01     3.26464872695311E-01     1.51626624474172E-01     1.14349988907458E-01
         1.46501921747017    -3.69443122264159E-01     8.84925501203065E-02    -4.91090003440862E-01    -1.60659090706497E-01     2.49763916797096E-01
         0.40655378963524    -5.57894471564660E-01    -6.37209072162332E-01    -6.93734950650820E-01    -3.56105172703454E-01     9.48735957067629E-01
         0.13370286337397    -5.63047320854067E-01     7.40564739914084E-01    -4.13501044329990E-01     9.07957669331436E-01     1.56339853108561E-01

##################################################################################
# K Ca
##################################################################################
K DZVP-MOLOPT-SCAN-GTH-q9
 1
 2 0 2 6 3 2 1
         2.89323842622084    -6.74529457445985E-02     2.34020109950133E-01     4.03097692934648E-01     5.80413469786502E-01    -1.68717032335087E-01    -2.28538086037732E-01
         2.73325630981316    -3.84692229708750E-01    -1.34150406936207E-01    -3.84217098503436E-01    -6.10957294556207E-01     1.54844125248861E-01     3.60921413158146E-01
         0.88571300706887     6.50878052440854E-01    -1.99248763028580E-01    -6.81221871310689E-02    -3.23708268750550E-01     1.55183569554020E-01     3.08554863905753E-01
         0.34850224860432     5.13684796387750E-01    -3.19302676628855E-01    -3.44250247051729E-01    -3.35578668804748E-01     1.88509255647008E-02     3.60569952628435E-01
         0.12864140143795     2.82293676045817E-01     2.43896953496132E-02     6.80126179044559E-01     8.12916103047726E-03     2.86186640185663E-01     5.91035443358690E-01
         0.03206198236607     2.83298358250632E-01     8.85996123212602E-01    -3.22752206455535E-01     2.69045012675664E-01     9.17179245949790E-01     4.92916206539777E-01


CA DZVP-MOLOPT-SCAN-GTH-q10
 1
 2 0 2 6 3 2 1
         4.74052585387767    -6.97702223430053E-01    -7.63827148741640E-03    -1.55904921887154E-01     1.82291030643705E-01     1.18823961150503E-01    -3.36252137053475E-01
         4.14616151871085    -2.02259313560778E-01    -1.92803278317273E-02     9.06383016500211E-01    -1.32716866162613E-01    -1.24875006909502E-01     4.62897317027736E-01
         1.27426617498362     7.68237616809530E-02    -3.63237643594321E-02    -3.25673934490101E-01    -5.74658512560215E-01    -2.49808359948780E-01     3.23046682090878E-01
         0.51516813563340    -5.63922651020662E-01    -3.92010030679644E-01    -1.87813843185933E-01    -6.05505090336086E-01    -3.72061436568541E-01     3.83561411624682E-01
         0.19113213472550    -3.20939178157580E-01     1.02608766352820E-01     7.56898798085042E-02    -3.00154595794505E-01     2.15220004490040E-01     5.74128272051346E-01
         0.05048595128561    -2.13049700138811E-01     9.13263426851334E-01    -8.42435370065900E-02    -4.02733921746651E-01     8.50372576751753E-01     3.02586824150337E-01
