TC DZVP-MOLOPT-SCAN-GTH-Q15
 1
 2 0 3 7 3 2 2 1
         5.46243498053131     7.71357638312448E-03    -1.19558326620850E-01    -6.95808841980966E-02    -5.33220225489440E-02    -2.81564316540745E-03    -7.20016184210430E-03     4.09091610569221E-02    -1.25467881662944E-03
         3.39596463051860     9.36246176239434E-04     5.38662976394075E-01     3.46399312358639E-01     3.49602242348174E-01     1.31892972359416E-01    -1.03025074060959E-01    -9.26798705178325E-02     4.06971638050346E-02
         1.97130454975348    -7.33686364324828E-02    -7.69669706773523E-02    -1.81700075356804E-01    -4.06173728580762E-01    -2.40831959218136E-01     4.13921385947015E-01     4.00453529166419E-02    -1.04249237813973E-01
         0.91906613176881    -2.89442821573105E-01    -5.27215016106152E-01    -3.98925111351909E-01    -5.58061269244000E-01    -4.84827241486936E-01     5.62287725810578E-01    -2.48232271098553E-01    -2.77290041679819E-01
         0.43981356672768     9.91337661116620E-02    -9.03999747129108E-02    -3.22017031407766E-01    -4.59658170323549E-01     1.30541850952417E-01     6.55758936004144E-01    -5.60375872227140E-02    -8.40510379809244E-01
         0.17270938042696     7.24905444734299E-01    -5.17147433369178E-01     4.09157744632488E-01    -4.01207859231828E-01     7.49300748965644E-01     2.58900311501774E-01     7.43847639732301E-01    -4.50678519233427E-01
         0.06108395172644    -6.12751265214037E-01    -3.68856060471313E-01     6.41798119809070E-01    -1.62086940196969E-01     3.33235715487592E-01    -6.91840877489107E-02     6.08329244012150E-01     3.18695712896998E-02
F DZVP-MOLOPT-SCAN-GTH-Q7
 1
 2 0 2 5 2 2 1
        13.16645520019096     1.25688709752362E-01    -6.90191648196731E-02    -9.31572868763813E-02     5.00225599861602E-02    -1.02513605924922E-02
         4.67863609541364     1.25206371205048E-01    -7.54523660806367E-02    -2.93923292691458E-01     1.19602022797720E-01     4.04484470063397E-02
         1.68188350144516    -4.93940854057955E-01     2.15904735709196E-01    -5.53343548452151E-01     3.11861936412921E-01     4.51403790784568E-01
         0.58393450944632    -7.58234802751956E-01     3.05654861844976E-01    -6.44505933144035E-01     2.69615230808562E-01     8.90352206116421E-01
         0.18571155118612    -3.86817953873203E-01    -9.21685166349822E-01    -4.28198362261887E-01    -9.01799789070697E-01     4.20285554084608E-02
O DZVP-MOLOPT-SCAN-GTH-Q6
 1
 2 0 2 5 2 2 1
        10.25781699497238    -1.37093335568261E-01     6.42341766590814E-02    -1.01541960662273E-01     5.12250917317880E-02    -1.55308630843787E-02
         3.64428735012608    -1.53382903419191E-01     6.95730187369108E-02    -2.97888826596963E-01     1.18416114723772E-01     1.12242705044625E-01
         1.40222472037927     4.52964005356058E-01    -1.60546208430784E-01    -5.48743422499672E-01     2.65706574607295E-01     4.02080210361362E-01
         0.52205700268808     8.05450964095097E-01    -2.63981031214717E-01    -6.95022929228448E-01     1.92118246587555E-01     9.01700430010169E-01
         0.16818943371335     3.22104729197730E-01     9.46346921445871E-01    -3.41723954857718E-01    -9.35865486749767E-01    -1.11481865840859E-01
