TC TZV2P-MOLOPT-SCAN-GTH-Q15
 1
 2 0 3 6 4 3 3 2
         2.46210442717702    -5.86482761818069E-01     3.88688747154078E-01     1.29364336051416E-01    -1.74014486865024E-01     3.69707754400525E-01     6.03422206142011E-01    -8.69468902787659E-03    -6.73144953939381E-01     5.97329801135799E-02     7.51552029729111E-03     2.62043338422188E-01    -2.56807894462918E-03
         2.39538526477913     2.20961211779018E-01    -1.22450162945917E-02    -6.16284315764245E-01     4.96103068004008E-01    -3.36480653032513E-01    -6.05927847919818E-01     8.75364594392482E-03     7.11310952219478E-01    -9.66054200978808E-02     2.61884390785791E-02    -2.64325681306004E-01     8.36718392426919E-03
         1.50695728077775     3.76938403098982E-01    -4.21335610925089E-01     3.62470351901831E-01    -4.17725251878426E-01     3.65910172125992E-02    -1.15929389303684E-01     1.49134192618193E-01     2.95647473967235E-02    -2.82857054697463E-02     2.87076130998767E-02    -1.00777543594592E-01     2.97065032270339E-04
         0.64023496036762     3.40621589180365E-01    -2.22569943603245E-01     4.79153016002094E-02     8.65632250956803E-02    -1.33542515198356E-01    -5.16788823795693E-02    -1.46603736259236E-01     1.18409954722676E-01    -2.72903334744883E-01     2.77744885516896E-01    -6.80160293056403E-01     1.10094787854267E-03
         0.22326923270082     7.19299858039098E-02     1.35091901673997E-01     6.85199353190744E-01     6.99561810521719E-01    -7.32931409192252E-01     4.25983099996188E-01    -4.84357209890379E-01     1.44289190075706E-01     6.23103131832276E-01    -6.70865840176862E-01    -6.23390463594342E-01     8.05307957661410E-03
         0.07145627125364    -5.86459345031759E-01    -7.76827019795702E-01    -1.67249799007880E-02     2.28530959700929E-01    -4.40154506945276E-01     2.66760477918446E-01     8.49418746202106E-01     7.20988085879848E-02     7.23578288609100E-01     6.86462204798193E-01     8.68420098627761E-03     9.99928618841955E-01
TC TZVP-MOLOPT-SCAN-GTH-q15
 1
 2 0 3 6 4 3 3 1
         2.46210442717702    -5.86482761818069E-01     3.88688747154078E-01     1.29364336051416E-01    -1.74014486865024E-01     3.69707754400525E-01     6.03422206142011E-01    -8.69468902787659E-03    -6.73144953939381E-01     5.97329801135799E-02     7.51552029729111E-03     2.62043338422188E-01
         2.39538526477913     2.20961211779018E-01    -1.22450162945917E-02    -6.16284315764245E-01     4.96103068004008E-01    -3.36480653032513E-01    -6.05927847919818E-01     8.75364594392482E-03     7.11310952219478E-01    -9.66054200978808E-02     2.61884390785791E-02    -2.64325681306004E-01
         1.50695728077775     3.76938403098982E-01    -4.21335610925089E-01     3.62470351901831E-01    -4.17725251878426E-01     3.65910172125992E-02    -1.15929389303684E-01     1.49134192618193E-01     2.95647473967235E-02    -2.82857054697463E-02     2.87076130998767E-02    -1.00777543594592E-01
         0.64023496036762     3.40621589180365E-01    -2.22569943603245E-01     4.79153016002094E-02     8.65632250956803E-02    -1.33542515198356E-01    -5.16788823795693E-02    -1.46603736259236E-01     1.18409954722676E-01    -2.72903334744883E-01     2.77744885516896E-01    -6.80160293056403E-01
         0.22326923270082     7.19299858039098E-02     1.35091901673997E-01     6.85199353190744E-01     6.99561810521719E-01    -7.32931409192252E-01     4.25983099996188E-01    -4.84357209890379E-01     1.44289190075706E-01     6.23103131832276E-01    -6.70865840176862E-01    -6.23390463594342E-01
         0.07145627125364    -5.86459345031759E-01    -7.76827019795702E-01    -1.67249799007880E-02     2.28530959700929E-01    -4.40154506945276E-01     2.66760477918446E-01     8.49418746202106E-01     7.20988085879848E-02     7.23578288609100E-01     6.86462204798193E-01     8.68420098627761E-03
TC DZVP-MOLOPT-SCAN-GTH-q15
 1
 2 0 3 6 3 2 2 1
         2.46210442717702    -5.86482761818069E-01     3.88688747154078E-01     1.29364336051416E-01     3.69707754400525E-01     6.03422206142011E-01    -6.73144953939381E-01     5.97329801135799E-02     2.62043338422188E-01
         2.39538526477913     2.20961211779018E-01    -1.22450162945917E-02    -6.16284315764245E-01    -3.36480653032513E-01    -6.05927847919818E-01     7.11310952219478E-01    -9.66054200978808E-02    -2.64325681306004E-01
         1.50695728077775     3.76938403098982E-01    -4.21335610925089E-01     3.62470351901831E-01     3.65910172125992E-02    -1.15929389303684E-01     2.95647473967235E-02    -2.82857054697463E-02    -1.00777543594592E-01
         0.64023496036762     3.40621589180365E-01    -2.22569943603245E-01     4.79153016002094E-02    -1.33542515198356E-01    -5.16788823795693E-02     1.18409954722676E-01    -2.72903334744883E-01    -6.80160293056403E-01
         0.22326923270082     7.19299858039098E-02     1.35091901673997E-01     6.85199353190744E-01    -7.32931409192252E-01     4.25983099996188E-01     1.44289190075706E-01     6.23103131832276E-01    -6.23390463594342E-01
         0.07145627125364    -5.86459345031759E-01    -7.76827019795702E-01    -1.67249799007880E-02    -4.40154506945276E-01     2.66760477918446E-01     7.20988085879848E-02     7.23578288609100E-01     8.68420098627761E-03
O TZV2P-MOLOPT-SCAN-GTH-Q6
 1
 2 0 3 5 3 3 2 1
        10.25781699497238    -1.37093335568261E-01     6.42341766590814E-02    -7.17088581420037E-01    -1.01541960662273E-01     5.12250917317880E-02     1.18360216509634E-01    -1.55308630843787E-02     3.18602602792577E-02     1.18645628163343E-03
         3.64428735012608    -1.53382903419191E-01     6.95730187369108E-02    -5.49416247278626E-01    -2.97888826596963E-01     1.18416114723772E-01     5.91292938991213E-02     1.12242705044625E-01    -2.22035206994148E-01    -3.65643497936781E-03
         1.40222472037927     4.52964005356058E-01    -1.60546208430784E-01     2.25545730548663E-01    -5.48743422499672E-01     2.65706574607295E-01     7.32042358682655E-01     4.02080210361362E-01    -8.37756480907312E-01     4.91390044295019E-04
         0.52205700268808     8.05450964095097E-01    -2.63981031214717E-01    -3.63850982918199E-01    -6.95022929228448E-01     1.92118246587555E-01    -6.62764404039625E-01     9.01700430010169E-01     4.32284673630976E-01     9.99992334274143E-01
         0.16818943371335     3.22104729197730E-01     9.46346921445871E-01     2.58329108697022E-02    -3.41723954857718E-01    -9.35865486749767E-01     8.57433121772174E-02    -1.11481865840859E-01     2.46939932598114E-01     5.59225812546083E-04
O TZVP-MOLOPT-SCAN-GTH-q6
 1
 2 0 2 5 3 3 1
        10.25781699497238    -1.37093335568261E-01     6.42341766590814E-02    -7.17088581420037E-01    -1.01541960662273E-01     5.12250917317880E-02     1.18360216509634E-01    -1.55308630843787E-02
         3.64428735012608    -1.53382903419191E-01     6.95730187369108E-02    -5.49416247278626E-01    -2.97888826596963E-01     1.18416114723772E-01     5.91292938991213E-02     1.12242705044625E-01
         1.40222472037927     4.52964005356058E-01    -1.60546208430784E-01     2.25545730548663E-01    -5.48743422499672E-01     2.65706574607295E-01     7.32042358682655E-01     4.02080210361362E-01
         0.52205700268808     8.05450964095097E-01    -2.63981031214717E-01    -3.63850982918199E-01    -6.95022929228448E-01     1.92118246587555E-01    -6.62764404039625E-01     9.01700430010169E-01
         0.16818943371335     3.22104729197730E-01     9.46346921445871E-01     2.58329108697022E-02    -3.41723954857718E-01    -9.35865486749767E-01     8.57433121772174E-02    -1.11481865840859E-01
O DZVP-MOLOPT-SCAN-GTH-q6
 1
 2 0 2 5 2 2 1
        10.25781699497238    -1.37093335568261E-01     6.42341766590814E-02    -1.01541960662273E-01     5.12250917317880E-02    -1.55308630843787E-02
         3.64428735012608    -1.53382903419191E-01     6.95730187369108E-02    -2.97888826596963E-01     1.18416114723772E-01     1.12242705044625E-01
         1.40222472037927     4.52964005356058E-01    -1.60546208430784E-01    -5.48743422499672E-01     2.65706574607295E-01     4.02080210361362E-01
         0.52205700268808     8.05450964095097E-01    -2.63981031214717E-01    -6.95022929228448E-01     1.92118246587555E-01     9.01700430010169E-01
         0.16818943371335     3.22104729197730E-01     9.46346921445871E-01    -3.41723954857718E-01    -9.35865486749767E-01    -1.11481865840859E-01
F TZV2P-MOLOPT-SCAN-GTH-Q7
 1
 2 0 3 5 3 3 2 1
        13.16645520019096     1.25688709752362E-01    -6.90191648196731E-02    -4.19619998203344E-01    -9.31572868763813E-02     5.00225599861602E-02    -6.88622277281857E-02    -1.02513605924922E-02    -1.03135180619022E-01    -3.14119421202531E-02
         4.67863609541364     1.25206371205048E-01    -7.54523660806367E-02    -2.93986334505468E-01    -2.93923292691458E-01     1.19602022797720E-01    -4.99826189781570E-01     4.04484470063397E-02    -1.25856773171103E-01     1.01835664406271E-01
         1.68188350144516    -4.93940854057955E-01     2.15904735709196E-01    -7.69158858630548E-01    -5.53343548452151E-01     3.11861936412921E-01     7.42571819653283E-01     4.51403790784568E-01    -8.76791264789868E-01     2.29748587047615E-01
         0.58393450944632    -7.58234802751956E-01     3.05654861844976E-01     3.81944805550917E-01    -6.44505933144035E-01     2.69615230808562E-01    -4.36892722870730E-01     8.90352206116421E-01     4.45248862484439E-01     9.66043910568162E-01
         0.18571155118612    -3.86817953873203E-01    -9.21685166349822E-01     1.97684968795899E-03    -4.28198362261887E-01    -9.01799789070697E-01     5.60679494913207E-02     4.20285554084608E-02     8.07077171659289E-02    -5.11618700886137E-02
F TZVP-MOLOPT-SCAN-GTH-q7
 1
 2 0 2 5 3 3 1
        13.16645520019096     1.25688709752362E-01    -6.90191648196731E-02    -4.19619998203344E-01    -9.31572868763813E-02     5.00225599861602E-02    -6.88622277281857E-02    -1.02513605924922E-02
         4.67863609541364     1.25206371205048E-01    -7.54523660806367E-02    -2.93986334505468E-01    -2.93923292691458E-01     1.19602022797720E-01    -4.99826189781570E-01     4.04484470063397E-02
         1.68188350144516    -4.93940854057955E-01     2.15904735709196E-01    -7.69158858630548E-01    -5.53343548452151E-01     3.11861936412921E-01     7.42571819653283E-01     4.51403790784568E-01
         0.58393450944632    -7.58234802751956E-01     3.05654861844976E-01     3.81944805550917E-01    -6.44505933144035E-01     2.69615230808562E-01    -4.36892722870730E-01     8.90352206116421E-01
         0.18571155118612    -3.86817953873203E-01    -9.21685166349822E-01     1.97684968795899E-03    -4.28198362261887E-01    -9.01799789070697E-01     5.60679494913207E-02     4.20285554084608E-02
F DZVP-MOLOPT-SCAN-GTH-q7
 1
 2 0 2 5 2 2 1
        13.16645520019096     1.25688709752362E-01    -6.90191648196731E-02    -9.31572868763813E-02     5.00225599861602E-02    -1.02513605924922E-02
         4.67863609541364     1.25206371205048E-01    -7.54523660806367E-02    -2.93923292691458E-01     1.19602022797720E-01     4.04484470063397E-02
         1.68188350144516    -4.93940854057955E-01     2.15904735709196E-01    -5.53343548452151E-01     3.11861936412921E-01     4.51403790784568E-01
         0.58393450944632    -7.58234802751956E-01     3.05654861844976E-01    -6.44505933144035E-01     2.69615230808562E-01     8.90352206116421E-01
         0.18571155118612    -3.86817953873203E-01    -9.21685166349822E-01    -4.28198362261887E-01    -9.01799789070697E-01     4.20285554084608E-02
