TA DZVP-MOLOPT-PBE0-GTH-Q13
 1
 2 0 3 6 3 2 2 1
         3.29182251735570     1.09339793095292E-01    -6.69490311355817E-02     5.65375074807741E-01     6.45947710204760E-01     1.10825721285476E-01    -1.91902754043775E-01     2.54488758954064E-02     2.69412611268783E-02
         3.13137966852785     2.70029742029895E-01     2.67247099206179E-01    -6.25410458461385E-01    -5.74410852919812E-01    -3.90786535745148E-02     2.20087931261150E-01    -3.65222246333242E-02    -1.35270153571723E-02
         1.05520162876059    -4.72160462704762E-01    -2.83505362882487E-01     1.95474045773260E-01    -2.77813556719661E-01    -5.00460788030727E-01     4.24031098718439E-01     3.41912287956936E-02    -1.24297098535297E-01
         0.45311932334193    -5.07165859017648E-02    -2.63787390693195E-01     1.15199117168889E-01    -2.53921736746223E-01    -1.81694034697815E-01     7.85366665025093E-01    -2.20210197840569E-01    -8.37940867575912E-01
         0.17352444249041    -7.21941631323658E-01    -1.94070306360610E-01    -4.22536881675134E-01    -3.01698113844887E-01     7.42290296846947E-01     3.27010355742332E-01     7.31906278643277E-01    -5.30547931200341E-01
         0.05621456527437    -4.10391708492968E-01     8.58180897662686E-01     2.43299049916061E-01    -1.41863861297208E-01     3.89514968829340E-01    -1.05809694867116E-01     6.42394045540975E-01     3.92616164879919E-03
O DZVP-MOLOPT-PBE0-GTH-Q6
 1
 2 0 2 5 2 2 1
        10.34082423621691    -1.29825249634708E-01     8.18793043945143E-02    -9.31315963557027E-02     6.07168741616306E-02    -1.46443819746845E-04
         3.64864310376424    -1.27684551447027E-01     1.02649506262870E-01    -3.10412801135525E-01     1.66218217874094E-01     4.82789843051162E-02
         1.25503633997207     5.26487514579900E-01    -3.65113179366377E-01    -5.97863015525008E-01     4.26686208369503E-01     7.18155124032992E-01
         0.43936673910305     7.72667288737258E-01    -8.21060762059060E-02    -6.48920500304752E-01    -1.50379113770830E-02     6.93882202281484E-01
         0.14295518532255     3.04365270334762E-01     9.17992274956007E-01    -3.41221918409427E-01    -8.86790677695403E-01    -2.12090879301656E-02
F DZVP-MOLOPT-PBE0-GTH-Q7
 1
 2 0 2 5 2 2 1
        13.31501907729122     1.31813146289282E-01    -5.24225688764356E-02    -9.80506809064632E-02     4.64420401614479E-02     4.89385522399914E-03
         4.62512020147175     1.34547810393351E-01    -5.37398783766778E-02    -3.12727206728056E-01     1.25929415842544E-01     2.30296758923593E-02
         1.62272294024072    -5.51865766775749E-01     1.65440705311574E-01    -5.86706702362430E-01     2.77907352966805E-01     5.26472480151814E-01
         0.55216173678272    -7.87309125215089E-01     1.14519053917377E-01    -6.52997838515906E-01     1.82287680337408E-01     8.49582617686734E-01
         0.17330337957192    -2.00276553789357E-01    -9.76667117835106E-01    -3.49223175694863E-01    -9.33554296168888E-01    -2.19496600587510E-02
