TA TZV2P-MOLOPT-PBE0-GTH-Q13
 1
 2 0 3 6 4 3 3 2
         3.29182251735570     1.09339793095292E-01    -6.69490311355817E-02     5.65375074807741E-01    -1.85904656539216E-01     6.45947710204760E-01     1.10825721285476E-01     5.32602371648674E-02    -1.91902754043775E-01     2.54488758954063E-02    -4.82894412553738E-02     2.69412611268783E-02    -1.05776561469152E-04
         3.13137966852785     2.70029742029895E-01     2.67247099206179E-01    -6.25410458461385E-01     1.77486064665243E-01    -5.74410852919812E-01    -3.90786535745145E-02    -7.28179243899599E-02     2.20087931261150E-01    -3.65222246333241E-02     6.15901687622337E-02    -1.35270153571723E-02     5.31096582555523E-05
         1.05520162876059    -4.72160462704762E-01    -2.83505362882487E-01     1.95474045773260E-01     1.03932006552783E-02    -2.77813556719661E-01    -5.00460788030727E-01     1.70901442458828E-01     4.24031098718439E-01     3.41912287956939E-02     3.01729933927264E-02    -1.24297098535297E-01     4.88014262648571E-04
         0.45311932334193    -5.07165859017648E-02    -2.63787390693195E-01     1.15199117168889E-01     9.36870696809004E-01    -2.53921736746223E-01    -1.81694034697815E-01     3.81858481479194E-02     7.85366665025093E-01    -2.20210197840569E-01     2.95850802519455E-01    -8.37940867575912E-01     3.28991665494942E-03
         0.17352444249041    -7.21941631323658E-01    -1.94070306360610E-01    -4.22536881675134E-01    -1.42104431916815E-01    -3.01698113844887E-01     7.42290296846947E-01    -3.64750189959746E-01     3.27010355742332E-01     7.31906278643278E-01    -5.73848826231938E-01    -5.30547931200341E-01     2.08303299510193E-03
         0.05621456527437    -4.10391708492968E-01     8.58180897662686E-01     2.43299049916060E-01     1.89498719776761E-01    -1.41863861297208E-01     3.89514968829340E-01     9.10028974217703E-01    -1.05809694867116E-01     6.42394045540975E-01     7.59035044464765E-01     3.92616164879919E-03     9.99992292597652E-01
TA TZVP-MOLOPT-PBE0-GTH-q13
 1
 2 0 3 6 4 3 3 1
         3.29182251735570     1.09339793095292E-01    -6.69490311355817E-02     5.65375074807741E-01    -1.85904656539216E-01     6.45947710204760E-01     1.10825721285476E-01     5.32602371648674E-02    -1.91902754043775E-01     2.54488758954063E-02    -4.82894412553738E-02     2.69412611268783E-02
         3.13137966852785     2.70029742029895E-01     2.67247099206179E-01    -6.25410458461385E-01     1.77486064665243E-01    -5.74410852919812E-01    -3.90786535745145E-02    -7.28179243899599E-02     2.20087931261150E-01    -3.65222246333241E-02     6.15901687622337E-02    -1.35270153571723E-02
         1.05520162876059    -4.72160462704762E-01    -2.83505362882487E-01     1.95474045773260E-01     1.03932006552783E-02    -2.77813556719661E-01    -5.00460788030727E-01     1.70901442458828E-01     4.24031098718439E-01     3.41912287956939E-02     3.01729933927264E-02    -1.24297098535297E-01
         0.45311932334193    -5.07165859017648E-02    -2.63787390693195E-01     1.15199117168889E-01     9.36870696809004E-01    -2.53921736746223E-01    -1.81694034697815E-01     3.81858481479194E-02     7.85366665025093E-01    -2.20210197840569E-01     2.95850802519455E-01    -8.37940867575912E-01
         0.17352444249041    -7.21941631323658E-01    -1.94070306360610E-01    -4.22536881675134E-01    -1.42104431916815E-01    -3.01698113844887E-01     7.42290296846947E-01    -3.64750189959746E-01     3.27010355742332E-01     7.31906278643278E-01    -5.73848826231938E-01    -5.30547931200341E-01
         0.05621456527437    -4.10391708492968E-01     8.58180897662686E-01     2.43299049916060E-01     1.89498719776761E-01    -1.41863861297208E-01     3.89514968829340E-01     9.10028974217703E-01    -1.05809694867116E-01     6.42394045540975E-01     7.59035044464765E-01     3.92616164879919E-03
TA DZVP-MOLOPT-PBE0-GTH-q13
 1
 2 0 3 6 3 2 2 1
         3.29182251735570     1.09339793095292E-01    -6.69490311355817E-02     5.65375074807741E-01     6.45947710204760E-01     1.10825721285476E-01    -1.91902754043775E-01     2.54488758954063E-02     2.69412611268783E-02
         3.13137966852785     2.70029742029895E-01     2.67247099206179E-01    -6.25410458461385E-01    -5.74410852919812E-01    -3.90786535745145E-02     2.20087931261150E-01    -3.65222246333241E-02    -1.35270153571723E-02
         1.05520162876059    -4.72160462704762E-01    -2.83505362882487E-01     1.95474045773260E-01    -2.77813556719661E-01    -5.00460788030727E-01     4.24031098718439E-01     3.41912287956939E-02    -1.24297098535297E-01
         0.45311932334193    -5.07165859017648E-02    -2.63787390693195E-01     1.15199117168889E-01    -2.53921736746223E-01    -1.81694034697815E-01     7.85366665025093E-01    -2.20210197840569E-01    -8.37940867575912E-01
         0.17352444249041    -7.21941631323658E-01    -1.94070306360610E-01    -4.22536881675134E-01    -3.01698113844887E-01     7.42290296846947E-01     3.27010355742332E-01     7.31906278643278E-01    -5.30547931200341E-01
         0.05621456527437    -4.10391708492968E-01     8.58180897662686E-01     2.43299049916060E-01    -1.41863861297208E-01     3.89514968829340E-01    -1.05809694867116E-01     6.42394045540975E-01     3.92616164879919E-03
O TZV2P-MOLOPT-PBE0-GTH-Q6
 1
 2 0 3 5 3 3 2 1
        10.34082423621691    -1.29825249634708E-01     8.18793043945143E-02    -1.54163825083534E-01    -9.31315963557027E-02     6.07168741616306E-02     5.24249215362800E-02    -1.46443819746845E-04    -1.35615599706110E-01    -4.53627038333396E-02
         3.64864310376424    -1.27684551447027E-01     1.02649506262870E-01    -2.90598920673850E-01    -3.10412801135525E-01     1.66218217874094E-01     1.57277538743803E-01     4.82789843051162E-02    -2.03664714425298E-01    -7.75510089052828E-02
         1.25503633997207     5.26487514579900E-01    -3.65113179366377E-01     6.61471073309150E-01    -5.97863015525008E-01     4.26686208369503E-01     5.52189434348781E-01     7.18155124032992E-01    -6.65039106707507E-01     7.74070424398802E-02
         0.43936673910305     7.72667288737258E-01    -8.21060762059060E-02    -6.24492813862270E-01    -6.48920500304752E-01    -1.50379113770830E-02    -7.55332729990091E-01     6.93882202281484E-01     7.03924405563841E-01     9.92909576133937E-01
         0.14295518532255     3.04365270334762E-01     9.17992274956007E-01     2.53476876555698E-01    -3.41221918409427E-01    -8.86790677695403E-01     3.11568128998934E-01    -2.12090879301656E-02     4.83994939610748E-02     8.17248560335443E-03
O TZVP-MOLOPT-PBE0-GTH-q6
 1
 2 0 2 5 3 3 1
        10.34082423621691    -1.29825249634708E-01     8.18793043945143E-02    -1.54163825083534E-01    -9.31315963557027E-02     6.07168741616306E-02     5.24249215362800E-02    -1.46443819746845E-04
         3.64864310376424    -1.27684551447027E-01     1.02649506262870E-01    -2.90598920673850E-01    -3.10412801135525E-01     1.66218217874094E-01     1.57277538743803E-01     4.82789843051162E-02
         1.25503633997207     5.26487514579900E-01    -3.65113179366377E-01     6.61471073309150E-01    -5.97863015525008E-01     4.26686208369503E-01     5.52189434348781E-01     7.18155124032992E-01
         0.43936673910305     7.72667288737258E-01    -8.21060762059060E-02    -6.24492813862270E-01    -6.48920500304752E-01    -1.50379113770830E-02    -7.55332729990091E-01     6.93882202281484E-01
         0.14295518532255     3.04365270334762E-01     9.17992274956007E-01     2.53476876555698E-01    -3.41221918409427E-01    -8.86790677695403E-01     3.11568128998934E-01    -2.12090879301656E-02
O DZVP-MOLOPT-PBE0-GTH-q6
 1
 2 0 2 5 2 2 1
        10.34082423621691    -1.29825249634708E-01     8.18793043945143E-02    -9.31315963557027E-02     6.07168741616306E-02    -1.46443819746845E-04
         3.64864310376424    -1.27684551447027E-01     1.02649506262870E-01    -3.10412801135525E-01     1.66218217874094E-01     4.82789843051162E-02
         1.25503633997207     5.26487514579900E-01    -3.65113179366377E-01    -5.97863015525008E-01     4.26686208369503E-01     7.18155124032992E-01
         0.43936673910305     7.72667288737258E-01    -8.21060762059060E-02    -6.48920500304752E-01    -1.50379113770830E-02     6.93882202281484E-01
         0.14295518532255     3.04365270334762E-01     9.17992274956007E-01    -3.41221918409427E-01    -8.86790677695403E-01    -2.12090879301656E-02
F TZV2P-MOLOPT-PBE0-GTH-Q7
 1
 2 0 3 5 3 3 2 1
        13.31501907729122     1.31813146289282E-01    -5.24225688764356E-02    -5.17923286744451E-01    -9.80506809064632E-02     4.64420401614479E-02     6.35659142568778E-02     4.89385522399914E-03     1.52535072278595E-01     5.41962851226601E-02
         4.62512020147175     1.34547810393351E-01    -5.37398783766778E-02    -2.73506612070950E-02    -3.12727206728056E-01     1.25929415842544E-01     1.88833971660508E-01     2.30296758923593E-02    -1.84322551941015E-01     3.68925101794283E-02
         1.62272294024072    -5.51865766775749E-01     1.65440705311574E-01    -7.34790083225985E-01    -5.86706702362430E-01     2.77907352966805E-01     6.51110127867809E-01     5.26472480151814E-01    -8.13967424463323E-01     8.50449987353287E-02
         0.55216173678272    -7.87309125215089E-01     1.14519053917377E-01     4.34902286738320E-01    -6.52997838515906E-01     1.82287680337408E-01    -7.27945836193775E-01     8.49582617686734E-01     5.11993820603493E-01     9.94034575948952E-01
         0.17330337957192    -2.00276553789357E-01    -9.76667117835106E-01    -4.41695026221844E-02    -3.49223175694863E-01    -9.33554296168888E-01     8.03216449515110E-02    -2.19496600587510E-02     1.34452996051777E-01    -1.90870474316679E-02
F TZVP-MOLOPT-PBE0-GTH-q7
 1
 2 0 2 5 3 3 1
        13.31501907729122     1.31813146289282E-01    -5.24225688764356E-02    -5.17923286744451E-01    -9.80506809064632E-02     4.64420401614479E-02     6.35659142568778E-02     4.89385522399914E-03
         4.62512020147175     1.34547810393351E-01    -5.37398783766778E-02    -2.73506612070950E-02    -3.12727206728056E-01     1.25929415842544E-01     1.88833971660508E-01     2.30296758923593E-02
         1.62272294024072    -5.51865766775749E-01     1.65440705311574E-01    -7.34790083225985E-01    -5.86706702362430E-01     2.77907352966805E-01     6.51110127867809E-01     5.26472480151814E-01
         0.55216173678272    -7.87309125215089E-01     1.14519053917377E-01     4.34902286738320E-01    -6.52997838515906E-01     1.82287680337408E-01    -7.27945836193775E-01     8.49582617686734E-01
         0.17330337957192    -2.00276553789357E-01    -9.76667117835106E-01    -4.41695026221844E-02    -3.49223175694863E-01    -9.33554296168888E-01     8.03216449515110E-02    -2.19496600587510E-02
F DZVP-MOLOPT-PBE0-GTH-q7
 1
 2 0 2 5 2 2 1
        13.31501907729122     1.31813146289282E-01    -5.24225688764356E-02    -9.80506809064632E-02     4.64420401614479E-02     4.89385522399914E-03
         4.62512020147175     1.34547810393351E-01    -5.37398783766778E-02    -3.12727206728056E-01     1.25929415842544E-01     2.30296758923593E-02
         1.62272294024072    -5.51865766775749E-01     1.65440705311574E-01    -5.86706702362430E-01     2.77907352966805E-01     5.26472480151814E-01
         0.55216173678272    -7.87309125215089E-01     1.14519053917377E-01    -6.52997838515906E-01     1.82287680337408E-01     8.49582617686734E-01
         0.17330337957192    -2.00276553789357E-01    -9.76667117835106E-01    -3.49223175694863E-01    -9.33554296168888E-01    -2.19496600587510E-02
