AT DZVP-MOLOPT-PBE-GTH-Q7
 1
 2 0 2 5 2 2 1
         1.61836234116518    -4.42855888499765E-01    -2.10601915599832E-01    -1.42805740077956E-01    -2.84896166228892E-01    -2.10123058847053E-01
         1.37634627768430     6.51336824419555E-01     3.68308159921980E-01     2.64866831970506E-01     4.58768655543543E-01     3.24447864115564E-01
         0.46640659264684     1.64083509523167E-03    -4.63281421806744E-01    -1.79747689739977E-01    -1.80470816225193E-01    -7.10289701296069E-02
         0.20648507818133    -5.00605652030788E-01     1.11462722386368E-01    -4.91120770070077E-01    -5.68258173838083E-01    -9.19465705746247E-01
         0.07472162490667     3.59207867384825E-01    -7.70027478865208E-01    -7.97460493793649E-01     5.94035712323821E-01     1.09354913236277E-02
H DZVP-MOLOPT-PBE-GTH-Q1
 1
 2 0 1 5 2 1
         9.42354063693337     1.73378201014863E-02    -1.21445159969598E-01    -8.76671027046430E-02
         2.22615949373757     1.93709872716504E-01    -1.18321991639862E-01     2.94039390163616E-01
         0.63906011750762     5.93969954529689E-01    -1.91879319676876E-01     4.09265411017209E-01
         0.31891311049636     2.87972643705189E-01     9.48793006176853E-01     1.56988630151590E-01
         0.16139156624546     7.25566905805197E-01    -1.85000371687637E-01     8.44814600657224E-01
CL DZVP-MOLOPT-PBE-GTH-Q7
 1
 2 0 2 4 2 2 1
         1.99824811943664     4.80178625121655E-01     2.13595239646808E-01     3.37297835177395E-01     1.93550474567217E-01     9.49286028054555E-02
         1.50363082119869    -3.59931830134513E-01     5.82028670666379E-02    -4.88390621275333E-01    -2.19767298436887E-01     2.80669438798039E-01
         0.40650884550636    -5.66727788276184E-01    -6.12160145305935E-01    -6.58014497305072E-01    -3.61134655335744E-01     9.44637929647980E-01
         0.12853799110242    -5.64532709085914E-01     7.59110964460706E-01    -4.63380721190784E-01     8.85337398423951E-01     1.40969529915426E-01
