AT TZV2P-MOLOPT-PBE-GTH-Q7
 1
 2 0 2 5 3 3 2
         1.61836234116518    -4.50613294144895E-01    -1.99214701854936E-01     2.58850341051004E-01    -1.68337962970739E-01    -2.65888026995602E-01    -6.75930970020421E-01    -2.11176327359104E-01    -1.18770250647779E-01
         1.37634627768430     6.26056307340336E-01     4.11049716566714E-01     1.70656682439972E-01     3.04968077228263E-01     4.27687787179678E-01    -3.03420743514686E-01     3.26601546276829E-01     2.10293141295241E-01
         0.46640659264684     4.49561480642749E-02    -5.08797235806872E-01    -6.92325080966859E-01    -1.97401770822385E-01    -1.58955835350369E-01     6.53864157122937E-01    -7.36166340303964E-02    -3.62385071475637E-01
         0.20648507818133    -5.19901203301222E-01     1.19269301071942E-01     3.19248406563467E-01    -5.29927857934245E-01    -5.37563220095335E-01    -1.48269673351608E-01    -9.18306920571028E-01     1.36371779462829E-01
         0.07472162490667     3.64256561693036E-01    -7.19897103572705E-01     5.68013410798794E-01    -7.47573279589344E-01     6.57377776173289E-01    -3.91272816122648E-02     5.38326648931686E-03     8.89803472696630E-01
AT TZVP-MOLOPT-PBE-GTH-q7
 1
 2 0 2 5 3 3 1
         1.61836234116518    -4.50613294144895E-01    -1.99214701854936E-01     2.58850341051004E-01    -1.68337962970739E-01    -2.65888026995602E-01    -6.75930970020421E-01    -2.11176327359104E-01
         1.37634627768430     6.26056307340336E-01     4.11049716566714E-01     1.70656682439972E-01     3.04968077228263E-01     4.27687787179678E-01    -3.03420743514686E-01     3.26601546276829E-01
         0.46640659264684     4.49561480642749E-02    -5.08797235806872E-01    -6.92325080966859E-01    -1.97401770822385E-01    -1.58955835350369E-01     6.53864157122937E-01    -7.36166340303964E-02
         0.20648507818133    -5.19901203301222E-01     1.19269301071942E-01     3.19248406563467E-01    -5.29927857934245E-01    -5.37563220095335E-01    -1.48269673351608E-01    -9.18306920571028E-01
         0.07472162490667     3.64256561693036E-01    -7.19897103572705E-01     5.68013410798794E-01    -7.47573279589344E-01     6.57377776173289E-01    -3.91272816122648E-02     5.38326648931686E-03
AT DZVP-MOLOPT-PBE-GTH-q7
 1
 2 0 2 5 2 2 1
         1.61836234116518    -4.50613294144895E-01    -1.99214701854936E-01    -1.68337962970739E-01    -2.65888026995602E-01    -2.11176327359104E-01
         1.37634627768430     6.26056307340336E-01     4.11049716566714E-01     3.04968077228263E-01     4.27687787179678E-01     3.26601546276829E-01
         0.46640659264684     4.49561480642749E-02    -5.08797235806872E-01    -1.97401770822385E-01    -1.58955835350369E-01    -7.36166340303964E-02
         0.20648507818133    -5.19901203301222E-01     1.19269301071942E-01    -5.29927857934245E-01    -5.37563220095335E-01    -9.18306920571028E-01
         0.07472162490667     3.64256561693036E-01    -7.19897103572705E-01    -7.47573279589344E-01     6.57377776173289E-01     5.38326648931686E-03
H TZV2P-MOLOPT-PBE-GTH-Q1
 1
 2 0 2 5 3 2 1
         9.42354063693337     1.73389254674243E-02    -1.21441381781897E-01     8.48842952201243E-01    -8.76722314909129E-02     1.38509912982294E-01     1.01583846424117E-05
         2.22615949373757     1.93701953472634E-01    -1.18295700700916E-01     4.34966851840939E-01     2.94035801652179E-01    -4.64264354132394E-01    -5.41805899933135E-06
         0.63906011750762     5.93968178416321E-01    -1.91886640436410E-01     8.47731161618519E-02     4.09268475073086E-01    -6.46177309023364E-01    -2.13029117448260E-05
         0.31891311049636     2.87977189530933E-01     9.48793640784133E-01     1.29845157344792E-01     1.56986057354678E-01    -2.47870371773730E-01     1.00804100896023E-05
         0.16139156624546     7.25568643357183E-01    -1.85008817130971E-01    -2.57338753762772E-01     8.44814311123899E-01     5.35059601902204E-01     9.99999999656012E-01
H TZVP-MOLOPT-PBE-GTH-q1
 1
 2 0 1 5 3 1
         9.42354063693337     1.73389254674243E-02    -1.21441381781897E-01     8.48842952201243E-01    -8.76722314909129E-02
         2.22615949373757     1.93701953472634E-01    -1.18295700700916E-01     4.34966851840939E-01     2.94035801652179E-01
         0.63906011750762     5.93968178416321E-01    -1.91886640436410E-01     8.47731161618519E-02     4.09268475073086E-01
         0.31891311049636     2.87977189530933E-01     9.48793640784133E-01     1.29845157344792E-01     1.56986057354678E-01
         0.16139156624546     7.25568643357183E-01    -1.85008817130971E-01    -2.57338753762772E-01     8.44814311123899E-01
H DZVP-MOLOPT-PBE-GTH-q1
 1
 2 0 1 5 2 1
         9.42354063693337     1.73389254674243E-02    -1.21441381781897E-01    -8.76722314909129E-02
         2.22615949373757     1.93701953472634E-01    -1.18295700700916E-01     2.94035801652179E-01
         0.63906011750762     5.93968178416321E-01    -1.91886640436410E-01     4.09268475073086E-01
         0.31891311049636     2.87977189530933E-01     9.48793640784133E-01     1.56986057354678E-01
         0.16139156624546     7.25568643357183E-01    -1.85008817130971E-01     8.44814311123899E-01
CL TZV2P-MOLOPT-PBE-GTH-Q7
 1
 2 0 3 4 3 3 2 1
         1.99824811943664     4.33846894941631E-01     3.07041170622732E-01     1.75957585523759E-02     3.45339975324402E-01     1.79965250304009E-01    -3.72667358036020E-01     9.05635141754461E-02    -2.17425270215822E-01    -1.43769165568981E-01
         1.50363082119869    -3.38194302379175E-01    -3.89997660747775E-02    -9.17322433894228E-01    -4.97369383451272E-01    -2.01781984518266E-01    -8.34831128966391E-01     2.85556761650639E-01     9.18680132432251E-01     4.08136672326571E-01
         0.40650884550636    -5.13548002397481E-01    -6.29188376955880E-01     3.25113335470044E-01    -6.70835040884209E-01    -3.34082727506389E-01     4.03493031418158E-01     9.41536415237722E-01    -2.84903780503556E-01     9.00979681734397E-01
         0.12853799110242    -6.58536206158268E-01     7.12970352884578E-01     2.29153356193791E-01    -4.28187278851352E-01     9.02931487206409E-01     3.70054044720497E-02     1.54158245180379E-01     1.66081010355251E-01     3.14721596903698E-02
CL TZVP-MOLOPT-PBE-GTH-q7
 1
 2 0 2 4 3 3 1
         1.99824811943664     4.33846894941631E-01     3.07041170622732E-01     1.75957585523759E-02     3.45339975324402E-01     1.79965250304009E-01    -3.72667358036020E-01     9.05635141754461E-02
         1.50363082119869    -3.38194302379175E-01    -3.89997660747775E-02    -9.17322433894228E-01    -4.97369383451272E-01    -2.01781984518266E-01    -8.34831128966391E-01     2.85556761650639E-01
         0.40650884550636    -5.13548002397481E-01    -6.29188376955880E-01     3.25113335470044E-01    -6.70835040884209E-01    -3.34082727506389E-01     4.03493031418158E-01     9.41536415237722E-01
         0.12853799110242    -6.58536206158268E-01     7.12970352884578E-01     2.29153356193791E-01    -4.28187278851352E-01     9.02931487206409E-01     3.70054044720497E-02     1.54158245180379E-01
CL DZVP-MOLOPT-PBE-GTH-q7
 1
 2 0 2 4 2 2 1
         1.99824811943664     4.33846894941631E-01     3.07041170622732E-01     3.45339975324402E-01     1.79965250304009E-01     9.05635141754461E-02
         1.50363082119869    -3.38194302379175E-01    -3.89997660747775E-02    -4.97369383451272E-01    -2.01781984518266E-01     2.85556761650639E-01
         0.40650884550636    -5.13548002397481E-01    -6.29188376955880E-01    -6.70835040884209E-01    -3.34082727506389E-01     9.41536415237722E-01
         0.12853799110242    -6.58536206158268E-01     7.12970352884578E-01    -4.28187278851352E-01     9.02931487206409E-01     1.54158245180379E-01
