Ta admm-dz
    7
1 0 0 2 1
        2.66174745    0.70757965  
        1.30374786   -0.82494958 
1 0 0 1 1
        0.55576764    1.00000000
1 0 0 1 1
        0.07664800    1.00000000
2 1 1 2 1
        3.99571012   -0.14867454 
        1.02873240    0.70924449
2 1 1 1 1
        0.38780554    1.00000000
2 2 2 2 1
        1.04552831   -0.32552845 
        0.35933530   -0.52429832
2 2 2 1 1
        0.10524016    1.00000000

Ta admm-dzp
    8
1 0 0 2 1
        2.66174745    0.70757965  
        1.30374786   -0.82494958 
1 0 0 1 1
        0.55576764    1.00000000
1 0 0 1 1
        0.07664800    1.00000000
2 1 1 2 1
        3.99571012   -0.14867454 
        1.02873240    0.70924449  
2 1 1 1 1
        0.38780554    1.00000000
2 2 2 2 1
        1.04552831   -0.32552845 
        0.35933530   -0.52429832 
2 2 2 1 1
        0.10524016    1.00000000
3 3 3 1 1
      0.3735000       1.0000000

Ta admm-tzp
   11
1 0 0 2 1
        4.13750076   -0.66552225 
        3.71647474    1.12146240
1 0 0 1 1
        0.88597653    1.00000000
1 0 0 1 1
        0.37808551    1.00000000
1 0 0 1 1
        0.07459103    1.00000000
2 1 1 2 1
        5.48616882    0.19797652 
        4.92247392   -0.33408797
2 1 1 1 1
        0.99982893    1.00000000
2 1 1 1 1
        0.37847826    1.00000000
2 2 2 2 1
        1.19733256    0.22425629 
        0.51337528    0.41473312
2 2 2 1 1
        0.19275089    1.00000000
2 2 2 1 1
        0.06510142    1.00000000
3 3 3 1 1
      0.3735000       1.0000000

Ta admm-tz2p
   13
1 0 0 2 1
        4.13750076   -0.66552225 
        3.71647474    1.12146240  
1 0 0 1 1
        0.88597653    1.00000000
1 0 0 1 1
        0.37808551    1.00000000
1 0 0 1 1
        0.07459103    1.00000000
2 1 1 2 1
        5.48616882    0.19797652 
        4.92247392   -0.33408797  
2 1 1 1 1
        0.99982893    1.00000000
2 1 1 1 1
        0.37847826    1.00000000
2 2 2 2 1
        1.19733256    0.22425629 
        0.51337528    0.41473312 
2 2 2 1 1
        0.19275089    1.00000000
2 2 2 1 1
        0.06510142    1.00000000
3 3 3 1 1
      0.6951000       1.0000000
3 3 3 1 1
      0.2086000       1.0000000
4 4 4 1 1
      0.4780000       1.0000000
