PD DZVP-MOLOPT-PBE-GTH-Q18
 1
 2 0 3 7 3 2 2 1
         5.93941157519078     2.29211401107668E-01     2.76750175733941E-01    -1.66132860410888E-02     8.64418048227448E-02     1.28191638773585E-01     1.26075789640346E-01     5.45676436075682E-03     8.22382782326222E-02
         4.80318335286009    -4.26601598631488E-01    -5.56298057698615E-01     5.18546567972092E-02    -2.20163184940744E-01    -2.94357759233196E-01    -1.47335345605572E-01    -9.45518858103238E-02    -1.12830435692718E-01
         2.09472744683007     7.67540964549312E-02     1.10158401781005E-01    -9.26423259867953E-02     3.43561291743735E-01     3.56413593836970E-01     9.77407864065590E-02     5.11940585590085E-01     1.03952262109402E-01
         0.97577526820815     1.36647080391596E-01     5.59397061059138E-01    -3.19936461563525E-01     5.14362147247431E-01     5.38921794814481E-01    -2.79421577092784E-01     7.51203550631663E-01     2.49944846321833E-01
         0.41705441292829     1.06086088058562E-01     2.99050715647117E-02    -2.98355718026972E-02     2.94564842567201E-03     2.74369332683819E-01     4.91175994103528E-01     3.99269442869925E-01     6.56242846688952E-01
         0.16042632101904     5.33854621643897E-01    -6.25902292324340E-02     7.89305121169929E-01    -6.72856565854671E-01     5.73159823507274E-01     7.75616255999244E-01    -5.46940721997273E-02     6.65989654873564E-01
         0.06556704041848    -6.66824248670549E-01     5.32982190815768E-01     5.12055092390905E-01    -3.29709829413279E-01     2.75067898035477E-01     1.78698288675592E-01    -4.72514276296085E-02     1.81743679794347E-01
C DZVP-MOLOPT-PBE-GTH-Q4
 1
 2 0 2 5 2 2 1
         5.26168129831067    -1.61180329987319E-01     9.95867208365846E-02    -9.87196463656005E-02     8.04180361628404E-02    -7.94810431764520E-02
         1.93765185829818    -1.80818549742989E-01     2.07627108755464E-01    -2.33418997562279E-01     3.08840032955768E-01     2.69065919998737E-01
         0.75874037796781     4.91719768047513E-01    -4.16765369564797E-01    -5.45204647452669E-01     4.47360294645044E-01     5.09115674523642E-01
         0.29195902016920     8.01363369134776E-01     6.04318650540438E-02    -6.71299816524380E-01     5.57121483533110E-02     7.95876444290429E-01
         0.09607356854063     2.39486896539835E-01     8.77284494996048E-01    -4.33449480019086E-01    -8.33616036796648E-01     1.69316891799892E-01
O DZVP-MOLOPT-PBE-GTH-Q6
 1
 2 0 2 5 2 2 1
        10.34256722623639    -1.36612866576817E-01     5.36780510727693E-02    -9.23817206645146E-02     5.83443637080248E-02    -9.48473896502772E-02
         3.67715896642206    -1.53385468202307E-01     9.10278370989298E-02    -2.98264530995839E-01     1.75046650342809E-01     1.72754284852763E-01
         1.30046451996361     5.48080652961239E-01    -2.61157543615482E-01    -5.68590641449654E-01     3.64872626600995E-01     4.96868401181124E-01
         0.46645021946921     7.84467551986126E-01    -4.09115659592467E-02    -6.49258120291653E-01     1.42983044083434E-01     8.41501659783491E-01
         0.14793951916337     2.05007513424509E-01     9.58621708960114E-01    -3.97079920076698E-01    -9.01320376386329E-01    -7.84645029990108E-02
F DZVP-MOLOPT-PBE-GTH-Q7
 1
 2 0 2 5 2 2 1
        13.30428004732790     1.38300641201995E-01    -4.13429187269840E-02    -9.35306094799813E-02     5.06566246623838E-02    -3.27607844899301E-02
         4.80605774544240     1.37253664661734E-01    -3.39425431978004E-02    -2.95918398172795E-01     1.05639317967558E-01     1.33212173705781E-01
         1.70698523266130    -5.18315587577063E-01     1.04830293747595E-01    -5.65287543674134E-01     3.02725510725546E-01     2.66499630071583E-01
         0.58735472443375    -8.26234910698634E-01     4.59821538585404E-02    -6.52514099592094E-01     2.40459771924833E-01     9.50816701157307E-01
         0.17874874061685    -1.03533512436824E-01    -9.91985341560913E-01    -3.97944304537121E-01    -9.14773526135829E-01     7.81459899689756E-02
