AS DZVP-MOLOPT-PBE-GTH-Q5
 1
 2 0 2 4 2 2 1
         1.10333649844658     6.63808853191929E-01     2.06414023645689E-01     4.07171291140366E-01    -3.80878577628272E-01    -1.46422670043582E-01
         0.93911793500171    -5.03670809635062E-01    -1.98434187422744E-01    -4.51480997309082E-01     4.06669724388025E-01     2.60604742351375E-01
         0.25089442861435    -3.79320598868834E-01    -3.29372310532597E-01    -4.97824006165790E-01     2.87535112027856E-01     9.38787788348718E-01
         0.08474149196651     4.02230537402826E-01    -8.99739409584070E-01    -6.18504411968846E-01    -7.79021696566380E-01     1.71239768770588E-01
H DZVP-MOLOPT-PBE-GTH-Q1
 1
 2 0 1 5 2 1
         9.42354063693337     1.73378201014863E-02    -1.21445159969598E-01    -8.76671027046430E-02
         2.22615949373757     1.93709872716504E-01    -1.18321991639862E-01     2.94039390163616E-01
         0.63906011750762     5.93969954529689E-01    -1.91879319676876E-01     4.09265411017209E-01
         0.31891311049636     2.87972643705189E-01     9.48793006176853E-01     1.56988630151590E-01
         0.16139156624546     7.25566905805197E-01    -1.85000371687637E-01     8.44814600657224E-01
S DZVP-MOLOPT-PBE-GTH-Q6
 1
 2 0 2 4 2 2 1
         1.90928473004308     3.13525266390759E-01    -1.51675736920755E-01     2.14054427784196E-01     1.45259453005035E-01     7.24574522157166E-02
         1.19506924590343    -7.14378794138230E-02    -1.22108655812001E-01    -3.46925058611244E-01    -1.90735670677686E-01     3.77729399511775E-01
         0.37255650459583    -7.35868321394836E-01     5.84868049787620E-01    -8.25555992336665E-01    -3.16083367485665E-01     9.06091042409042E-01
         0.11964558871342    -5.95899614269893E-01    -7.87409240067043E-01    -3.90231994037637E-01     9.17938396649107E-01     1.76265258145152E-01
CL DZVP-MOLOPT-PBE-GTH-Q7
 1
 2 0 2 4 2 2 1
         1.99824811943664     4.80178625121655E-01     2.13595239646989E-01     3.37297835177395E-01     1.93550474567217E-01     9.49286028054555E-02
         1.50363082119869    -3.59931830134513E-01     5.82028670667620E-02    -4.88390621275333E-01    -2.19767298436887E-01     2.80669438798039E-01
         0.40650884550636    -5.66727788276184E-01    -6.12160145305859E-01    -6.58014497305072E-01    -3.61134655335744E-01     9.44637929647980E-01
         0.12853799110242    -5.64532709085914E-01     7.59110964460706E-01    -4.63380721190784E-01     8.85337398423951E-01     1.40969529915426E-01
