RU DZVP-MOLOPT-PBE-GTH-Q16
 1
 1 0 3 7 3 2 2 1
         5.55717651507857    -1.30744333733729E-01     1.93116977175147E-01     4.23626588920155E-01     4.21778945829335E-01     3.98907028672307E-01    -1.52371102220775E-01     1.30975743366724E-01    -2.16105683390207E-01
         4.90730462124065     1.64791783283210E-01    -2.76971972308485E-01    -5.87838842258330E-01    -3.64533015754328E-01     4.31846101464315E-01     1.97428745580822E-01    -2.04871486794898E-01     2.05838466650734E-01
         1.97296821520355     1.43687986479315E-02     4.49555081509339E-03    -1.63307355312276E-01     1.94261200530955E-01    -1.53174700438905E-01    -2.02617009736325E-01     3.36577273530589E-01     4.05158188818217E-02
         1.08987057636772     2.23456137043036E-01     3.94689558852720E-01     4.17516492179203E-01     5.79698471018913E-01    -5.21045860179246E-01    -5.10730950169777E-02     4.16433822409378E-01     2.37648292262790E-01
         0.49965824032421    -9.72742438612366E-03     2.19674249643351E-01     7.56055171466059E-02     5.61589999175781E-01     5.69920140739946E-01    -4.52010081186467E-01     6.12221699470187E-01     8.67697253514295E-01
         0.18973785031936    -7.28924141488067E-01    -5.18483075226710E-01     2.80366315972705E-01    -4.09991619401580E-03    -1.83722151524975E-01     7.27977898857154E-01     5.10207272373978E-01     3.46417987202937E-02
         0.07036624048158     6.11706999283791E-01    -6.42736980875444E-01     4.35517198048977E-01     5.50758201966063E-03     2.94627574985450E-02     3.99847332414051E-01     1.38002786054317E-01    -3.14184720957930E-01
F DZVP-MOLOPT-PBE-GTH-Q7
 1
 2 0 2 5 2 2 1
        13.30428004732790     1.38300641201995E-01    -4.13429187269840E-02    -9.35306094799813E-02     5.06566246623838E-02    -3.27607844899301E-02
         4.80605774544240     1.37253664661734E-01    -3.39425431978004E-02    -2.95918398172795E-01     1.05639317967558E-01     1.33212173705781E-01
         1.70698523266130    -5.18315587577063E-01     1.04830293747595E-01    -5.65287543674134E-01     3.02725510725546E-01     2.66499630071583E-01
         0.58735472443375    -8.26234910698634E-01     4.59821538585404E-02    -6.52514099592094E-01     2.40459771924833E-01     9.50816701157307E-01
         0.17874874061685    -1.03533512436824E-01    -9.91985341560913E-01    -3.97944304537121E-01    -9.14773526135829E-01     7.81459899689756E-02
C DZVP-MOLOPT-PBE-GTH-Q4
 1
 2 0 2 5 2 2 1
         5.26168129831067    -1.61180329987319E-01     9.95867208365846E-02    -9.87196463656005E-02     8.04180361628404E-02    -7.94810431764520E-02
         1.93765185829818    -1.80818549742989E-01     2.07627108755464E-01    -2.33418997562279E-01     3.08840032955768E-01     2.69065919998737E-01
         0.75874037796781     4.91719768047513E-01    -4.16765369564797E-01    -5.45204647452669E-01     4.47360294645044E-01     5.09115674523642E-01
         0.29195902016920     8.01363369134776E-01     6.04318650540438E-02    -6.71299816524380E-01     5.57121483533110E-02     7.95876444290429E-01
         0.09607356854063     2.39486896539835E-01     8.77284494996048E-01    -4.33449480019086E-01    -8.33616036796648E-01     1.69316891799892E-01
O DZVP-MOLOPT-PBE-GTH-Q6
 1
 2 0 2 5 2 2 1
        10.34256722623639    -1.36612866576817E-01     5.36780510727693E-02    -9.23817206645146E-02     5.83443637080248E-02    -9.48473896502772E-02
         3.67715896642206    -1.53385468202307E-01     9.10278370989298E-02    -2.98264530995839E-01     1.75046650342809E-01     1.72754284852763E-01
         1.30046451996361     5.48080652961239E-01    -2.61157543615482E-01    -5.68590641449654E-01     3.64872626600995E-01     4.96868401181124E-01
         0.46645021946921     7.84467551986126E-01    -4.09115659592467E-02    -6.49258120291653E-01     1.42983044083434E-01     8.41501659783491E-01
         0.14793951916337     2.05007513424509E-01     9.58621708960114E-01    -3.97079920076698E-01    -9.01320376386329E-01    -7.84645029990108E-02
