SN DZVP-MOLOPT-PBE-GTH-Q14
 1
 2 0 3 6 2 2 2 1
         3.05190618706472    -2.51782967155834E-02    -2.79683826131114E-02    -2.32704072878286E-03     2.24645500398339E-02     4.14282842626693E-01    -9.49450375735860E-02     1.41550430564036E-03
         1.61418904327456     7.15287944745069E-02    -4.74289019423483E-03     2.01442551325559E-02    -2.72489413873542E-02     6.55973533585382E-01    -2.09302585805442E-01     3.44139559555721E-02
         0.76676842110154     1.28138978079972E-01     5.60389533801618E-01    -1.34589656160332E-01    -2.73471952817778E-01     4.97761317519995E-01    -3.14900837959410E-01     1.92411476520166E-01
         0.34872250912496    -3.83869098661165E-02    -6.49408963931029E-01     2.21989937694500E-01     7.59420558219002E-01     3.65326153655944E-01     7.01740070164242E-01     9.34858331395128E-01
         0.13910761918828    -7.50247225382860E-01    -2.53213687795058E-01     7.47521459810056E-01     1.83738260819779E-01     1.16984080213939E-01     5.09936226802701E-01     2.78221766011977E-01
         0.05172988347896    -6.43028485518641E-01     4.46441116891658E-01     6.11070006633511E-01    -5.59898738587675E-01     5.61573392609177E-02     3.09097473603194E-01     1.02098231251438E-01
H DZVP-MOLOPT-PBE-GTH-Q1
 1
 2 0 1 5 2 1
         9.42354063693337     1.73378201014863E-02    -1.21445159969598E-01    -8.76671027046430E-02
         2.22615949373757     1.93709872716504E-01    -1.18321991639862E-01     2.94039390163616E-01
         0.63906011750762     5.93969954529689E-01    -1.91879319676876E-01     4.09265411017209E-01
         0.31891311049636     2.87972643705189E-01     9.48793006176853E-01     1.56988630151590E-01
         0.16139156624546     7.25566905805197E-01    -1.85000371687637E-01     8.44814600657224E-01
O DZVP-MOLOPT-PBE-GTH-Q6
 1
 2 0 2 5 2 2 1
        10.34256722623639    -1.36612866576817E-01     5.36780510727693E-02    -9.23817206645146E-02     5.83443637080248E-02    -9.48473896502772E-02
         3.67715896642206    -1.53385468202307E-01     9.10278370989298E-02    -2.98264530995839E-01     1.75046650342809E-01     1.72754284852763E-01
         1.30046451996361     5.48080652961239E-01    -2.61157543615482E-01    -5.68590641449654E-01     3.64872626600995E-01     4.96868401181124E-01
         0.46645021946921     7.84467551986126E-01    -4.09115659592467E-02    -6.49258120291653E-01     1.42983044083434E-01     8.41501659783491E-01
         0.14793951916337     2.05007513424509E-01     9.58621708960114E-01    -3.97079920076698E-01    -9.01320376386329E-01    -7.84645029990108E-02
F DZVP-MOLOPT-PBE-GTH-Q7
 1
 2 0 2 5 2 2 1
        13.30428004732790     1.38300641201995E-01    -4.13429187269840E-02    -9.35306094799813E-02     5.06566246623838E-02    -3.27607844899301E-02
         4.80605774544240     1.37253664661734E-01    -3.39425431978004E-02    -2.95918398172795E-01     1.05639317967558E-01     1.33212173705781E-01
         1.70698523266130    -5.18315587577063E-01     1.04830293747595E-01    -5.65287543674134E-01     3.02725510725546E-01     2.66499630071583E-01
         0.58735472443375    -8.26234910698634E-01     4.59821538585404E-02    -6.52514099592094E-01     2.40459771924833E-01     9.50816701157307E-01
         0.17874874061685    -1.03533512436824E-01    -9.91985341560913E-01    -3.97944304537121E-01    -9.14773526135829E-01     7.81459899689756E-02
