CS TZV2P-MOLOPT-PBE0-GTH-Q9
 1
 2 0 2 6 4 3 2
         2.02718388155479     1.36048020731615E-01     5.80379450917785E-01    -5.90850503662211E-03    -1.82964207612381E-01     4.20300923013607E-01     2.28111823930536E-01     3.30069549554325E-02    -6.56989763321830E-02    -3.37556136356999E-02
         1.82427875317736    -1.60669546729955E-01    -7.42504661191786E-01    -5.57561068513056E-03     1.86701350376270E-01    -5.59911356902420E-01    -3.02623658296771E-01    -6.13835148835273E-02     1.42740867912004E-01     7.33391272780275E-02
         0.60806574186432    -5.81031151803293E-02     1.25618407344054E-01     3.69487310264917E-02     4.24170561924300E-01     2.75214366764417E-01     1.02194280166414E-01     6.73763452596850E-01    -1.29285948767748E-01    -6.64260963985706E-02
         0.27305906555038    -2.57006173241361E-01     2.59542145137972E-01     4.07591431503611E-01     7.26316898221963E-01     4.15341734170764E-01     2.74141168516276E-01    -6.40916494840189E-01    -5.59907385573999E-01    -2.87675979662905E-01
         0.11027064129253     3.30457436243805E-01     5.31334850487210E-02    -8.07865167302147E-01     4.54894391162774E-01     1.76926151600742E-01     7.13109769512632E-02     3.55534684403234E-01    -6.60490629022087E-01    -3.39354853423318E-01
         0.03376792888762     8.81502110355923E-01    -1.60876488216714E-01     4.24018737597719E-01     1.31456818549473E-01    -4.79887319678104E-01     8.75043776398769E-01     6.32973127229397E-02    -4.57000745230849E-01     8.89466311255490E-01
CS TZVP-MOLOPT-PBE0-GTH-q9
 1
 2 0 2 6 4 3 1
         2.02718388155479     1.36048020731615E-01     5.80379450917785E-01    -5.90850503662211E-03    -1.82964207612381E-01     4.20300923013607E-01     2.28111823930536E-01     3.30069549554325E-02    -6.56989763321830E-02
         1.82427875317736    -1.60669546729955E-01    -7.42504661191786E-01    -5.57561068513056E-03     1.86701350376270E-01    -5.59911356902420E-01    -3.02623658296771E-01    -6.13835148835273E-02     1.42740867912004E-01
         0.60806574186432    -5.81031151803293E-02     1.25618407344054E-01     3.69487310264917E-02     4.24170561924300E-01     2.75214366764417E-01     1.02194280166414E-01     6.73763452596850E-01    -1.29285948767748E-01
         0.27305906555038    -2.57006173241361E-01     2.59542145137972E-01     4.07591431503611E-01     7.26316898221963E-01     4.15341734170764E-01     2.74141168516276E-01    -6.40916494840189E-01    -5.59907385573999E-01
         0.11027064129253     3.30457436243805E-01     5.31334850487210E-02    -8.07865167302147E-01     4.54894391162774E-01     1.76926151600742E-01     7.13109769512632E-02     3.55534684403234E-01    -6.60490629022087E-01
         0.03376792888762     8.81502110355923E-01    -1.60876488216714E-01     4.24018737597719E-01     1.31456818549473E-01    -4.79887319678104E-01     8.75043776398769E-01     6.32973127229397E-02    -4.57000745230849E-01
CS DZVP-MOLOPT-PBE0-GTH-q9
 1
 2 0 2 6 3 2 1
         2.02718388155479     1.36048020731615E-01     5.80379450917785E-01    -5.90850503662211E-03     4.20300923013607E-01     2.28111823930536E-01    -6.56989763321830E-02
         1.82427875317736    -1.60669546729955E-01    -7.42504661191786E-01    -5.57561068513056E-03    -5.59911356902420E-01    -3.02623658296771E-01     1.42740867912004E-01
         0.60806574186432    -5.81031151803293E-02     1.25618407344054E-01     3.69487310264917E-02     2.75214366764417E-01     1.02194280166414E-01    -1.29285948767748E-01
         0.27305906555038    -2.57006173241361E-01     2.59542145137972E-01     4.07591431503611E-01     4.15341734170764E-01     2.74141168516276E-01    -5.59907385573999E-01
         0.11027064129253     3.30457436243805E-01     5.31334850487210E-02    -8.07865167302147E-01     1.76926151600742E-01     7.13109769512632E-02    -6.60490629022087E-01
         0.03376792888762     8.81502110355923E-01    -1.60876488216714E-01     4.24018737597719E-01    -4.79887319678104E-01     8.75043776398769E-01    -4.57000745230849E-01
O TZV2P-MOLOPT-PBE0-GTH-Q6
 1
 2 0 3 5 3 3 2 1
        10.34082423621691    -1.29825249634708E-01     8.18793043945143E-02    -1.54163825083534E-01    -9.31315963557027E-02     6.07168741616306E-02     5.24249215362800E-02    -1.46443819746845E-04    -1.35615599706110E-01    -4.53627038333396E-02
         3.64864310376424    -1.27684551447027E-01     1.02649506262870E-01    -2.90598920673850E-01    -3.10412801135525E-01     1.66218217874094E-01     1.57277538743803E-01     4.82789843051162E-02    -2.03664714425298E-01    -7.75510089052828E-02
         1.25503633997207     5.26487514579900E-01    -3.65113179366377E-01     6.61471073309150E-01    -5.97863015525008E-01     4.26686208369503E-01     5.52189434348781E-01     7.18155124032992E-01    -6.65039106707507E-01     7.74070424398802E-02
         0.43936673910305     7.72667288737258E-01    -8.21060762059060E-02    -6.24492813862270E-01    -6.48920500304752E-01    -1.50379113770830E-02    -7.55332729990091E-01     6.93882202281484E-01     7.03924405563841E-01     9.92909576133937E-01
         0.14295518532255     3.04365270334762E-01     9.17992274956007E-01     2.53476876555698E-01    -3.41221918409427E-01    -8.86790677695403E-01     3.11568128998934E-01    -2.12090879301656E-02     4.83994939610748E-02     8.17248560335443E-03
O TZVP-MOLOPT-PBE0-GTH-q6
 1
 2 0 2 5 3 3 1
        10.34082423621691    -1.29825249634708E-01     8.18793043945143E-02    -1.54163825083534E-01    -9.31315963557027E-02     6.07168741616306E-02     5.24249215362800E-02    -1.46443819746845E-04
         3.64864310376424    -1.27684551447027E-01     1.02649506262870E-01    -2.90598920673850E-01    -3.10412801135525E-01     1.66218217874094E-01     1.57277538743803E-01     4.82789843051162E-02
         1.25503633997207     5.26487514579900E-01    -3.65113179366377E-01     6.61471073309150E-01    -5.97863015525008E-01     4.26686208369503E-01     5.52189434348781E-01     7.18155124032992E-01
         0.43936673910305     7.72667288737258E-01    -8.21060762059060E-02    -6.24492813862270E-01    -6.48920500304752E-01    -1.50379113770830E-02    -7.55332729990091E-01     6.93882202281484E-01
         0.14295518532255     3.04365270334762E-01     9.17992274956007E-01     2.53476876555698E-01    -3.41221918409427E-01    -8.86790677695403E-01     3.11568128998934E-01    -2.12090879301656E-02
O DZVP-MOLOPT-PBE0-GTH-q6
 1
 2 0 2 5 2 2 1
        10.34082423621691    -1.29825249634708E-01     8.18793043945143E-02    -9.31315963557027E-02     6.07168741616306E-02    -1.46443819746845E-04
         3.64864310376424    -1.27684551447027E-01     1.02649506262870E-01    -3.10412801135525E-01     1.66218217874094E-01     4.82789843051162E-02
         1.25503633997207     5.26487514579900E-01    -3.65113179366377E-01    -5.97863015525008E-01     4.26686208369503E-01     7.18155124032992E-01
         0.43936673910305     7.72667288737258E-01    -8.21060762059060E-02    -6.48920500304752E-01    -1.50379113770830E-02     6.93882202281484E-01
         0.14295518532255     3.04365270334762E-01     9.17992274956007E-01    -3.41221918409427E-01    -8.86790677695403E-01    -2.12090879301656E-02
H TZV2P-MOLOPT-PBE0-GTH-Q1
 1
 2 0 2 5 3 2 1
         9.40376558777484     5.57995409025206E-02    -4.70579310756749E-02    -9.03982952048893E-02    -9.22922683878503E-02     5.62771387719766E-01     7.80341103329014E-02
         2.19236236036235     2.26741263852150E-01    -2.37595450605385E-01    -3.31859181820579E-01     3.56629407794935E-01    -1.55610962004131E-01     3.11602862374432E-01
         0.70785664525623     4.70071809062586E-01    -3.84865803668886E-01    -6.33091997698946E-01     4.70685683046521E-01    -1.55533260185636E-01     6.35783567219683E-05
         0.37495748172786     5.50419957177599E-01     8.25544608526065E-01    -1.19262368808400E-01     4.93402007633953E-01     7.41061881197701E-01     9.44971331284660E-01
         0.15142571456720     6.49265104227107E-01    -3.34198093163844E-01     6.83131496493313E-01     6.31907468961614E-01    -2.92763192495008E-01     6.19960707827798E-02
H TZVP-MOLOPT-PBE0-GTH-q1
 1
 2 0 1 5 3 1
         9.40376558777484     5.57995409025206E-02    -4.70579310756749E-02    -9.03982952048893E-02    -9.22922683878503E-02
         2.19236236036235     2.26741263852150E-01    -2.37595450605385E-01    -3.31859181820579E-01     3.56629407794935E-01
         0.70785664525623     4.70071809062586E-01    -3.84865803668886E-01    -6.33091997698946E-01     4.70685683046521E-01
         0.37495748172786     5.50419957177599E-01     8.25544608526065E-01    -1.19262368808400E-01     4.93402007633953E-01
         0.15142571456720     6.49265104227107E-01    -3.34198093163844E-01     6.83131496493313E-01     6.31907468961614E-01
H DZVP-MOLOPT-PBE0-GTH-q1
 1
 2 0 1 5 2 1
         9.40376558777484     5.57995409025206E-02    -4.70579310756749E-02    -9.22922683878503E-02
         2.19236236036235     2.26741263852150E-01    -2.37595450605385E-01     3.56629407794935E-01
         0.70785664525623     4.70071809062586E-01    -3.84865803668886E-01     4.70685683046521E-01
         0.37495748172786     5.50419957177599E-01     8.25544608526065E-01     4.93402007633953E-01
         0.15142571456720     6.49265104227107E-01    -3.34198093163844E-01     6.31907468961614E-01
F TZV2P-MOLOPT-PBE0-GTH-Q7
 1
 2 0 3 5 3 3 2 1
        13.31501907729122     1.31813146289282E-01    -5.24225688764356E-02    -5.17923286744451E-01    -9.80506809064632E-02     4.64420401614479E-02     6.35659142568778E-02     4.89385522399914E-03     1.52535072278595E-01     5.41962851226601E-02
         4.62512020147175     1.34547810393351E-01    -5.37398783766778E-02    -2.73506612070950E-02    -3.12727206728056E-01     1.25929415842544E-01     1.88833971660508E-01     2.30296758923593E-02    -1.84322551941015E-01     3.68925101794283E-02
         1.62272294024072    -5.51865766775749E-01     1.65440705311574E-01    -7.34790083225985E-01    -5.86706702362430E-01     2.77907352966805E-01     6.51110127867809E-01     5.26472480151814E-01    -8.13967424463323E-01     8.50449987353287E-02
         0.55216173678272    -7.87309125215089E-01     1.14519053917377E-01     4.34902286738320E-01    -6.52997838515906E-01     1.82287680337408E-01    -7.27945836193775E-01     8.49582617686734E-01     5.11993820603493E-01     9.94034575948952E-01
         0.17330337957192    -2.00276553789357E-01    -9.76667117835106E-01    -4.41695026221844E-02    -3.49223175694863E-01    -9.33554296168888E-01     8.03216449515110E-02    -2.19496600587510E-02     1.34452996051777E-01    -1.90870474316679E-02
F TZVP-MOLOPT-PBE0-GTH-q7
 1
 2 0 2 5 3 3 1
        13.31501907729122     1.31813146289282E-01    -5.24225688764356E-02    -5.17923286744451E-01    -9.80506809064632E-02     4.64420401614479E-02     6.35659142568778E-02     4.89385522399914E-03
         4.62512020147175     1.34547810393351E-01    -5.37398783766778E-02    -2.73506612070950E-02    -3.12727206728056E-01     1.25929415842544E-01     1.88833971660508E-01     2.30296758923593E-02
         1.62272294024072    -5.51865766775749E-01     1.65440705311574E-01    -7.34790083225985E-01    -5.86706702362430E-01     2.77907352966805E-01     6.51110127867809E-01     5.26472480151814E-01
         0.55216173678272    -7.87309125215089E-01     1.14519053917377E-01     4.34902286738320E-01    -6.52997838515906E-01     1.82287680337408E-01    -7.27945836193775E-01     8.49582617686734E-01
         0.17330337957192    -2.00276553789357E-01    -9.76667117835106E-01    -4.41695026221844E-02    -3.49223175694863E-01    -9.33554296168888E-01     8.03216449515110E-02    -2.19496600587510E-02
F DZVP-MOLOPT-PBE0-GTH-q7
 1
 2 0 2 5 2 2 1
        13.31501907729122     1.31813146289282E-01    -5.24225688764356E-02    -9.80506809064632E-02     4.64420401614479E-02     4.89385522399914E-03
         4.62512020147175     1.34547810393351E-01    -5.37398783766778E-02    -3.12727206728056E-01     1.25929415842544E-01     2.30296758923593E-02
         1.62272294024072    -5.51865766775749E-01     1.65440705311574E-01    -5.86706702362430E-01     2.77907352966805E-01     5.26472480151814E-01
         0.55216173678272    -7.87309125215089E-01     1.14519053917377E-01    -6.52997838515906E-01     1.82287680337408E-01     8.49582617686734E-01
         0.17330337957192    -2.00276553789357E-01    -9.76667117835106E-01    -3.49223175694863E-01    -9.33554296168888E-01    -2.19496600587510E-02
