 Co DZVP-MOLOPT-PBE-GTH-q17
 1
 2 0 3 6 3 2 2 1
      8.365267848849  0.325640340818  0.100399284242 -0.037272221184  0.065178086481 -0.007853810191  0.161970551713 -0.150374171995 -0.004972248652
      4.376457504499  0.052133097592  0.035256534659  0.130340578991 -0.270123287267 -0.005278972597  0.258523958001 -0.233094541861 -0.027876689140
      1.999997730424 -0.771768661844 -0.356022277776  0.090277112993 -0.523181103805 -0.068346693868  0.345535423988 -0.433567358235 -0.105956196731
      0.834299833692 -0.451524705474 -0.484191598528  1.325070368105 -0.351988387737 -0.063077394461  0.343948305407  0.030145546706 -0.735605287383
      0.307481719486 -0.065898239599  0.316152225672 -2.625301782430 -0.046316455477  0.759497959451  0.268593856293  0.599205222587 -0.912105772173
      0.095840175724 -0.089785302253  1.048143547929  1.561113649398  0.002689603563  0.543915652075  0.072458934329  0.957030486546  0.577467491892

########################################################################################################
CL DZVP-MOLOPT-PBE-GTH-Q7
 1
 2 0 2 4 2 2 1
 1.99824811943664  4.80178625121655E-01  2.13595239647007E-01  3.37297835177395E-01  1.93550474567217E-01  9.49286028054555E-02
 1.50363082119869 -3.59931830134513E-01  5.82028670667737E-02 -4.88390621275333E-01 -2.19767298436887E-01  2.80669438798039E-01
 0.40650884550636 -5.66727788276184E-01 -6.12160145305852E-01 -6.58014497305072E-01 -3.61134655335744E-01  9.44637929647980E-01
 0.12853799110242 -5.64532709085914E-01  7.59110964460706E-01 -4.63380721190784E-01  8.85337398423952E-01  1.40969529915426E-01

F DZVP-MOLOPT-PBE-GTH-Q7
 1
 2 0 2 5 2 2 1
        13.30428004732790     1.38300641201995E-01    -4.13429187269840E-02    -9.35306094799813E-02     5.06566246623838E-02    -3.27607844899301E-02
         4.80605774544240     1.37253664661734E-01    -3.39425431978004E-02    -2.95918398172795E-01     1.05639317967558E-01     1.33212173705781E-01
         1.70698523266130    -5.18315587577063E-01     1.04830293747595E-01    -5.65287543674134E-01     3.02725510725546E-01     2.66499630071583E-01
         0.58735472443375    -8.26234910698634E-01     4.59821538585407E-02    -6.52514099592094E-01     2.40459771924833E-01     9.50816701157307E-01
         0.17874874061685    -1.03533512436824E-01    -9.91985341560913E-01    -3.97944304537121E-01    -9.14773526135829E-01     7.81459899689756E-02


