CO TZV2P-MOLOPT-PBE-GTH-Q17
 1
 2 0 3 6 4 3 3 2
        13.07922726928563     3.10832475108825E-02     1.07312932016534E-02     1.07507816610909E-01    -4.16627275331881E-01     2.17418139749431E-02    -2.96276554685844E-03    -3.51774211335178E-04     2.87316110127350E-02    -1.28710597906663E-02     1.12668320861230E-02    -2.28624523279969E-02    -1.72414014308710E-02
         6.32231714173753     4.21561917595413E-01     3.21825648650189E-02     4.08267372115140E-03     5.70763410525446E-01    -8.89008085870519E-02    -6.25185143001881E-03     1.52014331678234E-02     4.17106158368920E-01    -1.85418687074379E-01     1.61737531334306E-01     2.47630834457423E-02     1.86747360357035E-02
         2.29967297256108    -7.27212958713785E-01    -1.75332095159259E-01    -9.25958532654760E-02    -1.67320670813306E-01    -8.48960629144394E-01     1.20042402380643E-01     1.04729899047506E-02     5.88710664264768E-01    -3.02126073256348E-01     2.79748601199900E-01    -4.12448929464190E-02    -3.11042641471880E-02
         0.81375955104062    -3.86182955191903E-01    -4.76913603495917E-01     1.58960660934696E-01     6.15869838250608E-01    -5.03389418671222E-01     5.61108971490585E-02     1.75012940961196E-02     5.53008283817260E-01    -6.17920549243845E-02    -1.98980619835264E-02    -3.35758747981599E-01    -2.53207804430864E-01
         0.27911976577565    -2.49602382415341E-01     5.41306816629263E-01    -7.15137386572095E-01     2.55363675962004E-01     9.27737448407189E-02     7.91189345229902E-01    -6.03860641581273E-01     4.01025749973422E-01     5.09180443396942E-01    -7.19810255365353E-01    -7.22420152953484E-01    -5.44803141855846E-01
         0.08178448914252    -2.84678889010115E-01     6.69065111437763E-01     6.65703714653087E-01     1.67774763018228E-01     9.42439141721157E-02     5.97003304195631E-01     7.96683839061028E-01     1.09438964030249E-01     7.81723160826449E-01     6.13947891094588E-01    -6.02111403760252E-01     7.98412084992367E-01
CO TZVP-MOLOPT-PBE-GTH-q17
 1
 2 0 3 6 4 3 3 1
        13.07922726928563     3.10832475108825E-02     1.07312932016534E-02     1.07507816610909E-01    -4.16627275331881E-01     2.17418139749431E-02    -2.96276554685844E-03    -3.51774211335178E-04     2.87316110127350E-02    -1.28710597906663E-02     1.12668320861230E-02    -2.28624523279969E-02
         6.32231714173753     4.21561917595413E-01     3.21825648650189E-02     4.08267372115140E-03     5.70763410525446E-01    -8.89008085870519E-02    -6.25185143001881E-03     1.52014331678234E-02     4.17106158368920E-01    -1.85418687074379E-01     1.61737531334306E-01     2.47630834457423E-02
         2.29967297256108    -7.27212958713785E-01    -1.75332095159259E-01    -9.25958532654760E-02    -1.67320670813306E-01    -8.48960629144394E-01     1.20042402380643E-01     1.04729899047506E-02     5.88710664264768E-01    -3.02126073256348E-01     2.79748601199900E-01    -4.12448929464190E-02
         0.81375955104062    -3.86182955191903E-01    -4.76913603495917E-01     1.58960660934696E-01     6.15869838250608E-01    -5.03389418671222E-01     5.61108971490585E-02     1.75012940961196E-02     5.53008283817260E-01    -6.17920549243845E-02    -1.98980619835264E-02    -3.35758747981599E-01
         0.27911976577565    -2.49602382415341E-01     5.41306816629263E-01    -7.15137386572095E-01     2.55363675962004E-01     9.27737448407189E-02     7.91189345229902E-01    -6.03860641581273E-01     4.01025749973422E-01     5.09180443396942E-01    -7.19810255365353E-01    -7.22420152953484E-01
         0.08178448914252    -2.84678889010115E-01     6.69065111437763E-01     6.65703714653087E-01     1.67774763018228E-01     9.42439141721157E-02     5.97003304195631E-01     7.96683839061028E-01     1.09438964030249E-01     7.81723160826449E-01     6.13947891094588E-01    -6.02111403760252E-01
CO DZVP-MOLOPT-PBE-GTH-q17
 1
 2 0 3 6 3 2 2 1
        13.07922726928563     3.10832475108825E-02     1.07312932016534E-02     1.07507816610909E-01     2.17418139749431E-02    -2.96276554685844E-03     2.87316110127350E-02    -1.28710597906663E-02    -2.28624523279969E-02
         6.32231714173753     4.21561917595413E-01     3.21825648650189E-02     4.08267372115140E-03    -8.89008085870519E-02    -6.25185143001881E-03     4.17106158368920E-01    -1.85418687074379E-01     2.47630834457423E-02
         2.29967297256108    -7.27212958713785E-01    -1.75332095159259E-01    -9.25958532654760E-02    -8.48960629144394E-01     1.20042402380643E-01     5.88710664264768E-01    -3.02126073256348E-01    -4.12448929464190E-02
         0.81375955104062    -3.86182955191903E-01    -4.76913603495917E-01     1.58960660934696E-01    -5.03389418671222E-01     5.61108971490585E-02     5.53008283817260E-01    -6.17920549243845E-02    -3.35758747981599E-01
         0.27911976577565    -2.49602382415341E-01     5.41306816629263E-01    -7.15137386572095E-01     9.27737448407189E-02     7.91189345229902E-01     4.01025749973422E-01     5.09180443396942E-01    -7.22420152953484E-01
         0.08178448914252    -2.84678889010115E-01     6.69065111437763E-01     6.65703714653087E-01     9.42439141721157E-02     5.97003304195631E-01     1.09438964030249E-01     7.81723160826449E-01    -6.02111403760252E-01
CL TZV2P-MOLOPT-PBE-GTH-Q7
 1
 2 0 3 4 3 3 2 1
         1.99824811943664     4.33846894941631E-01     3.07041170622732E-01     1.75957585523759E-02     3.45339975324402E-01     1.79965250304009E-01    -3.72667358036020E-01     9.05635141754461E-02    -2.17425270215822E-01    -1.43769165568981E-01
         1.50363082119869    -3.38194302379175E-01    -3.89997660747777E-02    -9.17322433894228E-01    -4.97369383451272E-01    -2.01781984518266E-01    -8.34831128966391E-01     2.85556761650639E-01     9.18680132432251E-01     4.08136672326571E-01
         0.40650884550636    -5.13548002397481E-01    -6.29188376955880E-01     3.25113335470044E-01    -6.70835040884209E-01    -3.34082727506389E-01     4.03493031418158E-01     9.41536415237722E-01    -2.84903780503556E-01     9.00979681734397E-01
         0.12853799110242    -6.58536206158268E-01     7.12970352884578E-01     2.29153356193791E-01    -4.28187278851352E-01     9.02931487206409E-01     3.70054044720497E-02     1.54158245180379E-01     1.66081010355251E-01     3.14721596903698E-02
CL TZVP-MOLOPT-PBE-GTH-q7
 1
 2 0 2 4 3 3 1
         1.99824811943664     4.33846894941631E-01     3.07041170622732E-01     1.75957585523759E-02     3.45339975324402E-01     1.79965250304009E-01    -3.72667358036020E-01     9.05635141754461E-02
         1.50363082119869    -3.38194302379175E-01    -3.89997660747777E-02    -9.17322433894228E-01    -4.97369383451272E-01    -2.01781984518266E-01    -8.34831128966391E-01     2.85556761650639E-01
         0.40650884550636    -5.13548002397481E-01    -6.29188376955880E-01     3.25113335470044E-01    -6.70835040884209E-01    -3.34082727506389E-01     4.03493031418158E-01     9.41536415237722E-01
         0.12853799110242    -6.58536206158268E-01     7.12970352884578E-01     2.29153356193791E-01    -4.28187278851352E-01     9.02931487206409E-01     3.70054044720497E-02     1.54158245180379E-01
CL DZVP-MOLOPT-PBE-GTH-q7
 1
 2 0 2 4 2 2 1
         1.99824811943664     4.33846894941631E-01     3.07041170622732E-01     3.45339975324402E-01     1.79965250304009E-01     9.05635141754461E-02
         1.50363082119869    -3.38194302379175E-01    -3.89997660747777E-02    -4.97369383451272E-01    -2.01781984518266E-01     2.85556761650639E-01
         0.40650884550636    -5.13548002397481E-01    -6.29188376955880E-01    -6.70835040884209E-01    -3.34082727506389E-01     9.41536415237722E-01
         0.12853799110242    -6.58536206158268E-01     7.12970352884578E-01    -4.28187278851352E-01     9.02931487206409E-01     1.54158245180379E-01
F TZV2P-MOLOPT-PBE-GTH-Q7
 1
 2 0 3 5 3 3 2 1
        13.30428004732790     1.38292090777636E-01    -4.13851185732434E-02    -3.68601172475513E-01    -9.35531482386367E-02     5.06296345689289E-02     1.31156005847365E-01    -3.26022751966033E-02     1.00541308351024E-01     9.72064409635608E-05
         4.80605774544240     1.37268979809070E-01    -3.39565337061055E-02    -2.68712697428403E-01    -2.95910126104609E-01     1.05677150923709E-01    -3.03933997040743E-01     1.33191225710905E-01    -4.08920622745241E-01     5.04092340544058E-06
         1.70698523266130    -5.18264453672791E-01     1.04861752881122E-01     6.94838249064691E-01    -5.65276724858415E-01     3.02716360438154E-01     7.47866109869779E-01     2.66499643835383E-01    -8.18034852203344E-01     5.83002400834836E-05
         0.58735472443375    -8.26267224974586E-01     4.59440905301858E-02    -5.51244775686392E-01    -6.52493507471700E-01     2.40526134346493E-01    -5.71224059806739E-01     9.50822081343244E-01     3.09737546860849E-01     9.99999990598423E-01
         0.17874874061685    -1.03522721189923E-01    -9.91981541717081E-01     7.24959778581021E-02    -3.97994287350983E-01    -9.14756231842929E-01     6.94376178966044E-02     7.81824693351836E-02    -2.39910404638869E-01    -7.70047573235798E-05
F TZVP-MOLOPT-PBE-GTH-q7
 1
 2 0 2 5 3 3 1
        13.30428004732790     1.38292090777636E-01    -4.13851185732434E-02    -3.68601172475513E-01    -9.35531482386367E-02     5.06296345689289E-02     1.31156005847365E-01    -3.26022751966033E-02
         4.80605774544240     1.37268979809070E-01    -3.39565337061055E-02    -2.68712697428403E-01    -2.95910126104609E-01     1.05677150923709E-01    -3.03933997040743E-01     1.33191225710905E-01
         1.70698523266130    -5.18264453672791E-01     1.04861752881122E-01     6.94838249064691E-01    -5.65276724858415E-01     3.02716360438154E-01     7.47866109869779E-01     2.66499643835383E-01
         0.58735472443375    -8.26267224974586E-01     4.59440905301858E-02    -5.51244775686392E-01    -6.52493507471700E-01     2.40526134346493E-01    -5.71224059806739E-01     9.50822081343244E-01
         0.17874874061685    -1.03522721189923E-01    -9.91981541717081E-01     7.24959778581021E-02    -3.97994287350983E-01    -9.14756231842929E-01     6.94376178966044E-02     7.81824693351836E-02
F DZVP-MOLOPT-PBE-GTH-q7
 1
 2 0 2 5 2 2 1
        13.30428004732790     1.38292090777636E-01    -4.13851185732434E-02    -9.35531482386367E-02     5.06296345689289E-02    -3.26022751966033E-02
         4.80605774544240     1.37268979809070E-01    -3.39565337061055E-02    -2.95910126104609E-01     1.05677150923709E-01     1.33191225710905E-01
         1.70698523266130    -5.18264453672791E-01     1.04861752881122E-01    -5.65276724858415E-01     3.02716360438154E-01     2.66499643835383E-01
         0.58735472443375    -8.26267224974586E-01     4.59440905301858E-02    -6.52493507471700E-01     2.40526134346493E-01     9.50822081343244E-01
         0.17874874061685    -1.03522721189923E-01    -9.91981541717081E-01    -3.97994287350983E-01    -9.14756231842929E-01     7.81824693351836E-02
