 Br DZVP-MOLOPT-PBE-GTH-q7
 1
 2 0 2 4 2 2 1
      1.737392738120  0.698849040883 -0.027829541950  0.408222406946  0.104199804352  0.735355883214
      0.995743043074 -0.178219675950  0.121124053665 -0.559269850657 -0.028681992792 -2.354878683630
      0.337588776628 -1.701043348622 -2.197717138458 -1.220407791913 -0.996384166266 -2.891234672063
      0.115887043391 -0.358131187327  1.946344639416 -0.708522727592  3.770311426725 -0.592507107440

########################################################################################################
K DZVP-MOLOPT-PBE-GTH-Q9
 1
 2 0 2 6 3 2 1
  2.48747977586520  -3.92367491455784E-01     3.45382362483372E-01     4.88130665067447E-01     5.77414047356580E-01    -1.22092809733214E-01    -7.31568620970510E-02
  2.27394291855764   1.79074539344268E-01    -2.40743674837103E-01    -4.89177529940567E-01    -6.62740546911011E-01     1.22491677780487E-01     2.76849134253138E-01
  0.70553141160975   2.81020064755433E-01    -2.58569361058592E-01    -1.34707774668324E-01    -3.72899382793635E-01     1.42645541475658E-02     3.89597005239596E-01
  0.27115084058935  -3.53183081275965E-02    -2.30000836977317E-01    -1.67876733911273E-01    -2.43966705443388E-01     2.58214299341765E-02     4.97875742401018E-01
  0.09276063298934   7.75914377724183E-01    -7.71207480921011E-02     5.77508886054513E-01     2.49993108761724E-02     3.47196383720207E-01     6.02670790459602E-01
  0.03061539107740   3.62928753013707E-01     8.34893644386237E-01    -3.77608927602785E-01     1.67837173469790E-01     9.21234813752013E-01     3.93858435678573E-01

########################################################################################################
CL DZVP-MOLOPT-PBE-GTH-Q7
 1
 2 0 2 4 2 2 1
 1.99824811943664  4.80178625121655E-01  2.13595239647007E-01  3.37297835177395E-01  1.93550474567217E-01  9.49286028054555E-02
 1.50363082119869 -3.59931830134513E-01  5.82028670667737E-02 -4.88390621275333E-01 -2.19767298436887E-01  2.80669438798039E-01
 0.40650884550636 -5.66727788276184E-01 -6.12160145305852E-01 -6.58014497305072E-01 -3.61134655335744E-01  9.44637929647980E-01
 0.12853799110242 -5.64532709085914E-01  7.59110964460706E-01 -4.63380721190784E-01  8.85337398423952E-01  1.40969529915426E-01

##################################################################################
H DZVP-MOLOPT-PBE-GTH-Q1
 1
 2 0 1 5 2 1
         9.42354063693337     1.73378201014863E-02    -1.21445159969598E-01    -8.76671027046430E-02
         2.22615949373757     1.93709872716504E-01    -1.18321991639862E-01     2.94039390163616E-01
         0.63906011750762     5.93969954529689E-01    -1.91879319676876E-01     4.09265411017209E-01
         0.31891311049636     2.87972643705189E-01     9.48793006176853E-01     1.56988630151590E-01
         0.16139156624546     7.25566905805197E-01    -1.85000371687637E-01     8.44814600657224E-01

C DZVP-MOLOPT-PBE-GTH-Q4
 1
 2 0 2 5 2 2 1
         5.26168129831067    -1.61180329987319E-01     9.95867208365846E-02    -9.87196463656005E-02     8.04180361628404E-02    -7.94810431764520E-02
         1.93765185829818    -1.80818549742989E-01     2.07627108755464E-01    -2.33418997562279E-01     3.08840032955768E-01     2.69065919998737E-01
         0.75874037796781     4.91719768047513E-01    -4.16765369564797E-01    -5.45204647452669E-01     4.47360294645044E-01     5.09115674523642E-01
         0.29195902016920     8.01363369134776E-01     6.04318650540439E-02    -6.71299816524380E-01     5.57121483533110E-02     7.95876444290429E-01
         0.09607356854063     2.39486896539835E-01     8.77284494996048E-01    -4.33449480019086E-01    -8.33616036796648E-01     1.69316891799892E-01

O DZVP-MOLOPT-PBE-GTH-Q6
 1
 2 0 2 5 2 2 1
        10.34256722623639    -1.36612866576817E-01     5.36780510727693E-02    -9.23817206645146E-02     5.83443637080248E-02    -9.48473896502772E-02
         3.67715896642206    -1.53385468202307E-01     9.10278370989298E-02    -2.98264530995839E-01     1.75046650342809E-01     1.72754284852763E-01
         1.30046451996361     5.48080652961239E-01    -2.61157543615482E-01    -5.68590641449654E-01     3.64872626600995E-01     4.96868401181124E-01
         0.46645021946921     7.84467551986126E-01    -4.09115659592466E-02    -6.49258120291653E-01     1.42983044083434E-01     8.41501659783491E-01
         0.14793951916337     2.05007513424509E-01     9.58621708960114E-01    -3.97079920076698E-01    -9.01320376386329E-01    -7.84645029990108E-02


