BR DZVP-MOLOPT-PBE-GTH-Q7
 1
 2 0 2 4 2 2 1
         1.47688721179527     5.52628075516689E-01     3.23252989563814E-01     4.26435591390924E-01     4.17173613244992E-01     3.67521661599395E-01
         1.26524771794335    -5.07589974458682E-01    -3.57797945267657E-02    -4.63736715110540E-01    -4.39000389015871E-01    -5.27119683328333E-01
         0.34028843475365    -3.06713844514004E-01    -6.56939072872135E-01    -4.02990613278658E-01    -2.80266345351652E-01    -7.61204071484182E-01
         0.10905726945427    -5.85560625010933E-01     6.80189948158291E-01    -6.63852024974579E-01     7.44778900425663E-01    -8.74129810666689E-02
K DZVP-MOLOPT-PBE-GTH-Q9
 1
 2 0 2 6 3 2 1
         2.49157594827330    -4.01767012472940E-01     3.91971483161356E-01     4.27249198034155E-01     5.26416781059567E-01    -1.57303331644807E-01    -6.55413038697930E-02
         2.21571609373495     2.09989360522375E-01    -2.45144980514593E-01    -4.43050709794984E-01    -6.34271931451510E-01     1.58154747974974E-01     3.13206824653538E-01
         0.70326805468197     3.03096695028491E-01    -3.47619033251999E-01    -7.27257612980663E-02    -4.63597572817514E-01    -9.66820385688624E-02     4.25470232142481E-01
         0.28260984684255    -1.83202078723080E-01    -3.73017173110644E-01    -1.77606224275159E-01    -2.74282595633314E-01     8.05783700101550E-02     5.53999931283111E-01
         0.11657699865045     6.84733514391235E-01    -1.09382091348492E-01     6.42182001992670E-01    -3.12357317866230E-03     2.81715886167923E-01     5.63594715498036E-01
         0.03411882970316     4.47433952935793E-01     7.17159012558935E-01    -4.14648598681290E-01     1.74416401443827E-01     9.24682976339304E-01     3.03357836290931E-01
H DZVP-MOLOPT-PBE-GTH-Q1
 1
 2 0 1 5 2 1
         9.42354063693337     1.73378201014863E-02    -1.21445159969598E-01    -8.76671027046430E-02
         2.22615949373757     1.93709872716504E-01    -1.18321991639862E-01     2.94039390163616E-01
         0.63906011750762     5.93969954529689E-01    -1.91879319676876E-01     4.09265411017209E-01
         0.31891311049636     2.87972643705189E-01     9.48793006176853E-01     1.56988630151590E-01
         0.16139156624546     7.25566905805197E-01    -1.85000371687637E-01     8.44814600657224E-01
C DZVP-MOLOPT-PBE-GTH-Q4
 1
 2 0 2 5 2 2 1
         5.26168129831067    -1.61180329987319E-01     9.95867208365846E-02    -9.87196463656005E-02     8.04180361628404E-02    -7.94810431764520E-02
         1.93765185829818    -1.80818549742989E-01     2.07627108755464E-01    -2.33418997562279E-01     3.08840032955768E-01     2.69065919998737E-01
         0.75874037796781     4.91719768047513E-01    -4.16765369564797E-01    -5.45204647452669E-01     4.47360294645044E-01     5.09115674523642E-01
         0.29195902016920     8.01363369134776E-01     6.04318650540438E-02    -6.71299816524380E-01     5.57121483533110E-02     7.95876444290429E-01
         0.09607356854063     2.39486896539835E-01     8.77284494996048E-01    -4.33449480019086E-01    -8.33616036796648E-01     1.69316891799892E-01
O DZVP-MOLOPT-PBE-GTH-Q6
 1
 2 0 2 5 2 2 1
        10.34256722623639    -1.36612866576817E-01     5.36780510727693E-02    -9.23817206645146E-02     5.83443637080248E-02    -9.48473896502772E-02
         3.67715896642206    -1.53385468202307E-01     9.10278370989298E-02    -2.98264530995839E-01     1.75046650342809E-01     1.72754284852763E-01
         1.30046451996361     5.48080652961239E-01    -2.61157543615482E-01    -5.68590641449654E-01     3.64872626600995E-01     4.96868401181124E-01
         0.46645021946921     7.84467551986126E-01    -4.09115659592467E-02    -6.49258120291653E-01     1.42983044083434E-01     8.41501659783491E-01
         0.14793951916337     2.05007513424509E-01     9.58621708960114E-01    -3.97079920076698E-01    -9.01320376386329E-01    -7.84645029990108E-02
CL DZVP-MOLOPT-PBE-GTH-Q7
 1
 2 0 2 4 2 2 1
         1.99824811943664     4.80178625121655E-01     2.13595239646917E-01     3.37297835177395E-01     1.93550474567217E-01     9.49286028054555E-02
         1.50363082119869    -3.59931830134513E-01     5.82028670667125E-02    -4.88390621275333E-01    -2.19767298436887E-01     2.80669438798039E-01
         0.40650884550636    -5.66727788276184E-01    -6.12160145305889E-01    -6.58014497305072E-01    -3.61134655335744E-01     9.44637929647980E-01
         0.12853799110242    -5.64532709085914E-01     7.59110964460706E-01    -4.63380721190784E-01     8.85337398423951E-01     1.40969529915426E-01
