HG DZVP-MOLOPT-SCAN-GTH-Q12
 1
 2 0 3 6 2 2 2 1
         3.00212418041577     8.53484433783394E-03     8.59132039906249E-02    -3.41114916255533E-02    -2.69796878670415E-02    -1.01928691694004E-01    -3.79375100466519E-02     1.28922207837923E-02
         1.98269569630024    -1.31376590265019E-01    -2.21853661278409E-02     1.21838540880833E-01     4.95867316317674E-02     4.85523858673093E-01     5.80359932116433E-02    -1.80733078729901E-02
         0.93528039655682     4.78794403463093E-01    -3.58178024048629E-01    -3.63113040636992E-01    -1.78377522277583E-02     6.53000661591601E-01    -4.45276106859273E-01    -2.56064598141622E-02
         0.41814641101230    -1.58090554348317E-02     4.54101282452156E-02     5.67483785902988E-02     8.13734584785847E-02     5.26765624332608E-01     3.98958928107557E-01    -7.49601818306716E-01
         0.18096910860525    -6.64495356244163E-01     4.35186155618085E-01     8.90772293749150E-01    -2.73163358705465E-01     2.18502884255688E-01     4.95408566154530E-02    -5.61923101337359E-01
         0.06847238884278    -5.58228682952685E-01    -8.19991563499018E-01     2.35467700610335E-01     9.56689712916430E-01     4.73468797609009E-02     7.97056606956322E-01     3.48124974077191E-01
H DZVP-MOLOPT-SCAN-GTH-Q1
 1
 2 0 1 5 2 1
         9.16876514496744     4.30245721944096E-02    -3.89199332255518E-02    -1.03225299298647E-01
         2.16119406948452     1.67758655334156E-01    -2.29436993766244E-01     3.18679005482070E-01
         0.61986766123499     5.51924571472773E-01    -2.73974309763091E-01     4.58038932787715E-01
         0.41225503616229     4.20326460221825E-01     8.94936516623427E-01     2.25604019455304E-02
         0.16131600752250     6.99078574975625E-01    -2.64330500496994E-01     8.23091485416057E-01
C DZVP-MOLOPT-SCAN-GTH-Q4
 1
 2 0 2 5 2 2 1
         5.62346013427220    -1.55253500731420E-01     5.81156225081139E-02    -9.29774868419450E-02     6.15864535855770E-02    -8.37519672759395E-02
         2.09855872766266    -2.36394508865927E-01     1.09598535828912E-01    -2.48489734215218E-01     2.22870166784096E-01     2.49479844044917E-01
         0.82051076634244     4.67426079878225E-01    -1.58417931802923E-01    -5.81990872631545E-01     3.41552398929665E-01     5.62523929081207E-01
         0.31733139976061     8.30527918853097E-01     3.37009387490941E-03    -6.83456388910509E-01     8.65714462205002E-02     7.72454993535448E-01
         0.11111607198944     1.08398443456976E-01     9.79542309813727E-01    -3.51826701035020E-01    -9.06853538878833E-01     1.32761167386880E-01
F DZVP-MOLOPT-SCAN-GTH-Q7
 1
 2 0 2 5 2 2 1
        13.16645520019096     1.25688709752362E-01    -6.90191648196731E-02    -9.31572868763813E-02     5.00225599861602E-02    -1.02513605924922E-02
         4.67863609541364     1.25206371205048E-01    -7.54523660806367E-02    -2.93923292691458E-01     1.19602022797720E-01     4.04484470063397E-02
         1.68188350144516    -4.93940854057955E-01     2.15904735709196E-01    -5.53343548452151E-01     3.11861936412921E-01     4.51403790784568E-01
         0.58393450944632    -7.58234802751956E-01     3.05654861844976E-01    -6.44505933144035E-01     2.69615230808562E-01     8.90352206116421E-01
         0.18571155118612    -3.86817953873203E-01    -9.21685166349822E-01    -4.28198362261887E-01    -9.01799789070697E-01     4.20285554084608E-02
CL DZVP-MOLOPT-SCAN-GTH-Q7
 1
 2 0 2 4 2 2 1
         1.99031135450461     4.85018816633289E-01     1.94158525239581E-01     3.26464872695311E-01     1.51626624474172E-01     1.14349988907458E-01
         1.46501921747017    -3.69443122264159E-01     8.84925501203066E-02    -4.91090003440862E-01    -1.60659090706497E-01     2.49763916797096E-01
         0.40655378963524    -5.57894471564660E-01    -6.37209072162332E-01    -6.93734950650820E-01    -3.56105172703454E-01     9.48735957067630E-01
         0.13370286337397    -5.63047320854067E-01     7.40564739914085E-01    -4.13501044329990E-01     9.07957669331436E-01     1.56339853108561E-01
