W DZVP-MOLOPT-SCAN-GTH-Q14
 1
 2 0 3 6 3 2 2 1
         3.20263659299056     2.37643510953835E-01    -3.23773471293486E-01     2.39564951382230E-01     6.46779603062378E-01    -8.10555082744893E-02    -1.39259252232091E-01     1.01963762844129E-01     1.14185228637652E-02
         2.97040404940362     2.54740194999295E-01     3.72928590425724E-01    -1.51620670636496E-01    -5.80279831417024E-01     9.77447611050307E-02     1.76140438396963E-01    -1.28500355847442E-01     8.52424963020677E-03
         1.05448124604065    -8.59164030647697E-01    -1.72850633979106E-01     2.70614702539025E-02    -4.18511794134168E-01    -3.43163147029762E-01     4.20650739410408E-01    -3.02878055899728E-01    -2.00403191702734E-01
         0.44746215880808    -2.49340376166159E-01    -2.19476020254031E-01     7.11920815732519E-02    -2.61700186489321E-01     4.55196621842974E-03     5.97081569950216E-01    -4.43118290923295E-01    -8.45775673815547E-01
         0.17257219040800    -1.89757197935430E-01     3.67657793323838E-01    -7.55017457177087E-01    -3.49134195624205E-02     8.45828558213605E-01     6.04349752446443E-01     4.50353442596322E-01    -4.92482337585070E-01
         0.05779644756030    -2.05649570482098E-01     7.36800982358444E-01     5.86317158210281E-01    -9.66467845379611E-03     3.88160212398637E-01     2.25586652101294E-01     6.94394621133407E-01     4.19544039143957E-02
C DZVP-MOLOPT-SCAN-GTH-Q4
 1
 2 0 2 5 2 2 1
         5.62346013427220    -1.55253500731420E-01     5.81156225081139E-02    -9.29774868419450E-02     6.15864535855770E-02    -8.37519672759395E-02
         2.09855872766266    -2.36394508865927E-01     1.09598535828912E-01    -2.48489734215218E-01     2.22870166784096E-01     2.49479844044917E-01
         0.82051076634244     4.67426079878225E-01    -1.58417931802923E-01    -5.81990872631545E-01     3.41552398929665E-01     5.62523929081207E-01
         0.31733139976061     8.30527918853097E-01     3.37009387490941E-03    -6.83456388910509E-01     8.65714462205002E-02     7.72454993535448E-01
         0.11111607198944     1.08398443456976E-01     9.79542309813727E-01    -3.51826701035020E-01    -9.06853538878833E-01     1.32761167386880E-01
O DZVP-MOLOPT-SCAN-GTH-Q6
 1
 2 0 2 5 2 2 1
        10.25781699497238    -1.37093335568261E-01     6.42341766590814E-02    -1.01541960662273E-01     5.12250917317880E-02    -1.55308630843787E-02
         3.64428735012608    -1.53382903419191E-01     6.95730187369108E-02    -2.97888826596963E-01     1.18416114723772E-01     1.12242705044625E-01
         1.40222472037927     4.52964005356058E-01    -1.60546208430784E-01    -5.48743422499672E-01     2.65706574607295E-01     4.02080210361362E-01
         0.52205700268808     8.05450964095097E-01    -2.63981031214717E-01    -6.95022929228448E-01     1.92118246587555E-01     9.01700430010169E-01
         0.16818943371335     3.22104729197730E-01     9.46346921445871E-01    -3.41723954857718E-01    -9.35865486749767E-01    -1.11481865840859E-01
F DZVP-MOLOPT-SCAN-GTH-Q7
 1
 2 0 2 5 2 2 1
        13.16645520019096     1.25688709752362E-01    -6.90191648196731E-02    -9.31572868763813E-02     5.00225599861602E-02    -1.02513605924922E-02
         4.67863609541364     1.25206371205048E-01    -7.54523660806367E-02    -2.93923292691458E-01     1.19602022797720E-01     4.04484470063397E-02
         1.68188350144516    -4.93940854057955E-01     2.15904735709196E-01    -5.53343548452151E-01     3.11861936412921E-01     4.51403790784568E-01
         0.58393450944632    -7.58234802751956E-01     3.05654861844976E-01    -6.44505933144035E-01     2.69615230808562E-01     8.90352206116421E-01
         0.18571155118612    -3.86817953873203E-01    -9.21685166349822E-01    -4.28198362261887E-01    -9.01799789070697E-01     4.20285554084608E-02
H DZVP-MOLOPT-SCAN-GTH-Q1
 1
 2 0 1 5 2 1
         9.16876514496744     4.30245721944096E-02    -3.89199332255518E-02    -1.03225299298647E-01
         2.16119406948452     1.67758655334156E-01    -2.29436993766244E-01     3.18679005482070E-01
         0.61986766123499     5.51924571472773E-01    -2.73974309763091E-01     4.58038932787715E-01
         0.41225503616229     4.20326460221825E-01     8.94936516623427E-01     2.25604019455304E-02
         0.16131600752250     6.99078574975625E-01    -2.64330500496994E-01     8.23091485416057E-01
