PT TZV2P-MOLOPT-SCAN-GTH-Q18
 1
 2 0 3 6 4 3 3 2
         6.00644846587041    -6.38280376724582E-01    -5.87539119799767E-02     9.20440049669623E-02    -3.94028597191331E-02    -4.66528455288492E-01    -9.61404462075609E-02    -1.52963257109894E-02    -3.36223349983489E-02     9.70524637749557E-03     3.97395563781949E-02    -4.50536593220816E-02    -5.20796478290037E-03
         5.69269558274907     7.57926074497465E-01     9.88182633862148E-02     1.95489030938813E-02     2.49484586194974E-03     5.90851457541241E-01     1.05819979331801E-01     6.43785993273654E-02    -1.67299456038804E-02     3.23783643110033E-02    -5.73882431346495E-02     4.95386676501316E-02     9.98063693461960E-03
         1.38469787890399     3.06703245641076E-02    -2.52874112455330E-01     7.64764110956501E-01     1.11395115632098E-01    -4.82410093439034E-01    -3.40640189693546E-01     1.35722785743478E-01     5.84030452868337E-01    -2.61647488958876E-01     2.75693504117085E-01    -1.16101275020130E-01    -1.66614161899758E-01
         0.55357196704680     1.03409006997291E-01    -3.80272112670786E-01     4.60862828322480E-01     4.86402645371459E-02    -2.58868110913103E-01    -2.23415156311296E-01    -1.19601030001044E-01     4.66455032857099E-01    -5.26778035702167E-01     2.40687712458684E-01    -6.86023820934573E-01    -2.18603486989229E-01
         0.22670901038525    -2.47267276080518E-02     5.81938007775154E-01     3.73191324459952E-01    -7.11470691088262E-01    -3.10179286603307E-01     7.73716999241910E-01    -4.93677457364489E-01     4.70397614466515E-01     4.72266123989312E-02    -8.78225507422476E-01    -6.63380388809415E-01    -1.27344044049888E-01
         0.07994566629527    -7.68161681545742E-02     6.63007456466286E-01     2.33699133393369E-01     6.90996308956523E-01    -1.93138211108552E-01     4.63649739304647E-01     8.48044164835324E-01     4.67593695699857E-01     8.06642789233189E-01     2.99849682641762E-01    -2.67084928405250E-01     9.52947530016638E-01
PT TZVP-MOLOPT-SCAN-GTH-q18
 1
 2 0 3 6 4 3 3 1
         6.00644846587041    -6.38280376724582E-01    -5.87539119799767E-02     9.20440049669623E-02    -3.94028597191331E-02    -4.66528455288492E-01    -9.61404462075609E-02    -1.52963257109894E-02    -3.36223349983489E-02     9.70524637749557E-03     3.97395563781949E-02    -4.50536593220816E-02
         5.69269558274907     7.57926074497465E-01     9.88182633862148E-02     1.95489030938813E-02     2.49484586194974E-03     5.90851457541241E-01     1.05819979331801E-01     6.43785993273654E-02    -1.67299456038804E-02     3.23783643110033E-02    -5.73882431346495E-02     4.95386676501316E-02
         1.38469787890399     3.06703245641076E-02    -2.52874112455330E-01     7.64764110956501E-01     1.11395115632098E-01    -4.82410093439034E-01    -3.40640189693546E-01     1.35722785743478E-01     5.84030452868337E-01    -2.61647488958876E-01     2.75693504117085E-01    -1.16101275020130E-01
         0.55357196704680     1.03409006997291E-01    -3.80272112670786E-01     4.60862828322480E-01     4.86402645371459E-02    -2.58868110913103E-01    -2.23415156311296E-01    -1.19601030001044E-01     4.66455032857099E-01    -5.26778035702167E-01     2.40687712458684E-01    -6.86023820934573E-01
         0.22670901038525    -2.47267276080518E-02     5.81938007775154E-01     3.73191324459952E-01    -7.11470691088262E-01    -3.10179286603307E-01     7.73716999241910E-01    -4.93677457364489E-01     4.70397614466515E-01     4.72266123989312E-02    -8.78225507422476E-01    -6.63380388809415E-01
         0.07994566629527    -7.68161681545742E-02     6.63007456466286E-01     2.33699133393369E-01     6.90996308956523E-01    -1.93138211108552E-01     4.63649739304647E-01     8.48044164835324E-01     4.67593695699857E-01     8.06642789233189E-01     2.99849682641762E-01    -2.67084928405250E-01
PT DZVP-MOLOPT-SCAN-GTH-q18
 1
 2 0 3 6 3 2 2 1
         6.00644846587041    -6.38280376724582E-01    -5.87539119799767E-02     9.20440049669623E-02    -4.66528455288492E-01    -9.61404462075609E-02    -3.36223349983489E-02     9.70524637749557E-03    -4.50536593220816E-02
         5.69269558274907     7.57926074497465E-01     9.88182633862148E-02     1.95489030938813E-02     5.90851457541241E-01     1.05819979331801E-01    -1.67299456038804E-02     3.23783643110033E-02     4.95386676501316E-02
         1.38469787890399     3.06703245641076E-02    -2.52874112455330E-01     7.64764110956501E-01    -4.82410093439034E-01    -3.40640189693546E-01     5.84030452868337E-01    -2.61647488958876E-01    -1.16101275020130E-01
         0.55357196704680     1.03409006997291E-01    -3.80272112670786E-01     4.60862828322480E-01    -2.58868110913103E-01    -2.23415156311296E-01     4.66455032857099E-01    -5.26778035702167E-01    -6.86023820934573E-01
         0.22670901038525    -2.47267276080518E-02     5.81938007775154E-01     3.73191324459952E-01    -3.10179286603307E-01     7.73716999241910E-01     4.70397614466515E-01     4.72266123989312E-02    -6.63380388809415E-01
         0.07994566629527    -7.68161681545742E-02     6.63007456466286E-01     2.33699133393369E-01    -1.93138211108552E-01     4.63649739304647E-01     4.67593695699857E-01     8.06642789233189E-01    -2.67084928405250E-01
O TZV2P-MOLOPT-SCAN-GTH-Q6
 1
 2 0 3 5 3 3 2 1
        10.25781699497238    -1.37093335568261E-01     6.42341766590814E-02    -7.17088581420037E-01    -1.01541960662273E-01     5.12250917317880E-02     1.18360216509634E-01    -1.55308630843787E-02     3.18602602792577E-02     1.18645628163343E-03
         3.64428735012608    -1.53382903419191E-01     6.95730187369108E-02    -5.49416247278626E-01    -2.97888826596963E-01     1.18416114723772E-01     5.91292938991212E-02     1.12242705044625E-01    -2.22035206994148E-01    -3.65643497936781E-03
         1.40222472037927     4.52964005356058E-01    -1.60546208430784E-01     2.25545730548663E-01    -5.48743422499672E-01     2.65706574607295E-01     7.32042358682655E-01     4.02080210361362E-01    -8.37756480907312E-01     4.91390044295019E-04
         0.52205700268808     8.05450964095097E-01    -2.63981031214717E-01    -3.63850982918199E-01    -6.95022929228448E-01     1.92118246587555E-01    -6.62764404039625E-01     9.01700430010169E-01     4.32284673630976E-01     9.99992334274143E-01
         0.16818943371335     3.22104729197730E-01     9.46346921445871E-01     2.58329108697021E-02    -3.41723954857718E-01    -9.35865486749767E-01     8.57433121772174E-02    -1.11481865840859E-01     2.46939932598114E-01     5.59225812546083E-04
O TZVP-MOLOPT-SCAN-GTH-q6
 1
 2 0 2 5 3 3 1
        10.25781699497238    -1.37093335568261E-01     6.42341766590814E-02    -7.17088581420037E-01    -1.01541960662273E-01     5.12250917317880E-02     1.18360216509634E-01    -1.55308630843787E-02
         3.64428735012608    -1.53382903419191E-01     6.95730187369108E-02    -5.49416247278626E-01    -2.97888826596963E-01     1.18416114723772E-01     5.91292938991212E-02     1.12242705044625E-01
         1.40222472037927     4.52964005356058E-01    -1.60546208430784E-01     2.25545730548663E-01    -5.48743422499672E-01     2.65706574607295E-01     7.32042358682655E-01     4.02080210361362E-01
         0.52205700268808     8.05450964095097E-01    -2.63981031214717E-01    -3.63850982918199E-01    -6.95022929228448E-01     1.92118246587555E-01    -6.62764404039625E-01     9.01700430010169E-01
         0.16818943371335     3.22104729197730E-01     9.46346921445871E-01     2.58329108697021E-02    -3.41723954857718E-01    -9.35865486749767E-01     8.57433121772174E-02    -1.11481865840859E-01
O DZVP-MOLOPT-SCAN-GTH-q6
 1
 2 0 2 5 2 2 1
        10.25781699497238    -1.37093335568261E-01     6.42341766590814E-02    -1.01541960662273E-01     5.12250917317880E-02    -1.55308630843787E-02
         3.64428735012608    -1.53382903419191E-01     6.95730187369108E-02    -2.97888826596963E-01     1.18416114723772E-01     1.12242705044625E-01
         1.40222472037927     4.52964005356058E-01    -1.60546208430784E-01    -5.48743422499672E-01     2.65706574607295E-01     4.02080210361362E-01
         0.52205700268808     8.05450964095097E-01    -2.63981031214717E-01    -6.95022929228448E-01     1.92118246587555E-01     9.01700430010169E-01
         0.16818943371335     3.22104729197730E-01     9.46346921445871E-01    -3.41723954857718E-01    -9.35865486749767E-01    -1.11481865840859E-01
C TZV2P-MOLOPT-SCAN-GTH-Q4
 1
 2 0 3 5 3 3 2 1
         5.62346013427220    -1.55253500731420E-01     5.81156225081139E-02    -2.32186542838356E-01    -9.29774868419450E-02     6.15864535855770E-02     9.86399689537923E-02    -8.37519672759395E-02     9.90783094230166E-02    -7.20623334339043E-04
         2.09855872766266    -2.36394508865927E-01     1.09598535828912E-01    -5.10089788597870E-01    -2.48489734215218E-01     2.22870166784096E-01     5.03804845853325E-01     2.49479844044917E-01    -3.05939752143157E-01     1.08954507083180E-01
         0.82051076634244     4.67426079878225E-01    -1.58417931802923E-01     5.98044616665820E-01    -5.81990872631545E-01     3.41552398929665E-01     4.45786488432128E-01     5.62523929081207E-01    -6.83434126671942E-01    -3.22931051133369E-03
         0.31733139976061     8.30527918853097E-01     3.37009387490941E-03    -5.47290507350280E-01    -6.83456388910509E-01     8.65714462205001E-02    -6.95627947381305E-01     7.72454993535448E-01     6.35064830723212E-01     9.94039941743435E-01
         0.11111607198944     1.08398443456976E-01     9.79542309813727E-01     1.69450741911206E-01    -3.51826701035020E-01    -9.06853538878833E-01     2.32006464075739E-01     1.32761167386880E-01    -1.61848113795370E-01     1.60058133198670E-03
C TZVP-MOLOPT-SCAN-GTH-q4
 1
 2 0 2 5 3 3 1
         5.62346013427220    -1.55253500731420E-01     5.81156225081139E-02    -2.32186542838356E-01    -9.29774868419450E-02     6.15864535855770E-02     9.86399689537923E-02    -8.37519672759395E-02
         2.09855872766266    -2.36394508865927E-01     1.09598535828912E-01    -5.10089788597870E-01    -2.48489734215218E-01     2.22870166784096E-01     5.03804845853325E-01     2.49479844044917E-01
         0.82051076634244     4.67426079878225E-01    -1.58417931802923E-01     5.98044616665820E-01    -5.81990872631545E-01     3.41552398929665E-01     4.45786488432128E-01     5.62523929081207E-01
         0.31733139976061     8.30527918853097E-01     3.37009387490941E-03    -5.47290507350280E-01    -6.83456388910509E-01     8.65714462205001E-02    -6.95627947381305E-01     7.72454993535448E-01
         0.11111607198944     1.08398443456976E-01     9.79542309813727E-01     1.69450741911206E-01    -3.51826701035020E-01    -9.06853538878833E-01     2.32006464075739E-01     1.32761167386880E-01
C DZVP-MOLOPT-SCAN-GTH-q4
 1
 2 0 2 5 2 2 1
         5.62346013427220    -1.55253500731420E-01     5.81156225081139E-02    -9.29774868419450E-02     6.15864535855770E-02    -8.37519672759395E-02
         2.09855872766266    -2.36394508865927E-01     1.09598535828912E-01    -2.48489734215218E-01     2.22870166784096E-01     2.49479844044917E-01
         0.82051076634244     4.67426079878225E-01    -1.58417931802923E-01    -5.81990872631545E-01     3.41552398929665E-01     5.62523929081207E-01
         0.31733139976061     8.30527918853097E-01     3.37009387490941E-03    -6.83456388910509E-01     8.65714462205001E-02     7.72454993535448E-01
         0.11111607198944     1.08398443456976E-01     9.79542309813727E-01    -3.51826701035020E-01    -9.06853538878833E-01     1.32761167386880E-01
