PT TZV2P-MOLOPT-SCAN-GTH-Q18
 1
 2 0 3 6 4 3 3 2
         6.00644846587041    -6.29435294986339E-01    -7.75728339387101E-02     1.22718441253038E-01    -5.36249289353216E-02    -4.73156527349011E-01    -6.86137431358397E-02    -5.92103810140943E-02    -5.18839911854297E-02    -3.48227340830457E-02     1.12554345335694E-01    -1.72758786010456E-02    -7.11291732295785E-03
         5.69269558274907     7.62347249193172E-01     9.78790876096441E-02     3.65793840376589E-02    -3.40370634531439E-02     5.96656606659974E-01     7.58145652478709E-02     8.07733834030612E-02    -4.28808881650627E-03     6.45662137322977E-02    -1.09136962776389E-01     2.16552975453550E-02     8.91603516100418E-03
         1.38469787890399     3.42836736916920E-02    -3.33405669496079E-01     6.85407956771905E-01    -3.33287399889034E-02    -4.96766005304857E-01    -3.18977863609453E-01     7.86973130969205E-02     5.80129512325772E-01    -2.70413850546791E-01    -9.98631671769414E-02    -1.15041321348391E-01    -4.73654293579839E-02
         0.55357196704680     1.26617084587547E-01    -4.26373272623764E-01     4.77449754381630E-01     1.71064771512658E-01    -2.61356987015382E-01    -2.29483493784724E-01     7.65788778816670E-02     4.64000099910786E-01    -5.44237938067417E-01     4.96051677859543E-01    -5.53067451914860E-01    -2.27711895315777E-01
         0.22670901038525    -2.59881620151007E-02     5.27719659918727E-01     4.05009257088521E-01    -7.10728510704988E-01    -2.71055008155076E-01     7.72903613755937E-01    -4.97228314066044E-01     5.01675109089761E-01     1.28384470276907E-01    -7.22470451678039E-01    -7.31551607599575E-01    -3.01198348431191E-01
         0.07994566629527    -6.89582490851759E-02     6.42620099373383E-01     3.49037676114110E-01     6.78569722591063E-01    -1.77676780198701E-01     4.87601023788594E-01     8.54796001030970E-01     4.40187919966224E-01     7.80267534392889E-01     4.44316519936240E-01    -3.80718696073731E-01     9.24690907525276E-01
PT TZVP-MOLOPT-SCAN-GTH-q18
 1
 2 0 3 6 4 3 3 1
         6.00644846587041    -6.29435294986339E-01    -7.75728339387101E-02     1.22718441253038E-01    -5.36249289353216E-02    -4.73156527349011E-01    -6.86137431358397E-02    -5.92103810140943E-02    -5.18839911854297E-02    -3.48227340830457E-02     1.12554345335694E-01    -1.72758786010456E-02
         5.69269558274907     7.62347249193172E-01     9.78790876096441E-02     3.65793840376589E-02    -3.40370634531439E-02     5.96656606659974E-01     7.58145652478709E-02     8.07733834030612E-02    -4.28808881650627E-03     6.45662137322977E-02    -1.09136962776389E-01     2.16552975453550E-02
         1.38469787890399     3.42836736916920E-02    -3.33405669496079E-01     6.85407956771905E-01    -3.33287399889034E-02    -4.96766005304857E-01    -3.18977863609453E-01     7.86973130969205E-02     5.80129512325772E-01    -2.70413850546791E-01    -9.98631671769414E-02    -1.15041321348391E-01
         0.55357196704680     1.26617084587547E-01    -4.26373272623764E-01     4.77449754381630E-01     1.71064771512658E-01    -2.61356987015382E-01    -2.29483493784724E-01     7.65788778816670E-02     4.64000099910786E-01    -5.44237938067417E-01     4.96051677859543E-01    -5.53067451914860E-01
         0.22670901038525    -2.59881620151007E-02     5.27719659918727E-01     4.05009257088521E-01    -7.10728510704988E-01    -2.71055008155076E-01     7.72903613755937E-01    -4.97228314066044E-01     5.01675109089761E-01     1.28384470276907E-01    -7.22470451678039E-01    -7.31551607599575E-01
         0.07994566629527    -6.89582490851759E-02     6.42620099373383E-01     3.49037676114110E-01     6.78569722591063E-01    -1.77676780198701E-01     4.87601023788594E-01     8.54796001030970E-01     4.40187919966224E-01     7.80267534392889E-01     4.44316519936240E-01    -3.80718696073731E-01
PT DZVP-MOLOPT-SCAN-GTH-q18
 1
 2 0 3 6 3 2 2 1
         6.00644846587041    -6.29435294986339E-01    -7.75728339387101E-02     1.22718441253038E-01    -4.73156527349011E-01    -6.86137431358397E-02    -5.18839911854297E-02    -3.48227340830457E-02    -1.72758786010456E-02
         5.69269558274907     7.62347249193172E-01     9.78790876096441E-02     3.65793840376589E-02     5.96656606659974E-01     7.58145652478709E-02    -4.28808881650627E-03     6.45662137322977E-02     2.16552975453550E-02
         1.38469787890399     3.42836736916920E-02    -3.33405669496079E-01     6.85407956771905E-01    -4.96766005304857E-01    -3.18977863609453E-01     5.80129512325772E-01    -2.70413850546791E-01    -1.15041321348391E-01
         0.55357196704680     1.26617084587547E-01    -4.26373272623764E-01     4.77449754381630E-01    -2.61356987015382E-01    -2.29483493784724E-01     4.64000099910786E-01    -5.44237938067417E-01    -5.53067451914860E-01
         0.22670901038525    -2.59881620151007E-02     5.27719659918727E-01     4.05009257088521E-01    -2.71055008155076E-01     7.72903613755937E-01     5.01675109089761E-01     1.28384470276907E-01    -7.31551607599575E-01
         0.07994566629527    -6.89582490851759E-02     6.42620099373383E-01     3.49037676114110E-01    -1.77676780198701E-01     4.87601023788594E-01     4.40187919966224E-01     7.80267534392889E-01    -3.80718696073731E-01
O TZV2P-MOLOPT-SCAN-GTH-Q6
 1
 2 0 3 5 3 3 2 1
        10.25781699497238    -1.37093335568261E-01     6.42341766590814E-02    -7.17088581420037E-01    -1.01541960662273E-01     5.12250917317880E-02     1.18360216509634E-01    -1.55308630843787E-02     3.18602602792577E-02     1.18645628163343E-03
         3.64428735012608    -1.53382903419191E-01     6.95730187369108E-02    -5.49416247278626E-01    -2.97888826596963E-01     1.18416114723772E-01     5.91292938991213E-02     1.12242705044625E-01    -2.22035206994148E-01    -3.65643497936781E-03
         1.40222472037927     4.52964005356058E-01    -1.60546208430784E-01     2.25545730548663E-01    -5.48743422499672E-01     2.65706574607295E-01     7.32042358682655E-01     4.02080210361362E-01    -8.37756480907312E-01     4.91390044295019E-04
         0.52205700268808     8.05450964095097E-01    -2.63981031214717E-01    -3.63850982918199E-01    -6.95022929228448E-01     1.92118246587555E-01    -6.62764404039625E-01     9.01700430010169E-01     4.32284673630976E-01     9.99992334274143E-01
         0.16818943371335     3.22104729197730E-01     9.46346921445871E-01     2.58329108697022E-02    -3.41723954857718E-01    -9.35865486749767E-01     8.57433121772174E-02    -1.11481865840859E-01     2.46939932598114E-01     5.59225812546083E-04
O TZVP-MOLOPT-SCAN-GTH-q6
 1
 2 0 2 5 3 3 1
        10.25781699497238    -1.37093335568261E-01     6.42341766590814E-02    -7.17088581420037E-01    -1.01541960662273E-01     5.12250917317880E-02     1.18360216509634E-01    -1.55308630843787E-02
         3.64428735012608    -1.53382903419191E-01     6.95730187369108E-02    -5.49416247278626E-01    -2.97888826596963E-01     1.18416114723772E-01     5.91292938991213E-02     1.12242705044625E-01
         1.40222472037927     4.52964005356058E-01    -1.60546208430784E-01     2.25545730548663E-01    -5.48743422499672E-01     2.65706574607295E-01     7.32042358682655E-01     4.02080210361362E-01
         0.52205700268808     8.05450964095097E-01    -2.63981031214717E-01    -3.63850982918199E-01    -6.95022929228448E-01     1.92118246587555E-01    -6.62764404039625E-01     9.01700430010169E-01
         0.16818943371335     3.22104729197730E-01     9.46346921445871E-01     2.58329108697022E-02    -3.41723954857718E-01    -9.35865486749767E-01     8.57433121772174E-02    -1.11481865840859E-01
O DZVP-MOLOPT-SCAN-GTH-q6
 1
 2 0 2 5 2 2 1
        10.25781699497238    -1.37093335568261E-01     6.42341766590814E-02    -1.01541960662273E-01     5.12250917317880E-02    -1.55308630843787E-02
         3.64428735012608    -1.53382903419191E-01     6.95730187369108E-02    -2.97888826596963E-01     1.18416114723772E-01     1.12242705044625E-01
         1.40222472037927     4.52964005356058E-01    -1.60546208430784E-01    -5.48743422499672E-01     2.65706574607295E-01     4.02080210361362E-01
         0.52205700268808     8.05450964095097E-01    -2.63981031214717E-01    -6.95022929228448E-01     1.92118246587555E-01     9.01700430010169E-01
         0.16818943371335     3.22104729197730E-01     9.46346921445871E-01    -3.41723954857718E-01    -9.35865486749767E-01    -1.11481865840859E-01
C TZV2P-MOLOPT-SCAN-GTH-Q4
 1
 2 0 3 5 3 3 2 1
         5.62346013427220    -1.55253500731420E-01     5.81156225081139E-02    -2.32186542838356E-01    -9.29774868419450E-02     6.15864535855770E-02     9.86399689537923E-02    -8.37519672759395E-02     9.90783094230166E-02    -7.20623334339043E-04
         2.09855872766266    -2.36394508865927E-01     1.09598535828912E-01    -5.10089788597870E-01    -2.48489734215218E-01     2.22870166784096E-01     5.03804845853325E-01     2.49479844044917E-01    -3.05939752143157E-01     1.08954507083180E-01
         0.82051076634244     4.67426079878225E-01    -1.58417931802923E-01     5.98044616665820E-01    -5.81990872631545E-01     3.41552398929665E-01     4.45786488432128E-01     5.62523929081207E-01    -6.83434126671942E-01    -3.22931051133369E-03
         0.31733139976061     8.30527918853097E-01     3.37009387490941E-03    -5.47290507350280E-01    -6.83456388910509E-01     8.65714462205001E-02    -6.95627947381305E-01     7.72454993535448E-01     6.35064830723212E-01     9.94039941743435E-01
         0.11111607198944     1.08398443456976E-01     9.79542309813727E-01     1.69450741911206E-01    -3.51826701035020E-01    -9.06853538878833E-01     2.32006464075739E-01     1.32761167386880E-01    -1.61848113795370E-01     1.60058133198670E-03
C TZVP-MOLOPT-SCAN-GTH-q4
 1
 2 0 2 5 3 3 1
         5.62346013427220    -1.55253500731420E-01     5.81156225081139E-02    -2.32186542838356E-01    -9.29774868419450E-02     6.15864535855770E-02     9.86399689537923E-02    -8.37519672759395E-02
         2.09855872766266    -2.36394508865927E-01     1.09598535828912E-01    -5.10089788597870E-01    -2.48489734215218E-01     2.22870166784096E-01     5.03804845853325E-01     2.49479844044917E-01
         0.82051076634244     4.67426079878225E-01    -1.58417931802923E-01     5.98044616665820E-01    -5.81990872631545E-01     3.41552398929665E-01     4.45786488432128E-01     5.62523929081207E-01
         0.31733139976061     8.30527918853097E-01     3.37009387490941E-03    -5.47290507350280E-01    -6.83456388910509E-01     8.65714462205001E-02    -6.95627947381305E-01     7.72454993535448E-01
         0.11111607198944     1.08398443456976E-01     9.79542309813727E-01     1.69450741911206E-01    -3.51826701035020E-01    -9.06853538878833E-01     2.32006464075739E-01     1.32761167386880E-01
C DZVP-MOLOPT-SCAN-GTH-q4
 1
 2 0 2 5 2 2 1
         5.62346013427220    -1.55253500731420E-01     5.81156225081139E-02    -9.29774868419450E-02     6.15864535855770E-02    -8.37519672759395E-02
         2.09855872766266    -2.36394508865927E-01     1.09598535828912E-01    -2.48489734215218E-01     2.22870166784096E-01     2.49479844044917E-01
         0.82051076634244     4.67426079878225E-01    -1.58417931802923E-01    -5.81990872631545E-01     3.41552398929665E-01     5.62523929081207E-01
         0.31733139976061     8.30527918853097E-01     3.37009387490941E-03    -6.83456388910509E-01     8.65714462205001E-02     7.72454993535448E-01
         0.11111607198944     1.08398443456976E-01     9.79542309813727E-01    -3.51826701035020E-01    -9.06853538878833E-01     1.32761167386880E-01
