H DZVP-MOLOPT-SCAN-GTH-q1
 1
 2 0 1 5 2 1
  9.2406649800  2.222125E-02  -2.044925E-02 0.00
  2.2078324500  9.605730E-02  -1.176536E-01 0.00
  0.6306343200  2.898591E-01  -4.209011E-01 0.00
  0.2011149200  4.709145E-01  -6.369548E-01 1.00
  0.0653222000  2.835156E-01   1.308329E+00 0.00

B DZVP-MOLOPT-SCAN-GTH-q3
 1
 2 0 2 5 2 2 1
  3.6752019100 -8.654341E-02   6.075264E-02  -4.156299E-02   3.216218E-02 0.00
  1.3347253400 -1.200064E-01   1.956593E-01  -1.448554E-01   1.448577E-01 0.00
  0.4579907400  3.497876E-01  -7.512402E-01  -3.489826E-01   3.496154E-01 0.00
  0.1662411200  6.374976E-01  -6.283869E-01  -4.266943E-01   4.409719E-01 1.00
  0.0567140100  1.786512E-01   1.379677E+00  -2.839464E-01  -1.140234E+00 0.00

C DZVP-MOLOPT-SCAN-GTH-q4
 1
 2 0 2 5 2 2 1
  5.4785236500 -9.353705E-02   6.445999E-02  -4.994100E-02   3.851643E-02 0.00
  1.9900979800 -1.147773E-01   1.717580E-01  -1.636454E-01   1.489540E-01 0.00
  0.6990024300  3.743766E-01  -7.115637E-01  -3.627724E-01   3.349941E-01 0.00
  0.2463010900  6.332253E-01  -6.024093E-01  -4.284455E-01   3.770239E-01 1.00
  0.0806955600  1.632230E-01   1.353960E+00  -2.520020E-01  -1.115060E+00 0.00

N DZVP-MOLOPT-SCAN-GTH-q5
 1
 2 0 2 5 2 2 1
  7.6843964200 -9.694600E-02   6.550178E-02  -5.540143E-02   4.186260E-02 0.00
  2.7890563900 -1.108198E-01   1.539797E-01  -1.759929E-01   1.517665E-01 0.00
  0.9900674200  3.841157E-01  -6.623254E-01  -3.688151E-01   3.184651E-01 0.00
  0.3445464900  6.274334E-01  -6.275208E-01  -4.236773E-01   3.575816E-01 1.00
  0.1104850100  1.614968E-01   1.357324E+00  -2.397263E-01  -1.108378E+00 0.00

O DZVP-MOLOPT-SCAN-GTH-q6
 1
 2 0 2 5 2 2 1
 10.2867851200 -9.894434E-02   6.611064E-02  -5.913212E-02   4.350248E-02 0.00
  3.7249686400 -1.076662E-01   1.405022E-01  -1.851518E-01   1.536224E-01 0.00
  1.3267909800  3.906142E-01  -6.242608E-01  -3.727755E-01   3.052076E-01 0.00
  0.4577754300  6.225881E-01  -6.475281E-01  -4.190843E-01   3.479632E-01 1.00
  0.1444447200  1.609835E-01   1.360331E+00  -2.326590E-01  -1.105231E+00 0.00

F DZVP-MOLOPT-SCAN-GTH-q7
 1
 2 0 2 5 2 2 1
 13.2802840000  1.002920E-01  -6.649279E-02  -6.184960E-02   4.436842E-02 0.00
  4.7967543700  1.050817E-01  -1.301064E-01  -1.921355E-01   1.547962E-01 0.00
  1.7092270300 -3.953189E-01   5.944435E-01  -3.755811E-01   2.945748E-01 0.00
  0.5857908500 -6.187375E-01   6.627867E-01  -4.152129E-01   3.428039E-01 1.00
  0.1824526900 -1.607636E-01  -1.362367E+00  -2.281817E-01  -1.103549E+00 0.00

