H TZV2P-MOLOPT-SCAN-GTH-q1
 1
 2 0 2 5 3 2 1
         9.16876514496744     4.30476021106802E-02    -3.77610837816234E-02 0.00     -1.02668297819306E-01 0.00 0.00
         2.16119406948452     1.68017859123250E-01    -2.30069703140507E-01 0.00      3.17060247513110E-01 0.00 0.00
         0.61986766123499     5.52429897133416E-01    -2.73824257822385E-01 0.00      4.58201468745126E-01 0.00 0.00
         0.16131600752250     6.99208725934302E-01    -2.62971097727376E-01 0.00      8.23699259780579E-01 1.00 1.00
         0.41225503616229     4.19339086299684E-01     8.95270076477794E-01 1.00      2.24268487877282E-02 0.00 0.00

B TZV2P-MOLOPT-SCAN-GTH-q3
 1
 2 0 3 5 3 3 2 1
         3.65988726090151    -1.59645953838271E-01     1.46297915038872E-01 0.00     -1.00657189814658E-01     7.26668370325199E-02 0.00     -6.97777504337163E-02 0.00 0.00
         1.27972732283840    -2.60742891222791E-01     1.51405273141583E-01 0.00     -2.51622898224391E-01     2.14135769849411E-01 0.00      3.94118579651586E-01 0.00 0.00
         0.54616677814259     4.78130228676611E-01    -2.34489617270779E-01 0.00     -5.62339494098400E-01     3.38656003781331E-01 0.00      5.74688699123280E-02 0.00 0.00
         0.22370469741326     7.39074314049684E-01    -2.16931315159272E-01 0.00     -6.19857755203652E-01     2.64625681863143E-01 0.00      9.13869918631870E-01 1.00 1.00
         0.08171614349639     3.62886975293258E-01     9.23920335968245E-01 1.00     -4.75504683382633E-01    -8.74157172634312E-01 1.00      3.66157278857877E-02 0.00 0.00

C TZV2P-MOLOPT-SCAN-GTH-q4
 1
 2 0 3 5 3 3 2 1
         5.62346013427220    -1.53321450750449E-01     5.81316654128866E-02 0.00     -9.29356233701095E-02     6.10159529747035E-02 0.00     -8.23852148394178E-02 0.00 0.00
         2.09855872766266    -2.35572307673503E-01     1.15692797929318E-01 0.00     -2.49158092463418E-01     2.24697965600002E-01 0.00      2.50015864491525E-01 0.00 0.00
         0.82051076634244     4.65797075314132E-01    -1.57811088274835E-01 0.00     -5.82041913215669E-01     3.39667599799325E-01 0.00      5.62586565319890E-01 0.00 0.00
         0.31733139976061     8.31822807737180E-01     2.38250425397626E-03 0.00     -6.83024929301666E-01     8.78781121431159E-02 0.00      7.72270017039197E-01 1.00 1.00
         0.11111607198944     1.10009643914493E-01     9.78941198476498E-01 1.00     -3.52118406337269E-01    -9.07023283488653E-01 1.00      1.33417094790231E-01 0.00 0.00

N TZV2P-MOLOPT-SCAN-GTH-q5
 1
 2 0 3 5 3 3 2 1
         7.74124015225863    -1.45147709270125E-01     6.14144130985301E-02 0.00     -1.02180837133049E-01     4.41311288565005E-02 0.00      1.47138866427204E-03 0.00 0.00
         2.73930390849528    -1.87841151621698E-01     1.22771506916776E-01 0.00     -2.99648918048911E-01     1.51856568592140E-01 0.00      1.25857161010123E-01 0.00 0.00
         1.07756524408889     4.76543269309382E-01    -2.54840107838459E-01 0.00     -5.53559842168292E-01     2.95088311355556E-01 0.00      4.94700209360357E-01 0.00 0.00
         0.42547578818945     8.02196175113149E-01    -1.28308855602764E-01 0.00     -6.98988339879785E-01     1.27090111352651E-01 0.00      8.54826291582292E-01 1.00 1.00
         0.14241534174476     2.70251093172313E-01     9.48550886333432E-01 1.00     -3.23660940315054E-01    -9.33682503926773E-01 1.00     -9.32819602943497E-02 0.00 0.00

O TZV2P-MOLOPT-SCAN-GTH-q6
 1
 2 0 3 5 3 3 2 1
        10.25781699497238    -1.35818708648925E-01     6.45462784427541E-02 0.00     -1.01588277600926E-01     4.71725841916673E-02 0.00     -1.57353763373006E-02 0.00 0.00
         3.64428735012608    -1.53233079760627E-01     6.62170817366845E-02 0.00     -2.96564713419506E-01     1.13177601482822E-01 0.00      1.07328872009500E-01 0.00 0.00
         1.40222472037927     4.54522335185077E-01    -1.60668441309419E-01 0.00     -5.48411238733805E-01     2.63590080818570E-01 0.00      4.05215145621038E-01 0.00 0.00
         0.52205700268808     8.04669020761689E-01    -2.64963741852673E-01 0.00     -6.96603131979877E-01     1.94870717373933E-01 0.00      8.99915941751425E-01 1.00 1.00
         0.16818943371335     3.22474984289231E-01     9.46271072946912E-01 1.00     -3.40174047150518E-01    -9.36755704881216E-01 1.00     -1.19100355606767E-01 0.00 0.00

F TZV2P-MOLOPT-SCAN-GTH-q7
 1
 2 0 3 5 3 3 2 1
        13.16645520019096     1.31947345592925E-01    -5.25032886839183E-02 0.00     -9.45648775679412E-02     4.64289149127896E-02 0.00      3.61655013146631E-02 0.00 0.00
         4.67863609541364     1.34761048308835E-01    -4.87949805193976E-02 0.00     -2.98724736444924E-01     9.14637330867002E-02 0.00      5.48561398017117E-02 0.00 0.00
         1.68188350144516    -5.15488932829031E-01     1.23500960316203E-01 0.00     -5.59139074501014E-01     3.21778483071716E-01 0.00      2.73859580921810E-01 0.00 0.00
         0.58393450944632    -7.87644933454021E-01     2.42930117538962E-01 0.00     -6.55962887101518E-01     2.31743832091962E-01 0.00      9.58985224998684E-01 1.00 1.00
         0.18571155118612    -2.79849918321736E-01    -9.59476380817666E-01 1.00     -3.98619118806490E-01    -9.12267584379311E-01 1.00     -3.21111913866136E-02 0.00 0.00
