H TZV2P-MOLOPT-SCAN-GTH-Q1
 1
 2 0 2 5 3 2 1
         9.16876514496744     4.30245721944096E-02    -3.89199332255518E-02     1.05597841287996E-01    -1.03225299298647E-01     1.47849610372066E-01     5.89397100894678E-04
         2.16119406948452     1.67758655334156E-01    -2.29436993766244E-01     9.00816001060512E-01     3.18679005482070E-01    -4.59921573561831E-01     9.06454549928757E-04
         0.61986766123499     5.51924571472773E-01    -2.73974309763091E-01     8.95041468250580E-02     4.58038932787715E-01    -6.65599039198367E-01    -4.14822793772387E-04
         0.16131600752250     6.99078574975625E-01    -2.64330500496994E-01    -3.83347452986213E-01     8.23091485416057E-01     5.67905974411888E-01     9.99996815399554E-01
         0.41225503616229     4.20326460221825E-01     8.94936516623427E-01     1.49710941947358E-01     2.25604019455304E-02    -3.27622058282529E-02    -2.24233449917807E-03
H TZVP-MOLOPT-SCAN-GTH-q1
 1
 2 0 1 5 3 1
         9.16876514496744     4.30245721944096E-02    -3.89199332255518E-02     1.05597841287996E-01    -1.03225299298647E-01
         2.16119406948452     1.67758655334156E-01    -2.29436993766244E-01     9.00816001060512E-01     3.18679005482070E-01
         0.61986766123499     5.51924571472773E-01    -2.73974309763091E-01     8.95041468250580E-02     4.58038932787715E-01
         0.16131600752250     6.99078574975625E-01    -2.64330500496994E-01    -3.83347452986213E-01     8.23091485416057E-01
         0.41225503616229     4.20326460221825E-01     8.94936516623427E-01     1.49710941947358E-01     2.25604019455304E-02
H DZVP-MOLOPT-SCAN-GTH-q1
 1
 2 0 1 5 2 1
         9.16876514496744     4.30245721944096E-02    -3.89199332255518E-02    -1.03225299298647E-01
         2.16119406948452     1.67758655334156E-01    -2.29436993766244E-01     3.18679005482070E-01
         0.61986766123499     5.51924571472773E-01    -2.73974309763091E-01     4.58038932787715E-01
         0.16131600752250     6.99078574975625E-01    -2.64330500496994E-01     8.23091485416057E-01
         0.41225503616229     4.20326460221825E-01     8.94936516623427E-01     2.25604019455304E-02
B TZV2P-MOLOPT-SCAN-GTH-Q3
 1
 2 0 3 5 3 3 2 1
         3.65988726090151    -1.63931717391878E-01     1.43039480146903E-01    -6.47015491747605E-01    -9.82563493612261E-02     8.59682867544174E-02     1.18890337194806E-01    -1.17987384907779E-01     1.48804413490203E-01     7.78557259036178E-02
         1.27972732283840    -2.60179746144549E-01     1.42130404338348E-01    -4.15736112465491E-01    -2.35518016243385E-01     2.82827837664396E-01     6.76811674223639E-01     4.27474251187594E-01    -8.43539388651420E-01     2.27718291926785E-01
         0.54616677814259     4.80282079929407E-01    -2.85822610121461E-01     2.89838611320971E-01    -5.47597912886026E-01     3.68307680553495E-01     2.69811892117801E-01     4.34001973757363E-01    -4.54848511974708E-02     8.89587997400011E-02
         0.22370469741326     7.50352476860196E-01    -1.48572474286656E-01    -5.44961755873801E-01    -6.57102846745137E-01     1.71955486235345E-01    -6.37141016239051E-01     7.73438906055056E-01     5.14026797785163E-01     9.64951452409862E-01
         0.08171614349639     3.34265128150633E-01     9.24970437749022E-01     1.65965967153391E-01    -4.50809636584324E-01    -8.64522198161194E-01     2.21458604831655E-01     1.29534886996904E-01     2.47503327255764E-03     5.51170745493980E-02
B TZVP-MOLOPT-SCAN-GTH-q3
 1
 2 0 2 5 3 3 1
         3.65988726090151    -1.63931717391878E-01     1.43039480146903E-01    -6.47015491747605E-01    -9.82563493612261E-02     8.59682867544174E-02     1.18890337194806E-01    -1.17987384907779E-01
         1.27972732283840    -2.60179746144549E-01     1.42130404338348E-01    -4.15736112465491E-01    -2.35518016243385E-01     2.82827837664396E-01     6.76811674223639E-01     4.27474251187594E-01
         0.54616677814259     4.80282079929407E-01    -2.85822610121461E-01     2.89838611320971E-01    -5.47597912886026E-01     3.68307680553495E-01     2.69811892117801E-01     4.34001973757363E-01
         0.22370469741326     7.50352476860196E-01    -1.48572474286656E-01    -5.44961755873801E-01    -6.57102846745137E-01     1.71955486235345E-01    -6.37141016239051E-01     7.73438906055056E-01
         0.08171614349639     3.34265128150633E-01     9.24970437749022E-01     1.65965967153391E-01    -4.50809636584324E-01    -8.64522198161194E-01     2.21458604831655E-01     1.29534886996904E-01
B DZVP-MOLOPT-SCAN-GTH-q3
 1
 2 0 2 5 2 2 1
         3.65988726090151    -1.63931717391878E-01     1.43039480146903E-01    -9.82563493612261E-02     8.59682867544174E-02    -1.17987384907779E-01
         1.27972732283840    -2.60179746144549E-01     1.42130404338348E-01    -2.35518016243385E-01     2.82827837664396E-01     4.27474251187594E-01
         0.54616677814259     4.80282079929407E-01    -2.85822610121461E-01    -5.47597912886026E-01     3.68307680553495E-01     4.34001973757363E-01
         0.22370469741326     7.50352476860196E-01    -1.48572474286656E-01    -6.57102846745137E-01     1.71955486235345E-01     7.73438906055056E-01
         0.08171614349639     3.34265128150633E-01     9.24970437749022E-01    -4.50809636584324E-01    -8.64522198161194E-01     1.29534886996904E-01
C TZV2P-MOLOPT-SCAN-GTH-Q4
 1
 2 0 3 5 3 3 2 1
         5.62346013427220    -1.55253500731420E-01     5.81156225081139E-02    -2.32186542838356E-01    -9.29774868419450E-02     6.15864535855770E-02     9.86399689537923E-02    -8.37519672759395E-02     9.90783094230166E-02    -7.20623334339043E-04
         2.09855872766266    -2.36394508865927E-01     1.09598535828912E-01    -5.10089788597870E-01    -2.48489734215218E-01     2.22870166784096E-01     5.03804845853325E-01     2.49479844044917E-01    -3.05939752143157E-01     1.08954507083180E-01
         0.82051076634244     4.67426079878225E-01    -1.58417931802923E-01     5.98044616665820E-01    -5.81990872631545E-01     3.41552398929665E-01     4.45786488432128E-01     5.62523929081207E-01    -6.83434126671942E-01    -3.22931051133369E-03
         0.31733139976061     8.30527918853097E-01     3.37009387490943E-03    -5.47290507350280E-01    -6.83456388910509E-01     8.65714462205001E-02    -6.95627947381305E-01     7.72454993535448E-01     6.35064830723212E-01     9.94039941743435E-01
         0.11111607198944     1.08398443456976E-01     9.79542309813727E-01     1.69450741911206E-01    -3.51826701035020E-01    -9.06853538878833E-01     2.32006464075739E-01     1.32761167386880E-01    -1.61848113795370E-01     1.60058133198670E-03
C TZVP-MOLOPT-SCAN-GTH-q4
 1
 2 0 2 5 3 3 1
         5.62346013427220    -1.55253500731420E-01     5.81156225081139E-02    -2.32186542838356E-01    -9.29774868419450E-02     6.15864535855770E-02     9.86399689537923E-02    -8.37519672759395E-02
         2.09855872766266    -2.36394508865927E-01     1.09598535828912E-01    -5.10089788597870E-01    -2.48489734215218E-01     2.22870166784096E-01     5.03804845853325E-01     2.49479844044917E-01
         0.82051076634244     4.67426079878225E-01    -1.58417931802923E-01     5.98044616665820E-01    -5.81990872631545E-01     3.41552398929665E-01     4.45786488432128E-01     5.62523929081207E-01
         0.31733139976061     8.30527918853097E-01     3.37009387490943E-03    -5.47290507350280E-01    -6.83456388910509E-01     8.65714462205001E-02    -6.95627947381305E-01     7.72454993535448E-01
         0.11111607198944     1.08398443456976E-01     9.79542309813727E-01     1.69450741911206E-01    -3.51826701035020E-01    -9.06853538878833E-01     2.32006464075739E-01     1.32761167386880E-01
C DZVP-MOLOPT-SCAN-GTH-q4
 1
 2 0 2 5 2 2 1
         5.62346013427220    -1.55253500731420E-01     5.81156225081139E-02    -9.29774868419450E-02     6.15864535855770E-02    -8.37519672759395E-02
         2.09855872766266    -2.36394508865927E-01     1.09598535828912E-01    -2.48489734215218E-01     2.22870166784096E-01     2.49479844044917E-01
         0.82051076634244     4.67426079878225E-01    -1.58417931802923E-01    -5.81990872631545E-01     3.41552398929665E-01     5.62523929081207E-01
         0.31733139976061     8.30527918853097E-01     3.37009387490943E-03    -6.83456388910509E-01     8.65714462205001E-02     7.72454993535448E-01
         0.11111607198944     1.08398443456976E-01     9.79542309813727E-01    -3.51826701035020E-01    -9.06853538878833E-01     1.32761167386880E-01
N TZV2P-MOLOPT-SCAN-GTH-Q5
 1
 2 0 3 5 3 3 2 1
         7.74124015225863    -1.45963178273034E-01     6.43304029112796E-02    -1.11311450050801E-01    -1.01905209736116E-01     4.44251854507497E-02     5.44780899729505E-02    -2.76539938296751E-03    -4.08691308239994E-03    -2.54217312268060E-03
         2.73930390849528    -1.87345534874555E-01     1.22127781812082E-01    -3.97880276875739E-01    -3.01245760058054E-01     1.48069012522506E-01     2.91329346771656E-01     1.26888684309027E-01    -2.07257502362453E-01     3.89218330046001E-03
         1.07756524408889     4.78177253406059E-01    -2.57606991616038E-01     6.83500375739055E-01    -5.55725383684687E-01     2.96032930788583E-01     6.26879668678858E-01     4.97316099002491E-01    -8.13383263225786E-01     2.13375146405413E-03
         0.42547578818945     8.00783158520077E-01    -1.27185272284790E-01    -5.78132015901866E-01    -6.97364785465728E-01     1.25087813780900E-01    -7.04082570101233E-01     8.53314297705412E-01     5.21374354907918E-01     9.99986913665460E-01
         0.14241534174476     2.71457636670345E-01     9.47844369374694E-01     1.67007948657210E-01    -3.22052750642701E-01    -9.34248100431846E-01     1.53130548550011E-01    -9.17770198091085E-02     1.53636174140268E-01    -8.86988549134403E-05
N TZVP-MOLOPT-SCAN-GTH-q5
 1
 2 0 2 5 3 3 1
         7.74124015225863    -1.45963178273034E-01     6.43304029112796E-02    -1.11311450050801E-01    -1.01905209736116E-01     4.44251854507497E-02     5.44780899729505E-02    -2.76539938296751E-03
         2.73930390849528    -1.87345534874555E-01     1.22127781812082E-01    -3.97880276875739E-01    -3.01245760058054E-01     1.48069012522506E-01     2.91329346771656E-01     1.26888684309027E-01
         1.07756524408889     4.78177253406059E-01    -2.57606991616038E-01     6.83500375739055E-01    -5.55725383684687E-01     2.96032930788583E-01     6.26879668678858E-01     4.97316099002491E-01
         0.42547578818945     8.00783158520077E-01    -1.27185272284790E-01    -5.78132015901866E-01    -6.97364785465728E-01     1.25087813780900E-01    -7.04082570101233E-01     8.53314297705412E-01
         0.14241534174476     2.71457636670345E-01     9.47844369374694E-01     1.67007948657210E-01    -3.22052750642701E-01    -9.34248100431846E-01     1.53130548550011E-01    -9.17770198091085E-02
N DZVP-MOLOPT-SCAN-GTH-q5
 1
 2 0 2 5 2 2 1
         7.74124015225863    -1.45963178273034E-01     6.43304029112796E-02    -1.01905209736116E-01     4.44251854507497E-02    -2.76539938296751E-03
         2.73930390849528    -1.87345534874555E-01     1.22127781812082E-01    -3.01245760058054E-01     1.48069012522506E-01     1.26888684309027E-01
         1.07756524408889     4.78177253406059E-01    -2.57606991616038E-01    -5.55725383684687E-01     2.96032930788583E-01     4.97316099002491E-01
         0.42547578818945     8.00783158520077E-01    -1.27185272284790E-01    -6.97364785465728E-01     1.25087813780900E-01     8.53314297705412E-01
         0.14241534174476     2.71457636670345E-01     9.47844369374694E-01    -3.22052750642701E-01    -9.34248100431846E-01    -9.17770198091085E-02
O TZV2P-MOLOPT-SCAN-GTH-Q6
 1
 2 0 3 5 3 3 2 1
        10.25781699497238    -1.37093335568261E-01     6.42341766590814E-02    -7.17088581420037E-01    -1.01541960662273E-01     5.12250917317880E-02     1.18360216509634E-01    -1.55308630843787E-02     3.18602602792577E-02     1.18645628163343E-03
         3.64428735012608    -1.53382903419191E-01     6.95730187369108E-02    -5.49416247278626E-01    -2.97888826596963E-01     1.18416114723772E-01     5.91292938991214E-02     1.12242705044625E-01    -2.22035206994148E-01    -3.65643497936781E-03
         1.40222472037927     4.52964005356058E-01    -1.60546208430784E-01     2.25545730548663E-01    -5.48743422499672E-01     2.65706574607295E-01     7.32042358682655E-01     4.02080210361362E-01    -8.37756480907312E-01     4.91390044295019E-04
         0.52205700268808     8.05450964095097E-01    -2.63981031214717E-01    -3.63850982918199E-01    -6.95022929228448E-01     1.92118246587555E-01    -6.62764404039625E-01     9.01700430010169E-01     4.32284673630976E-01     9.99992334274143E-01
         0.16818943371335     3.22104729197730E-01     9.46346921445871E-01     2.58329108697022E-02    -3.41723954857718E-01    -9.35865486749767E-01     8.57433121772172E-02    -1.11481865840859E-01     2.46939932598114E-01     5.59225812546083E-04
O TZVP-MOLOPT-SCAN-GTH-q6
 1
 2 0 2 5 3 3 1
        10.25781699497238    -1.37093335568261E-01     6.42341766590814E-02    -7.17088581420037E-01    -1.01541960662273E-01     5.12250917317880E-02     1.18360216509634E-01    -1.55308630843787E-02
         3.64428735012608    -1.53382903419191E-01     6.95730187369108E-02    -5.49416247278626E-01    -2.97888826596963E-01     1.18416114723772E-01     5.91292938991214E-02     1.12242705044625E-01
         1.40222472037927     4.52964005356058E-01    -1.60546208430784E-01     2.25545730548663E-01    -5.48743422499672E-01     2.65706574607295E-01     7.32042358682655E-01     4.02080210361362E-01
         0.52205700268808     8.05450964095097E-01    -2.63981031214717E-01    -3.63850982918199E-01    -6.95022929228448E-01     1.92118246587555E-01    -6.62764404039625E-01     9.01700430010169E-01
         0.16818943371335     3.22104729197730E-01     9.46346921445871E-01     2.58329108697022E-02    -3.41723954857718E-01    -9.35865486749767E-01     8.57433121772172E-02    -1.11481865840859E-01
O DZVP-MOLOPT-SCAN-GTH-q6
 1
 2 0 2 5 2 2 1
        10.25781699497238    -1.37093335568261E-01     6.42341766590814E-02    -1.01541960662273E-01     5.12250917317880E-02    -1.55308630843787E-02
         3.64428735012608    -1.53382903419191E-01     6.95730187369108E-02    -2.97888826596963E-01     1.18416114723772E-01     1.12242705044625E-01
         1.40222472037927     4.52964005356058E-01    -1.60546208430784E-01    -5.48743422499672E-01     2.65706574607295E-01     4.02080210361362E-01
         0.52205700268808     8.05450964095097E-01    -2.63981031214717E-01    -6.95022929228448E-01     1.92118246587555E-01     9.01700430010169E-01
         0.16818943371335     3.22104729197730E-01     9.46346921445871E-01    -3.41723954857718E-01    -9.35865486749767E-01    -1.11481865840859E-01
F TZV2P-MOLOPT-SCAN-GTH-Q7
 1
 2 0 3 5 3 3 2 1
        13.16645520019096     1.25688709752362E-01    -6.90191648196731E-02    -4.19619998203344E-01    -9.31572868763813E-02     5.00225599861602E-02    -6.88622277281858E-02    -1.02513605924922E-02    -1.03135180619022E-01    -3.14119421202531E-02
         4.67863609541364     1.25206371205048E-01    -7.54523660806367E-02    -2.93986334505468E-01    -2.93923292691458E-01     1.19602022797720E-01    -4.99826189781570E-01     4.04484470063397E-02    -1.25856773171103E-01     1.01835664406271E-01
         1.68188350144516    -4.93940854057955E-01     2.15904735709196E-01    -7.69158858630549E-01    -5.53343548452151E-01     3.11861936412921E-01     7.42571819653283E-01     4.51403790784568E-01    -8.76791264789869E-01     2.29748587047615E-01
         0.58393450944632    -7.58234802751956E-01     3.05654861844976E-01     3.81944805550917E-01    -6.44505933144035E-01     2.69615230808562E-01    -4.36892722870731E-01     8.90352206116421E-01     4.45248862484438E-01     9.66043910568162E-01
         0.18571155118612    -3.86817953873203E-01    -9.21685166349822E-01     1.97684968795937E-03    -4.28198362261887E-01    -9.01799789070697E-01     5.60679494913211E-02     4.20285554084608E-02     8.07077171659289E-02    -5.11618700886137E-02
F TZVP-MOLOPT-SCAN-GTH-q7
 1
 2 0 2 5 3 3 1
        13.16645520019096     1.25688709752362E-01    -6.90191648196731E-02    -4.19619998203344E-01    -9.31572868763813E-02     5.00225599861602E-02    -6.88622277281858E-02    -1.02513605924922E-02
         4.67863609541364     1.25206371205048E-01    -7.54523660806367E-02    -2.93986334505468E-01    -2.93923292691458E-01     1.19602022797720E-01    -4.99826189781570E-01     4.04484470063397E-02
         1.68188350144516    -4.93940854057955E-01     2.15904735709196E-01    -7.69158858630549E-01    -5.53343548452151E-01     3.11861936412921E-01     7.42571819653283E-01     4.51403790784568E-01
         0.58393450944632    -7.58234802751956E-01     3.05654861844976E-01     3.81944805550917E-01    -6.44505933144035E-01     2.69615230808562E-01    -4.36892722870731E-01     8.90352206116421E-01
         0.18571155118612    -3.86817953873203E-01    -9.21685166349822E-01     1.97684968795937E-03    -4.28198362261887E-01    -9.01799789070697E-01     5.60679494913211E-02     4.20285554084608E-02
F DZVP-MOLOPT-SCAN-GTH-q7
 1
 2 0 2 5 2 2 1
        13.16645520019096     1.25688709752362E-01    -6.90191648196731E-02    -9.31572868763813E-02     5.00225599861602E-02    -1.02513605924922E-02
         4.67863609541364     1.25206371205048E-01    -7.54523660806367E-02    -2.93923292691458E-01     1.19602022797720E-01     4.04484470063397E-02
         1.68188350144516    -4.93940854057955E-01     2.15904735709196E-01    -5.53343548452151E-01     3.11861936412921E-01     4.51403790784568E-01
         0.58393450944632    -7.58234802751956E-01     3.05654861844976E-01    -6.44505933144035E-01     2.69615230808562E-01     8.90352206116421E-01
         0.18571155118612    -3.86817953873203E-01    -9.21685166349822E-01    -4.28198362261887E-01    -9.01799789070697E-01     4.20285554084608E-02
