AS SVP-MOLOPT-PBE-AE
 4
 1 0 0 6 1
    100146.53152635178412     2.81908633070428E-03
     15036.91457041779540     2.03371835032688E-02
      3421.40209554504781     1.03661807314665E-01
       966.23119354050311     3.50391272861026E-01
       314.84124683800667     7.39532977443064E-01
       107.51377954610454     5.64933281548094E-01
 1 0 0 8 4
       209.44014641337182    -1.41176607044220E-01    -5.66643253510634E-03    -1.89635654644100E-03     3.49650689140331E-02
        24.85554040342148     8.20083863247206E-01    -2.62414854140183E-02     1.80438853615781E-02    -6.37498203979749E-02
        18.56316728160644     1.95381156586559E-02    -1.75490227090830E-01    -4.17883954814043E-02    -2.89139860487610E-01
        10.24678910549364     5.51313530572399E-01    -4.00810895239844E-02     2.40055553498905E-02     1.17820324162967E-01
         3.36711181674149     4.74668255291497E-02     8.01880011470786E-01    -3.89849929413189E-03    -4.09850882161287E-02
         1.42242734583834     1.57581806204014E-02     5.68011781391171E-01    -5.61512149201362E-02    -5.70539575051855E-02
         0.26220707408421    -2.56009746860810E-02     2.29189639869643E-02     9.60373434650458E-01    -2.70401438370940E-01
         0.08667422662467    -6.81514652576992E-03     2.64905065632042E-02     2.68072740375200E-01     9.05084552542049E-01
 1 1 1 5 1
      1355.69743220817440     1.33004529705390E-02
       319.98166933467564     9.40014181870452E-02
       101.67269439186104     3.86594549291617E-01
        35.61603071358595     7.83444347651304E-01
        13.12074078552148     4.77227870016867E-01
 1 1 2 7 3 3
        84.49399417977600    -1.32442502217544E-02    -2.67679451889601E-02     5.38986984584074E-02     2.90869679649395E-02     2.15787890367383E-02    -7.25519635930051E-03
        23.58910716707914    -3.66209485521514E-02    -5.39454242190927E-02     8.37153183828374E-02     2.38868149843239E-01     3.22348428098450E-02    -1.47336394690595E-02
         7.81866433211596     4.53693429157159E-01     3.66862661556899E-02    -2.80722119652398E-02     5.34890540514099E-01     1.85396759521745E-01    -1.41857134557438E-01
         2.89282612079653     8.39081209791190E-01    -3.10205715434008E-02    -4.13630640810111E-02     6.80199104150495E-01     1.15536418733583E-01     1.23772127129588E-02
         1.03846737782449     2.88347663605684E-01     1.67276761715732E-01    -2.99874403350994E-02     2.95346719519433E-01     3.02920706563230E-01    -1.29498168893658E-01
         0.31197893667600    -4.69281321187287E-02     9.79307324798630E-01    -7.39262777305210E-02    -2.29843842675294E-01     8.65218498153306E-01     4.16064978953200E-01
         0.10062559889898     5.69373953317597E-02     8.39098261141467E-02     9.90567202415271E-01     2.30779910130494E-01    -3.32280971869228E-01     8.88579651756812E-01

AS TZVPP-MOLOPT-PBE-AE
 4
 1 0 0 8 1
    498032.51798722473904     4.11034708870219E-04
     74656.67597330320859     3.03798436919798E-03
     16990.85868789321830     1.60769624679657E-02
      4809.68731544574166     6.45125666332814E-02
      1566.26110262867974     2.11646782595785E-01
       562.93449717020212     5.05282613099562E-01
       219.02565297494860     7.31963162358637E-01
        86.72445748282647     3.99618957247657E-01
 1 0 1 6 1 1
      2678.91894231188280    -2.52458339930918E-03     4.16144992244929E-03
       634.58242034140358    -2.76561724504852E-02     3.55590624390596E-02
       203.83517161176766    -1.31266556514355E-01     1.62615725112458E-01
        76.22728655669221    -7.98745427226418E-02     4.84355438373773E-01
        30.48591008071255     6.30843008142221E-01     7.53916806306974E-01
        12.93543371040029     7.60036190090864E-01     4.11440906868521E-01
 1 0 2 5 1 1 1
       135.28756663637427    -3.81478381594017E-02    -2.96314802279017E-03     1.62675965581145E-02
        39.80712487347454     1.87691330118811E-02    -6.18335558898141E-02     1.15205031492613E-01
        14.07122343996745    -4.85236410995419E-01     1.19636191950245E-01     3.89305769595087E-01
         5.52267680345053     8.10506824059511E-01     9.86440031001717E-01     6.63836683845349E-01
         2.21576413915830     3.25294905719405E-01     9.37607483587481E-02     6.27873427501273E-01
 1 0 3 4 3 3 3 1
         2.18204407347152     9.74032740970590E-01    -7.93164662611890E-02     4.07510303221860E-03     9.61518342286408E-01     6.66817820294718E-02    -8.55571349929369E-02     7.68833638632877E-02    -6.77207796580608E-02     2.88219166831681E-01     2.79420881525090E-02
         0.82229908697451     2.13473410382004E-01     1.07199371525714E-02    -4.56909893514172E-02     2.27408287896266E-01     2.51684872850399E-01    -2.27393265537408E-02     9.87171545048768E-01    -5.84122800540627E-02     9.64217589714116E-02     3.06686082835723E-01
         0.27977302721698     7.01570925166020E-02     9.52267611015515E-01    -2.94442796774093E-01    -1.32893588510848E-01     9.61937400606881E-01    -7.38020043372543E-02     7.49870209308909E-02     9.91256761681535E-01    -6.76335616456548E-02     9.31568932631086E-01
         0.09276655963492     2.77002697967404E-02     2.94585094901435E-01     9.54567528494038E-01     7.81488462844910E-02     8.29741046190297E-02     9.93335876647716E-01    -1.18144977459914E-01     9.70151223368145E-02     9.50293774370239E-01     1.93241325966100E-01

AS QZVPP-MOLOPT-PBE-AE
 4
 1 0 0 11 1
   8217482.61787549406290     1.63995683017342E-05
   1230500.34609996387735     1.63192262765005E-04
    280225.86890328122536     7.54458406414146E-04
     79482.51947344111977     3.34640036189978E-03
     25963.79857258780248     1.25793316933912E-02
      9381.37240151321566     3.83940855795735E-02
      3660.49446493118330     1.09314968758559E-01
      1518.29472531238730     2.70621297096420E-01
       661.85495942785280     5.15608730710105E-01
       300.58560447048927     6.68075129456959E-01
       141.10026918578748     4.48322952215112E-01
 1 0 1 10 1 1
     25198.50962492513645    -1.24063848564022E-03     9.48539925187492E-05
      5972.52912411705711     9.04012171932161E-04     8.72263723162022E-04
      1941.92465694193265     1.23849253568644E-02     5.10817046550612E-03
       743.59075234364991     1.07042867357414E-01     2.18771742077640E-02
       315.62169119668982     4.31256037433665E-01     7.71010427985023E-02
       143.98131683456114     8.16775373861172E-01     2.14900723017397E-01
        69.06113558521520     2.93020941199951E-01     4.52339281716748E-01
        34.21834658743192    -2.21587303602170E-01     6.55184764038652E-01
        17.36274350561686    -4.24057356830848E-03     5.32323488166851E-01
         8.78376294696363     1.73813986011603E-02     1.73555286814745E-01
 1 0 2 7 5 2 1
       479.31336989471902     1.47082016055051E-01    -1.44102512543658E-01     1.52163864755522E-01    -2.90314303107665E-01     1.52920226504380E-01     2.85145719304744E-02    -2.69960739913505E-02     1.45221417033813E-03
       143.96086258161947    -8.38253158056576E-02    -3.70517903524285E-02    -7.97296268478456E-02    -2.25075904575525E-02    -3.83393028134982E-02     1.67830699942791E-02    -2.03018438694110E-02     1.16778919683329E-02
        55.59805070441920     9.84816758330755E-01     2.18031412465943E-02    -1.54835769565776E-02     7.17663345282667E-02    -7.09198740110728E-03    -4.10938405149768E-02     9.83510947371203E-03     6.06705268156725E-02
        24.01072363604176    -3.18442042413978E-03     9.87230777314828E-01     2.88334693416833E-02    -7.70722879234799E-02     5.78154556947531E-02    -1.21574276993497E-01     6.06343321744476E-02     1.88477042156705E-01
        11.00359422899798    -1.33171182434639E-02    -9.95243697812079E-03     9.84398652825363E-01     2.76821140246082E-02    -2.99356654492482E-02     3.23291614038729E-01    -3.12057859855932E-02     4.57791056282403E-01
         5.15563635830834    -3.07687960770951E-02     3.49181402114212E-02     1.94080099026634E-02     9.50052026113956E-01     2.34236319062937E-02     9.36769943070693E-01     4.10090749708023E-02     6.17635691391740E-01
         2.50506399584188    -1.84917416807007E-02    -3.79910324523942E-02     9.25323157895704E-04     2.74830435981749E-02     9.85042013512908E-01    -1.95152567493140E-02     9.96207935221867E-01     6.07956010888812E-01
 1 0 4 6 4 4 3 4 1
        10.16519476597891    -3.58222014589795E-02    -7.58260274473808E-02    -3.64402724087885E-02    -3.82273337002790E-02     3.18425202501020E-03    -1.50946627195017E-01     4.28049196810476E-02     9.82187313679605E-02    -1.81624081672650E-02    -9.92642936810705E-02     4.04168037000672E-02     9.98753723395538E-01    -8.71594396414081E-03     4.09675205693872E-02     5.59755781674536E-03     2.45786240071632E-02
         3.13466671097231    -1.17667196293236E-01    -6.49002884469893E-02    -1.41487139273759E-01    -4.90038237153316E-03     1.64280780694065E-03     5.19168519490631E-02    -9.65481366336660E-03    -6.11189093796374E-02    -4.01659002797734E-02     7.10057464439309E-03    -4.05276554491750E-02     9.31302420234370E-03     9.99640861702898E-01    -9.40414543861348E-03    -1.22854883274108E-02     9.45365458955401E-02
         1.19441908100504     9.88540162439452E-01     2.92698549162140E-02     4.58565516225445E-03    -7.71975263221480E-02     9.99302984457798E-01    -2.68187062243762E-02    -3.42347199923796E-03     2.38502721505442E-02     9.97274892023880E-01     5.05939489751401E-02     1.46727258801803E-02    -2.61037395799253E-02     9.10615521450551E-04     3.91598227156978E-03     5.11356094469457E-02     5.66248412117800E-02
         0.49431954482583    -5.01131523472662E-02     9.83486556145737E-01     7.33878239282712E-02    -1.21987512625174E-01     2.72189157680789E-02     9.86501000942695E-01     2.64772432282313E-02     3.45221944131595E-02    -5.15696695515783E-02     9.93023707357175E-01     1.35829359957226E-02    -4.07306500514709E-02     9.66923802819643E-03     9.99071457601871E-01     3.83348360585074E-03     9.92930549501054E-01
         0.19758501987130    -3.73646734427746E-02    -1.15406514283759E-01     9.48444546868236E-01    -2.65050075951295E-01     8.93025544429942E-04    -2.02787379936510E-02     9.96439550999530E-01     6.08148523571636E-02    -1.32784735597228E-02    -1.22049822544986E-02     9.96232725299727E-01    -2.75511324228985E-03     8.69454007880716E-03    -5.57759191362159E-03     9.84047983336918E-01     1.85748306731289E-02
         0.07551115870131     6.12543972595987E-02     9.28287243028875E-02     2.71476769813944E-01     9.52587372970195E-01    -2.52792425732258E-02    -1.43199561118325E-02    -6.68579094691383E-02     9.90534449713251E-01    -2.57656446708560E-02     3.59359040737481E-02     6.20045411991939E-02     7.50239035953564E-03    -2.17315789312561E-02    -6.55762636422688E-03    -1.69816826208484E-01    -3.15635806396398E-02
