AS SVP-MOLOPT-PBE-AE
 4
 1 0 0 6 1
    100146.53152635178412     2.81908633070428E-03
     15036.91457041779540     2.03371835032688E-02
      3421.40209554504781     1.03661807314665E-01
       966.23119354050311     3.50391272861026E-01
       314.84124683800667     7.39532977443064E-01
       107.51377954610454     5.64933281548094E-01
 1 0 0 8 4
       209.44014641337182    -1.41176607044220E-01    -5.66643253510634E-03    -1.89635654644100E-03     3.49650689140331E-02
        24.85554040342148     8.20083863247206E-01    -2.62414854140183E-02     1.80438853615781E-02    -6.37498203979749E-02
        18.56316728160644     1.95381156586559E-02    -1.75490227090830E-01    -4.17883954814043E-02    -2.89139860487610E-01
        10.24678910549364     5.51313530572399E-01    -4.00810895239844E-02     2.40055553498905E-02     1.17820324162967E-01
         3.36711181674149     4.74668255291497E-02     8.01880011470786E-01    -3.89849929413189E-03    -4.09850882161287E-02
         1.42242734583834     1.57581806204014E-02     5.68011781391171E-01    -5.61512149201362E-02    -5.70539575051855E-02
         0.26220707408421    -2.56009746860810E-02     2.29189639869643E-02     9.60373434650458E-01    -2.70401438370940E-01
         0.08667422662467    -6.81514652576992E-03     2.64905065632042E-02     2.68072740375200E-01     9.05084552542049E-01
 1 1 1 5 1
      1355.69743220817440     1.33004529705390E-02
       319.98166933467564     9.40014181870452E-02
       101.67269439186104     3.86594549291617E-01
        35.61603071358595     7.83444347651304E-01
        13.12074078552148     4.77227870016867E-01
 1 1 2 7 3 3
        84.49399417977600    -1.32442502217544E-02    -2.67679451889601E-02     5.38986984584074E-02     2.90869679649395E-02     2.15787890367383E-02    -7.25519635930051E-03
        23.58910716707914    -3.66209485521514E-02    -5.39454242190927E-02     8.37153183828374E-02     2.38868149843239E-01     3.22348428098450E-02    -1.47336394690595E-02
         7.81866433211596     4.53693429157159E-01     3.66862661556899E-02    -2.80722119652398E-02     5.34890540514099E-01     1.85396759521745E-01    -1.41857134557438E-01
         2.89282612079653     8.39081209791190E-01    -3.10205715434008E-02    -4.13630640810111E-02     6.80199104150495E-01     1.15536418733583E-01     1.23772127129588E-02
         1.03846737782449     2.88347663605684E-01     1.67276761715732E-01    -2.99874403350994E-02     2.95346719519433E-01     3.02920706563230E-01    -1.29498168893658E-01
         0.31197893667600    -4.69281321187287E-02     9.79307324798630E-01    -7.39262777305210E-02    -2.29843842675294E-01     8.65218498153306E-01     4.16064978953200E-01
         0.10062559889898     5.69373953317597E-02     8.39098261141467E-02     9.90567202415271E-01     2.30779910130494E-01    -3.32280971869228E-01     8.88579651756812E-01
H SVP-MOLOPT-PBE-AE
 1
 2 0 1 4 2 1
        12.24885489931877     9.13601065893484E-02    -2.92233653979741E-02    -2.98536765580705E-02
         1.44668572118719     5.46801357436806E-01    -1.89238960127749E-01     5.05674686289909E-01
         0.37494771895490     8.27248429081306E-01     2.01024168753657E-02     8.56401740098416E-01
         0.11192006491493     9.12230399173390E-02     9.81290224001215E-01     9.98895850325395E-02
S SVP-MOLOPT-PBE-AE
 3
 1 0 0 5 1
      9184.96860696107433    -7.71786840291379E-03
      1381.51400838981726    -6.24039790772488E-02
       313.89281891758924    -2.64955476073617E-01
        87.51457876494304    -7.29865325618015E-01
        25.93139624764258    -6.27009872379816E-01
 1 0 0 5 3
        45.48284978592206    -1.17170830297159E-01    -3.16680267451198E-02     7.98216380989382E-03
         4.87633307381987     7.61443727008839E-01     1.27227635333993E-01    -2.80177602679904E-02
         1.86406639687820     6.26717336923555E-01    -1.01322679524420E-02    -7.26181990838241E-02
         0.43025042118793    -1.11972074429798E-01     9.38663299177241E-01    -3.17638615698874E-01
         0.15287248143189     3.40893131890180E-02     3.18777058166406E-01     9.44978093475824E-01
 1 1 2 7 3 1
       262.03717999008273    -1.40783640264207E-02     5.05186350960515E-03    -5.91979864920292E-03     2.73567974708351E-03
        61.24324399362200    -9.50073267501190E-02    -9.97714102551339E-03     2.54477408773944E-03    -6.54868553542722E-03
        18.81757601711188    -3.86400409125808E-01     3.47067320851585E-02    -4.64624726240253E-02     2.01706189417252E-02
         6.03024687952456    -7.73455398949426E-01    -6.81153146748288E-02    -4.07603942016905E-02    -2.20075057424989E-02
         2.04326094618689    -4.83921927804103E-01     1.73437851923462E-01    -7.00014248570178E-02     3.00876144437373E-01
         0.46190328828318     5.57301141088318E-02     9.72479700780142E-01    -1.25789697052281E-01     9.17113664398799E-01
         0.13202620214187    -7.71401281131005E-02     1.35030459813691E-01     9.87631035176833E-01     2.59681572080285E-01
CL SVP-MOLOPT-PBE-AE
 3
 1 0 0 5 1
     10449.73865986333476     7.92960573941961E-03
      1571.78177464848341     6.21680867531297E-02
       357.17329535888280     2.69577117620510E-01
       100.08667457398440     7.19173472798793E-01
        30.61002596530858     6.37330325671244E-01
 1 0 0 5 3
        51.91245118574216    -1.18096328736624E-01    -6.40377047377502E-02     3.89634888740843E-02
         5.60412729707609     7.74483936348342E-01    -1.94653261999477E-01     5.74322043222265E-01
         2.19075124977087     6.12385827448821E-01     3.85229430631324E-01    -6.60064309823226E-01
         0.56484358945251    -5.02206802462349E-02     5.97599003556938E-01     4.62892544090272E-01
         0.20200153999791    -9.32167961943450E-02     6.72668563772758E-01     1.36680784044379E-01
 1 1 2 7 3 1
       307.66262352364191    -1.41860191757227E-02     4.53707609941391E-03    -4.23704216636409E-03     5.12444630001981E-03
        72.14728379673939    -8.85277776059412E-02    -4.94482703050064E-03    -1.47096881368273E-02    -3.60621072277412E-03
        22.55518606717056    -3.78386770918235E-01    -9.49655880135036E-04     2.33703317780398E-03     7.21261594348665E-03
         7.24782137179115    -7.68325377362051E-01    -8.89706781187266E-02    -6.32538811770098E-02    -8.30729065003500E-03
         2.47105439082271    -5.07191220590418E-01     1.39408082259565E-01     2.81680450029172E-02     2.51018124766366E-01
         0.54359214040661     1.77332693550757E-03     9.86199274331532E-01    -1.36123356582732E-02     8.60344615069135E-01
         0.15406764967487    -3.48579490965011E-02     3.82859289817821E-03     9.97386797034735E-01     4.43437421456475E-01
