AS TZVPP-MOLOPT-PBE-AE
 4
 1 0 0 8 1
    498032.51798722473904     4.11034708870219E-04
     74656.67597330320859     3.03798436919798E-03
     16990.85868789321830     1.60769624679657E-02
      4809.68731544574166     6.45125666332814E-02
      1566.26110262867974     2.11646782595785E-01
       562.93449717020212     5.05282613099562E-01
       219.02565297494860     7.31963162358637E-01
        86.72445748282647     3.99618957247657E-01
 1 0 1 6 1 1
      2678.91894231188280    -2.52458339930918E-03     4.16144992244929E-03
       634.58242034140358    -2.76561724504852E-02     3.55590624390596E-02
       203.83517161176766    -1.31266556514355E-01     1.62615725112458E-01
        76.22728655669221    -7.98745427226418E-02     4.84355438373773E-01
        30.48591008071255     6.30843008142221E-01     7.53916806306974E-01
        12.93543371040029     7.60036190090864E-01     4.11440906868521E-01
 1 0 2 5 1 1 1
       135.28756663637427    -3.81478381594017E-02    -2.96314802279017E-03     1.62675965581145E-02
        39.80712487347454     1.87691330118811E-02    -6.18335558898141E-02     1.15205031492613E-01
        14.07122343996745    -4.85236410995419E-01     1.19636191950245E-01     3.89305769595087E-01
         5.52267680345053     8.10506824059511E-01     9.86440031001717E-01     6.63836683845349E-01
         2.21576413915830     3.25294905719405E-01     9.37607483587481E-02     6.27873427501273E-01
 1 0 3 4 3 3 3 1
         2.18204407347152     9.74032740970590E-01    -7.93164662611890E-02     4.07510303221860E-03     9.61518342286408E-01     6.66817820294718E-02    -8.55571349929369E-02     7.68833638632877E-02    -6.77207796580608E-02     2.88219166831681E-01     2.79420881525090E-02
         0.82229908697451     2.13473410382004E-01     1.07199371525714E-02    -4.56909893514172E-02     2.27408287896266E-01     2.51684872850399E-01    -2.27393265537408E-02     9.87171545048768E-01    -5.84122800540627E-02     9.64217589714116E-02     3.06686082835723E-01
         0.27977302721698     7.01570925166020E-02     9.52267611015515E-01    -2.94442796774093E-01    -1.32893588510848E-01     9.61937400606881E-01    -7.38020043372543E-02     7.49870209308909E-02     9.91256761681535E-01    -6.76335616456548E-02     9.31568932631086E-01
         0.09276655963492     2.77002697967404E-02     2.94585094901435E-01     9.54567528494038E-01     7.81488462844910E-02     8.29741046190297E-02     9.93335876647716E-01    -1.18144977459914E-01     9.70151223368145E-02     9.50293774370239E-01     1.93241325966100E-01
H TZVPP-MOLOPT-PBE-AE
 1
 1 0 2 5 3 2 1
        34.17773832674855    -4.67038702307212E-01     3.25930727691839E-01    -1.51283436822271E-01    -1.00054440080746E-01     7.49322156514700E-02     1.29694886730211E-02
         4.94770130521271    -8.38132979846024E-02     2.28656356488893E-01    -2.28133785557746E-02     1.35570007424312E-01    -4.78523016653350E-02    -4.42398660674758E-02
         1.06512662518152     8.14717082181122E-01     2.11440298046549E-01     2.96545250287854E-01     9.76472815332876E-01     6.34720246090092E-02     9.35175251752971E-01
         0.29382327136550    -1.33307568322592E-01     8.19165770735029E-01     3.66068869122815E-01    -2.64980945419224E-02     9.79893619096044E-01     2.87655408521357E-01
         0.09137129667664    -3.05475612542697E-01    -3.54606643763996E-01     8.68704419864991E-01     1.31941555275947E-01    -1.66958430843673E-01    -2.01435451376045E-01
S TZVPP-MOLOPT-PBE-AE
 3
 1 0 0 7 1
     60700.94366395807447     8.62221922262633E-04
      9102.63045975282512     6.58114066512290E-03
      2071.46478936221865     3.37606270243409E-02
       585.93482287830705     1.31916746497162E-01
       190.47913006129434     3.83015696749392E-01
        67.66807502649665     7.19277158425508E-01
        24.76514807848007     5.63341355332923E-01
 1 0 1 5 1 1
       564.29994748762977    -1.00574746546293E-03     5.43973838625324E-03
       133.43593772359748     1.95795911791318E-02     4.01411842803258E-02
        42.45853750153181     1.79491615852029E-01     1.94773603391971E-01
        15.60204677258736     7.60015980310123E-02     5.12907070193976E-01
         6.41245540094229    -9.80623345131480E-01     8.35074053804572E-01
 1 0 3 5 3 4 3 1
         6.97974169262497    -1.31656492931084E-01    -3.49435720482791E-02     2.60745792249960E-02    -2.04676456768718E-02     2.35405160966626E-01    -9.68948142644655E-02    -2.97647950956991E-03     9.82903022915916E-02    -4.58088644661971E-02     8.64436828202630E-02    -3.34913871177732E-02
         2.58898151897930     9.62071337824640E-01    -9.92353221585030E-02    -6.71904133733868E-02     9.97046620525467E-01    -4.86590527658889E-02     2.73261660242076E-02     3.87436318177789E-02     9.88168452464528E-01    -5.84352510710973E-02     4.18412033047573E-03     3.21669286655233E-02
         0.96089457327268     2.08479193164192E-01     8.46023816383715E-02    -1.04337567607444E-01     5.69051907211020E-02     9.65809757047878E-01     6.66066440844520E-02    -8.80863479561085E-02     7.94107544148521E-02     9.79536615989028E-01     2.82613127632868E-02     4.12244961786603E-01
         0.33737394764153     4.24486333804668E-02     9.42543939158042E-01    -3.02973280284459E-01    -3.36055891031887E-02    -3.95796693716816E-02     9.92635254366953E-01     1.47529280095543E-02     7.00150639394903E-04    -5.65539466059057E-02     9.79623100512979E-01     9.08394125822953E-01
         0.10883542027229     1.08719125949087E-01     3.05589033484780E-01     9.44524445468930E-01    -3.33403003767745E-02     8.86660574162969E-02    -1.01726285065988E-02     9.95245305430876E-01    -8.69227697535795E-02     1.78315838972973E-01     1.79024752422017E-01     5.21327089366065E-02
CL TZVPP-MOLOPT-PBE-AE
 3
 1 0 0 7 1
     69508.00450217274192     8.54639670881115E-04
     10426.07404861877149     6.36610882195957E-03
      2373.21372557596396     3.32269466123591E-02
       671.48082610673112     1.29170911439118E-01
       218.35953271185565     3.78680461942424E-01
        77.68193958237838     7.12972790189941E-01
        28.63569494373375     5.74839539435266E-01
 1 0 1 5 1 1
       666.45268090401123     1.43814656418117E-03     5.81778333606563E-03
       157.54073854080110     2.68716178613030E-02     4.29983499959330E-02
        50.27147981024441     2.23252919385808E-01     2.08198314680469E-01
        18.56181800307728     1.26049949313096E-01     5.59198731644810E-01
         7.67698456608668    -9.66201527711407E-01     8.01291167794660E-01
 1 0 3 5 3 4 3 1
         7.92291630827550    -3.55714849236007E-02    -2.05335282550433E-02    -6.21248979322774E-03     1.19403838140099E-01     1.05841381548266E-01    -1.46122271692274E-02     1.83454633514421E-02    -6.37399836508334E-02     8.49429480795528E-02     1.55420574128900E-02     9.92703827764435E-03
         3.21359254353200     9.59549625721583E-01    -2.59950857602373E-02    -1.29366285576508E-01     9.67663531581177E-01     2.77689868599939E-03     2.12406118864057E-01    -7.59992235115861E-02     9.93189642383517E-01     9.67974271551950E-02     3.26871756359324E-02     7.10821712077589E-02
         1.26147295769703     2.42813469124242E-01     1.04956178351874E-01    -5.23619012807165E-02    -7.82419592685200E-03     9.92946336504231E-01    -1.67130180932944E-02     4.83191202193001E-02    -8.82726077217294E-02     9.57739641027515E-01    -9.19882652581050E-02     1.80157385026295E-01
         0.41296442360435    -1.45904199321127E-02     9.89285109716447E-01    -9.35576426318929E-02    -2.17443131180686E-01     2.49858269018969E-02     9.66832988440939E-01    -1.25324606656001E-01    -3.65554258774248E-02     3.24811484808539E-02     9.74023579148050E-01     9.80783981908141E-01
         0.13005620364658     1.37214882924396E-01     9.59260238559098E-02     9.85764154311841E-01     4.50253233824506E-02    -4.71505255802842E-02     1.40088439832982E-01     9.87849466056346E-01    -1.95754006656028E-02     2.55136647045343E-01     2.03730752020278E-01    -2.13278292454652E-02
