SE SVP-MOLOPT-PBE-AE
 4
 1 0 0 6 1
    106612.09353050339269     2.83219266127145E-03
     16007.44640022397107     2.00772914193348E-02
      3642.11637090665727     1.03488283054126E-01
      1028.57371212643420     3.47743978786383E-01
       335.32261249745903     7.41226987554427E-01
       113.77976316880684     5.64389700883447E-01
 1 0 0 8 4
       222.76662807043644    -1.40173379621121E-01    -1.13363750025638E-02    -2.52713873143138E-03     1.50128221805056E-02
        26.44687370365903     8.23074203517386E-01     2.82650401123751E-03     1.35765571028247E-02    -6.43046488015600E-02
        19.88020107532618     2.62661639005560E-02    -1.62186260262171E-01    -5.96250551175712E-02    -3.84523432158679E-02
        10.84305045309136     5.45031905993914E-01    -2.77427964290597E-02     1.44233851204756E-02    -1.86539965368009E-02
         3.62240261453488     1.59087250203467E-02     8.07269760996785E-01     8.02871811031802E-02    -4.62960397181700E-02
         1.54940812952851    -5.43120053110292E-03     5.58536791889579E-01    -6.16738077583367E-03    -5.80846094776984E-02
         0.33770653200526    -2.96392654474972E-02    -8.03293881079431E-02     9.82149939098319E-01    -1.55604520288049E-01
         0.12097144684779     6.31626290234505E-02     5.18538927896146E-02     1.57935235223172E-01     9.81877314709563E-01
 1 1 1 5 1
      1455.92348588560003     1.31278333430302E-02
       343.76036362634795     9.32407526611947E-02
       109.32815594940681     3.83743287848475E-01
        38.43980281593546     7.81372327958746E-01
        14.20140870508446     4.83044714458676E-01
 1 1 2 7 3 3
        94.45508740448123    -1.38112395068024E-02    -4.65039405431931E-02     5.29239779101065E-02     2.85753330184337E-02     2.37784385246261E-02    -1.21615440378691E-02
        26.39783400903314    -3.88009141362960E-02    -1.46473206087486E-01     1.60481575775492E-01     2.31202493860213E-01     2.48851372095359E-02    -1.24790607807801E-02
         8.82216221183458     4.17422733162500E-01     5.66584548226756E-02    -7.09055599571330E-02     5.48051120453848E-01     1.77539364420353E-01    -1.02452683782016E-01
         3.29424954849409     8.50299121902776E-01    -1.26814508018539E-01    -1.12482871891355E-02     7.29856773139351E-01    -7.08742138681165E-02     1.45000939821991E-01
         1.20362655749315     3.08009864489465E-01     2.54813197096633E-01    -9.93792888405709E-02     2.68327841695411E-01     4.55009887044624E-01    -1.66695047393068E-01
         0.35908787865063     8.78500124609577E-03     9.37699633674568E-01     1.73939881735776E-01    -1.74486796030034E-01     7.97241010124235E-01     4.93720258950141E-01
         0.11162764689237     7.81418644919448E-02    -1.13492356824165E-01     9.62371689365678E-01     1.01155546708298E-01    -3.45896964665659E-01     8.34642205979349E-01

SE TZVPP-MOLOPT-PBE-AE
 4
 1 0 0 8 1
    531071.70233517931774     4.13408990499307E-04
     79603.19363163593516     3.00444590641439E-03
     18115.83277414448094     1.60362622344639E-02
      5127.79031400361964     6.41210093145061E-02
      1669.95976255456321     2.10901049041709E-01
       600.49057606185136     5.02932072257106E-01
       233.77475307082696     7.32435732188085E-01
        92.50377712479877     4.02169259489363E-01
 1 0 1 6 1 1
      2815.23153152504210    -2.95186551065758E-03     4.30242902827315E-03
       666.80451900424168    -3.07621768369453E-02     3.58809486437544E-02
       214.28207107748156    -1.33879595088941E-01     1.66095331918980E-01
        80.22927819695167    -8.24251625925378E-02     4.84300369990596E-01
        32.30134454044949     6.51134841908760E-01     7.52541038142903E-01
        13.40542043766286     7.41856279348721E-01     4.12603350545507E-01
 1 0 2 5 1 1 1
       151.78101448727253    -2.50952509715624E-03    -6.30086111211979E-04     1.60020782201443E-02
        44.94876265417708    -4.88221819727261E-02    -4.63012108862563E-02     1.11345911115244E-01
        15.92559532126851    -6.04153525774406E-01     8.04428321669733E-02     3.96764467105609E-01
         6.14442120674835     6.29579602345111E-01     7.56030414753858E-01     7.04598375137023E-01
         2.45699165892520     4.86043350367573E-01     6.47921880771150E-01     5.77464378959622E-01
 1 0 3 4 3 3 3 1
         2.43665000737487     9.49114844667635E-01     1.82083337193880E-01     3.18932412220839E-02     6.29974701629970E-01    -3.03297569250743E-01    -6.87947728512241E-02     3.04889088858295E-01    -7.07705582981358E-02     2.70002662616234E-02     3.48200294003614E-02
         0.93350650920728     2.39869001540685E-01     9.77445239907840E-02     2.30987424983143E-02     7.38298832834179E-01     8.18473621045019E-03    -1.26934703974076E-01     9.30677966126961E-01     1.23512749010617E-01     1.78072058142080E-01     3.87775357314907E-01
         0.31300962784656    -2.00268862844551E-01     9.78377627785857E-01    -1.67185250791540E-02     1.82372159628511E-01     9.49913929693213E-01    -9.84874378817872E-02    -7.29603309291695E-02     9.83139049039211E-01    -1.34190369669495E-01     8.95220561188758E-01
         0.10125088293610    -3.91951056428770E-02     8.29962615265696E-03     9.99084460983417E-01     1.57439207741760E-01     7.48807101632591E-02     9.84609102504564E-01    -1.88568175924910E-01     1.14776910414450E-01     9.74450754229689E-01     2.16790185748199E-01

SE QZVPP-MOLOPT-PBE-AE
 4
 1 0 0 11 1
   9520446.65209075063467     1.94142138728829E-05
   1424984.06254502572119     1.36525131064452E-04
    324127.56058405392105     7.28115424268306E-04
     91774.85289158071100     3.06107269161988E-03
     29932.70014067056763     1.18890117480090E-02
     10804.63942436911566     3.66141908951950E-02
      4213.97698737523842     9.96105330442805E-02
      1747.92524346778987     2.69978939407295E-01
       762.11925901984807     4.74923875821657E-01
       346.44482287187498     6.92856575951675E-01
       163.07398030685064     4.58360474309064E-01
 1 0 1 10 1 1
     25360.24892917579564    -1.95521400474784E-03     1.04101255752363E-04
      5993.81135479064051     1.75492515845192E-03     9.82158493118773E-04
      1943.03940210576775     1.01652497743448E-03     5.56952189390995E-03
       742.35033556671874     1.07622365364497E-01     2.49078394251892E-02
       314.53901404656563     3.90043043495364E-01     8.55841063227162E-02
       143.39047521751391     8.83879734577537E-01     2.33721565532995E-01
        68.66677099270385     1.13141692853789E-01     4.80512260752767E-01
        34.03157748613942    -2.02357759837670E-01     6.64546519347476E-01
        17.15933777063846    -3.45575329675675E-02     4.96687227153410E-01
         8.59188475828161    -9.41280176541368E-03     1.34851341522766E-01
 1 0 2 7 5 2 1
       539.51444748730501     1.47122673259014E-01     4.05064469314553E-02    -1.09323507193525E-01     2.93932311412127E-01    -2.22685149636940E-01    -3.16200281916671E-02     2.57684383282241E-02     1.42184507308150E-03
       162.21636003784462    -1.28039311016826E-01    -6.41772522331489E-02     5.42922427745762E-02    -1.24775131566718E-01     5.87457062028418E-02     5.14550980940458E-02    -4.08532081497954E-02     1.10806398456194E-02
        62.63887953098904     9.76385843039149E-01     7.14421479245186E-03    -1.11651475529513E-02    -6.84599899754864E-02    -4.07324630988070E-02    -6.77306505427428E-02     3.17504806597466E-02     5.86666464161978E-02
        27.05710848458628    -2.09647649330473E-02     9.96467566976248E-01     3.44222921278894E-02     1.50895157479652E-03     4.54396403580107E-03    -3.88882004421749E-02    -1.79166727630605E-02     1.86874774596811E-01
        12.50237050996417     3.52626751135750E-02    -2.49214327045901E-02     9.89495114392091E-01    -2.61638629058676E-02    -2.34411583506486E-02     3.29431654258063E-01    -5.08368458955049E-02     4.25042054348115E-01
         5.88786225874981    -7.91835935984788E-03    -2.43851677172447E-02     6.83872580697832E-02     9.25166113467155E-01    -1.24693212527667E-01     9.35614466372992E-01     1.07005880934028E-01     6.25121363374454E-01
         2.82233460492821     8.29810901372870E-02     5.11292475798703E-03     3.71078995327503E-03     1.91648194507688E-01     9.63941180684464E-01    -7.97067690167797E-02     9.91112132571234E-01     6.24558863585544E-01
 1 0 4 6 4 4 3 4 1
        11.38141228904814    -2.21899970703597E-02    -1.67310429461704E-01    -8.21221966702152E-02    -1.89005197082585E-02     3.57012007848888E-02    -4.11936966224998E-02    -1.05462961154310E-02     6.16766457355573E-02     3.53779094705057E-02    -5.57699952013820E-02     5.39935678815809E-02     9.93453722103781E-01    -6.00322492132981E-02     2.45217504357049E-02    -8.57128502856325E-02    -5.84886369224372E-02
         3.51440949624654    -2.00748966875313E-01    -1.05475780979566E-01    -1.94079513267535E-01    -8.74572330685182E-02     3.57499674313382E-02    -2.18753124930346E-02    -3.99720566393801E-02     1.54239172419938E-02     3.99084702271941E-02    -2.81350041618559E-02     1.09406238303400E-02     5.91456579626026E-02     9.97067161358894E-01     2.49392447561895E-02     1.09302404002730E-02    -1.85587293428467E-02
         1.31794555249241     9.78355607858041E-01     1.17331249868727E-02    -3.07931163964909E-02     3.70132644688151E-03     9.97379087585030E-01    -2.67798505256672E-02    -3.99274325950149E-02    -1.27014297196772E-02     9.97519205779472E-01     4.33736203144532E-03    -4.78593086968951E-02    -2.91563187058418E-02    -2.31923474741205E-02     9.98575311427755E-01    -2.89181338747227E-02     4.50641802854382E-02
         0.54197087095012    -3.89907238714696E-02     9.76502232987910E-01    -2.64669715864398E-02     7.29526261287548E-02     2.86976571026140E-02     9.94634008859802E-01    -2.69565221839690E-02     8.73444420969450E-02     1.07036571804409E-03     9.96766451139334E-01     5.22887827838209E-02     8.99816680734546E-02     6.39057820595616E-03     3.70394334589852E-02     7.68004936276204E-01     9.95745084348143E-01
         0.21428429795235    -1.17575316834320E-02    -7.26836503256673E-03     9.76639858824695E-01    -2.77757102018526E-02     4.26722934380615E-02     2.21455900706185E-02     9.97607835219220E-01     3.03754883202605E-02     4.53307421952977E-02    -4.84201273226078E-02     9.95568102417038E-01     2.41190437353933E-02    -2.97944214348340E-02     8.96624342218835E-04     6.24799612171369E-01     1.99118169570307E-02
         0.08116601422496    -1.92157435954785E-02    -8.44687719664020E-02     1.07217953911517E-02     9.92918288271996E-01     6.15138917515975E-03    -8.55578805700081E-02    -2.73635427823348E-02     9.93602056144651E-01    -7.42494147893750E-03     1.38365320733861E-02    -2.80092947679975E-02     4.79305767188990E-03     2.80494701252257E-02    -1.58537587766618E-02    -1.07198139721724E-01    -4.79491304750661E-02
