SE TZVPP-MOLOPT-PBE-AE
 4
 1 0 0 8 1
    531071.70233517931774     4.13408990499307E-04
     79603.19363163593516     3.00444590641439E-03
     18115.83277414448094     1.60362622344639E-02
      5127.79031400361964     6.41210093145061E-02
      1669.95976255456321     2.10901049041709E-01
       600.49057606185136     5.02932072257106E-01
       233.77475307082696     7.32435732188085E-01
        92.50377712479877     4.02169259489363E-01
 1 0 1 6 1 1
      2815.23153152504210    -2.95186551065758E-03     4.30242902827315E-03
       666.80451900424168    -3.07621768369453E-02     3.58809486437544E-02
       214.28207107748156    -1.33879595088941E-01     1.66095331918980E-01
        80.22927819695167    -8.24251625925378E-02     4.84300369990596E-01
        32.30134454044949     6.51134841908760E-01     7.52541038142903E-01
        13.40542043766286     7.41856279348721E-01     4.12603350545507E-01
 1 0 2 5 1 1 1
       151.78101448727253    -2.50952509715624E-03    -6.30086111211979E-04     1.60020782201443E-02
        44.94876265417708    -4.88221819727261E-02    -4.63012108862563E-02     1.11345911115244E-01
        15.92559532126851    -6.04153525774406E-01     8.04428321669733E-02     3.96764467105609E-01
         6.14442120674835     6.29579602345111E-01     7.56030414753858E-01     7.04598375137023E-01
         2.45699165892520     4.86043350367573E-01     6.47921880771150E-01     5.77464378959622E-01
 1 0 3 4 3 3 3 1
         2.43665000737487     9.49114844667635E-01     1.82083337193880E-01     3.18932412220839E-02     6.29974701629970E-01    -3.03297569250743E-01    -6.87947728512241E-02     3.04889088858295E-01    -7.07705582981358E-02     2.70002662616234E-02     3.48200294003614E-02
         0.93350650920728     2.39869001540685E-01     9.77445239907840E-02     2.30987424983143E-02     7.38298832834179E-01     8.18473621045019E-03    -1.26934703974076E-01     9.30677966126961E-01     1.23512749010617E-01     1.78072058142080E-01     3.87775357314907E-01
         0.31300962784656    -2.00268862844551E-01     9.78377627785857E-01    -1.67185250791540E-02     1.82372159628511E-01     9.49913929693213E-01    -9.84874378817872E-02    -7.29603309291695E-02     9.83139049039211E-01    -1.34190369669495E-01     8.95220561188758E-01
         0.10125088293610    -3.91951056428770E-02     8.29962615265696E-03     9.99084460983417E-01     1.57439207741760E-01     7.48807101632591E-02     9.84609102504564E-01    -1.88568175924910E-01     1.14776910414450E-01     9.74450754229689E-01     2.16790185748199E-01
H TZVPP-MOLOPT-PBE-AE
 1
 1 0 2 5 3 2 1
        34.17773832674855    -4.67038702307212E-01     3.25930727691839E-01    -1.51283436822271E-01    -1.00054440080746E-01     7.49322156514700E-02     1.29694886730211E-02
         4.94770130521271    -8.38132979846024E-02     2.28656356488893E-01    -2.28133785557746E-02     1.35570007424312E-01    -4.78523016653350E-02    -4.42398660674758E-02
         1.06512662518152     8.14717082181122E-01     2.11440298046549E-01     2.96545250287854E-01     9.76472815332876E-01     6.34720246090092E-02     9.35175251752971E-01
         0.29382327136550    -1.33307568322592E-01     8.19165770735029E-01     3.66068869122815E-01    -2.64980945419224E-02     9.79893619096044E-01     2.87655408521357E-01
         0.09137129667664    -3.05475612542697E-01    -3.54606643763996E-01     8.68704419864991E-01     1.31941555275947E-01    -1.66958430843673E-01    -2.01435451376045E-01
O TZVPP-MOLOPT-PBE-AE
 2
 1 0 0 6 1
     27032.34110717467047     7.35264897360634E-04
      4052.43915960016602     8.66846509689763E-03
       922.34965292725667     3.34607178584762E-02
       261.27735857055188     1.68914563970243E-01
        85.30942400544160     3.28333881314405E-01
        31.08080221478707     9.28692322525900E-01
 1 0 3 6 4 3 2 1
        62.91495630413323     1.16332726109966E-01    -5.81371416541881E-02     1.11937556008261E-02     5.75105170781195E-02    -1.16673038976174E-01     1.57254063503839E-01    -3.81929188419382E-02     1.36166697203113E-01    -8.71583721921845E-02     3.21000644845466E-04
        12.30944986692977     8.69241308775708E-01    -1.42460076990705E-02    -1.06600413011436E-01    -2.47597695986788E-02     1.45932079266690E-01    -6.05243600472558E-02     1.73638156652357E-02    -3.58452443966721E-02     4.76694147153259E-02     4.38837435813283E-02
         4.39539910954103     4.65741956926282E-01    -6.40342096322616E-02    -3.00344470998384E-02    -3.98106989985228E-03     3.91422103647488E-01     5.26377359502661E-02    -3.09523103597808E-02     7.70731222820744E-01    -3.53322944888660E-01    -1.34769543790620E-01
         1.33540846189799     9.21608149605863E-03     9.33076668604289E-01    -3.27550581669708E-01    -1.21459202569881E-01     9.00080356671289E-01     4.50466786404856E-02    -1.97504472088648E-02     5.53665920222864E-01     3.94485051877056E-01     9.40647803425498E-01
         0.45443287552085     9.32917636734327E-02     2.31107250617785E-01     8.41720615852045E-01    -4.78471205438802E-01    -3.61150582409544E-02     9.80775789580233E-01    -6.12678902654526E-02     1.14853463706434E-01     8.35162106564474E-01     2.94962206933611E-01
         0.14893102365245     7.19887781862831E-02     2.61293155746377E-01     4.14519004469322E-01     8.67396456641546E-01     2.07610475621550E-02     6.99062044682833E-02     9.96563053096360E-01     2.57701109533086E-01    -1.10361865139449E-01     8.99460419695147E-02
