SE SVP-MOLOPT-PBE-AE
 4
 1 0 0 6 1
    106612.09353050339269     2.83219266127145E-03
     16007.44640022397107     2.00772914193348E-02
      3642.11637090665727     1.03488283054126E-01
      1028.57371212643420     3.47743978786383E-01
       335.32261249745903     7.41226987554427E-01
       113.77976316880684     5.64389700883447E-01
 1 0 0 8 4
       222.76662807043644    -1.40173379621121E-01    -1.13363750025638E-02    -2.52713873143138E-03     1.50128221805056E-02
        26.44687370365903     8.23074203517386E-01     2.82650401123751E-03     1.35765571028247E-02    -6.43046488015600E-02
        19.88020107532618     2.62661639005560E-02    -1.62186260262171E-01    -5.96250551175712E-02    -3.84523432158679E-02
        10.84305045309136     5.45031905993914E-01    -2.77427964290597E-02     1.44233851204756E-02    -1.86539965368009E-02
         3.62240261453488     1.59087250203467E-02     8.07269760996785E-01     8.02871811031802E-02    -4.62960397181700E-02
         1.54940812952851    -5.43120053110292E-03     5.58536791889579E-01    -6.16738077583367E-03    -5.80846094776984E-02
         0.33770653200526    -2.96392654474972E-02    -8.03293881079431E-02     9.82149939098319E-01    -1.55604520288049E-01
         0.12097144684779     6.31626290234505E-02     5.18538927896146E-02     1.57935235223172E-01     9.81877314709563E-01
 1 1 1 5 1
      1455.92348588560003     1.31278333430302E-02
       343.76036362634795     9.32407526611947E-02
       109.32815594940681     3.83743287848475E-01
        38.43980281593546     7.81372327958746E-01
        14.20140870508446     4.83044714458676E-01
 1 1 2 7 3 3
        94.45508740448123    -1.38112395068024E-02    -4.65039405431931E-02     5.29239779101065E-02     2.85753330184337E-02     2.37784385246261E-02    -1.21615440378691E-02
        26.39783400903314    -3.88009141362960E-02    -1.46473206087486E-01     1.60481575775492E-01     2.31202493860213E-01     2.48851372095359E-02    -1.24790607807801E-02
         8.82216221183458     4.17422733162500E-01     5.66584548226756E-02    -7.09055599571330E-02     5.48051120453848E-01     1.77539364420353E-01    -1.02452683782016E-01
         3.29424954849409     8.50299121902776E-01    -1.26814508018539E-01    -1.12482871891355E-02     7.29856773139351E-01    -7.08742138681165E-02     1.45000939821991E-01
         1.20362655749315     3.08009864489465E-01     2.54813197096633E-01    -9.93792888405709E-02     2.68327841695411E-01     4.55009887044624E-01    -1.66695047393068E-01
         0.35908787865063     8.78500124609577E-03     9.37699633674568E-01     1.73939881735776E-01    -1.74486796030034E-01     7.97241010124235E-01     4.93720258950141E-01
         0.11162764689237     7.81418644919448E-02    -1.13492356824165E-01     9.62371689365678E-01     1.01155546708298E-01    -3.45896964665659E-01     8.34642205979349E-01
H SVP-MOLOPT-PBE-AE
 1
 2 0 1 4 2 1
        12.24885489931877     9.13601065893484E-02    -2.92233653979741E-02    -2.98536765580705E-02
         1.44668572118719     5.46801357436806E-01    -1.89238960127749E-01     5.05674686289909E-01
         0.37494771895490     8.27248429081306E-01     2.01024168753657E-02     8.56401740098416E-01
         0.11192006491493     9.12230399173390E-02     9.81290224001215E-01     9.98895850325395E-02
O SVP-MOLOPT-PBE-AE
 2
 1 0 0 7 3
      2266.11882679815517    -6.53195164418799E-03     4.31511781018852E-03    -1.50255386286268E-02
       340.90332514956907    -6.49692043203330E-02    -8.38643395903431E-03     2.78970138112306E-02
        76.92814265988143    -2.68398557546813E-01     9.66356731438743E-02    -1.03149893654597E-01
        19.69260394517260    -7.46654382968193E-01     7.27513962145946E-02    -4.77845342576543E-02
         5.94653840051691    -5.84020787076508E-01     6.76448442348491E-02    -6.55152912382769E-02
         0.94188304160944     1.58317373375200E-01     7.83140450398519E-01    -5.91846167956205E-01
         0.29333843489112    -7.81743877443225E-03     6.06131205686227E-01     7.94668854066698E-01
 2 1 2 4 2 1
        16.36868614237306     1.01723539743118E-01    -2.55855611750852E-02     8.33706707858758E-03
         2.90797745788635     5.10732722414240E-01    -9.49942456369113E-02     1.82905409616553E-01
         0.75006795444374     8.35859133120747E-01    -1.43391921218567E-01     8.94419927848460E-01
         0.19193642427748     1.73620037138872E-01     9.84764047518226E-01     4.08030755106872E-01
