ZR TZV2P-MOLOPT-PBE-GTH-Q12
 1
 2 0 3 7 4 3 3 2
         8.13709684689048    -5.80631088311233E-02    -3.58897186473430E-02    -1.52713043142254E-02    -2.38601789058487E-02    -1.87098633639909E-02    -6.60365610451709E-03    -1.50632377698834E-02    -1.19156457972578E-03     1.84655983352005E-03    -1.91311048915535E-04     2.51423226003408E-03    -1.91078099427686E-03
         2.75611310146837     4.88006843477377E-01     3.71869748755312E-01    -9.68587431285781E-03     2.15404255012001E-01     2.72429317578704E-01     1.24624793443987E-01     4.94894329991944E-02    -3.39912739339056E-02     1.13663331484266E-02     2.64529569585268E-02     2.25912513854951E-03     6.89251850332122E-03
         1.43305688943010    -1.40669021574852E-01    -1.89120651287741E-01     1.68184791124698E-01    -2.95998581531142E-02    -4.31887144504812E-01    -2.17129051972702E-01     1.68832555811616E-01     2.81762454814143E-01    -7.59806771298300E-02    -2.93996051621815E-01    -1.46426640938258E-01    -1.29838270384353E-01
         0.62128181702283    -3.77706637650703E-01    -4.99991933034994E-01     4.77018509232769E-01    -3.10705961499523E-02    -6.29719063415905E-01    -4.47210085487181E-01     2.61128722335868E-01     6.19560193611316E-01    -3.62657200236494E-01    -3.36294506731996E-01    -5.57464578903606E-01    -5.38072698307027E-01
         0.27061282264894    -1.53948165436629E-01    -3.11051574281624E-01    -3.90498556005208E-01     8.52584690633948E-01    -2.97049415522801E-01    -7.25721223252168E-02    -9.23562204645033E-01     6.44360926289205E-01    -7.63574978766704E-02     6.35274266008680E-01    -8.15592278840727E-01     3.85861455713350E-01
         0.11667436483540    -6.50839954342972E-01     3.25139279067910E-01    -5.46996665229393E-01    -2.51419507933589E-01    -3.54985339952330E-01     5.80336741737138E-01     2.08441820200638E-01     3.38768479389286E-01     7.53832945745769E-01    -4.44794743417904E-01     2.91697559906357E-02     5.52730632213449E-01
         0.04342054281409    -3.85662072993210E-01     6.10080020617483E-01     5.40505055455355E-01     4.01344915957030E-01    -3.57919902597031E-01     6.28669802093449E-01    -6.49316186561898E-02     7.50544673128020E-02     5.37102886729657E-01     4.45372623783539E-01    -4.17063198082922E-02     4.89048486545622E-01
ZR TZVP-MOLOPT-PBE-GTH-q12
 1
 2 0 3 7 4 3 3 1
         8.13709684689048    -5.80631088311233E-02    -3.58897186473430E-02    -1.52713043142254E-02    -2.38601789058487E-02    -1.87098633639909E-02    -6.60365610451709E-03    -1.50632377698834E-02    -1.19156457972578E-03     1.84655983352005E-03    -1.91311048915535E-04     2.51423226003408E-03
         2.75611310146837     4.88006843477377E-01     3.71869748755312E-01    -9.68587431285781E-03     2.15404255012001E-01     2.72429317578704E-01     1.24624793443987E-01     4.94894329991944E-02    -3.39912739339056E-02     1.13663331484266E-02     2.64529569585268E-02     2.25912513854951E-03
         1.43305688943010    -1.40669021574852E-01    -1.89120651287741E-01     1.68184791124698E-01    -2.95998581531142E-02    -4.31887144504812E-01    -2.17129051972702E-01     1.68832555811616E-01     2.81762454814143E-01    -7.59806771298300E-02    -2.93996051621815E-01    -1.46426640938258E-01
         0.62128181702283    -3.77706637650703E-01    -4.99991933034994E-01     4.77018509232769E-01    -3.10705961499523E-02    -6.29719063415905E-01    -4.47210085487181E-01     2.61128722335868E-01     6.19560193611316E-01    -3.62657200236494E-01    -3.36294506731996E-01    -5.57464578903606E-01
         0.27061282264894    -1.53948165436629E-01    -3.11051574281624E-01    -3.90498556005208E-01     8.52584690633948E-01    -2.97049415522801E-01    -7.25721223252168E-02    -9.23562204645033E-01     6.44360926289205E-01    -7.63574978766704E-02     6.35274266008680E-01    -8.15592278840727E-01
         0.11667436483540    -6.50839954342972E-01     3.25139279067910E-01    -5.46996665229393E-01    -2.51419507933589E-01    -3.54985339952330E-01     5.80336741737138E-01     2.08441820200638E-01     3.38768479389286E-01     7.53832945745769E-01    -4.44794743417904E-01     2.91697559906357E-02
         0.04342054281409    -3.85662072993210E-01     6.10080020617483E-01     5.40505055455355E-01     4.01344915957030E-01    -3.57919902597031E-01     6.28669802093449E-01    -6.49316186561898E-02     7.50544673128020E-02     5.37102886729657E-01     4.45372623783539E-01    -4.17063198082922E-02
ZR DZVP-MOLOPT-PBE-GTH-q12
 1
 2 0 3 7 3 2 2 1
         8.13709684689048    -5.80631088311233E-02    -3.58897186473430E-02    -1.52713043142254E-02    -1.87098633639909E-02    -6.60365610451709E-03    -1.19156457972578E-03     1.84655983352005E-03     2.51423226003408E-03
         2.75611310146837     4.88006843477377E-01     3.71869748755312E-01    -9.68587431285781E-03     2.72429317578704E-01     1.24624793443987E-01    -3.39912739339056E-02     1.13663331484266E-02     2.25912513854951E-03
         1.43305688943010    -1.40669021574852E-01    -1.89120651287741E-01     1.68184791124698E-01    -4.31887144504812E-01    -2.17129051972702E-01     2.81762454814143E-01    -7.59806771298300E-02    -1.46426640938258E-01
         0.62128181702283    -3.77706637650703E-01    -4.99991933034994E-01     4.77018509232769E-01    -6.29719063415905E-01    -4.47210085487181E-01     6.19560193611316E-01    -3.62657200236494E-01    -5.57464578903606E-01
         0.27061282264894    -1.53948165436629E-01    -3.11051574281624E-01    -3.90498556005208E-01    -2.97049415522801E-01    -7.25721223252168E-02     6.44360926289205E-01    -7.63574978766704E-02    -8.15592278840727E-01
         0.11667436483540    -6.50839954342972E-01     3.25139279067910E-01    -5.46996665229393E-01    -3.54985339952330E-01     5.80336741737138E-01     3.38768479389286E-01     7.53832945745769E-01     2.91697559906357E-02
         0.04342054281409    -3.85662072993210E-01     6.10080020617483E-01     5.40505055455355E-01    -3.57919902597031E-01     6.28669802093449E-01     7.50544673128020E-02     5.37102886729657E-01    -4.17063198082922E-02
O TZV2P-MOLOPT-PBE-GTH-Q6
 1
 2 0 3 5 3 3 2 1
        10.34256722623639    -1.36598767253985E-01     5.35898017733314E-02    -1.18707008771107E-01    -9.23673397522993E-02     5.82948619873808E-02     9.18414097966573E-02    -9.48396929864874E-02     1.47739306049945E-01    -6.27421636348332E-05
         3.67715896642206    -1.53365311059511E-01     9.09944842814309E-02    -2.82507973527509E-01    -2.98268574244154E-01     1.75273022378177E-01     2.27281538167357E-01     1.72695668110757E-01    -2.69128753144972E-01     1.08668748395417E-04
         1.30046451996361     5.48021970885945E-01    -2.61169567089594E-01     6.98682645593308E-01    -5.68604037326135E-01     3.64979965319240E-01     5.95584075165259E-01     4.96837623369842E-01    -7.73936715688092E-01     3.17226823696088E-04
         0.46645021946921     7.84538402757388E-01    -4.08365744734643E-02    -6.15550727563364E-01    -6.49207117094457E-01     1.42847181972710E-01    -7.45101990481658E-01     8.41535542399250E-01     5.40201745515093E-01     9.99999938769363E-01
         0.14793951916337     2.04917720496501E-01     9.58629734771334E-01     1.97579739611495E-01    -3.97144432185278E-01    -9.01257668045223E-01     1.73236517641798E-01    -7.84343402663362E-02     1.22257293978271E-01     7.79931889816245E-05
O TZVP-MOLOPT-PBE-GTH-q6
 1
 2 0 2 5 3 3 1
        10.34256722623639    -1.36598767253985E-01     5.35898017733314E-02    -1.18707008771107E-01    -9.23673397522993E-02     5.82948619873808E-02     9.18414097966573E-02    -9.48396929864874E-02
         3.67715896642206    -1.53365311059511E-01     9.09944842814309E-02    -2.82507973527509E-01    -2.98268574244154E-01     1.75273022378177E-01     2.27281538167357E-01     1.72695668110757E-01
         1.30046451996361     5.48021970885945E-01    -2.61169567089594E-01     6.98682645593308E-01    -5.68604037326135E-01     3.64979965319240E-01     5.95584075165259E-01     4.96837623369842E-01
         0.46645021946921     7.84538402757388E-01    -4.08365744734643E-02    -6.15550727563364E-01    -6.49207117094457E-01     1.42847181972710E-01    -7.45101990481658E-01     8.41535542399250E-01
         0.14793951916337     2.04917720496501E-01     9.58629734771334E-01     1.97579739611495E-01    -3.97144432185278E-01    -9.01257668045223E-01     1.73236517641798E-01    -7.84343402663362E-02
O DZVP-MOLOPT-PBE-GTH-q6
 1
 2 0 2 5 2 2 1
        10.34256722623639    -1.36598767253985E-01     5.35898017733314E-02    -9.23673397522993E-02     5.82948619873808E-02    -9.48396929864874E-02
         3.67715896642206    -1.53365311059511E-01     9.09944842814309E-02    -2.98268574244154E-01     1.75273022378177E-01     1.72695668110757E-01
         1.30046451996361     5.48021970885945E-01    -2.61169567089594E-01    -5.68604037326135E-01     3.64979965319240E-01     4.96837623369842E-01
         0.46645021946921     7.84538402757388E-01    -4.08365744734643E-02    -6.49207117094457E-01     1.42847181972710E-01     8.41535542399250E-01
         0.14793951916337     2.04917720496501E-01     9.58629734771334E-01    -3.97144432185278E-01    -9.01257668045223E-01    -7.84343402663362E-02
F TZV2P-MOLOPT-PBE-GTH-Q7
 1
 2 0 3 5 3 3 2 1
        13.30428004732790     1.38292090777636E-01    -4.13851185732434E-02    -3.68601172475513E-01    -9.35531482386367E-02     5.06296345689289E-02     1.31156005847365E-01    -3.26022751966033E-02     1.00541308351024E-01     9.72064409635608E-05
         4.80605774544240     1.37268979809070E-01    -3.39565337061055E-02    -2.68712697428403E-01    -2.95910126104609E-01     1.05677150923709E-01    -3.03933997040743E-01     1.33191225710905E-01    -4.08920622745241E-01     5.04092340544058E-06
         1.70698523266130    -5.18264453672791E-01     1.04861752881122E-01     6.94838249064691E-01    -5.65276724858415E-01     3.02716360438154E-01     7.47866109869779E-01     2.66499643835383E-01    -8.18034852203344E-01     5.83002400834836E-05
         0.58735472443375    -8.26267224974586E-01     4.59440905301858E-02    -5.51244775686392E-01    -6.52493507471700E-01     2.40526134346493E-01    -5.71224059806739E-01     9.50822081343244E-01     3.09737546860849E-01     9.99999990598423E-01
         0.17874874061685    -1.03522721189923E-01    -9.91981541717081E-01     7.24959778581021E-02    -3.97994287350983E-01    -9.14756231842929E-01     6.94376178966045E-02     7.81824693351836E-02    -2.39910404638869E-01    -7.70047573235798E-05
F TZVP-MOLOPT-PBE-GTH-q7
 1
 2 0 2 5 3 3 1
        13.30428004732790     1.38292090777636E-01    -4.13851185732434E-02    -3.68601172475513E-01    -9.35531482386367E-02     5.06296345689289E-02     1.31156005847365E-01    -3.26022751966033E-02
         4.80605774544240     1.37268979809070E-01    -3.39565337061055E-02    -2.68712697428403E-01    -2.95910126104609E-01     1.05677150923709E-01    -3.03933997040743E-01     1.33191225710905E-01
         1.70698523266130    -5.18264453672791E-01     1.04861752881122E-01     6.94838249064691E-01    -5.65276724858415E-01     3.02716360438154E-01     7.47866109869779E-01     2.66499643835383E-01
         0.58735472443375    -8.26267224974586E-01     4.59440905301858E-02    -5.51244775686392E-01    -6.52493507471700E-01     2.40526134346493E-01    -5.71224059806739E-01     9.50822081343244E-01
         0.17874874061685    -1.03522721189923E-01    -9.91981541717081E-01     7.24959778581021E-02    -3.97994287350983E-01    -9.14756231842929E-01     6.94376178966045E-02     7.81824693351836E-02
F DZVP-MOLOPT-PBE-GTH-q7
 1
 2 0 2 5 2 2 1
        13.30428004732790     1.38292090777636E-01    -4.13851185732434E-02    -9.35531482386367E-02     5.06296345689289E-02    -3.26022751966033E-02
         4.80605774544240     1.37268979809070E-01    -3.39565337061055E-02    -2.95910126104609E-01     1.05677150923709E-01     1.33191225710905E-01
         1.70698523266130    -5.18264453672791E-01     1.04861752881122E-01    -5.65276724858415E-01     3.02716360438154E-01     2.66499643835383E-01
         0.58735472443375    -8.26267224974586E-01     4.59440905301858E-02    -6.52493507471700E-01     2.40526134346493E-01     9.50822081343244E-01
         0.17874874061685    -1.03522721189923E-01    -9.91981541717081E-01    -3.97994287350983E-01    -9.14756231842929E-01     7.81824693351836E-02
