ZR DZVP-MOLOPT-PBE-GTH-Q12
 1
 2 0 3 7 3 2 2 1
         8.13709684689048    -6.55816091071931E-02    -1.74022946017875E-02    -1.21093634584739E-02    -1.92372256312234E-02    -4.51104480120206E-03    -1.15426086353184E-03     2.69240454385356E-03     3.41576693237613E-03
         2.75611310146837     5.64725183288697E-01     2.17302786686263E-01    -4.06036503282359E-02     2.84681370283438E-01     9.25801147830676E-02    -3.27043789277563E-02     6.74713669813183E-03    -3.76380384360175E-03
         1.43305688943010    -1.56813728173344E-01    -1.46905522324070E-01     2.28406778941149E-01    -4.58381235648443E-01    -1.56563880507615E-01     2.75398960137235E-01    -7.03340451157287E-02    -1.29682365060962E-01
         0.62128181702283    -5.07902882653254E-01    -3.79374859014229E-01     4.50174651332325E-01    -6.62422850899452E-01    -4.04493650842488E-01     5.98040401094634E-01    -4.60154669350998E-01    -6.04223483686472E-01
         0.27061282264894    -2.46371405264074E-01    -2.46374936665017E-01    -3.92989062735140E-01    -3.25730726325646E-01     1.28819735415279E-02     6.34529910328535E-01    -5.84547208961530E-02    -7.80845605982722E-01
         0.11667436483540    -5.50549458850373E-01     5.10966839140945E-01    -5.22719808671625E-01    -2.78674116821010E-01     5.83123086120970E-01     3.89411225622594E-01     7.09650456199115E-01    -5.34217279901542E-02
         0.04342054281409    -1.74427808514347E-01     6.82042830606131E-01     5.61873145577414E-01    -2.93102859959781E-01     6.80501823480657E-01     1.05654498021987E-01     5.25582824203399E-01    -7.41410201365664E-02
O DZVP-MOLOPT-PBE-GTH-Q6
 1
 2 0 2 5 2 2 1
        10.34256722623639    -1.36612866576817E-01     5.36780510727693E-02    -9.23817206645146E-02     5.83443637080248E-02    -9.48473896502772E-02
         3.67715896642206    -1.53385468202307E-01     9.10278370989298E-02    -2.98264530995839E-01     1.75046650342809E-01     1.72754284852763E-01
         1.30046451996361     5.48080652961239E-01    -2.61157543615482E-01    -5.68590641449654E-01     3.64872626600995E-01     4.96868401181124E-01
         0.46645021946921     7.84467551986126E-01    -4.09115659592467E-02    -6.49258120291653E-01     1.42983044083434E-01     8.41501659783491E-01
         0.14793951916337     2.05007513424509E-01     9.58621708960114E-01    -3.97079920076698E-01    -9.01320376386329E-01    -7.84645029990108E-02
F DZVP-MOLOPT-PBE-GTH-Q7
 1
 2 0 2 5 2 2 1
        13.30428004732790     1.38300641201995E-01    -4.13429187269840E-02    -9.35306094799813E-02     5.06566246623838E-02    -3.27607844899301E-02
         4.80605774544240     1.37253664661734E-01    -3.39425431978004E-02    -2.95918398172795E-01     1.05639317967558E-01     1.33212173705781E-01
         1.70698523266130    -5.18315587577063E-01     1.04830293747595E-01    -5.65287543674134E-01     3.02725510725546E-01     2.66499630071583E-01
         0.58735472443375    -8.26234910698634E-01     4.59821538585404E-02    -6.52514099592094E-01     2.40459771924833E-01     9.50816701157307E-01
         0.17874874061685    -1.03533512436824E-01    -9.91985341560913E-01    -3.97944304537121E-01    -9.14773526135829E-01     7.81459899689756E-02
