AG TZV2P-MOLOPT-SCAN-GTH-Q11
 1
 2 0 3 5 3 3 3 2
         2.52629594450425     6.56710904855403E-02    -1.94934175341438E-02     7.12428121144422E-01    -5.57124560599985E-02    -6.71950195878551E-02    -6.95157986262446E-01    -3.64402657869280E-01    -3.25458105585998E-02    -4.40527470695278E-02    -1.58235929759274E-02     6.84212143009890E-03
         1.18772155219709    -1.73237674111671E-01     1.00552563984242E-01    -6.54836375854260E-01     8.09415150093289E-02     2.04079306837501E-01     6.55074666560002E-01    -6.65615590378613E-01    -2.01117770174987E-01     5.52789328252175E-01    -3.32608407131555E-02    -1.24818637122331E-01
         0.47573413409042    -4.01519636385667E-01     5.01204916209337E-02     2.29531602306957E-01     3.56897172516933E-01     2.92717106878055E-01    -2.75916796089713E-01    -5.78976733788421E-01     1.90165986303692E-02    -7.69998594323773E-01    -6.06044930721304E-01    -6.01406502781534E-01
         0.17884277037511     7.71193786267121E-01    -4.69552224366047E-01    -1.02040699176152E-01    -1.05011450844398E-01    -9.00933915497017E-01     1.05501320348464E-01    -2.86881540291577E-01     1.97012483957822E-01     3.08520985814378E-01    -3.05751574483290E-01    -4.10791002042619E-01
         0.05321673615010     4.57949933685466E-01     8.75510041896498E-01     2.32041443438246E-02     9.23006823825659E-01    -2.37636784003377E-01     1.92859639935908E-02    -8.15568044638724E-02     9.58810128688796E-01     6.63346070891755E-02    -7.33395423375675E-01     6.73746587564023E-01
AG TZVP-MOLOPT-SCAN-GTH-q11
 1
 2 0 3 5 3 3 3 1
         2.52629594450425     6.56710904855403E-02    -1.94934175341438E-02     7.12428121144422E-01    -5.57124560599985E-02    -6.71950195878551E-02    -6.95157986262446E-01    -3.64402657869280E-01    -3.25458105585998E-02    -4.40527470695278E-02    -1.58235929759274E-02
         1.18772155219709    -1.73237674111671E-01     1.00552563984242E-01    -6.54836375854260E-01     8.09415150093289E-02     2.04079306837501E-01     6.55074666560002E-01    -6.65615590378613E-01    -2.01117770174987E-01     5.52789328252175E-01    -3.32608407131555E-02
         0.47573413409042    -4.01519636385667E-01     5.01204916209337E-02     2.29531602306957E-01     3.56897172516933E-01     2.92717106878055E-01    -2.75916796089713E-01    -5.78976733788421E-01     1.90165986303692E-02    -7.69998594323773E-01    -6.06044930721304E-01
         0.17884277037511     7.71193786267121E-01    -4.69552224366047E-01    -1.02040699176152E-01    -1.05011450844398E-01    -9.00933915497017E-01     1.05501320348464E-01    -2.86881540291577E-01     1.97012483957822E-01     3.08520985814378E-01    -3.05751574483290E-01
         0.05321673615010     4.57949933685466E-01     8.75510041896498E-01     2.32041443438246E-02     9.23006823825659E-01    -2.37636784003377E-01     1.92859639935908E-02    -8.15568044638724E-02     9.58810128688796E-01     6.63346070891755E-02    -7.33395423375675E-01
AG DZVP-MOLOPT-SCAN-GTH-q11
 1
 2 0 3 5 2 2 2 1
         2.52629594450425     6.56710904855403E-02    -1.94934175341438E-02    -5.57124560599985E-02    -6.71950195878551E-02    -3.64402657869280E-01    -3.25458105585998E-02    -1.58235929759274E-02
         1.18772155219709    -1.73237674111671E-01     1.00552563984242E-01     8.09415150093289E-02     2.04079306837501E-01    -6.65615590378613E-01    -2.01117770174987E-01    -3.32608407131555E-02
         0.47573413409042    -4.01519636385667E-01     5.01204916209337E-02     3.56897172516933E-01     2.92717106878055E-01    -5.78976733788421E-01     1.90165986303692E-02    -6.06044930721304E-01
         0.17884277037511     7.71193786267121E-01    -4.69552224366047E-01    -1.05011450844398E-01    -9.00933915497017E-01    -2.86881540291577E-01     1.97012483957822E-01    -3.05751574483290E-01
         0.05321673615010     4.57949933685466E-01     8.75510041896498E-01     9.23006823825659E-01    -2.37636784003377E-01    -8.15568044638724E-02     9.58810128688796E-01    -7.33395423375675E-01
CL TZV2P-MOLOPT-SCAN-GTH-Q7
 1
 2 0 3 4 3 3 2 1
         1.99031135450461     4.85018816633289E-01     1.94158525239581E-01    -1.02487019822790E-01     3.26464872695311E-01     1.51626624474172E-01    -3.04303079631876E-01     1.14349988907458E-01    -6.94120784194127E-02    -3.74274318976047E-02
         1.46501921747017    -3.69443122264159E-01     8.84925501203065E-02    -9.21581198729358E-01    -4.91090003440862E-01    -1.60659090706497E-01    -8.51979523656754E-01     2.49763916797096E-01     9.08906621638742E-01     2.75533996785233E-01
         0.40655378963524    -5.57894471564660E-01    -6.37209072162332E-01     2.04948617227288E-01    -6.93734950650820E-01    -3.56105172703454E-01     4.21045721459141E-01     9.48735957067630E-01    -2.80461592308605E-01     9.57496717801440E-01
         0.13370286337397    -5.63047320854067E-01     7.40564739914085E-01     3.13337787719621E-01    -4.13501044329990E-01     9.07957669331436E-01     6.51999036588082E-02     1.56339853108561E-01     3.00685902147853E-01    -7.66827187609711E-02
CL TZVP-MOLOPT-SCAN-GTH-q7
 1
 2 0 2 4 3 3 1
         1.99031135450461     4.85018816633289E-01     1.94158525239581E-01    -1.02487019822790E-01     3.26464872695311E-01     1.51626624474172E-01    -3.04303079631876E-01     1.14349988907458E-01
         1.46501921747017    -3.69443122264159E-01     8.84925501203065E-02    -9.21581198729358E-01    -4.91090003440862E-01    -1.60659090706497E-01    -8.51979523656754E-01     2.49763916797096E-01
         0.40655378963524    -5.57894471564660E-01    -6.37209072162332E-01     2.04948617227288E-01    -6.93734950650820E-01    -3.56105172703454E-01     4.21045721459141E-01     9.48735957067630E-01
         0.13370286337397    -5.63047320854067E-01     7.40564739914085E-01     3.13337787719621E-01    -4.13501044329990E-01     9.07957669331436E-01     6.51999036588082E-02     1.56339853108561E-01
CL DZVP-MOLOPT-SCAN-GTH-q7
 1
 2 0 2 4 2 2 1
         1.99031135450461     4.85018816633289E-01     1.94158525239581E-01     3.26464872695311E-01     1.51626624474172E-01     1.14349988907458E-01
         1.46501921747017    -3.69443122264159E-01     8.84925501203065E-02    -4.91090003440862E-01    -1.60659090706497E-01     2.49763916797096E-01
         0.40655378963524    -5.57894471564660E-01    -6.37209072162332E-01    -6.93734950650820E-01    -3.56105172703454E-01     9.48735957067630E-01
         0.13370286337397    -5.63047320854067E-01     7.40564739914085E-01    -4.13501044329990E-01     9.07957669331436E-01     1.56339853108561E-01
