AG DZVP-MOLOPT-SCAN-GTH-Q11
 1
 2 0 3 5 2 2 2 1
         2.52629594450425     6.45248456134969E-02    -4.87385255547065E-03    -1.54358730187224E-03    -5.27447214289856E-02    -3.63814352654514E-01    -3.99881911788862E-02    -1.67639515495666E-02
         1.18772155219709    -1.70758060406524E-01     5.53941919297174E-02    -1.43477272941086E-02     1.82042887957305E-01    -6.61478038530429E-01    -2.46040230936890E-01    -2.76603358425676E-02
         0.47573413409042    -4.05559606708410E-01     7.63281816030351E-02     3.93860600203050E-01     3.01505305327750E-01    -5.77330361086766E-01    -1.06726073899716E-02    -5.86292765772976E-01
         0.17884277037511     7.78631235594741E-01    -4.51956476394064E-01    -1.21936891642063E-01    -9.00878408881846E-01    -2.99316653764583E-01     3.58134144664075E-01    -3.15150197899996E-01
         0.05321673615010     4.42643234973136E-01     8.87027102855576E-01     9.10931930565671E-01    -2.48175390752743E-01    -8.47650652752061E-02     8.99717277373283E-01    -7.45583678278560E-01
CL DZVP-MOLOPT-SCAN-GTH-Q7
 1
 2 0 2 4 2 2 1
         1.99031135450461     4.85018816633289E-01     1.94158525239581E-01     3.26464872695311E-01     1.51626624474172E-01     1.14349988907458E-01
         1.46501921747017    -3.69443122264159E-01     8.84925501203065E-02    -4.91090003440862E-01    -1.60659090706497E-01     2.49763916797096E-01
         0.40655378963524    -5.57894471564660E-01    -6.37209072162332E-01    -6.93734950650820E-01    -3.56105172703454E-01     9.48735957067630E-01
         0.13370286337397    -5.63047320854067E-01     7.40564739914085E-01    -4.13501044329990E-01     9.07957669331436E-01     1.56339853108561E-01
