AG TZV2P-MOLOPT-SCAN-GTH-Q11
 1
 2 0 3 5 3 3 3 2
         2.52629594450425     6.45248456134969E-02    -4.87385255547068E-03    -1.84547472727749E-01    -1.54358730187224E-03    -5.27447214289856E-02    -3.54524838386659E-02    -3.63814352654514E-01    -3.99881911788863E-02     1.20031787942259E-02    -1.67639515495666E-02    -1.87555570845724E-02
         1.18772155219709    -1.70758060406524E-01     5.53941919297175E-02     2.01378015341293E-01    -1.43477272941086E-02     1.82042887957305E-01     1.76744076725267E-01    -6.61478038530429E-01    -2.46040230936890E-01     3.86059397922656E-01    -2.76603358425676E-02    -3.09464630901497E-02
         0.47573413409042    -4.05559606708410E-01     7.63281816030353E-02     8.51332846516400E-01     3.93860600203050E-01     3.01505305327750E-01    -8.61606762052039E-01    -5.77330361086766E-01    -1.06726073899718E-02    -9.18694525073135E-02    -5.86292765772976E-01    -6.55946028250790E-01
         0.17884277037511     7.78631235594741E-01    -4.51956476394064E-01     4.28219131236714E-01    -1.21936891642063E-01    -9.00878408881846E-01    -3.41359703271755E-01    -2.99316653764583E-01     3.58134144664075E-01    -8.11819169621868E-01    -3.15150197899996E-01    -3.52590945485074E-01
         0.05321673615010     4.42643234973136E-01     8.87027102855576E-01     1.31338818831906E-01     9.10931930565671E-01    -2.48175390752743E-01     3.29563337312607E-01    -8.47650652752061E-02     8.99717277373283E-01     4.28163175092040E-01    -7.45583678278560E-01     6.66412018712607E-01
AG TZVP-MOLOPT-SCAN-GTH-q11
 1
 2 0 3 5 3 3 3 1
         2.52629594450425     6.45248456134969E-02    -4.87385255547068E-03    -1.84547472727749E-01    -1.54358730187224E-03    -5.27447214289856E-02    -3.54524838386659E-02    -3.63814352654514E-01    -3.99881911788863E-02     1.20031787942259E-02    -1.67639515495666E-02
         1.18772155219709    -1.70758060406524E-01     5.53941919297175E-02     2.01378015341293E-01    -1.43477272941086E-02     1.82042887957305E-01     1.76744076725267E-01    -6.61478038530429E-01    -2.46040230936890E-01     3.86059397922656E-01    -2.76603358425676E-02
         0.47573413409042    -4.05559606708410E-01     7.63281816030353E-02     8.51332846516400E-01     3.93860600203050E-01     3.01505305327750E-01    -8.61606762052039E-01    -5.77330361086766E-01    -1.06726073899718E-02    -9.18694525073135E-02    -5.86292765772976E-01
         0.17884277037511     7.78631235594741E-01    -4.51956476394064E-01     4.28219131236714E-01    -1.21936891642063E-01    -9.00878408881846E-01    -3.41359703271755E-01    -2.99316653764583E-01     3.58134144664075E-01    -8.11819169621868E-01    -3.15150197899996E-01
         0.05321673615010     4.42643234973136E-01     8.87027102855576E-01     1.31338818831906E-01     9.10931930565671E-01    -2.48175390752743E-01     3.29563337312607E-01    -8.47650652752061E-02     8.99717277373283E-01     4.28163175092040E-01    -7.45583678278560E-01
AG DZVP-MOLOPT-SCAN-GTH-q11
 1
 2 0 3 5 2 2 2 1
         2.52629594450425     6.45248456134969E-02    -4.87385255547068E-03    -1.54358730187224E-03    -5.27447214289856E-02    -3.63814352654514E-01    -3.99881911788863E-02    -1.67639515495666E-02
         1.18772155219709    -1.70758060406524E-01     5.53941919297175E-02    -1.43477272941086E-02     1.82042887957305E-01    -6.61478038530429E-01    -2.46040230936890E-01    -2.76603358425676E-02
         0.47573413409042    -4.05559606708410E-01     7.63281816030353E-02     3.93860600203050E-01     3.01505305327750E-01    -5.77330361086766E-01    -1.06726073899718E-02    -5.86292765772976E-01
         0.17884277037511     7.78631235594741E-01    -4.51956476394064E-01    -1.21936891642063E-01    -9.00878408881846E-01    -2.99316653764583E-01     3.58134144664075E-01    -3.15150197899996E-01
         0.05321673615010     4.42643234973136E-01     8.87027102855576E-01     9.10931930565671E-01    -2.48175390752743E-01    -8.47650652752061E-02     8.99717277373283E-01    -7.45583678278560E-01
CL TZV2P-MOLOPT-SCAN-GTH-Q7
 1
 2 0 3 4 3 3 2 1
         1.99031135450461     4.85018816633289E-01     1.94158525239581E-01    -1.02487019822790E-01     3.26464872695311E-01     1.51626624474172E-01    -3.04303079631876E-01     1.14349988907458E-01    -6.94120784194127E-02    -3.74274318976047E-02
         1.46501921747017    -3.69443122264159E-01     8.84925501203066E-02    -9.21581198729358E-01    -4.91090003440862E-01    -1.60659090706497E-01    -8.51979523656754E-01     2.49763916797096E-01     9.08906621638742E-01     2.75533996785233E-01
         0.40655378963524    -5.57894471564660E-01    -6.37209072162332E-01     2.04948617227288E-01    -6.93734950650820E-01    -3.56105172703454E-01     4.21045721459141E-01     9.48735957067630E-01    -2.80461592308605E-01     9.57496717801440E-01
         0.13370286337397    -5.63047320854067E-01     7.40564739914085E-01     3.13337787719621E-01    -4.13501044329990E-01     9.07957669331436E-01     6.51999036588082E-02     1.56339853108561E-01     3.00685902147853E-01    -7.66827187609711E-02
CL TZVP-MOLOPT-SCAN-GTH-q7
 1
 2 0 2 4 3 3 1
         1.99031135450461     4.85018816633289E-01     1.94158525239581E-01    -1.02487019822790E-01     3.26464872695311E-01     1.51626624474172E-01    -3.04303079631876E-01     1.14349988907458E-01
         1.46501921747017    -3.69443122264159E-01     8.84925501203066E-02    -9.21581198729358E-01    -4.91090003440862E-01    -1.60659090706497E-01    -8.51979523656754E-01     2.49763916797096E-01
         0.40655378963524    -5.57894471564660E-01    -6.37209072162332E-01     2.04948617227288E-01    -6.93734950650820E-01    -3.56105172703454E-01     4.21045721459141E-01     9.48735957067630E-01
         0.13370286337397    -5.63047320854067E-01     7.40564739914085E-01     3.13337787719621E-01    -4.13501044329990E-01     9.07957669331436E-01     6.51999036588082E-02     1.56339853108561E-01
CL DZVP-MOLOPT-SCAN-GTH-q7
 1
 2 0 2 4 2 2 1
         1.99031135450461     4.85018816633289E-01     1.94158525239581E-01     3.26464872695311E-01     1.51626624474172E-01     1.14349988907458E-01
         1.46501921747017    -3.69443122264159E-01     8.84925501203066E-02    -4.91090003440862E-01    -1.60659090706497E-01     2.49763916797096E-01
         0.40655378963524    -5.57894471564660E-01    -6.37209072162332E-01    -6.93734950650820E-01    -3.56105172703454E-01     9.48735957067630E-01
         0.13370286337397    -5.63047320854067E-01     7.40564739914085E-01    -4.13501044329990E-01     9.07957669331436E-01     1.56339853108561E-01
