AT DZVP-MOLOPT-SCAN-GTH-Q7
 1
 2 0 2 5 2 2 1
         1.61475292337904    -4.00182114477351E-01    -2.40470226286478E-01    -1.06653801374029E-01    -2.85679767860948E-01    -1.71933546100926E-01
         1.35333389901230     6.11131305829662E-01     4.25949316873923E-01     2.32465662318541E-01     4.75662023877965E-01     2.88980101432301E-01
         0.46951859656378     2.05631816513228E-03    -4.33865352343212E-01    -1.92737867023820E-01    -2.24089349571702E-01    -1.42869871068953E-01
         0.20479656659964    -5.53003065887411E-01     9.96574589136003E-02    -5.27303901673070E-01    -5.37451747971712E-01    -9.29119141738819E-01
         0.07883403829542     4.00694625571764E-01    -7.50046996289802E-01    -7.87011685040786E-01     5.94190450348974E-01     5.70541593277765E-02
H DZVP-MOLOPT-SCAN-GTH-Q1
 1
 2 0 1 5 2 1
         9.16876514496744     4.30245721944096E-02    -3.89199332255518E-02    -1.03225299298647E-01
         2.16119406948452     1.67758655334156E-01    -2.29436993766244E-01     3.18679005482070E-01
         0.61986766123499     5.51924571472773E-01    -2.73974309763091E-01     4.58038932787715E-01
         0.41225503616229     4.20326460221825E-01     8.94936516623427E-01     2.25604019455304E-02
         0.16131600752250     6.99078574975625E-01    -2.64330500496994E-01     8.23091485416057E-01
CL DZVP-MOLOPT-SCAN-GTH-Q7
 1
 2 0 2 4 2 2 1
         1.99031135450461     4.85018816633289E-01     1.94158525239581E-01     3.26464872695311E-01     1.51626624474172E-01     1.14349988907458E-01
         1.46501921747017    -3.69443122264159E-01     8.84925501203065E-02    -4.91090003440862E-01    -1.60659090706497E-01     2.49763916797096E-01
         0.40655378963524    -5.57894471564660E-01    -6.37209072162332E-01    -6.93734950650820E-01    -3.56105172703454E-01     9.48735957067630E-01
         0.13370286337397    -5.63047320854067E-01     7.40564739914085E-01    -4.13501044329990E-01     9.07957669331436E-01     1.56339853108561E-01
