AT TZV2P-MOLOPT-SCAN-GTH-Q7
 1
 2 0 3 5 3 3 2 1
         1.61475292337904    -3.33453615782071E-01    -3.28473077500832E-01     6.97788501512484E-01    -1.13953676291878E-01    -2.78040691087874E-01    -7.74688235574997E-01    -1.92310496496350E-01    -4.46554241586789E-01     4.52318099610180E-02
         1.35333389901230     5.15307962554411E-01     5.41845534062790E-01     1.48908380428286E-01     2.42990210676746E-01     4.65038846600592E-01    -2.35031344219203E-01     3.14681115851788E-01     6.10087583453683E-01    -1.17008881889447E-01
         0.46951859656378     9.41458070602035E-02    -4.59170559597835E-01    -6.41600079832579E-01    -1.98574654586632E-01    -2.16973315473983E-01     5.78375660610087E-01    -1.55863848870005E-01    -5.09604768826909E-01     6.25301300905205E-01
         0.20479656659964    -6.41502605552740E-01     1.08075007326135E-01    -1.93985934721165E-01    -5.27626573080574E-01    -5.40821518507174E-01    -8.87253526009597E-02    -9.14501404356719E-01     3.80920780833788E-01     7.57989058964332E-01
         0.07883403829542     4.50419098098553E-01    -6.13181086273386E-01     2.04049739241124E-01    -7.81120107992289E-01     6.05695394355604E-01    -4.71997024979171E-02     5.81902939382321E-02    -1.53573396636085E-01    -1.36798664113568E-01
AT TZVP-MOLOPT-SCAN-GTH-q7
 1
 2 0 2 5 3 3 1
         1.61475292337904    -3.33453615782071E-01    -3.28473077500832E-01     6.97788501512484E-01    -1.13953676291878E-01    -2.78040691087874E-01    -7.74688235574997E-01    -1.92310496496350E-01
         1.35333389901230     5.15307962554411E-01     5.41845534062790E-01     1.48908380428286E-01     2.42990210676746E-01     4.65038846600592E-01    -2.35031344219203E-01     3.14681115851788E-01
         0.46951859656378     9.41458070602035E-02    -4.59170559597835E-01    -6.41600079832579E-01    -1.98574654586632E-01    -2.16973315473983E-01     5.78375660610087E-01    -1.55863848870005E-01
         0.20479656659964    -6.41502605552740E-01     1.08075007326135E-01    -1.93985934721165E-01    -5.27626573080574E-01    -5.40821518507174E-01    -8.87253526009597E-02    -9.14501404356719E-01
         0.07883403829542     4.50419098098553E-01    -6.13181086273386E-01     2.04049739241124E-01    -7.81120107992289E-01     6.05695394355604E-01    -4.71997024979171E-02     5.81902939382321E-02
AT DZVP-MOLOPT-SCAN-GTH-q7
 1
 2 0 2 5 2 2 1
         1.61475292337904    -3.33453615782071E-01    -3.28473077500832E-01    -1.13953676291878E-01    -2.78040691087874E-01    -1.92310496496350E-01
         1.35333389901230     5.15307962554411E-01     5.41845534062790E-01     2.42990210676746E-01     4.65038846600592E-01     3.14681115851788E-01
         0.46951859656378     9.41458070602035E-02    -4.59170559597835E-01    -1.98574654586632E-01    -2.16973315473983E-01    -1.55863848870005E-01
         0.20479656659964    -6.41502605552740E-01     1.08075007326135E-01    -5.27626573080574E-01    -5.40821518507174E-01    -9.14501404356719E-01
         0.07883403829542     4.50419098098553E-01    -6.13181086273386E-01    -7.81120107992289E-01     6.05695394355604E-01     5.81902939382321E-02
H TZV2P-MOLOPT-SCAN-GTH-Q1
 1
 2 0 2 5 3 2 1
         9.16876514496744     4.30245721944096E-02    -3.89199332255518E-02     1.05597841287996E-01    -1.03225299298647E-01     1.47849610372066E-01     5.89397100894678E-04
         2.16119406948452     1.67758655334156E-01    -2.29436993766244E-01     9.00816001060512E-01     3.18679005482070E-01    -4.59921573561831E-01     9.06454549928757E-04
         0.61986766123499     5.51924571472773E-01    -2.73974309763091E-01     8.95041468250583E-02     4.58038932787715E-01    -6.65599039198367E-01    -4.14822793772387E-04
         0.41225503616229     4.20326460221825E-01     8.94936516623427E-01     1.49710941947358E-01     2.25604019455304E-02    -3.27622058282529E-02    -2.24233449917807E-03
         0.16131600752250     6.99078574975625E-01    -2.64330500496994E-01    -3.83347452986213E-01     8.23091485416057E-01     5.67905974411888E-01     9.99996815399554E-01
H TZVP-MOLOPT-SCAN-GTH-q1
 1
 2 0 1 5 3 1
         9.16876514496744     4.30245721944096E-02    -3.89199332255518E-02     1.05597841287996E-01    -1.03225299298647E-01
         2.16119406948452     1.67758655334156E-01    -2.29436993766244E-01     9.00816001060512E-01     3.18679005482070E-01
         0.61986766123499     5.51924571472773E-01    -2.73974309763091E-01     8.95041468250583E-02     4.58038932787715E-01
         0.41225503616229     4.20326460221825E-01     8.94936516623427E-01     1.49710941947358E-01     2.25604019455304E-02
         0.16131600752250     6.99078574975625E-01    -2.64330500496994E-01    -3.83347452986213E-01     8.23091485416057E-01
H DZVP-MOLOPT-SCAN-GTH-q1
 1
 2 0 1 5 2 1
         9.16876514496744     4.30245721944096E-02    -3.89199332255518E-02    -1.03225299298647E-01
         2.16119406948452     1.67758655334156E-01    -2.29436993766244E-01     3.18679005482070E-01
         0.61986766123499     5.51924571472773E-01    -2.73974309763091E-01     4.58038932787715E-01
         0.41225503616229     4.20326460221825E-01     8.94936516623427E-01     2.25604019455304E-02
         0.16131600752250     6.99078574975625E-01    -2.64330500496994E-01     8.23091485416057E-01
CL TZV2P-MOLOPT-SCAN-GTH-Q7
 1
 2 0 3 4 3 3 2 1
         1.99031135450461     4.85018816633289E-01     1.94158525239581E-01    -1.02487019822790E-01     3.26464872695311E-01     1.51626624474172E-01    -3.04303079631876E-01     1.14349988907458E-01    -6.94120784194127E-02    -3.74274318976047E-02
         1.46501921747017    -3.69443122264159E-01     8.84925501203066E-02    -9.21581198729358E-01    -4.91090003440862E-01    -1.60659090706497E-01    -8.51979523656754E-01     2.49763916797096E-01     9.08906621638742E-01     2.75533996785233E-01
         0.40655378963524    -5.57894471564660E-01    -6.37209072162332E-01     2.04948617227288E-01    -6.93734950650820E-01    -3.56105172703454E-01     4.21045721459141E-01     9.48735957067630E-01    -2.80461592308605E-01     9.57496717801440E-01
         0.13370286337397    -5.63047320854067E-01     7.40564739914085E-01     3.13337787719621E-01    -4.13501044329990E-01     9.07957669331436E-01     6.51999036588082E-02     1.56339853108561E-01     3.00685902147853E-01    -7.66827187609711E-02
CL TZVP-MOLOPT-SCAN-GTH-q7
 1
 2 0 2 4 3 3 1
         1.99031135450461     4.85018816633289E-01     1.94158525239581E-01    -1.02487019822790E-01     3.26464872695311E-01     1.51626624474172E-01    -3.04303079631876E-01     1.14349988907458E-01
         1.46501921747017    -3.69443122264159E-01     8.84925501203066E-02    -9.21581198729358E-01    -4.91090003440862E-01    -1.60659090706497E-01    -8.51979523656754E-01     2.49763916797096E-01
         0.40655378963524    -5.57894471564660E-01    -6.37209072162332E-01     2.04948617227288E-01    -6.93734950650820E-01    -3.56105172703454E-01     4.21045721459141E-01     9.48735957067630E-01
         0.13370286337397    -5.63047320854067E-01     7.40564739914085E-01     3.13337787719621E-01    -4.13501044329990E-01     9.07957669331436E-01     6.51999036588082E-02     1.56339853108561E-01
CL DZVP-MOLOPT-SCAN-GTH-q7
 1
 2 0 2 4 2 2 1
         1.99031135450461     4.85018816633289E-01     1.94158525239581E-01     3.26464872695311E-01     1.51626624474172E-01     1.14349988907458E-01
         1.46501921747017    -3.69443122264159E-01     8.84925501203066E-02    -4.91090003440862E-01    -1.60659090706497E-01     2.49763916797096E-01
         0.40655378963524    -5.57894471564660E-01    -6.37209072162332E-01    -6.93734950650820E-01    -3.56105172703454E-01     9.48735957067630E-01
         0.13370286337397    -5.63047320854067E-01     7.40564739914085E-01    -4.13501044329990E-01     9.07957669331436E-01     1.56339853108561E-01
