AT DZVP-MOLOPT-SCAN-GTH-Q7
 1
 2 0 2 5 2 2 1
         1.61836234116518    -4.50613294144895E-01    -1.99214701854936E-01    -1.68337962970739E-01    -2.65888026995602E-01    -2.11176327359104E-01
         1.37634627768430     6.26056307340336E-01     4.11049716566714E-01     3.04968077228263E-01     4.27687787179678E-01     3.26601546276829E-01
         0.46640659264684     4.49561480642749E-02    -5.08797235806872E-01    -1.97401770822385E-01    -1.58955835350369E-01    -7.36166340303964E-02
         0.20648507818133    -5.19901203301222E-01     1.19269301071942E-01    -5.29927857934245E-01    -5.37563220095334E-01    -9.18306920571028E-01
         0.07472162490667     3.64256561693036E-01    -7.19897103572705E-01    -7.47573279589344E-01     6.57377776173289E-01     5.38326648931686E-03
H DZVP-MOLOPT-SCAN-GTH-Q1
 1
 2 0 1 5 2 1
         9.16876514496744     4.30245721944096E-02    -3.89199332255518E-02    -1.03225299298647E-01
         2.16119406948452     1.67758655334156E-01    -2.29436993766244E-01     3.18679005482070E-01
         0.61986766123499     5.51924571472773E-01    -2.73974309763091E-01     4.58038932787715E-01
         0.41225503616229     4.20326460221825E-01     8.94936516623427E-01     2.25604019455304E-02
         0.16131600752250     6.99078574975625E-01    -2.64330500496994E-01     8.23091485416057E-01
CL DZVP-MOLOPT-SCAN-GTH-Q7
 1
 2 0 2 4 2 2 1
         1.99031135450461     4.85018816633289E-01     1.94158525239581E-01     3.26464872695311E-01     1.51626624474172E-01     1.14349988907458E-01
         1.46501921747017    -3.69443122264159E-01     8.84925501203066E-02    -4.91090003440862E-01    -1.60659090706497E-01     2.49763916797096E-01
         0.40655378963524    -5.57894471564660E-01    -6.37209072162332E-01    -6.93734950650820E-01    -3.56105172703454E-01     9.48735957067630E-01
         0.13370286337397    -5.63047320854067E-01     7.40564739914085E-01    -4.13501044329990E-01     9.07957669331436E-01     1.56339853108561E-01
