Y DZVP-MOLOPT-SCAN-GTH-Q11
 1
 2 0 3 7 3 2 2 1
         7.29480259598065     5.87373571285973E-02    -3.54235520201828E-02    -6.02225283109658E-03    -3.60177839518529E-02    -1.04715705437698E-02    -2.58716846931363E-03     2.17900000994740E-02    -6.21786948843327E-04
         2.66168991901549    -4.66991564845664E-01     3.30057786798905E-01    -4.69395075857155E-02     2.24944356715333E-01     7.08258824965266E-02    -1.10093770838837E-02    -2.48969840777429E-02     1.12923987064538E-02
         1.15747258140054     1.04450148609538E-01    -1.77908134964073E-01     1.49324485828892E-01    -4.56224966451436E-01    -1.81042273227389E-01     2.97206611607027E-01    -2.19100639540875E-02    -1.79459987021329E-01
         0.57582923658987     4.56519031090434E-01    -4.34795255710332E-01     4.81541612634086E-01    -7.14288336981807E-01    -1.88197553152224E-01     5.82224397815583E-01    -3.05541382118662E-01    -3.99797616078266E-01
         0.27262915561043     1.37226393147301E-01    -3.55249824810587E-01    -1.99903332774895E-01    -3.25702015862501E-01    -2.73909343170065E-01     7.00119905364918E-01     3.33915360440738E-02    -8.90240311514972E-01
         0.11612798997094     6.23726095104237E-01     2.42834316384691E-01    -6.76945860818173E-01    -2.62477718489916E-01     6.16585451089879E-01     2.83303179129028E-01     6.76384744982385E-01     1.00283704595361E-01
         0.04120420556843     3.88952461437187E-01     6.95656429007237E-01     4.95341546207042E-01    -2.34045618242906E-01     6.86640713983335E-01    -4.61140714759674E-02     6.68175449313857E-01    -7.24116060810755E-02
F DZVP-MOLOPT-SCAN-GTH-Q7
 1
 2 0 2 5 2 2 1
        13.16645520019096     1.25688709752362E-01    -6.90191648196731E-02    -9.31572868763813E-02     5.00225599861602E-02    -1.02513605924922E-02
         4.67863609541364     1.25206371205048E-01    -7.54523660806367E-02    -2.93923292691458E-01     1.19602022797720E-01     4.04484470063397E-02
         1.68188350144516    -4.93940854057955E-01     2.15904735709196E-01    -5.53343548452151E-01     3.11861936412921E-01     4.51403790784568E-01
         0.58393450944632    -7.58234802751956E-01     3.05654861844976E-01    -6.44505933144035E-01     2.69615230808562E-01     8.90352206116421E-01
         0.18571155118612    -3.86817953873203E-01    -9.21685166349822E-01    -4.28198362261887E-01    -9.01799789070697E-01     4.20285554084608E-02
O DZVP-MOLOPT-SCAN-GTH-Q6
 1
 2 0 2 5 2 2 1
        10.25781699497238    -1.37093335568261E-01     6.42341766590814E-02    -1.01541960662273E-01     5.12250917317880E-02    -1.55308630843787E-02
         3.64428735012608    -1.53382903419191E-01     6.95730187369108E-02    -2.97888826596963E-01     1.18416114723772E-01     1.12242705044625E-01
         1.40222472037927     4.52964005356058E-01    -1.60546208430784E-01    -5.48743422499672E-01     2.65706574607295E-01     4.02080210361362E-01
         0.52205700268808     8.05450964095097E-01    -2.63981031214717E-01    -6.95022929228448E-01     1.92118246587555E-01     9.01700430010169E-01
         0.16818943371335     3.22104729197730E-01     9.46346921445871E-01    -3.41723954857718E-01    -9.35865486749767E-01    -1.11481865840859E-01
