CR DZVP-MOLOPT-PBE-GTH-Q14
 1
 2 0 3 6 3 2 2 1
         7.04271208525795     1.49061008308858E-01     1.91599430065072E-02     6.85073518970352E-02    -1.48192012121106E-01    -6.77248688217214E-02     2.73978688560406E-01     1.62474358437511E-02     1.34450389658537E-02
         3.52235558607738     3.64829228301568E-01     2.20671274700177E-02     1.09599586472866E-01     1.74332876727402E-01     5.02786664445388E-02     2.81645847916751E-01     2.51552796736271E-02    -4.48198951252883E-02
         1.67992512190658    -7.42196471923687E-01    -2.14146166406721E-01    -1.26899578486147E-01     7.85526208274211E-01     7.09002364242908E-02     5.93569815673416E-01     5.74436975960182E-02    -4.73552272347965E-02
         0.65742273608643    -3.82063834666820E-01    -4.34280861157452E-01     2.41849101670876E-01     5.59809893535507E-01     9.59440372369685E-02     6.86564706792229E-01     7.92012621646491E-03    -6.45114050661026E-01
         0.22711724717182    -1.98086879030821E-01     4.89742751099480E-01    -7.39134180481564E-01    -1.14121362527346E-01     9.25823655011748E-01     1.40148786754082E-02     8.99470368725348E-01    -7.56204712143559E-01
         0.07008606878830    -3.29565868436605E-01     7.24458093515677E-01     6.01980768485097E-01    -6.46911853690550E-02     3.48574032105058E-01    -1.47372504390799E-01     4.32080758337309E-01    -8.68918025667870E-02



########################################################################################################
CL DZVP-MOLOPT-PBE-GTH-Q7
 1
 2 0 2 4 2 2 1
 1.99824811943664  4.80178625121655E-01  2.13595239647007E-01  3.37297835177395E-01  1.93550474567217E-01  9.49286028054555E-02
 1.50363082119869 -3.59931830134513E-01  5.82028670667737E-02 -4.88390621275333E-01 -2.19767298436887E-01  2.80669438798039E-01
 0.40650884550636 -5.66727788276184E-01 -6.12160145305852E-01 -6.58014497305072E-01 -3.61134655335744E-01  9.44637929647980E-01
 0.12853799110242 -5.64532709085914E-01  7.59110964460706E-01 -4.63380721190784E-01  8.85337398423952E-01  1.40969529915426E-01

##################################################################################

F DZVP-MOLOPT-PBE-GTH-Q7
 1
 2 0 2 5 2 2 1
        13.30428004732790     1.38300641201995E-01    -4.13429187269840E-02    -9.35306094799813E-02     5.06566246623838E-02    -3.27607844899301E-02
         4.80605774544240     1.37253664661734E-01    -3.39425431978004E-02    -2.95918398172795E-01     1.05639317967558E-01     1.33212173705781E-01
         1.70698523266130    -5.18315587577063E-01     1.04830293747595E-01    -5.65287543674134E-01     3.02725510725546E-01     2.66499630071583E-01
         0.58735472443375    -8.26234910698634E-01     4.59821538585407E-02    -6.52514099592094E-01     2.40459771924833E-01     9.50816701157307E-01
         0.17874874061685    -1.03533512436824E-01    -9.91985341560913E-01    -3.97944304537121E-01    -9.14773526135829E-01     7.81459899689756E-02
C DZVP-MOLOPT-PBE-GTH-Q4
 1
 2 0 2 5 2 2 1
         5.26168129831067    -1.61180329987319E-01     9.95867208365846E-02    -9.87196463656005E-02     8.04180361628404E-02    -7.94810431764520E-02
         1.93765185829818    -1.80818549742989E-01     2.07627108755464E-01    -2.33418997562279E-01     3.08840032955768E-01     2.69065919998737E-01
         0.75874037796781     4.91719768047513E-01    -4.16765369564797E-01    -5.45204647452669E-01     4.47360294645044E-01     5.09115674523642E-01
         0.29195902016920     8.01363369134776E-01     6.04318650540439E-02    -6.71299816524380E-01     5.57121483533110E-02     7.95876444290429E-01
         0.09607356854063     2.39486896539835E-01     8.77284494996048E-01    -4.33449480019086E-01    -8.33616036796648E-01     1.69316891799892E-01
O DZVP-MOLOPT-PBE-GTH-Q6
 1
 2 0 2 5 2 2 1
        10.34256722623639    -1.36612866576817E-01     5.36780510727693E-02    -9.23817206645146E-02     5.83443637080248E-02    -9.48473896502772E-02
         3.67715896642206    -1.53385468202307E-01     9.10278370989298E-02    -2.98264530995839E-01     1.75046650342809E-01     1.72754284852763E-01
         1.30046451996361     5.48080652961239E-01    -2.61157543615482E-01    -5.68590641449654E-01     3.64872626600995E-01     4.96868401181124E-01
         0.46645021946921     7.84467551986126E-01    -4.09115659592466E-02    -6.49258120291653E-01     1.42983044083434E-01     8.41501659783491E-01
         0.14793951916337     2.05007513424509E-01     9.58621708960114E-01    -3.97079920076698E-01    -9.01320376386329E-01    -7.84645029990108E-02


