CR TZV2P-MOLOPT-PBE-GTH-Q14
 1
 2 0 3 6 4 3 3 2
         7.37510391225826     1.27176694625627E-01     5.13119782042861E-02     5.98208076428287E-02     5.94598463858054E-02    -1.55672601967280E-01    -1.14035896996912E-02     5.80188302261930E-02     2.65318262197898E-01    -1.91278320815625E-02     2.37718196346639E-01    -2.77289706936067E-03    -4.13735511728115E-02
         3.45205261103288     3.24083052551079E-01     1.18741526671947E-01     1.09287647576847E-01     7.50317460999799E-01     2.04080324263844E-01    -1.42179528270244E-02    -7.38599716956656E-02     3.65428936713284E-01    -6.11806779700370E-02    -1.08038537037196E-01    -1.94826203853404E-02    -2.63584980406200E-02
         1.55292227491782    -6.57768034335244E-01    -4.84949935054435E-01    -1.81800894902330E-01     1.65697019395815E-02     7.85462991047983E-01    -2.66060468518964E-01     2.03559868099079E-01     6.54447654196910E-01    -3.15865249568903E-02     4.71098652178840E-01    -1.04775947354359E-01    -3.27433465314925E-01
         0.57874907706734    -2.58120911169423E-01    -3.98997215306003E-01     2.70392411081176E-01     5.76158490800886E-01     5.12662060656786E-01    -2.80152473035182E-02    -2.73409474935497E-01     6.05515199770445E-01     1.31574699252613E-01    -5.53853344207390E-01    -6.71225930659680E-01    -1.22822315429686E-02
         0.20150210515076    -3.04620979785585E-01     4.78694779048724E-01    -7.29496223146252E-01     3.18023691864547E-01     2.21111466641056E-01     9.03842315561069E-01    -2.78402766339593E-01    -3.27071454407864E-02     9.84477782911816E-01     2.80429734476718E-02    -7.32696298157965E-01     1.34701983578222E-02
         0.06993264444500    -5.35459737320708E-01     5.99786313545604E-01     5.88344559011004E-01    -1.07705271511620E-02     7.38409291791185E-02     3.33412431637705E-01     8.93017949836252E-01     6.91124859346694E-03     9.15692939459129E-02     6.34305808192190E-01    -3.53075640114272E-02     9.43423809950109E-01
CR TZVP-MOLOPT-PBE-GTH-q14
 1
 2 0 3 6 4 3 3 1
         7.37510391225826     1.27176694625627E-01     5.13119782042861E-02     5.98208076428287E-02     5.94598463858054E-02    -1.55672601967280E-01    -1.14035896996912E-02     5.80188302261930E-02     2.65318262197898E-01    -1.91278320815625E-02     2.37718196346639E-01    -2.77289706936067E-03
         3.45205261103288     3.24083052551079E-01     1.18741526671947E-01     1.09287647576847E-01     7.50317460999799E-01     2.04080324263844E-01    -1.42179528270244E-02    -7.38599716956656E-02     3.65428936713284E-01    -6.11806779700370E-02    -1.08038537037196E-01    -1.94826203853404E-02
         1.55292227491782    -6.57768034335244E-01    -4.84949935054435E-01    -1.81800894902330E-01     1.65697019395815E-02     7.85462991047983E-01    -2.66060468518964E-01     2.03559868099079E-01     6.54447654196910E-01    -3.15865249568903E-02     4.71098652178840E-01    -1.04775947354359E-01
         0.57874907706734    -2.58120911169423E-01    -3.98997215306003E-01     2.70392411081176E-01     5.76158490800886E-01     5.12662060656786E-01    -2.80152473035182E-02    -2.73409474935497E-01     6.05515199770445E-01     1.31574699252613E-01    -5.53853344207390E-01    -6.71225930659680E-01
         0.20150210515076    -3.04620979785585E-01     4.78694779048724E-01    -7.29496223146252E-01     3.18023691864547E-01     2.21111466641056E-01     9.03842315561069E-01    -2.78402766339593E-01    -3.27071454407864E-02     9.84477782911816E-01     2.80429734476718E-02    -7.32696298157965E-01
         0.06993264444500    -5.35459737320708E-01     5.99786313545604E-01     5.88344559011004E-01    -1.07705271511620E-02     7.38409291791185E-02     3.33412431637705E-01     8.93017949836252E-01     6.91124859346694E-03     9.15692939459129E-02     6.34305808192190E-01    -3.53075640114272E-02
CR DZVP-MOLOPT-PBE-GTH-q14
 1
 2 0 3 6 3 2 2 1
         7.37510391225826     1.27176694625627E-01     5.13119782042861E-02     5.98208076428287E-02    -1.55672601967280E-01    -1.14035896996912E-02     2.65318262197898E-01    -1.91278320815625E-02    -2.77289706936067E-03
         3.45205261103288     3.24083052551079E-01     1.18741526671947E-01     1.09287647576847E-01     2.04080324263844E-01    -1.42179528270244E-02     3.65428936713284E-01    -6.11806779700370E-02    -1.94826203853404E-02
         1.55292227491782    -6.57768034335244E-01    -4.84949935054435E-01    -1.81800894902330E-01     7.85462991047983E-01    -2.66060468518964E-01     6.54447654196910E-01    -3.15865249568903E-02    -1.04775947354359E-01
         0.57874907706734    -2.58120911169423E-01    -3.98997215306003E-01     2.70392411081176E-01     5.12662060656786E-01    -2.80152473035182E-02     6.05515199770445E-01     1.31574699252613E-01    -6.71225930659680E-01
         0.20150210515076    -3.04620979785585E-01     4.78694779048724E-01    -7.29496223146252E-01     2.21111466641056E-01     9.03842315561069E-01    -3.27071454407864E-02     9.84477782911816E-01    -7.32696298157965E-01
         0.06993264444500    -5.35459737320708E-01     5.99786313545604E-01     5.88344559011004E-01     7.38409291791185E-02     3.33412431637705E-01     6.91124859346694E-03     9.15692939459129E-02    -3.53075640114272E-02
CL TZV2P-MOLOPT-PBE-GTH-Q7
 1
 2 0 3 4 3 3 2 1
         1.99824811943664     4.33846894941631E-01     3.07041170622732E-01     1.75957585523759E-02     3.45339975324402E-01     1.79965250304009E-01    -3.72667358036020E-01     9.05635141754461E-02    -2.17425270215822E-01    -1.43769165568981E-01
         1.50363082119869    -3.38194302379175E-01    -3.89997660747775E-02    -9.17322433894228E-01    -4.97369383451272E-01    -2.01781984518266E-01    -8.34831128966391E-01     2.85556761650639E-01     9.18680132432251E-01     4.08136672326571E-01
         0.40650884550636    -5.13548002397481E-01    -6.29188376955880E-01     3.25113335470044E-01    -6.70835040884209E-01    -3.34082727506389E-01     4.03493031418158E-01     9.41536415237722E-01    -2.84903780503556E-01     9.00979681734397E-01
         0.12853799110242    -6.58536206158268E-01     7.12970352884578E-01     2.29153356193791E-01    -4.28187278851352E-01     9.02931487206409E-01     3.70054044720497E-02     1.54158245180379E-01     1.66081010355251E-01     3.14721596903698E-02
CL TZVP-MOLOPT-PBE-GTH-q7
 1
 2 0 2 4 3 3 1
         1.99824811943664     4.33846894941631E-01     3.07041170622732E-01     1.75957585523759E-02     3.45339975324402E-01     1.79965250304009E-01    -3.72667358036020E-01     9.05635141754461E-02
         1.50363082119869    -3.38194302379175E-01    -3.89997660747775E-02    -9.17322433894228E-01    -4.97369383451272E-01    -2.01781984518266E-01    -8.34831128966391E-01     2.85556761650639E-01
         0.40650884550636    -5.13548002397481E-01    -6.29188376955880E-01     3.25113335470044E-01    -6.70835040884209E-01    -3.34082727506389E-01     4.03493031418158E-01     9.41536415237722E-01
         0.12853799110242    -6.58536206158268E-01     7.12970352884578E-01     2.29153356193791E-01    -4.28187278851352E-01     9.02931487206409E-01     3.70054044720497E-02     1.54158245180379E-01
CL DZVP-MOLOPT-PBE-GTH-q7
 1
 2 0 2 4 2 2 1
         1.99824811943664     4.33846894941631E-01     3.07041170622732E-01     3.45339975324402E-01     1.79965250304009E-01     9.05635141754461E-02
         1.50363082119869    -3.38194302379175E-01    -3.89997660747775E-02    -4.97369383451272E-01    -2.01781984518266E-01     2.85556761650639E-01
         0.40650884550636    -5.13548002397481E-01    -6.29188376955880E-01    -6.70835040884209E-01    -3.34082727506389E-01     9.41536415237722E-01
         0.12853799110242    -6.58536206158268E-01     7.12970352884578E-01    -4.28187278851352E-01     9.02931487206409E-01     1.54158245180379E-01
O TZV2P-MOLOPT-PBE-GTH-Q6
 1
 2 0 3 5 3 3 2 1
        10.34256722623639    -1.36598767253985E-01     5.35898017733314E-02    -1.18707008771107E-01    -9.23673397522993E-02     5.82948619873808E-02     9.18414097966573E-02    -9.48396929864874E-02     1.47739306049945E-01    -6.27421636348332E-05
         3.67715896642206    -1.53365311059511E-01     9.09944842814309E-02    -2.82507973527509E-01    -2.98268574244154E-01     1.75273022378177E-01     2.27281538167357E-01     1.72695668110757E-01    -2.69128753144972E-01     1.08668748395417E-04
         1.30046451996361     5.48021970885945E-01    -2.61169567089594E-01     6.98682645593308E-01    -5.68604037326135E-01     3.64979965319240E-01     5.95584075165259E-01     4.96837623369842E-01    -7.73936715688092E-01     3.17226823696088E-04
         0.46645021946921     7.84538402757388E-01    -4.08365744734644E-02    -6.15550727563364E-01    -6.49207117094457E-01     1.42847181972710E-01    -7.45101990481658E-01     8.41535542399250E-01     5.40201745515093E-01     9.99999938769363E-01
         0.14793951916337     2.04917720496501E-01     9.58629734771334E-01     1.97579739611495E-01    -3.97144432185278E-01    -9.01257668045223E-01     1.73236517641798E-01    -7.84343402663362E-02     1.22257293978271E-01     7.79931889816245E-05
O TZVP-MOLOPT-PBE-GTH-q6
 1
 2 0 2 5 3 3 1
        10.34256722623639    -1.36598767253985E-01     5.35898017733314E-02    -1.18707008771107E-01    -9.23673397522993E-02     5.82948619873808E-02     9.18414097966573E-02    -9.48396929864874E-02
         3.67715896642206    -1.53365311059511E-01     9.09944842814309E-02    -2.82507973527509E-01    -2.98268574244154E-01     1.75273022378177E-01     2.27281538167357E-01     1.72695668110757E-01
         1.30046451996361     5.48021970885945E-01    -2.61169567089594E-01     6.98682645593308E-01    -5.68604037326135E-01     3.64979965319240E-01     5.95584075165259E-01     4.96837623369842E-01
         0.46645021946921     7.84538402757388E-01    -4.08365744734644E-02    -6.15550727563364E-01    -6.49207117094457E-01     1.42847181972710E-01    -7.45101990481658E-01     8.41535542399250E-01
         0.14793951916337     2.04917720496501E-01     9.58629734771334E-01     1.97579739611495E-01    -3.97144432185278E-01    -9.01257668045223E-01     1.73236517641798E-01    -7.84343402663362E-02
O DZVP-MOLOPT-PBE-GTH-q6
 1
 2 0 2 5 2 2 1
        10.34256722623639    -1.36598767253985E-01     5.35898017733314E-02    -9.23673397522993E-02     5.82948619873808E-02    -9.48396929864874E-02
         3.67715896642206    -1.53365311059511E-01     9.09944842814309E-02    -2.98268574244154E-01     1.75273022378177E-01     1.72695668110757E-01
         1.30046451996361     5.48021970885945E-01    -2.61169567089594E-01    -5.68604037326135E-01     3.64979965319240E-01     4.96837623369842E-01
         0.46645021946921     7.84538402757388E-01    -4.08365744734644E-02    -6.49207117094457E-01     1.42847181972710E-01     8.41535542399250E-01
         0.14793951916337     2.04917720496501E-01     9.58629734771334E-01    -3.97144432185278E-01    -9.01257668045223E-01    -7.84343402663362E-02
C TZV2P-MOLOPT-PBE-GTH-Q4
 1
 2 0 3 5 3 3 2 1
         5.26168129831067    -1.61141917378974E-01     9.96686652890171E-02    -1.17238307580140E-01    -9.87481588337120E-02     8.04369823930186E-02     7.08590015603763E-02    -7.94823942452603E-02     1.04464800757986E-01    -1.15487166610279E-05
         1.93765185829818    -1.80855958455182E-01     2.07650729566158E-01    -3.33811408541760E-01    -2.33439340416087E-01     3.08796108490828E-01     4.56576584711807E-01     2.69082041591327E-01    -3.53701545984790E-01     9.95236583846123E-02
         0.75874037796781     4.91788265416699E-01    -4.16657014983378E-01     5.95870904155683E-01    -5.45250710497427E-01     4.47197164192854E-01     3.99065341940114E-01     5.09051672136440E-01    -6.69295761141920E-01    -1.83046665174320E-05
         0.29195902016920     8.01306792979118E-01     6.03691230508770E-02    -5.88930355080236E-01    -6.71258492279101E-01     5.58623031841720E-02    -7.14283704651730E-01     7.95918282332624E-01     6.05404067152161E-01     9.95035195799905E-01
         0.09607356854063     2.39533150688254E-01     8.77325385770500E-01     4.15841346199326E-01    -4.33438086372545E-01    -8.33707955260866E-01     3.42143926326319E-01     1.69286404775650E-01    -2.22511620738430E-01    -8.52958759292650E-06
C TZVP-MOLOPT-PBE-GTH-q4
 1
 2 0 2 5 3 3 1
         5.26168129831067    -1.61141917378974E-01     9.96686652890171E-02    -1.17238307580140E-01    -9.87481588337120E-02     8.04369823930186E-02     7.08590015603763E-02    -7.94823942452603E-02
         1.93765185829818    -1.80855958455182E-01     2.07650729566158E-01    -3.33811408541760E-01    -2.33439340416087E-01     3.08796108490828E-01     4.56576584711807E-01     2.69082041591327E-01
         0.75874037796781     4.91788265416699E-01    -4.16657014983378E-01     5.95870904155683E-01    -5.45250710497427E-01     4.47197164192854E-01     3.99065341940114E-01     5.09051672136440E-01
         0.29195902016920     8.01306792979118E-01     6.03691230508770E-02    -5.88930355080236E-01    -6.71258492279101E-01     5.58623031841720E-02    -7.14283704651730E-01     7.95918282332624E-01
         0.09607356854063     2.39533150688254E-01     8.77325385770500E-01     4.15841346199326E-01    -4.33438086372545E-01    -8.33707955260866E-01     3.42143926326319E-01     1.69286404775650E-01
C DZVP-MOLOPT-PBE-GTH-q4
 1
 2 0 2 5 2 2 1
         5.26168129831067    -1.61141917378974E-01     9.96686652890171E-02    -9.87481588337120E-02     8.04369823930186E-02    -7.94823942452603E-02
         1.93765185829818    -1.80855958455182E-01     2.07650729566158E-01    -2.33439340416087E-01     3.08796108490828E-01     2.69082041591327E-01
         0.75874037796781     4.91788265416699E-01    -4.16657014983378E-01    -5.45250710497427E-01     4.47197164192854E-01     5.09051672136440E-01
         0.29195902016920     8.01306792979118E-01     6.03691230508770E-02    -6.71258492279101E-01     5.58623031841720E-02     7.95918282332624E-01
         0.09607356854063     2.39533150688254E-01     8.77325385770500E-01    -4.33438086372545E-01    -8.33707955260866E-01     1.69286404775650E-01
F TZV2P-MOLOPT-PBE-GTH-Q7
 1
 2 0 3 5 3 3 2 1
        13.30428004732790     1.38292090777636E-01    -4.13851185732434E-02    -3.68601172475513E-01    -9.35531482386367E-02     5.06296345689289E-02     1.31156005847365E-01    -3.26022751966033E-02     1.00541308351024E-01     9.72064409635608E-05
         4.80605774544240     1.37268979809070E-01    -3.39565337061055E-02    -2.68712697428403E-01    -2.95910126104609E-01     1.05677150923709E-01    -3.03933997040743E-01     1.33191225710905E-01    -4.08920622745241E-01     5.04092340544058E-06
         1.70698523266130    -5.18264453672791E-01     1.04861752881122E-01     6.94838249064691E-01    -5.65276724858415E-01     3.02716360438154E-01     7.47866109869779E-01     2.66499643835383E-01    -8.18034852203344E-01     5.83002400834836E-05
         0.58735472443375    -8.26267224974586E-01     4.59440905301858E-02    -5.51244775686392E-01    -6.52493507471700E-01     2.40526134346493E-01    -5.71224059806739E-01     9.50822081343244E-01     3.09737546860849E-01     9.99999990598423E-01
         0.17874874061685    -1.03522721189923E-01    -9.91981541717081E-01     7.24959778581021E-02    -3.97994287350983E-01    -9.14756231842929E-01     6.94376178966045E-02     7.81824693351836E-02    -2.39910404638869E-01    -7.70047573235798E-05
F TZVP-MOLOPT-PBE-GTH-q7
 1
 2 0 2 5 3 3 1
        13.30428004732790     1.38292090777636E-01    -4.13851185732434E-02    -3.68601172475513E-01    -9.35531482386367E-02     5.06296345689289E-02     1.31156005847365E-01    -3.26022751966033E-02
         4.80605774544240     1.37268979809070E-01    -3.39565337061055E-02    -2.68712697428403E-01    -2.95910126104609E-01     1.05677150923709E-01    -3.03933997040743E-01     1.33191225710905E-01
         1.70698523266130    -5.18264453672791E-01     1.04861752881122E-01     6.94838249064691E-01    -5.65276724858415E-01     3.02716360438154E-01     7.47866109869779E-01     2.66499643835383E-01
         0.58735472443375    -8.26267224974586E-01     4.59440905301858E-02    -5.51244775686392E-01    -6.52493507471700E-01     2.40526134346493E-01    -5.71224059806739E-01     9.50822081343244E-01
         0.17874874061685    -1.03522721189923E-01    -9.91981541717081E-01     7.24959778581021E-02    -3.97994287350983E-01    -9.14756231842929E-01     6.94376178966045E-02     7.81824693351836E-02
F DZVP-MOLOPT-PBE-GTH-q7
 1
 2 0 2 5 2 2 1
        13.30428004732790     1.38292090777636E-01    -4.13851185732434E-02    -9.35531482386367E-02     5.06296345689289E-02    -3.26022751966033E-02
         4.80605774544240     1.37268979809070E-01    -3.39565337061055E-02    -2.95910126104609E-01     1.05677150923709E-01     1.33191225710905E-01
         1.70698523266130    -5.18264453672791E-01     1.04861752881122E-01    -5.65276724858415E-01     3.02716360438154E-01     2.66499643835383E-01
         0.58735472443375    -8.26267224974586E-01     4.59440905301858E-02    -6.52493507471700E-01     2.40526134346493E-01     9.50822081343244E-01
         0.17874874061685    -1.03522721189923E-01    -9.91981541717081E-01    -3.97994287350983E-01    -9.14756231842929E-01     7.81824693351836E-02
