CR TZV2P-MOLOPT-PBE-GTH-Q14
 1
 2 0 3 6 4 3 3 2
         7.37510391225826     1.28448280356114E-01     4.97582120210488E-02     5.94318278840465E-02     4.62984658297080E-02    -1.55447227659078E-01    -1.34106598085267E-02     5.81909286489209E-02     2.66285658030608E-01    -2.04456262200530E-02     2.34614218629311E-01    -1.73228515047753E-03    -2.95009374232148E-02
         3.45205261103288     3.24509672627217E-01     1.17804397243390E-01     1.08175276631403E-01     7.51687291777456E-01     2.04103724020775E-01    -1.13201243637513E-02    -7.62915508681720E-02     3.64465439360663E-01    -5.79500930407896E-02    -1.00864823238870E-01    -2.32466847492927E-02    -2.94262676658623E-02
         1.55292227491782    -6.60426707707593E-01    -4.82195307843214E-01    -1.80543350371783E-01     1.53293570477453E-02     7.88783015826595E-01    -2.56654949043380E-01     2.03290853400509E-01     6.54969442055857E-01    -3.10200220298267E-02     4.63398360506288E-01    -1.03540745407625E-01    -2.13659438395734E-01
         0.57874907706734    -2.59782558392200E-01    -3.96865337069864E-01     2.73896060880943E-01     5.75583920851964E-01     5.12711683446077E-01    -2.21250605502794E-02    -2.72214150326636E-01     6.04984629415093E-01     1.32035390889704E-01    -5.52382000987928E-01    -6.70427406433747E-01    -1.88045878457861E-02
         0.20150210515076    -3.08683070589402E-01     4.84202649629315E-01    -7.23636875427564E-01     3.17910252346715E-01     2.10598120333021E-01     9.07670889011326E-01    -2.75195794914216E-01    -3.43212688796956E-02     9.85046714822015E-01     3.09620767805573E-02    -7.33503882826091E-01     1.59592171357161E-03
         0.06993264444500    -5.28449486401628E-01     5.99315966535976E-01     5.94559237041984E-01    -1.49632805266564E-02     6.90966320998894E-02     3.30853872663545E-01     8.94221994158206E-01     9.35791033597500E-03     8.66668707711469E-02     6.43397148047799E-01    -3.51432989106732E-02     9.75836704759901E-01
CR TZVP-MOLOPT-PBE-GTH-q14
 1
 2 0 3 6 4 3 3 1
         7.37510391225826     1.28448280356114E-01     4.97582120210488E-02     5.94318278840465E-02     4.62984658297080E-02    -1.55447227659078E-01    -1.34106598085267E-02     5.81909286489209E-02     2.66285658030608E-01    -2.04456262200530E-02     2.34614218629311E-01    -1.73228515047753E-03
         3.45205261103288     3.24509672627217E-01     1.17804397243390E-01     1.08175276631403E-01     7.51687291777456E-01     2.04103724020775E-01    -1.13201243637513E-02    -7.62915508681720E-02     3.64465439360663E-01    -5.79500930407896E-02    -1.00864823238870E-01    -2.32466847492927E-02
         1.55292227491782    -6.60426707707593E-01    -4.82195307843214E-01    -1.80543350371783E-01     1.53293570477453E-02     7.88783015826595E-01    -2.56654949043380E-01     2.03290853400509E-01     6.54969442055857E-01    -3.10200220298267E-02     4.63398360506288E-01    -1.03540745407625E-01
         0.57874907706734    -2.59782558392200E-01    -3.96865337069864E-01     2.73896060880943E-01     5.75583920851964E-01     5.12711683446077E-01    -2.21250605502794E-02    -2.72214150326636E-01     6.04984629415093E-01     1.32035390889704E-01    -5.52382000987928E-01    -6.70427406433747E-01
         0.20150210515076    -3.08683070589402E-01     4.84202649629315E-01    -7.23636875427564E-01     3.17910252346715E-01     2.10598120333021E-01     9.07670889011326E-01    -2.75195794914216E-01    -3.43212688796956E-02     9.85046714822015E-01     3.09620767805573E-02    -7.33503882826091E-01
         0.06993264444500    -5.28449486401628E-01     5.99315966535976E-01     5.94559237041984E-01    -1.49632805266564E-02     6.90966320998894E-02     3.30853872663545E-01     8.94221994158206E-01     9.35791033597500E-03     8.66668707711469E-02     6.43397148047799E-01    -3.51432989106732E-02
CR DZVP-MOLOPT-PBE-GTH-q14
 1
 2 0 3 6 3 2 2 1
         7.37510391225826     1.28448280356114E-01     4.97582120210488E-02     5.94318278840465E-02    -1.55447227659078E-01    -1.34106598085267E-02     2.66285658030608E-01    -2.04456262200530E-02    -1.73228515047753E-03
         3.45205261103288     3.24509672627217E-01     1.17804397243390E-01     1.08175276631403E-01     2.04103724020775E-01    -1.13201243637513E-02     3.64465439360663E-01    -5.79500930407896E-02    -2.32466847492927E-02
         1.55292227491782    -6.60426707707593E-01    -4.82195307843214E-01    -1.80543350371783E-01     7.88783015826595E-01    -2.56654949043380E-01     6.54969442055857E-01    -3.10200220298267E-02    -1.03540745407625E-01
         0.57874907706734    -2.59782558392200E-01    -3.96865337069864E-01     2.73896060880943E-01     5.12711683446077E-01    -2.21250605502794E-02     6.04984629415093E-01     1.32035390889704E-01    -6.70427406433747E-01
         0.20150210515076    -3.08683070589402E-01     4.84202649629315E-01    -7.23636875427564E-01     2.10598120333021E-01     9.07670889011326E-01    -3.43212688796956E-02     9.85046714822015E-01    -7.33503882826091E-01
         0.06993264444500    -5.28449486401628E-01     5.99315966535976E-01     5.94559237041984E-01     6.90966320998894E-02     3.30853872663545E-01     9.35791033597500E-03     8.66668707711469E-02    -3.51432989106732E-02
CL TZV2P-MOLOPT-PBE-GTH-Q7
 1
 2 0 3 4 3 3 2 1
         1.99824811943664     4.33846894941631E-01     3.07041170622732E-01     1.75957585523759E-02     3.45339975324402E-01     1.79965250304009E-01    -3.72667358036020E-01     9.05635141754461E-02    -2.17425270215822E-01    -1.43769165568981E-01
         1.50363082119869    -3.38194302379175E-01    -3.89997660747777E-02    -9.17322433894228E-01    -4.97369383451272E-01    -2.01781984518266E-01    -8.34831128966391E-01     2.85556761650639E-01     9.18680132432251E-01     4.08136672326571E-01
         0.40650884550636    -5.13548002397481E-01    -6.29188376955880E-01     3.25113335470044E-01    -6.70835040884209E-01    -3.34082727506389E-01     4.03493031418158E-01     9.41536415237722E-01    -2.84903780503556E-01     9.00979681734397E-01
         0.12853799110242    -6.58536206158268E-01     7.12970352884578E-01     2.29153356193791E-01    -4.28187278851352E-01     9.02931487206409E-01     3.70054044720497E-02     1.54158245180379E-01     1.66081010355251E-01     3.14721596903698E-02
CL TZVP-MOLOPT-PBE-GTH-q7
 1
 2 0 2 4 3 3 1
         1.99824811943664     4.33846894941631E-01     3.07041170622732E-01     1.75957585523759E-02     3.45339975324402E-01     1.79965250304009E-01    -3.72667358036020E-01     9.05635141754461E-02
         1.50363082119869    -3.38194302379175E-01    -3.89997660747777E-02    -9.17322433894228E-01    -4.97369383451272E-01    -2.01781984518266E-01    -8.34831128966391E-01     2.85556761650639E-01
         0.40650884550636    -5.13548002397481E-01    -6.29188376955880E-01     3.25113335470044E-01    -6.70835040884209E-01    -3.34082727506389E-01     4.03493031418158E-01     9.41536415237722E-01
         0.12853799110242    -6.58536206158268E-01     7.12970352884578E-01     2.29153356193791E-01    -4.28187278851352E-01     9.02931487206409E-01     3.70054044720497E-02     1.54158245180379E-01
CL DZVP-MOLOPT-PBE-GTH-q7
 1
 2 0 2 4 2 2 1
         1.99824811943664     4.33846894941631E-01     3.07041170622732E-01     3.45339975324402E-01     1.79965250304009E-01     9.05635141754461E-02
         1.50363082119869    -3.38194302379175E-01    -3.89997660747777E-02    -4.97369383451272E-01    -2.01781984518266E-01     2.85556761650639E-01
         0.40650884550636    -5.13548002397481E-01    -6.29188376955880E-01    -6.70835040884209E-01    -3.34082727506389E-01     9.41536415237722E-01
         0.12853799110242    -6.58536206158268E-01     7.12970352884578E-01    -4.28187278851352E-01     9.02931487206409E-01     1.54158245180379E-01
O TZV2P-MOLOPT-PBE-GTH-Q6
 1
 2 0 3 5 3 3 2 1
        10.34256722623639    -1.36598767253985E-01     5.35898017733314E-02    -1.18707008771107E-01    -9.23673397522993E-02     5.82948619873808E-02     9.18414097966573E-02    -9.48396929864874E-02     1.47739306049945E-01    -6.27421636348332E-05
         3.67715896642206    -1.53365311059511E-01     9.09944842814309E-02    -2.82507973527509E-01    -2.98268574244154E-01     1.75273022378177E-01     2.27281538167357E-01     1.72695668110757E-01    -2.69128753144972E-01     1.08668748395417E-04
         1.30046451996361     5.48021970885945E-01    -2.61169567089594E-01     6.98682645593308E-01    -5.68604037326135E-01     3.64979965319240E-01     5.95584075165259E-01     4.96837623369842E-01    -7.73936715688092E-01     3.17226823696088E-04
         0.46645021946921     7.84538402757388E-01    -4.08365744734644E-02    -6.15550727563364E-01    -6.49207117094457E-01     1.42847181972710E-01    -7.45101990481658E-01     8.41535542399250E-01     5.40201745515093E-01     9.99999938769363E-01
         0.14793951916337     2.04917720496501E-01     9.58629734771334E-01     1.97579739611495E-01    -3.97144432185278E-01    -9.01257668045223E-01     1.73236517641798E-01    -7.84343402663362E-02     1.22257293978271E-01     7.79931889816245E-05
O TZVP-MOLOPT-PBE-GTH-q6
 1
 2 0 2 5 3 3 1
        10.34256722623639    -1.36598767253985E-01     5.35898017733314E-02    -1.18707008771107E-01    -9.23673397522993E-02     5.82948619873808E-02     9.18414097966573E-02    -9.48396929864874E-02
         3.67715896642206    -1.53365311059511E-01     9.09944842814309E-02    -2.82507973527509E-01    -2.98268574244154E-01     1.75273022378177E-01     2.27281538167357E-01     1.72695668110757E-01
         1.30046451996361     5.48021970885945E-01    -2.61169567089594E-01     6.98682645593308E-01    -5.68604037326135E-01     3.64979965319240E-01     5.95584075165259E-01     4.96837623369842E-01
         0.46645021946921     7.84538402757388E-01    -4.08365744734644E-02    -6.15550727563364E-01    -6.49207117094457E-01     1.42847181972710E-01    -7.45101990481658E-01     8.41535542399250E-01
         0.14793951916337     2.04917720496501E-01     9.58629734771334E-01     1.97579739611495E-01    -3.97144432185278E-01    -9.01257668045223E-01     1.73236517641798E-01    -7.84343402663362E-02
O DZVP-MOLOPT-PBE-GTH-q6
 1
 2 0 2 5 2 2 1
        10.34256722623639    -1.36598767253985E-01     5.35898017733314E-02    -9.23673397522993E-02     5.82948619873808E-02    -9.48396929864874E-02
         3.67715896642206    -1.53365311059511E-01     9.09944842814309E-02    -2.98268574244154E-01     1.75273022378177E-01     1.72695668110757E-01
         1.30046451996361     5.48021970885945E-01    -2.61169567089594E-01    -5.68604037326135E-01     3.64979965319240E-01     4.96837623369842E-01
         0.46645021946921     7.84538402757388E-01    -4.08365744734644E-02    -6.49207117094457E-01     1.42847181972710E-01     8.41535542399250E-01
         0.14793951916337     2.04917720496501E-01     9.58629734771334E-01    -3.97144432185278E-01    -9.01257668045223E-01    -7.84343402663362E-02
C TZV2P-MOLOPT-PBE-GTH-Q4
 1
 2 0 3 5 3 3 2 1
         5.26168129831067    -1.61141917378974E-01     9.96686652890171E-02    -1.17238307580140E-01    -9.87481588337120E-02     8.04369823930186E-02     7.08590015603763E-02    -7.94823942452603E-02     1.04464800757986E-01    -1.15487166610279E-05
         1.93765185829818    -1.80855958455182E-01     2.07650729566158E-01    -3.33811408541760E-01    -2.33439340416087E-01     3.08796108490828E-01     4.56576584711807E-01     2.69082041591327E-01    -3.53701545984790E-01     9.95236583846123E-02
         0.75874037796781     4.91788265416699E-01    -4.16657014983378E-01     5.95870904155683E-01    -5.45250710497427E-01     4.47197164192854E-01     3.99065341940114E-01     5.09051672136440E-01    -6.69295761141920E-01    -1.83046665174320E-05
         0.29195902016920     8.01306792979118E-01     6.03691230508770E-02    -5.88930355080236E-01    -6.71258492279101E-01     5.58623031841720E-02    -7.14283704651730E-01     7.95918282332624E-01     6.05404067152161E-01     9.95035195799905E-01
         0.09607356854063     2.39533150688254E-01     8.77325385770500E-01     4.15841346199326E-01    -4.33438086372545E-01    -8.33707955260866E-01     3.42143926326319E-01     1.69286404775650E-01    -2.22511620738430E-01    -8.52958759292650E-06
C TZVP-MOLOPT-PBE-GTH-q4
 1
 2 0 2 5 3 3 1
         5.26168129831067    -1.61141917378974E-01     9.96686652890171E-02    -1.17238307580140E-01    -9.87481588337120E-02     8.04369823930186E-02     7.08590015603763E-02    -7.94823942452603E-02
         1.93765185829818    -1.80855958455182E-01     2.07650729566158E-01    -3.33811408541760E-01    -2.33439340416087E-01     3.08796108490828E-01     4.56576584711807E-01     2.69082041591327E-01
         0.75874037796781     4.91788265416699E-01    -4.16657014983378E-01     5.95870904155683E-01    -5.45250710497427E-01     4.47197164192854E-01     3.99065341940114E-01     5.09051672136440E-01
         0.29195902016920     8.01306792979118E-01     6.03691230508770E-02    -5.88930355080236E-01    -6.71258492279101E-01     5.58623031841720E-02    -7.14283704651730E-01     7.95918282332624E-01
         0.09607356854063     2.39533150688254E-01     8.77325385770500E-01     4.15841346199326E-01    -4.33438086372545E-01    -8.33707955260866E-01     3.42143926326319E-01     1.69286404775650E-01
C DZVP-MOLOPT-PBE-GTH-q4
 1
 2 0 2 5 2 2 1
         5.26168129831067    -1.61141917378974E-01     9.96686652890171E-02    -9.87481588337120E-02     8.04369823930186E-02    -7.94823942452603E-02
         1.93765185829818    -1.80855958455182E-01     2.07650729566158E-01    -2.33439340416087E-01     3.08796108490828E-01     2.69082041591327E-01
         0.75874037796781     4.91788265416699E-01    -4.16657014983378E-01    -5.45250710497427E-01     4.47197164192854E-01     5.09051672136440E-01
         0.29195902016920     8.01306792979118E-01     6.03691230508770E-02    -6.71258492279101E-01     5.58623031841720E-02     7.95918282332624E-01
         0.09607356854063     2.39533150688254E-01     8.77325385770500E-01    -4.33438086372545E-01    -8.33707955260866E-01     1.69286404775650E-01
F TZV2P-MOLOPT-PBE-GTH-Q7
 1
 2 0 3 5 3 3 2 1
        13.30428004732790     1.38292090777636E-01    -4.13851185732434E-02    -3.68601172475513E-01    -9.35531482386367E-02     5.06296345689289E-02     1.31156005847365E-01    -3.26022751966033E-02     1.00541308351024E-01     9.72064409635608E-05
         4.80605774544240     1.37268979809070E-01    -3.39565337061055E-02    -2.68712697428403E-01    -2.95910126104609E-01     1.05677150923709E-01    -3.03933997040743E-01     1.33191225710905E-01    -4.08920622745241E-01     5.04092340544058E-06
         1.70698523266130    -5.18264453672791E-01     1.04861752881122E-01     6.94838249064691E-01    -5.65276724858415E-01     3.02716360438154E-01     7.47866109869779E-01     2.66499643835383E-01    -8.18034852203344E-01     5.83002400834836E-05
         0.58735472443375    -8.26267224974586E-01     4.59440905301858E-02    -5.51244775686392E-01    -6.52493507471700E-01     2.40526134346493E-01    -5.71224059806739E-01     9.50822081343244E-01     3.09737546860849E-01     9.99999990598423E-01
         0.17874874061685    -1.03522721189923E-01    -9.91981541717081E-01     7.24959778581021E-02    -3.97994287350983E-01    -9.14756231842929E-01     6.94376178966044E-02     7.81824693351836E-02    -2.39910404638869E-01    -7.70047573235798E-05
F TZVP-MOLOPT-PBE-GTH-q7
 1
 2 0 2 5 3 3 1
        13.30428004732790     1.38292090777636E-01    -4.13851185732434E-02    -3.68601172475513E-01    -9.35531482386367E-02     5.06296345689289E-02     1.31156005847365E-01    -3.26022751966033E-02
         4.80605774544240     1.37268979809070E-01    -3.39565337061055E-02    -2.68712697428403E-01    -2.95910126104609E-01     1.05677150923709E-01    -3.03933997040743E-01     1.33191225710905E-01
         1.70698523266130    -5.18264453672791E-01     1.04861752881122E-01     6.94838249064691E-01    -5.65276724858415E-01     3.02716360438154E-01     7.47866109869779E-01     2.66499643835383E-01
         0.58735472443375    -8.26267224974586E-01     4.59440905301858E-02    -5.51244775686392E-01    -6.52493507471700E-01     2.40526134346493E-01    -5.71224059806739E-01     9.50822081343244E-01
         0.17874874061685    -1.03522721189923E-01    -9.91981541717081E-01     7.24959778581021E-02    -3.97994287350983E-01    -9.14756231842929E-01     6.94376178966044E-02     7.81824693351836E-02
F DZVP-MOLOPT-PBE-GTH-q7
 1
 2 0 2 5 2 2 1
        13.30428004732790     1.38292090777636E-01    -4.13851185732434E-02    -9.35531482386367E-02     5.06296345689289E-02    -3.26022751966033E-02
         4.80605774544240     1.37268979809070E-01    -3.39565337061055E-02    -2.95910126104609E-01     1.05677150923709E-01     1.33191225710905E-01
         1.70698523266130    -5.18264453672791E-01     1.04861752881122E-01    -5.65276724858415E-01     3.02716360438154E-01     2.66499643835383E-01
         0.58735472443375    -8.26267224974586E-01     4.59440905301858E-02    -6.52493507471700E-01     2.40526134346493E-01     9.50822081343244E-01
         0.17874874061685    -1.03522721189923E-01    -9.91981541717081E-01    -3.97994287350983E-01    -9.14756231842929E-01     7.81824693351836E-02
