Sb admm-dz
    4
1 0 0 2 1
        1.78055833    1.16729432
        1.59990476   -1.46462014
1 0 0 1 1
        0.16319770    1.00000000
2 1 1 2 1
        1.10838221   -0.11267757
        0.29359136    0.43940365
2 1 1 1 1
        0.09820740    1.00000000

Sb admm-dzp
    5
1 0 0 2 1
        1.78055833    1.16729432
        1.59990476   -1.46462014
1 0 0 1 1
        0.16319770    1.00000000
2 1 1 2 1
        1.10838221   -0.11267757
        0.29359136    0.43940365
2 1 1 1 1
        0.09820740    1.00000000
2 2 2 1 1
  0.870989455000E-01  1.00000000

Sb admm-tzp
    7
1 0 0 1 1
        1.78073993    1.00000000
1 0 0 1 1
        1.60007657    1.00000000
1 0 0 1 1
        0.16317229    1.00000000
2 1 1 2 1
        3.16943538    0.00500591
        1.19692224   -0.11020413
2 1 1 1 1
        0.28782570    1.00000000
2 1 1 1 1
        0.09790516    1.00000000
2 2 2 1 1
  0.870989455000E-01  1.00000000

Sb admm-tz2p
    9
1 0 0 1 1
        1.78073993    1.00000000
1 0 0 1 1
        1.60007657    1.00000000
1 0 0 1 1
        0.16317229    1.00000000
2 1 1 2 1
        3.16943538    0.00500591
        1.19692224   -0.11020413
2 1 1 1 1
        0.28782570    1.00000000
2 1 1 1 1
        0.09790516    1.00000000
2 2 2 1 1
  0.868271746561E-01  1.00000000
2 2 2 1 1
  0.369435572833E-01  1.00000000
3 3 3 1 1
      0.3244000       1.00000000
