#
# Generated with CP2K Atom Code
#
 Ba ccGRB-VAL-0
   1
  1  0  1  6  2  1
   3.39985518475       -0.1247738600    0.0556015813   -0.0359692044
   1.49665780309        0.7981449035   -0.3810070293    0.3069991911
  0.658847056069       -0.5678802343    0.4273326764   -0.4966206969
  0.290032526070       -0.8465677510    0.2250727737   -0.5792198986
  0.127675862560       -0.0603393866    0.8072882775   -0.1736340990
  0.562044750677E-01   -0.0119848856   -1.6859352015   -0.0076156354

 Ba ccGRB-VAL-1
   1
  1  0  1  6  3  2
   3.39985518475       -0.1247738600    0.0556015813   -0.0135821758   -0.0359692044   -0.0073940184
   1.49665780309        0.7981449035   -0.3810070293    0.2148304330    0.3069991911   -0.0382987390
  0.658847056069       -0.5678802343    0.4273326764    0.6118741542   -0.4966206969   -0.0537595096
  0.290032526070       -0.8465677510    0.2250727737   -4.0813819325   -0.5792198986    1.0758931462
  0.127675862560       -0.0603393866    0.8072882775    5.7938289219   -0.1736340990   -0.8222912530
  0.562044750677E-01   -0.0119848856   -1.6859352015   -2.7413852469   -0.0076156354   -0.6620847253

 Ba ccGRB-POL-1
   1
  2  2  2  3  1
  0.544504576112        0.0960024074
  0.193849264034        0.4373987687
  0.690123440928E-01    0.6149361163

 Ba ccGRB-POL-2
   1
  3  2  3  3  2  1
  0.544504576112        0.0960024074   -0.1106929283    0.0759797722
  0.193849264034        0.4373987687   -1.0889725861    0.5086437765
  0.690123440928E-01    0.6149361163    1.1233135984    0.5870873222

 Ba ccGRB-POL-3
   1
  4  2  4  3  3  2  1
  0.544504576112        0.0960024074   -0.1106929283    1.3817849917    0.0759797722    0.1197984765   -0.0625238133
  0.193849264034        0.4373987687   -1.0889725861   -1.3255872138    0.5086437765    0.9757106022   -0.5605856220
  0.690123440928E-01    0.6149361163    1.1233135984    0.5392766288    0.5870873222   -1.0336372158   -0.5700453223

