################################################################################################
# Xenon  
################################################################################################
 Xe ccGRB-D-q8 
   2
  1  0  1  4  2  2
   1.21562094843       -0.4927137242    0.8883763019    0.1769817819   -0.3687348324
  0.429758215775        0.6950434297   -2.6526765339   -0.5528433692    1.7333587346
  0.151932330769        0.6567514998    1.8032104004   -0.6245785696   -1.4123384390
  0.537126046356E-01   -0.0149129132    0.0974621084    0.0132320233   -0.0056285343
  2  2  2  1  1
  0.134845957366        1.0000000000

 Xe ccGRB-T-q8 
   3
  1  0  1  5  3  3
   3.59250114307       -0.0548686737   -0.0938745034   -0.7853265417    0.0058204130    0.0339200011    0.5168592487
   1.25535690413        0.5811884472   -0.5512116812    2.0738631482    0.1657937490   -0.4222148153   -1.8615799511
  0.438669576982       -0.7435576473    2.5866600002   -1.0560771297   -0.5282059692    1.7539787236    1.1261038208
  0.153287879436       -0.6418808052   -2.1561269363   -0.8373692812   -0.6429373286   -1.3979437723   -0.0136045740
  0.535646309091E-01    0.0122680880    0.2789226089    1.2841647122    0.0129369917   -0.0092250642   -0.4357280054
  2  2  2  2  2
  0.127777701612        1.0000000000    0.0000000000
  0.909681963293E-01    0.0000000000    1.0000000000
  3 3 3 1 1
      0.4779000              1.0000000

 Xe ccGRB-Q-q8 
   4
  1  0  1  6  4  4
   2.52668684506        0.0963541054    0.0124972103    0.7063474586    1.6903302738   -0.0028524465    0.0507548201    0.2795725361    1.3730447722
   1.22792454000       -0.6957888529    0.2728123525   -4.2297568067   -3.9361597414   -0.2203215500    0.0019572695   -1.7537013176   -4.3759010180
  0.596749327637        0.4168474662    0.5959166201    9.3176852523    1.0842635726    0.3472427009    0.2339925826    4.8876337574    4.1486339898
  0.290009482207        0.6026622366   -3.6405622222   -8.3946965771    4.1163913759    0.3375347105   -2.2375804237   -5.0171652750   -1.5278683763
  0.140939412706        0.4392033714    3.0363161298    2.7393338112   -6.0040840331    0.5598721294    2.1855165052    2.0407247373   -0.6128201549
  0.684940295842E-01   -0.0179288998   -0.0739599756    0.2673243606    3.0336446420   -0.0333628329   -0.1103144205   -0.0115004602    0.8074987433
  2  2  2  3  3
  0.516540528441        1.0000000000    0.0000000000    0.0000000000
  0.130400487333        0.0000000000    1.0000000000    0.0000000000
  0.329195603449E-01    0.0000000000    0.0000000000    1.0000000000
  3 3 3 2 2
      0.6619000              1.0000000              0.00000000
      0.2979000              0.00000000             1.0000000
  4 4 4 1 1
      0.5278000              1.0000000

Xe aug-cc-D
    3
1 0 0 1 1
      0.0473000              1.0000000
1 1 1 1 1
      0.0379000              1.0000000
1 2 2 1 1
      0.1404000              1.0000000

Xe aug-cc-T
    4
1 0 0 1 1
      0.0476000              1.0000000
1 1 1 1 1
      0.0420000              1.0000000
1 2 2 1 1
      0.0917000              1.0000000
1 3 3 1 1
      0.2287000              1.0000000

Xe aug-cc-Q
     5
1 0 0 1 1
      0.0368000              1.0000000
1 1 1 1 1
      0.0288000              1.0000000
1 2 2 1 1
      0.0639000              1.0000000
1 3 3 1 1
      0.1591000              1.0000000
1 4 4 1 1
      0.2659000              1.0000000




