#
# Generated with CP2K Atom Code
#
 Xe ccGRB-VAL-0
   1
  1  0  1  6  1  1
   2.52668684506        0.0963541054   -0.0028524465
   1.22792454000       -0.6957888529   -0.2203215500
  0.596749327637        0.4168474662    0.3472427009
  0.290009482207        0.6026622366    0.3375347105
  0.140939412706        0.4392033714    0.5598721294
  0.684940295842E-01   -0.0179288998   -0.0333628329

 Xe ccGRB-VAL-1
   1
  1  0  1  6  2  2
   2.52668684506        0.0963541054    0.0124972103   -0.0028524465    0.0507548201
   1.22792454000       -0.6957888529    0.2728123525   -0.2203215500    0.0019572695
  0.596749327637        0.4168474662    0.5959166201    0.3472427009    0.2339925826
  0.290009482207        0.6026622366   -3.6405622222    0.3375347105   -2.2375804237
  0.140939412706        0.4392033714    3.0363161298    0.5598721294    2.1855165052
  0.684940295842E-01   -0.0179288998   -0.0739599756   -0.0333628329   -0.1103144205

 Xe ccGRB-VAL-2
   1
  1  0  1  6  3  3
   2.52668684506        0.0963541054    0.0124972103    0.7063474586   -0.0028524465    0.0507548201    0.2795725361
   1.22792454000       -0.6957888529    0.2728123525   -4.2297568067   -0.2203215500    0.0019572695   -1.7537013176
  0.596749327637        0.4168474662    0.5959166201    9.3176852523    0.3472427009    0.2339925826    4.8876337574
  0.290009482207        0.6026622366   -3.6405622222   -8.3946965771    0.3375347105   -2.2375804237   -5.0171652750
  0.140939412706        0.4392033714    3.0363161298    2.7393338112    0.5598721294    2.1855165052    2.0407247373
  0.684940295842E-01   -0.0179288998   -0.0739599756    0.2673243606   -0.0333628329   -0.1103144205   -0.0115004602

 Xe ccGRB-VAL-3
   1
  1  0  1  6  4  4
   2.52668684506        0.0963541054    0.0124972103    0.7063474586    1.6903302738   -0.0028524465    0.0507548201    0.2795725361    1.3730447722
   1.22792454000       -0.6957888529    0.2728123525   -4.2297568067   -3.9361597414   -0.2203215500    0.0019572695   -1.7537013176   -4.3759010180
  0.596749327637        0.4168474662    0.5959166201    9.3176852523    1.0842635726    0.3472427009    0.2339925826    4.8876337574    4.1486339898
  0.290009482207        0.6026622366   -3.6405622222   -8.3946965771    4.1163913759    0.3375347105   -2.2375804237   -5.0171652750   -1.5278683763
  0.140939412706        0.4392033714    3.0363161298    2.7393338112   -6.0040840331    0.5598721294    2.1855165052    2.0407247373   -0.6128201549
  0.684940295842E-01   -0.0179288998   -0.0739599756    0.2673243606    3.0336446420   -0.0333628329   -0.1103144205   -0.0115004602    0.8074987433

 Xe ccGRB-POL-1
   1
  2  2  2  3  1
  0.516540528441        0.1362981023
  0.130400487333        0.9296339492
  0.329195603449E-01   -0.0000432167

 Xe ccGRB-POL-2
   1
  3  2  3  3  2  1
  0.516540528441        0.1362981023    1.1197144377    0.1399834630
  0.130400487333        0.9296339492   -0.6388810495    0.9395681115
  0.329195603449E-01   -0.0000432167    0.0000160558   -0.0000379078

 Xe ccGRB-POL-3
   1
  4  2  4  3  3  2  1
  0.516540528441        0.1362981023    1.1197144377    0.2047349715    0.1399834630    1.0678092959    0.1585636772
  0.130400487333        0.9296339492   -0.6388810495   -0.6250639076    0.9395681115   -0.5263629957    0.9412618312
  0.329195603449E-01   -0.0000432167    0.0000160558    1.1464091770   -0.0000379078    0.0000181624   -0.0000311248

 Xe ccGRB-EXT
   1
  1  0  1  1  2  1
  0.232050819422E-01    1.0000000000    6.6572926093    6.6572926093

