Mn admm-dz
    7
1 0 0 2 1
        6.12752082    0.37024475 
        1.61369890   -0.74225345
1 0 0 1 1
        0.67306470    1.00000000
1 0 0 1 1
        0.07868003    1.00000000
2 1 1 2 1
        9.40021981   -0.05318689 
        2.09589367    0.63315088
2 1 1 1 1
        0.70224316    1.00000000
2 2 2 2 1
        6.03840413   -0.27920344 
        1.70881386   -0.52028795
2 2 2 1 1
        0.41927366    1.00000000

Mn admm-dzp
    8
1 0 0 2 1
        6.12752082    0.37024475  
        1.61369890   -0.74225345 
1 0 0 1 1
        0.67306470    1.00000000
1 0 0 1 1
        0.07868003    1.00000000
2 1 1 2 1
        9.40021981   -0.05318689 
        2.09589367    0.63315088  
2 1 1 1 1
        0.70224316    1.00000000
2 2 2 2 1
        6.03840413   -0.27920344 
        1.70881386   -0.52028795 
2 2 2 1 1
        0.41927366    1.00000000
3 3 3 2 1
      2.703200E+00    4.267760E-01
      6.438000E-01    7.697990E-01

Mn admm-tzp
   11
1 0 0 2 1
        6.09572021   -0.37519841 
        1.63497113    0.74046586
1 0 0 1 1
        0.68071207    1.00000000
1 0 0 1 1
        0.12852501    1.00000000
1 0 0 1 1
        0.04789464    1.00000000
2 1 1 2 1
        7.94720801    0.07794716 
        2.60744345   -0.43145629
2 1 1 1 1
        1.11908539    1.00000000
2 1 1 1 1
        0.44462888    1.00000000
2 2 2 2 1
        6.95719902    0.20439151 
        2.46973529    0.38677112
2 2 2 1 1
        0.82347187    1.00000000
2 2 2 1 1
        0.23262499    1.00000000
3 3 3 2 1
      2.703200E+00    4.267760E-01
      6.438000E-01    7.697990E-01

Mn admm-tz2p
   13
1 0 0 2 1
        6.09572021   -0.37519841  
        1.63497113    0.74046586 
1 0 0 1 1
        0.68071207    1.00000000
1 0 0 1 1
        0.12852501    1.00000000
1 0 0 1 1
        0.04789464    1.00000000
2 1 1 2 1
        7.94720801    0.07794716 
        2.60744345   -0.43145629  
2 1 1 1 1
        1.11908539    1.00000000
2 1 1 1 1
        0.44462888    1.00000000
2 2 2 2 1
        6.95719902    0.20439151 
        2.46973529    0.38677112 
2 2 2 1 1
        0.82347187    1.00000000
2 2 2 1 1
        0.23262499    1.00000000
3 3 3 1 1
      2.738200E+00    1.00000000
3 3 3 1 1
      6.543000E-01    1.00000000
4 4 4 1 1
      1.733500E+00    1.00000000
