PB TZVPP-MOLOPT-PBE-Q22
 2
 1 0 2 8 2 1 1
       591.61938360168756    -1.15174992714684E-03    -1.24681523200766E-03    -4.87512754718812E-05     4.34425842019169E-05
        46.91540652477999     3.82686963359576E-02     2.50086446196313E-02     5.35294340209593E-05    -1.02612839982357E-04
        20.56097759118810    -4.65038419683645E-01    -1.82902227527798E-01     1.64069931495872E-02     3.16145727555434E-03
        14.82469058127251     7.76059573106389E-01     1.38667083460647E-01    -6.11274234472540E-02     5.66991272264771E-03
         6.68997528904757    -2.28341308250002E-01     6.44917112438013E-01     2.49070839134785E-01    -8.48388855657511E-02
         2.17415188246029     4.20919898455056E-02    -7.16538021592450E-01    -3.65614615989495E-01     4.72566648347067E-01
         0.98816945851703    -3.23348993274541E-01     9.26221369014338E-02     8.48733951050172E-01     7.01852226013352E-01
         0.40762912089782     1.46761464447529E-01     9.36351949256239E-02    -2.82727065274470E-01     5.26160074565757E-01
 1 0 3 6 4 4 2 2
         3.54623590051894     4.90501875846747E-02    -4.30292494823321E-01    -1.59449875635120E-01     3.70470321200714E-01     2.07411235845034E-01    -3.67710834744594E-01     2.48679058804638E-01     6.88042320634504E-01    -6.23046078527921E-02    -1.53092987613476E-01     4.66262698172478E-02    -6.50201769595744E-02
         1.05992618341512     6.00921737639952E-01     5.45018466037594E-01    -5.27670652161615E-01     1.99581528141582E-02     8.13787257978788E-01     4.58254401668869E-01    -3.15766540479388E-01     1.09950542577926E-01    -2.19238188576408E-01    -8.82534433217809E-02     2.25183988151176E-02     1.93908524308437E-01
         0.61622861473224     2.36694177685154E-01    -6.64235684839074E-02    -1.92247772077703E-01    -3.63684239311679E-02    -4.56416715482655E-02    -1.57141061573852E-01    -2.79791113839395E-01     5.69053013992872E-01     3.55817010781866E-01     2.34797973480509E-02     6.77129402083553E-01    -6.10643577409787E-01
         0.22994571758139     5.79711069879350E-01    -5.51578657839049E-01     1.28211190672302E-01    -5.54484110264070E-01    -4.94730420484859E-01     4.88240863640412E-01    -2.04368374887324E-01     4.07227847946196E-01     7.77165987841764E-01    -5.22589295721122E-01     7.30274246975351E-01     5.74942636445446E-01
         0.10466955432328     1.64278917241317E-01     4.47302948122453E-01     7.01683938217692E-01    -2.04768851824699E-01    -1.82354543306661E-01     5.45313182693094E-01     5.91220845327573E-02     1.04387966786530E-01     4.59207921725926E-01     7.33166147444180E-01    -1.84314126622547E-02    -4.52646792996036E-01
         0.04359959253447     4.66273013790202E-01    -9.52481335462745E-02     3.87790865766770E-01     7.15295631032028E-01     1.20980772840875E-01     3.07168885114976E-01     8.45520725179841E-01     1.18135272952738E-01     8.11672305452914E-02     3.96976566363160E-01    -7.19339470873038E-02     2.23244546953359E-01
H TZVPP-MOLOPT-PBE-AE
 1
 1 0 2 5 3 2 1
        34.17773832674855    -4.67038702307212E-01     3.25930727691839E-01    -1.51283436822271E-01    -1.00054440080746E-01     7.49322156514700E-02     1.29694886730211E-02
         4.94770130521271    -8.38132979846024E-02     2.28656356488893E-01    -2.28133785557746E-02     1.35570007424312E-01    -4.78523016653350E-02    -4.42398660674758E-02
         1.06512662518152     8.14717082181122E-01     2.11440298046549E-01     2.96545250287854E-01     9.76472815332876E-01     6.34720246090092E-02     9.35175251752971E-01
         0.29382327136550    -1.33307568322592E-01     8.19165770735029E-01     3.66068869122815E-01    -2.64980945419224E-02     9.79893619096044E-01     2.87655408521357E-01
         0.09137129667664    -3.05475612542697E-01    -3.54606643763996E-01     8.68704419864991E-01     1.31941555275947E-01    -1.66958430843673E-01    -2.01435451376045E-01
O TZVPP-MOLOPT-PBE-AE
 2
 1 0 0 6 1
     27032.34110717467047     7.35264897360634E-04
      4052.43915960016602     8.66846509689763E-03
       922.34965292725667     3.34607178584762E-02
       261.27735857055188     1.68914563970243E-01
        85.30942400544160     3.28333881314405E-01
        31.08080221478707     9.28692322525900E-01
 1 0 3 6 4 3 2 1
        62.91495630413323     1.16332726109966E-01    -5.81371416541881E-02     1.11937556008261E-02     5.75105170781194E-02    -1.16673038976174E-01     1.57254063503839E-01    -3.81929188419382E-02     1.36166697203113E-01    -8.71583721921845E-02     3.21000644845466E-04
        12.30944986692977     8.69241308775708E-01    -1.42460076990705E-02    -1.06600413011436E-01    -2.47597695986788E-02     1.45932079266690E-01    -6.05243600472558E-02     1.73638156652357E-02    -3.58452443966721E-02     4.76694147153259E-02     4.38837435813283E-02
         4.39539910954103     4.65741956926282E-01    -6.40342096322616E-02    -3.00344470998385E-02    -3.98106989985230E-03     3.91422103647488E-01     5.26377359502661E-02    -3.09523103597808E-02     7.70731222820744E-01    -3.53322944888660E-01    -1.34769543790620E-01
         1.33540846189799     9.21608149605863E-03     9.33076668604289E-01    -3.27550581669708E-01    -1.21459202569881E-01     9.00080356671289E-01     4.50466786404856E-02    -1.97504472088648E-02     5.53665920222864E-01     3.94485051877056E-01     9.40647803425498E-01
         0.45443287552085     9.32917636734327E-02     2.31107250617785E-01     8.41720615852045E-01    -4.78471205438802E-01    -3.61150582409544E-02     9.80775789580233E-01    -6.12678902654526E-02     1.14853463706434E-01     8.35162106564474E-01     2.94962206933611E-01
         0.14893102365245     7.19887781862831E-02     2.61293155746377E-01     4.14519004469322E-01     8.67396456641546E-01     2.07610475621550E-02     6.99062044682833E-02     9.96563053096360E-01     2.57701109533086E-01    -1.10361865139449E-01     8.99460419695147E-02
F TZVPP-MOLOPT-PBE-AE
 2
 1 0 0 6 1
     35479.02878767263610     6.72585320603450E-04
      5318.56312951047130     8.20097950478645E-03
      1210.53207767191157     3.41581776414553E-02
       342.85143677005027     1.67981165419731E-01
       112.04698837680320     3.40179960458393E-01
        40.78491787387953     9.24567700620738E-01
 1 0 3 6 4 3 2 1
        79.87901815644609     1.16918239284466E-01    -1.68147951461107E-02    -2.12818697913285E-02    -7.26226478740621E-03    -2.45424567087636E-01     2.14619427519455E-01     6.35891870315225E-02     1.01451133211560E-01    -3.43565246327839E-02    -1.31870850864618E-02
        16.19635642859436     8.53271420269594E-01     1.38508493185099E-02     1.47303644984199E-01    -9.44612873543698E-02    -1.04048621424425E-01     1.57592183640012E-01     5.70164828779390E-02     5.65110690465166E-02     4.45853785965349E-03     1.05680763536942E-01
         5.77801148801512     4.75828101997680E-01     9.06865843095342E-03     4.56280442532806E-02    -3.42227538288066E-02     3.85471543429814E-01     1.08618595980577E-01    -3.86557846134089E-02     7.78219890128867E-01    -1.58938198405914E-01    -1.90738906372033E-01
         1.80048565891898     5.42202862380103E-03     9.84951172129337E-01    -1.65338157360220E-01    -4.82246452283406E-02     8.82036252116551E-01     2.29685585491659E-02     9.54990517737228E-02     5.96805252189064E-01     2.06883586435839E-01     7.91345089335059E-01
         0.61342852936985    -1.78123417267227E-01     1.16155230853301E-01     8.34960810060312E-01    -5.05012861636734E-01     2.35771402740000E-03     9.52591193174218E-01     7.86110613461027E-02     2.14870962580005E-02     9.58447372992515E-01     5.67195057415070E-01
         0.19458219035665     9.39552285204502E-03     1.25786831338083E-01     5.01268928973589E-01     8.55856016509765E-01    -4.85679584923393E-02    -9.66833470619191E-02     9.87882330256585E-01     1.55723360184243E-01    -1.10073678097833E-01    -6.58715646571095E-02
