S admm-dz
    4
1 0 0 2 1
        1.89972668     -0.30695460
        0.42231342      0.69924022
1 0 0 1 1
        0.15219821      0.49709881
1 1 1 2 1
        3.95640185     -0.02625791
        0.50613585      0.54946551
1 1 1 1 1
        0.14208130      0.56675885

S admm-dzp
    5
1 0 0 2 1
        1.89972668     -0.30695460
        0.42231342      0.69924022
1 0 0 1 1
        0.15219821      0.49709881
1 1 1 2 1
        3.95640185     -0.02625791
        0.50613585      0.54946551
1 1 1 1 1
        0.14208130      0.56675885
1 2 2 1 1
        0.47900000      1.00000000

S admm-tzp
    7
1 0 0 2 1
        4.97113991      0.02484216
        2.14474957     -0.30531356
1 0 0 1 1
        0.39130959      1.00000000
1 0 0 1 1
        0.14346927      1.00000000
1 1 1 2 1
        3.16343576      0.01697709
        0.69738749     -0.73530322
1 1 1 1 1
        0.29135631      1.00000000
1 1 1 1 1
        0.10429665      1.00000000
1 2 2 1 1
        0.47900000      1.0000000


S admm-tz2p
    9
1 0 0 2 1
        4.97113991      0.02484216
        2.14474957     -0.30531356
1 0 0 1 1
        0.39130959      1.00000000
1 0 0 1 1
        0.14346927      1.00000000
1 1 1 2 1
        3.16343576      0.01697709
        0.69738749     -0.73530322
1 1 1 1 1
        0.29135631      1.00000000
1 1 1 1 1
        0.10429665      1.00000000
1 2 2 1 1
        0.81900000      1.00000000
1 2 2 1 1
        0.26900000      1.00000000
1 3 3 1 1
        0.55700000      1.00000000

