  BASIS_TYPE GAUSSIAN
  S_EXPONENTS           4.97113991 \
                        2.14474957 \
                        0.39130959 \
                        0.14346927
  P_EXPONENTS           3.16343576 \
                        0.69738749 \
                        0.29135631 \
                        0.10429665

  ORBITAL COEFFICENTS (Quickstep normalization)
  L Quantum Number:  0
        4.97113991    0.00000000  0.02484216 -0.05600873  0.00000000  0.00000000  0.00000000
        2.14474957    0.00000000 -0.30531356  0.11836760  0.00000000  0.00000000  0.00000000
        0.39130959    0.00000000  0.73322790  0.25187393  0.00000000  0.00000000  0.00000000
        0.14346927    0.00000000  0.43889035  0.10333629  0.00000000  0.00000000  0.00000000
  L Quantum Number:  1
        3.16343576    0.01697709 -0.03827627  0.00000000  0.00000000  0.00000000  0.00000000
        0.69738749   -0.73530322  0.28507113  0.00000000  0.00000000  0.00000000  0.00000000
        0.29135631    1.46767344  0.50416615  0.00000000  0.00000000  0.00000000  0.00000000
        0.10429665    1.49491976  0.35197736  0.00000000  0.00000000  0.00000000  0.00000000
