V DZVP-MOLOPT-SCAN-GTH-Q13
 1
 2 0 3 6 3 2 2 1
         7.22340004741833     9.13044321484021E-02     6.49381448776307E-02     1.23060053583726E-02    -1.83789809977544E-01     3.51442908807840E-02     1.46607545612128E-01    -2.27365982333625E-02     1.24186609558366E-02
         3.66276533585298     3.62657811775498E-01     2.17792491493578E-01    -6.08411994731074E-02     2.08796606443446E-01    -5.56619307865416E-02     3.36275246779775E-01    -4.77068047368708E-03    -3.94958156588303E-02
         1.54670222880753    -5.36464902196536E-01    -3.58728885326468E-01     3.66875365281365E-01     7.11708915879081E-01    -2.70604746470858E-01     5.69411641587397E-01    -7.67367929389334E-02    -4.48594060240465E-02
         0.60788264598763    -1.15314124432098E-01    -4.27115528017103E-01     4.41773423124436E-01     5.35538130956239E-01    -2.28684140343670E-01     6.60565566532674E-01    -1.25115575818272E-01    -6.42349382717000E-01
         0.21712025975429    -5.52851890400956E-01    -1.26847074950921E-01    -7.59196345859196E-01     2.90795779687415E-01     6.85467564830656E-01     3.10667338913315E-01     6.43283521722206E-01    -7.42201485441045E-01
         0.06433667213888    -5.03394140734748E-01     7.88127654713605E-01     3.00010879941746E-01     2.11500417853559E-01     6.32674861984772E-01    -9.12935114968269E-02     7.51068675745686E-01    -1.81101398749075E-01
H DZVP-MOLOPT-SCAN-GTH-Q1
 1
 2 0 1 5 2 1
         9.16876514496744     4.30245721944096E-02    -3.89199332255518E-02    -1.03225299298647E-01
         2.16119406948452     1.67758655334156E-01    -2.29436993766244E-01     3.18679005482070E-01
         0.61986766123499     5.51924571472773E-01    -2.73974309763091E-01     4.58038932787715E-01
         0.41225503616229     4.20326460221825E-01     8.94936516623427E-01     2.25604019455304E-02
         0.16131600752250     6.99078574975625E-01    -2.64330500496994E-01     8.23091485416057E-01
O DZVP-MOLOPT-SCAN-GTH-Q6
 1
 2 0 2 5 2 2 1
        10.25781699497238    -1.37093335568261E-01     6.42341766590814E-02    -1.01541960662273E-01     5.12250917317880E-02    -1.55308630843787E-02
         3.64428735012608    -1.53382903419191E-01     6.95730187369108E-02    -2.97888826596963E-01     1.18416114723772E-01     1.12242705044625E-01
         1.40222472037927     4.52964005356058E-01    -1.60546208430784E-01    -5.48743422499672E-01     2.65706574607295E-01     4.02080210361362E-01
         0.52205700268808     8.05450964095097E-01    -2.63981031214717E-01    -6.95022929228448E-01     1.92118246587555E-01     9.01700430010169E-01
         0.16818943371335     3.22104729197730E-01     9.46346921445871E-01    -3.41723954857718E-01    -9.35865486749767E-01    -1.11481865840859E-01
F DZVP-MOLOPT-SCAN-GTH-Q7
 1
 2 0 2 5 2 2 1
        13.16645520019096     1.25688709752362E-01    -6.90191648196731E-02    -9.31572868763813E-02     5.00225599861602E-02    -1.02513605924922E-02
         4.67863609541364     1.25206371205048E-01    -7.54523660806367E-02    -2.93923292691458E-01     1.19602022797720E-01     4.04484470063397E-02
         1.68188350144516    -4.93940854057955E-01     2.15904735709196E-01    -5.53343548452151E-01     3.11861936412921E-01     4.51403790784568E-01
         0.58393450944632    -7.58234802751956E-01     3.05654861844976E-01    -6.44505933144035E-01     2.69615230808562E-01     8.90352206116421E-01
         0.18571155118612    -3.86817953873203E-01    -9.21685166349822E-01    -4.28198362261887E-01    -9.01799789070697E-01     4.20285554084608E-02
