V DZVP-MOLOPT-SCAN-GTH-Q13
 1
 2 0 3 6 3 2 2 1
         7.33442219698472     8.27825761961714E-02     7.55011658547867E-02     2.24511235524044E-02    -1.83579503640807E-01     3.57180401864135E-02     1.40590997734590E-01    -1.07169041006575E-02     6.55903605941630E-03
         3.71180865126492     3.47305780415066E-01     2.27060968905872E-01    -4.69617631181609E-02     2.27317946465339E-01    -5.54382379165022E-02     3.54293109697276E-01    -1.45996628563614E-02    -2.44760939719959E-02
         1.52733194631141    -5.48399617008117E-01    -3.65860899789597E-01     3.63857440971977E-01     6.92745649304493E-01    -3.32978321369422E-01     5.71040303624255E-01    -3.02941302182320E-02    -9.15243347888105E-02
         0.59629749846074    -1.01757099618302E-01    -4.72373457722919E-01     3.94696315466647E-01     5.39593940777681E-01    -1.80643198550142E-01     6.66097442307729E-01    -1.24844025389668E-01    -6.80441969106978E-01
         0.21465533405075    -5.39057602096820E-01    -1.11723359065070E-01    -7.79365563349408E-01     2.96134776157562E-01     6.48082113478254E-01     2.70864233148312E-01     6.81537901024263E-01    -7.26070149834146E-01
         0.06343681403080    -5.20428664019244E-01     7.57145890722094E-01     3.18908199530063E-01     2.36370801609666E-01     6.57368899391423E-01    -1.07565328827752E-01     7.20190476386105E-01    -2.83206675230326E-02
H DZVP-MOLOPT-SCAN-GTH-Q1
 1
 2 0 1 5 2 1
         9.16876514496744     4.30245721944096E-02    -3.89199332255518E-02    -1.03225299298647E-01
         2.16119406948452     1.67758655334156E-01    -2.29436993766244E-01     3.18679005482070E-01
         0.61986766123499     5.51924571472773E-01    -2.73974309763091E-01     4.58038932787715E-01
         0.41225503616229     4.20326460221825E-01     8.94936516623427E-01     2.25604019455304E-02
         0.16131600752250     6.99078574975625E-01    -2.64330500496994E-01     8.23091485416057E-01
O DZVP-MOLOPT-SCAN-GTH-Q6
 1
 2 0 2 5 2 2 1
        10.25781699497238    -1.37093335568261E-01     6.42341766590814E-02    -1.01541960662273E-01     5.12250917317880E-02    -1.55308630843787E-02
         3.64428735012608    -1.53382903419191E-01     6.95730187369108E-02    -2.97888826596963E-01     1.18416114723772E-01     1.12242705044625E-01
         1.40222472037927     4.52964005356058E-01    -1.60546208430784E-01    -5.48743422499672E-01     2.65706574607295E-01     4.02080210361362E-01
         0.52205700268808     8.05450964095097E-01    -2.63981031214717E-01    -6.95022929228448E-01     1.92118246587555E-01     9.01700430010169E-01
         0.16818943371335     3.22104729197730E-01     9.46346921445871E-01    -3.41723954857718E-01    -9.35865486749767E-01    -1.11481865840859E-01
F DZVP-MOLOPT-SCAN-GTH-Q7
 1
 2 0 2 5 2 2 1
        13.16645520019096     1.25688709752362E-01    -6.90191648196731E-02    -9.31572868763813E-02     5.00225599861602E-02    -1.02513605924922E-02
         4.67863609541364     1.25206371205048E-01    -7.54523660806367E-02    -2.93923292691458E-01     1.19602022797720E-01     4.04484470063397E-02
         1.68188350144516    -4.93940854057955E-01     2.15904735709196E-01    -5.53343548452151E-01     3.11861936412921E-01     4.51403790784568E-01
         0.58393450944632    -7.58234802751956E-01     3.05654861844976E-01    -6.44505933144035E-01     2.69615230808562E-01     8.90352206116421E-01
         0.18571155118612    -3.86817953873203E-01    -9.21685166349822E-01    -4.28198362261887E-01    -9.01799789070697E-01     4.20285554084608E-02
