AL DZVP-MOLOPT-PBE0-GTH-Q3
 1
 2 0 2 4 2 2 1
         0.94126725167835     3.47641374462648E-01    -3.82288483964755E-01     8.48675942449035E-02    -9.67115670143228E-02     3.25683983795457E-01
         0.33080620243729    -2.02025006683242E-01     4.02071400645166E-01    -5.05637667763367E-01     6.86591996361737E-01     7.49513741668326E-01
         0.14729760457524    -8.59031685602553E-01     5.68911939512777E-02    -7.67664082833317E-01    -1.05959631776280E-01     5.44644947368577E-01
         0.05167804520850    -3.16853175094070E-01    -8.30034635338768E-01    -3.84473531356304E-01    -7.12748805520903E-01     1.88470090612132E-01
SI DZVP-MOLOPT-PBE0-GTH-Q4
 1
 2 0 2 4 2 2 1
         1.21365863082271    -2.44519786408972E-03    -6.80148578803770E-01     1.22243896813541E-01     1.04776145744534E-01     2.70132450737277E-01
         0.42880957162127    -8.81824989896257E-03     6.22003792242519E-01    -6.76037805005456E-01    -6.38757905315947E-01     7.89451480255652E-01
         0.16590681329427    -9.40622577625833E-01     1.28049017699395E-01    -7.22778536988767E-01     5.61728419610472E-01     5.48907045156015E-01
         0.04260042981395    -3.39330850257767E-01    -3.66213929627694E-01    -7.49700097613884E-02     5.15239245672557E-01     4.99587345608759E-02
P DZVP-MOLOPT-PBE0-GTH-Q5
 1
 2 0 2 4 2 2 1
         1.46486261225549     3.67698247977277E-01     3.23068168806465E-01     1.25531538455855E-01     1.62492056407268E-01     2.45131398752528E-01
         0.60822081034934    -2.83742380770518E-01    -3.35556361065315E-01    -5.35070833488132E-01    -5.91314426879238E-01     7.14514834992426E-01
         0.22569356915956    -8.29541855007982E-01    -7.17016924940118E-02    -7.85965848854657E-01     1.49006550433791E-01     6.55212374405717E-01
         0.07812123803993    -3.10078329747558E-01     8.81979452224447E-01    -2.83193786014808E-01     7.75719426143782E-01    -8.71162137591754E-03
S DZVP-MOLOPT-PBE0-GTH-Q6
 1
 2 0 2 4 2 2 1
         1.83659095947030     3.70432261577023E-01    -1.19134847318776E-01     3.08274180519545E-01     2.20755182843788E-01    -7.88526779768616E-02
         1.39208197320107    -1.25849215888708E-01    -1.72989470926591E-01    -3.99289053184353E-01    -2.42120172096065E-01     4.81085269468306E-01
         0.38620456072642    -7.03609604377745E-01     6.11416171004274E-01    -7.22746106604997E-01    -3.46581557140873E-01     8.48268692756396E-01
         0.12374068236867    -5.93190895977444E-01    -7.62923192030065E-01    -4.72412263832623E-01     8.78934693684113E-01     2.06831921051466E-01
CL DZVP-MOLOPT-PBE0-GTH-Q7
 1
 2 0 2 4 2 2 1
         1.95736377876919     5.24009862317628E-01     2.13880142854695E-01     3.57930895095605E-01     2.58923209701028E-01     1.01353582896074E-01
         1.54347371438383    -4.35125631331426E-01     8.19846105347744E-02    -4.94297521797706E-01    -2.91738551994286E-01     2.63419944989564E-01
         0.40766941393095    -4.80898659033067E-01    -6.61242268437594E-01    -5.66008330172175E-01    -3.95656268602100E-01     9.50343528044764E-01
         0.13062819821750    -5.52101284994417E-01     7.14347583854961E-01    -5.54247241270908E-01     8.31446634411528E-01     1.31089902430566E-01
H DZVP-MOLOPT-PBE0-GTH-Q1
 1
 2 0 1 5 2 1
         9.40376558777484     4.99921878262584E-02    -6.01760463447986E-02    -1.91917949580623E-02
         2.19236236036235     2.07750616603128E-01    -2.48729761572598E-01     2.15445332744891E-01
         0.70785664525623     4.72336308767911E-01    -3.21210746148036E-01     4.86508963896186E-01
         0.37495748172786     5.41895273351049E-01     8.33122255305197E-01     2.26583896119400E-01
         0.15142571456720     6.61504638378795E-01    -3.70463646568122E-01     8.15587977886349E-01
B DZVP-MOLOPT-PBE0-GTH-Q3
 1
 2 0 2 5 2 2 1
         3.67479481725273    -1.49169015219203E-01     1.31158306679391E-01    -7.45125327617892E-02     8.93586451177122E-02    -1.19384552256087E-01
         1.42570678835317    -2.38240312967864E-01     1.37417551034243E-01    -1.34913821793086E-01     3.08930582125295E-01     2.91842079464746E-01
         0.56491722285073     4.27612783683365E-01    -1.43422974516721E-01    -5.13242614408558E-01     4.06942382230734E-01     4.55597071930918E-01
         0.21332352291263     8.23716414846635E-01    -1.46675434003278E-01    -6.17755243114709E-01     3.21642341756561E-01     8.19964688667821E-01
         0.07050901715185     2.44189953352463E-01     9.60119827259844E-01    -5.75505535603231E-01    -7.92162249481875E-01     1.43752379883476E-01
C DZVP-MOLOPT-PBE0-GTH-Q4
 1
 2 0 2 5 2 2 1
         5.37649556675185    -1.44265907413234E-01     1.35854059550603E-01    -8.41512637171397E-02     9.21109708966300E-02    -7.70553479736553E-02
         1.95241253925289    -1.68680005155043E-01     1.78238099371238E-01    -2.44095661853109E-01     3.06514688333290E-01     2.57439306611045E-01
         0.69884308058897     5.71029674845522E-01    -4.02285249274461E-01    -5.74583617115964E-01     5.56701871465305E-01     7.13674740400033E-01
         0.25544398452951     7.49535313498969E-01     7.69435559963982E-02    -6.71998850924718E-01    -1.65130141105776E-01     6.22169668051394E-01
         0.08778128068034     2.50711643293545E-01     8.84319581284370E-01    -3.89367543558904E-01    -7.48584916814278E-01     1.77089654785496E-01
N DZVP-MOLOPT-PBE0-GTH-Q5
 1
 2 0 2 5 2 2 1
         7.73191180652741    -1.43728202695299E-01     6.79133074359100E-02    -9.46835665226891E-02     5.88833445447978E-02    -1.05487683204856E-01
         2.85057084952924    -1.69403887693951E-01     1.02718419820456E-01    -2.99427034574958E-01     1.63321045670015E-01     1.70958696638849E-01
         1.00330603111170     5.41928379205574E-01    -2.94771727300327E-01    -6.25210896643948E-01     4.16110322818979E-01     6.83189165943060E-01
         0.37172658231290     7.91672169352667E-01     2.81277703581647E-02    -6.51845230074399E-01    -8.38544792117754E-02     6.97107139748208E-01
         0.12323676002417     1.73819833932196E-01     9.47182752282665E-01    -2.92553591574459E-01    -8.88639191874902E-01     8.33046936595817E-02
O DZVP-MOLOPT-PBE0-GTH-Q6
 1
 2 0 2 5 2 2 1
        10.34082423621691    -1.35471995421340E-01     6.52248591911249E-02    -9.47914764323301E-02     5.35187940839027E-02    -1.24802583115412E-02
         3.64864310376424    -1.37229228491611E-01     9.72101295675209E-02    -3.15076543225045E-01     1.42382834578136E-01     7.19294320703716E-02
         1.25503633997207     5.56468817719137E-01    -3.14735471845088E-01    -6.10679134934315E-01     3.65204590090252E-01     6.34007888463729E-01
         0.43936673910305     7.74958495228934E-01    -2.40485789038745E-02    -6.48906523820734E-01     2.16977003571571E-02     7.51858366819853E-01
         0.14295518532255     2.29340931547182E-01     9.41625805226321E-01    -3.12622240737769E-01    -9.18159944820902E-01    -1.65569905367066E-01
F DZVP-MOLOPT-PBE0-GTH-Q7
 1
 2 0 2 5 2 2 1
        13.31501907729122     1.35855575390312E-01    -3.25622663108524E-02    -9.85981648317603E-02     4.26196574547453E-02    -4.77113665749246E-02
         4.62512020147175     1.37355257839925E-01    -1.26557679140255E-02    -3.13429661554665E-01     1.21964609818376E-01     9.40080966038833E-02
         1.62272294024072    -5.57474444450986E-01     1.66549910185200E-02    -5.89593917645244E-01     2.50262930912895E-01     3.86285062694990E-01
         0.55216173678272    -8.01982729324989E-01     9.65632155620249E-02    -6.55346120037107E-01     1.96020434380940E-01     9.14055436603733E-01
         0.17330337957192    -9.33956178179728E-02    -9.94574123444654E-01    -3.39029090754143E-01    -9.39283052900608E-01    -6.45957616748597E-02
