P admm-dz
    4
1 0 0 2 1
        1.58511165     -0.28512617
        0.32816334      0.69799404
1 0 0 1 1
        0.11980297      1.00000000  
1 1 1 2 1
        3.11829587     -0.08418136
        0.39479020      0.83751373
1 1 1 1 1
        0.11129027      1.00000000  

P admm-dzp
    5
1 0 0 2 1
        1.58511165     -0.28512617
        0.32816334      0.69799404
1 0 0 1 1
        0.11980297      1.00000000  
1 1 1 2 1
        3.11829587     -0.08418136
        0.39479020      0.83751373
1 1 1 1 1
        0.11129027      1.00000000  
1 2 2 1 1
        0.37300000      1.00000000

P admm-tzp
    7
1 0 0 2 1
        3.98367452      0.01791736
        1.73127260     -0.28580544
1 0 0 1 1
        0.31214482      1.00000000
1 0 0 1 1
        0.11533343      1.00000000
1 1 1 2 1
        2.21856800      0.01615945
        0.66160012     -0.62608133
1 1 1 1 1
        0.29453891      1.00000000
1 1 1 1 1
        0.10036148      1.00000000
1 2 2 1 1
        0.37300000      1.0000000

P admm-tz2p
    9
1 0 0 2 1
        3.98367452      0.01791736
        1.73127260     -0.28580544
1 0 0 1 1
        0.31214482      1.00000000
1 0 0 1 1
        0.11533343      1.00000000
1 1 1 2 1
        2.21856800      0.01615945
        0.66160012     -0.62608133
1 1 1 1 1
        0.29453891      1.00000000
1 1 1 1 1
        0.10036148      1.00000000
1 2 2 1 1
        0.65200000      1.00000000
1 2 2 1 1
        0.21600000      1.00000000
1 3 3 1 1
        0.45200000      1.00000000

