  BASIS_TYPE GAUSSIAN
  S_EXPONENTS           3.98367452 \
                        1.73127260 \
                        0.31214482 \
                        0.11533343
  P_EXPONENTS           2.21856800 \
                        0.66160012 \
                        0.29453891 \
                        0.10036148

  ORBITAL COEFFICENTS (Quickstep normalization)
  L Quantum Number:  0
        3.98367452    0.00000000  0.01791736 -0.03991249  0.00000000  0.00000000  0.00000000
        1.73127260    0.00000000 -0.28580544  0.07413744  0.00000000  0.00000000  0.00000000
        0.31214482    0.00000000  0.71934629  0.29021272  0.00000000  0.00000000  0.00000000
        0.11533343    0.00000000  0.44498975  0.16096312  0.00000000  0.00000000  0.00000000
  L Quantum Number:  1
        2.21856800    0.01615945 -0.03599659  0.00000000  0.00000000  0.00000000  0.00000000
        0.66160012   -0.62608133  0.16240443  0.00000000  0.00000000  0.00000000  0.00000000
        0.29453891    1.19896744  0.48371084  0.00000000  0.00000000  0.00000000  0.00000000
        0.10036148    1.35016937  0.48838760  0.00000000  0.00000000  0.00000000  0.00000000
