#####################################################################################################
# Potassium
#####################################################################################################
 K  ccGRB-D-q9 
   2
  1  0  1  6  3  2
   8.25902413321        0.0293220676   -0.0070446034   -0.0121495975   -0.0111237020    0.0099312179
   2.94085350157       -0.4387179109    0.1240089614   -0.1024078994   -0.0328879780   -0.0261740925
   1.04717206031        0.5095035858   -0.2002476796   -0.0713912119    0.5054203530   -0.1000249317
  0.372874515272        0.7466697331   -0.2136782922    2.0189754787    0.5192653056   -0.5555208977
  0.132772262945        0.0284117378   -0.4311286019   -3.4150322824    0.1110109129    0.7130627122
  0.472772288948E-01    0.0107724201    1.3647219660    1.7271963230    0.0011727024    0.5718769898
2 2 2 1 1
      0.06287033             1.0000000

 K  ccGRB-T-q9 
   3
  1  0  1  7  4  3
   8.33496430969        0.0286763898    0.0066316183    0.0104122906    0.0703598625   -0.0112562926    0.0093706648    0.0606944463
   2.93423879142       -0.4383915703   -0.1215427276    0.1080105432   -0.5765411049   -0.0311875305   -0.0240980025   -0.3626421016
   1.03296870450        0.5267434069    0.2005489514    0.0342555019    1.5655526096    0.5158692753   -0.1122694748    1.6947365425
  0.363646049396        0.7399064126    0.2217842809   -1.9185511794   -1.0695156610    0.5167008465   -0.5405461869   -1.5919061574
  0.128017866045        0.0163206265    0.3916783716    3.3312139012   -0.8728524022    0.1016626326    0.7407270904    0.0647680671
  0.450673781657E-01    0.0138164032   -1.3599724960   -1.7141186822    2.4449610826    0.0010018338    0.5570342927    0.4521982398
  0.158655087566E-01   -0.0012490793    0.0221220682    0.0034805469   -1.8664493374   -0.0000352348   -0.0216137841    0.0075860430
2 2 2 2 2
      0.57805998             1.0000000  0.0000000
      0.09192000             0.0000000  1.0000000
3 3 3 1 1
      0.45136500             1.0000000

 K  ccGRB-Q-q9
   4
  1  0  1  8  5  4
   7.44890946828       -0.0424431870   -0.0056744708    0.0229880184    0.1412382904    0.1362939556    0.0073718838    0.0023193234    0.0114408070   -0.2267713343
   3.15130902430        0.4172151944    0.0933962875   -0.2225873630   -0.5207007494   -0.8738218368    0.0582596787   -0.0386013843   -0.0182092089    1.0514451560
   1.33318153602       -0.1982833210   -0.0296174038    0.2933881018    2.0257153057    2.7235356776   -0.3298728625    0.2057314521   -0.0498673102   -3.4005745496
  0.564011017100       -0.7671745104   -0.3577600416   -0.1016305425   -5.6586867566   -4.7751899821   -0.5077704053    0.0389912065   -1.7625446785    4.4934200971
  0.238608485653       -0.2790742894    0.0417735841    2.0977466309    7.4601499719    6.3938669147   -0.2799592529    0.5925403181    3.1819453437   -3.7115128233
  0.100944853379       -0.0165981754   -0.5357835711   -4.3690145899   -4.8120214768   -7.3126693850   -0.0393115714   -1.1582085620   -1.8739579124    2.4819322007
  0.427053689893E-01    0.0018227545    1.4958773541    2.4993933333    1.0894671255    6.6213794282   -0.0015890830   -0.2371750699    0.3782173581   -1.1194859302
  0.180667808160E-01   -0.0001887768   -0.0521538668   -0.0701315069    0.3426355313   -3.2527522818    0.0001102145    0.0136406885   -0.0531547201    0.0164967747
2 2 2 3 3 
      2.39322000             1.0000000  0.0000000  0.0000000
      0.55691520             0.0000000  1.0000000  0.0000000
      0.22028800             0.0000000  0.0000000  1.0000000
3 3 3 2 2
      0.90393000             1.0000000  0.0000000
      0.45136510             0.0000000  1.0000000
4 4 4 1 1
      0.80273750             1.0000000

K aug-cc-D
    3
1 0 0 1 1
      8.250000E-03           1.000000E+00
1 1 1 1 1
      5.700000E-03           1.000000E+00
1 2 2 1 1
      6.340000E-03           1.000000E+00

K aug-cc-T
    4
1 0 0 1 1
      8.470000E-03           1.000000E+00
1 1 1 1 1
      4.800000E-03           1.000000E+00
1 2 2 1 1
      6.010000E-03           1.000000E+00
1 3 3 1 1
      3.398000E-02           1.000000E+00

K aug-cc-Q
    5
1 0 0 1 1
      6.850000E-03           1.000000E+00
1 1 1 1 1
      4.420000E-03           1.000000E+00
1 2 2 1 1
      4.770000E-03           1.000000E+00
1 3 3 1 1
      3.015000E-02           1.000000E+00
1 4 4 1 1
      3.595000E-02           1.000000E+00
