#
# Generated with CP2K Atom Code
#
 K  ccGRB-VAL-0
   1
  1  0  1  8  2  1
   4.87988331601       -0.0684132104   -0.0392193309    0.0241653328
   2.75437188089        0.6186805602    0.3195965785    0.0527090404
   1.55466103736       -0.3996226671   -0.5525046325   -0.2128523276
  0.877503491029       -0.0713032886    0.9395803773   -0.2727149901
  0.495292773322       -0.7514092643   -2.2225233138   -0.3662524591
  0.279560063080       -0.0823721634    3.0592262299   -0.1939371388
  0.157793194407       -0.1475793878   -4.2628989724   -0.1082376487
  0.890638381138E-01    0.0180252850    3.3259298264   -0.0168962986

 K  ccGRB-VAL-1
   1
  1  0  1  8  3  2
   4.87988331601       -0.0684132104   -0.0392193309   -0.0592799187    0.0241653328   -0.0431866013
   2.75437188089        0.6186805602    0.3195965785    0.1107927024    0.0527090404    0.1447962711
   1.55466103736       -0.3996226671   -0.5525046325   -0.9793575655   -0.2128523276   -0.3098439005
  0.877503491029       -0.0713032886    0.9395803773    2.8768671771   -0.2727149901    0.8664531638
  0.495292773322       -0.7514092643   -2.2225233138   -5.2490465343   -0.3662524591   -1.0177703741
  0.279560063080       -0.0823721634    3.0592262299   10.9037094320   -0.1939371388    1.6518214381
  0.157793194407       -0.1475793878   -4.2628989724  -13.0720748423   -0.1082376487   -0.9727290521
  0.890638381138E-01    0.0180252850    3.3259298264    5.6377132050   -0.0168962986   -0.8425194256

 K  ccGRB-VAL-2
   1
  1  0  1  8  4  3
   4.87988331601       -0.0684132104   -0.0392193309   -0.0592799187   -1.5983601490    0.0241653328   -0.0431866013    0.8477980518
   2.75437188089        0.6186805602    0.3195965785    0.1107927024    8.0009973638    0.0527090404    0.1447962711   -3.7086529338
   1.55466103736       -0.3996226671   -0.5525046325   -0.9793575655  -20.9593745120   -0.2128523276   -0.3098439005    8.8363651868
  0.877503491029       -0.0713032886    0.9395803773    2.8768671771   38.5233082759   -0.2727149901    0.8664531638  -14.8989478816
  0.495292773322       -0.7514092643   -2.2225233138   -5.2490465343  -52.6841516440   -0.3662524591   -1.0177703741   14.2095105168
  0.279560063080       -0.0823721634    3.0592262299   10.9037094320   49.6708318588   -0.1939371388    1.6518214381   -6.9391041260
  0.157793194407       -0.1475793878   -4.2628989724  -13.0720748423  -28.4410252150   -0.1082376487   -0.9727290521    1.7404123765
  0.890638381138E-01    0.0180252850    3.3259298264    5.6377132050    7.5607841654   -0.0168962986   -0.8425194256   -0.2316830334

 K  ccGRB-VAL-3
   1
  1  0  1  8  5  4
   4.87988331601       -0.0684132104   -0.0392193309   -0.0592799187   -1.5983601490    2.3419463333    0.0241653328   -0.0431866013    0.8477980518    0.5199512212
   2.75437188089        0.6186805602    0.3195965785    0.1107927024    8.0009973638  -10.6874451170    0.0527090404    0.1447962711   -3.7086529338   -2.5173929511
   1.55466103736       -0.3996226671   -0.5525046325   -0.9793575655  -20.9593745120   26.2612597657   -0.2128523276   -0.3098439005    8.8363651868    6.9477190183
  0.877503491029       -0.0713032886    0.9395803773    2.8768671771   38.5233082759  -40.7399313256   -0.2727149901    0.8664531638  -14.8989478816  -14.4773805448
  0.495292773322       -0.7514092643   -2.2225233138   -5.2490465343  -52.6841516440   37.7003749838   -0.3662524591   -1.0177703741   14.2095105168   22.2311558959
  0.279560063080       -0.0823721634    3.0592262299   10.9037094320   49.6708318588  -19.9098309163   -0.1939371388    1.6518214381   -6.9391041260  -23.1173678414
  0.157793194407       -0.1475793878   -4.2628989724  -13.0720748423  -28.4410252150    5.6373695740   -0.1082376487   -0.9727290521    1.7404123765   14.8568552506
  0.890638381138E-01    0.0180252850    3.3259298264    5.6377132050    7.5607841654   -0.6972224356   -0.0168962986   -0.8425194256   -0.2316830334   -4.6717061792

