Pb admm-dz
    4
1 0 0 2 1
        1.42137164    0.82609485
        1.27597681   -1.12091344
1 0 0 1 1
        0.14709192    1.00000000
2 1 1 2 1
        0.68494167   -0.17271346
        0.32640408    0.29821577
2 1 1 1 1
        0.09475852    1.00000000

Pb admm-dzp
    5
1 0 0 2 1
        1.42137164    0.82609485
        1.27597681   -1.12091344
1 0 0 1 1
        0.14709192    1.00000000
2 1 1 2 1
        0.68494167   -0.17271346
        0.32640408    0.29821577
2 1 1 1 1
        0.09475852    1.00000000
2 2 2 1 1
  0.745375994042E-01  1.00000000

Pb admm-tzp
    7
1 0 0 1 1
        1.42106086    1.00000000
1 0 0 1 1
        1.27568904    1.00000000
1 0 0 1 1
        0.14708442    1.00000000
2 1 1 2 1
        1.31831508   -0.02184645
        0.45199313   -1.17362307
2 1 1 1 1
        0.40492853    1.00000000
2 1 1 1 1
        0.09471609    1.00000000
2 2 2 1 1
  0.745375994042E-01  1.00000000

Pb admm-tz2p
    9
1 0 0 1 1
        1.42106086    1.00000000
1 0 0 1 1
        1.27568904    1.00000000
1 0 0 1 1
        0.14708442    1.00000000
2 1 1 2 1
        1.31831508   -0.02184645
        0.45199313   -1.17362307
2 1 1 1 1
        0.40492853    1.00000000
2 1 1 1 1
        0.09471609    1.00000000
2 2 2 1 1
  0.235978822453      1.00000000
2 2 2 1 1
  0.664599969897E-01  1.00000000
3 3 3 1 1
      0.2900000       1.00000000
