#############################################################################################
# Nitrogen
#############################################################################################
 N  ccGRB-D-q5
   2
  1  0  1  4  2  2
   6.36567189126       -0.1459277055    0.1181160924    0.0846551208   -0.0881654758
   1.91149639658        0.0229304172    0.0367839039    0.2789257877   -0.2486233276
  0.573987873792        0.7034904131   -1.5456206554    0.4783330041   -0.7320065496
  0.172358200544        0.3812741771    1.5729341738    0.3995966799    1.1626958859
   1 2 2 1 1
      8.170000E-01           1.0000000


 N  ccGRB-T-q5 
   3
  1  0  1  5  3  3
   8.00110257746       -0.0870396031    0.0755929895    0.0155486042   -0.0504414681    0.0391612792   -0.1074982950
   2.99673785415       -0.1247262063    0.1024860322   -0.8670581310   -0.1516180195    0.1685977388   -0.0675584723
   1.12240002919        0.3014339021   -0.3407053979    3.4754330917   -0.3285567808    0.2438025309   -1.3604087145
  0.420384393577        0.5914117420   -1.3192658765   -3.9398880902   -0.3789623321    0.6694972957    2.2347549938
  0.157451027947        0.2789839220    1.7054404300    1.7044313768   -0.3354846342   -1.2610218603   -1.1146415141
   1 2 2 2 2
      1.654000E+00           1.000000E+00           0.000000E+00
      4.690000E-01           0.000000E+00           1.000000E+00
   1 3 3 1 1
      1.093000E+00           1.0000000


 N  ccGRB-Q-q5 
   4
  1  0  1  6  4  4
   17.9921342323       -0.0055039483    0.0023726560   -0.0490607641   -0.3636986469    0.0019030094   -0.0040468051   -0.0101348420   -0.1002730106
   6.97103605900       -0.1010155501    0.0934741560    0.0877902089    2.0944903909    0.0624868058   -0.0443058463    0.1467691182    0.3479322692
   2.70092158653       -0.1022893536    0.0728507017   -0.9345639527   -5.0962273174    0.1574310955   -0.1852786838    0.0448507464   -2.2036502187
   1.04646961439        0.3318577471   -0.3757325746    3.6804763703    5.0782575408    0.3331167026   -0.2277421568    1.3993424373    2.9529884900
  0.405453701178        0.5641128289   -1.2959672928   -4.2748901220   -2.8922722106    0.3579080703   -0.6783741354   -2.3648378586   -1.8887676547
  0.157092668088        0.2724775261    1.7286409051    1.8702851014    0.8771490077    0.3323231068    1.2825768724    1.1956758244    0.6364366411
   1 2 2 3 3
      2.837000E+00           1.000000E+00           0.000000E+00           0.000000E+00
      9.680000E-01           0.000000E+00           1.000000E+00           0.000000E+00
      3.350000E-01           0.000000E+00           0.000000E+00           1.000000E+00
   1 3 3 2 2
      2.027000E+00           1.000000E+00           0.000000E+00
      6.850000E-01           0.000000E+00           1.000000E+00
   1 4 4 1 1
      1.427000E+00           1.0000000

N aug-cc-D
    3
   1 0 0 1 1
      0.0612400              1.0000000
   1 1 1 1 1
      0.0561100              1.0000000
   1 2 2 1 1
      0.2300000              1.0000000

N aug-cc-T
    4
   1 0 0 1 1
      0.0576000              1.0000000
   1 1 1 1 1
      0.0491000              1.0000000
   1 2 2 1 1
      0.1510000              1.0000000
   1 3 3 1 1
      0.3640000              1.0000000

N aug-cc-Q
     5
   1 0 0 1 1
      0.0546400              1.0000000
   1 1 1 1 1
      0.0440200              1.0000000
   1 2 2 1 1
      0.1110000              1.0000000
   1 3 3 1 1
      0.2450000              1.0000000
   1 4 4 1 1
      0.5590000              1.0000000

