#
# Generated with CP2K Atom Code
#
 N  ccGRB-VAL-0
   1
  1  0  1  4  1  1
   6.36567189126       -0.1459277055    0.0846551208
   1.91149639658        0.0229304172    0.2789257877
  0.573987873792        0.7034904131    0.4783330041
  0.172358200544        0.3812741771    0.3995966799

 N  ccGRB-VAL-1
   1
  1  0  1  4  2  2
   6.36567189126       -0.1459277055    0.1181160924    0.0846551208   -0.0881654758
   1.91149639658        0.0229304172    0.0367839039    0.2789257877   -0.2486233276
  0.573987873792        0.7034904131   -1.5456206554    0.4783330041   -0.7320065496
  0.172358200544        0.3812741771    1.5729341738    0.3995966799    1.1626958859

