H TZV2P-MOLOPT-PBE0-GTH-Q1
 1
 2 0 2 5 3 2 1
         9.40376558777484     5.57995409025206E-02    -4.70579310756749E-02    -9.03982952048893E-02    -9.22922683878503E-02     5.62771387719766E-01     7.80341103329014E-02
         2.19236236036235     2.26741263852150E-01    -2.37595450605385E-01    -3.31859181820579E-01     3.56629407794935E-01    -1.55610962004131E-01     3.11602862374432E-01
         0.70785664525623     4.70071809062586E-01    -3.84865803668886E-01    -6.33091997698946E-01     4.70685683046521E-01    -1.55533260185636E-01     6.35783567219683E-05
         0.37495748172786     5.50419957177599E-01     8.25544608526065E-01    -1.19262368808400E-01     4.93402007633953E-01     7.41061881197701E-01     9.44971331284660E-01
         0.15142571456720     6.49265104227107E-01    -3.34198093163844E-01     6.83131496493313E-01     6.31907468961614E-01    -2.92763192495008E-01     6.19960707827798E-02
H TZVP-MOLOPT-PBE0-GTH-q1
 1
 2 0 1 5 3 1
         9.40376558777484     5.57995409025206E-02    -4.70579310756749E-02    -9.03982952048893E-02    -9.22922683878503E-02
         2.19236236036235     2.26741263852150E-01    -2.37595450605385E-01    -3.31859181820579E-01     3.56629407794935E-01
         0.70785664525623     4.70071809062586E-01    -3.84865803668886E-01    -6.33091997698946E-01     4.70685683046521E-01
         0.37495748172786     5.50419957177599E-01     8.25544608526065E-01    -1.19262368808400E-01     4.93402007633953E-01
         0.15142571456720     6.49265104227107E-01    -3.34198093163844E-01     6.83131496493313E-01     6.31907468961614E-01
H DZVP-MOLOPT-PBE0-GTH-q1
 1
 2 0 1 5 2 1
         9.40376558777484     5.57995409025206E-02    -4.70579310756749E-02    -9.22922683878503E-02
         2.19236236036235     2.26741263852150E-01    -2.37595450605385E-01     3.56629407794935E-01
         0.70785664525623     4.70071809062586E-01    -3.84865803668886E-01     4.70685683046521E-01
         0.37495748172786     5.50419957177599E-01     8.25544608526065E-01     4.93402007633953E-01
         0.15142571456720     6.49265104227107E-01    -3.34198093163844E-01     6.31907468961614E-01
B TZV2P-MOLOPT-PBE0-GTH-Q3
 1
 2 0 3 5 3 3 2 1
         3.67479481725273    -1.30272398810805E-01     1.35337613534554E-01    -6.13507146931090E-01    -7.37588511183232E-02     9.28978755835896E-02     1.13722944942644E-01    -7.58073843071636E-02     1.26992976118895E-01     4.04741268096131E-02
         1.42570678835317    -2.19698725483867E-01     1.32610524337094E-01    -5.52477625309754E-01    -1.26760953968484E-01     3.37198158774520E-01     7.58469413928032E-01     2.44452881375435E-01    -4.87211866810507E-01     2.11783107097397E-01
         0.56491722285073     4.05073884449850E-01    -1.59818878605353E-01     3.22886419158973E-01    -4.78709500428446E-01     5.13093034991379E-01     1.53392480262912E-01     6.28301733951220E-01    -5.20148473576785E-01     1.05171929290500E-01
         0.21332352291263     7.86939024064267E-01    -3.11837315122066E-01    -4.57220236479455E-01    -6.58885020201854E-01     1.98147176390939E-01    -5.37980706501617E-01     7.18196193395110E-01     6.69839279955485E-01     9.68021302497630E-01
         0.07050901715185     3.89106274262356E-01     9.17231483398058E-01     7.12142532990156E-02    -5.61425896075212E-01    -7.58380261058240E-01     3.14386301164750E-01     1.54684156197131E-01    -1.65100833795423E-01    -7.33715463056255E-02
B TZVP-MOLOPT-PBE0-GTH-q3
 1
 2 0 2 5 3 3 1
         3.67479481725273    -1.30272398810805E-01     1.35337613534554E-01    -6.13507146931090E-01    -7.37588511183232E-02     9.28978755835896E-02     1.13722944942644E-01    -7.58073843071636E-02
         1.42570678835317    -2.19698725483867E-01     1.32610524337094E-01    -5.52477625309754E-01    -1.26760953968484E-01     3.37198158774520E-01     7.58469413928032E-01     2.44452881375435E-01
         0.56491722285073     4.05073884449850E-01    -1.59818878605353E-01     3.22886419158973E-01    -4.78709500428446E-01     5.13093034991379E-01     1.53392480262912E-01     6.28301733951220E-01
         0.21332352291263     7.86939024064267E-01    -3.11837315122066E-01    -4.57220236479455E-01    -6.58885020201854E-01     1.98147176390939E-01    -5.37980706501617E-01     7.18196193395110E-01
         0.07050901715185     3.89106274262356E-01     9.17231483398058E-01     7.12142532990156E-02    -5.61425896075212E-01    -7.58380261058240E-01     3.14386301164750E-01     1.54684156197131E-01
B DZVP-MOLOPT-PBE0-GTH-q3
 1
 2 0 2 5 2 2 1
         3.67479481725273    -1.30272398810805E-01     1.35337613534554E-01    -7.37588511183232E-02     9.28978755835896E-02    -7.58073843071636E-02
         1.42570678835317    -2.19698725483867E-01     1.32610524337094E-01    -1.26760953968484E-01     3.37198158774520E-01     2.44452881375435E-01
         0.56491722285073     4.05073884449850E-01    -1.59818878605353E-01    -4.78709500428446E-01     5.13093034991379E-01     6.28301733951220E-01
         0.21332352291263     7.86939024064267E-01    -3.11837315122066E-01    -6.58885020201854E-01     1.98147176390939E-01     7.18196193395110E-01
         0.07050901715185     3.89106274262356E-01     9.17231483398058E-01    -5.61425896075212E-01    -7.58380261058240E-01     1.54684156197131E-01
C TZV2P-MOLOPT-PBE0-GTH-Q4
 1
 2 0 3 5 3 3 2 1
         5.37649556675185    -1.22404309942338E-01     1.51052142999233E-01    -2.91603005508096E-01    -1.02230399503479E-01     7.40025761345854E-02     8.94622998880541E-02    -3.33102657255285E-02     9.86374456561291E-02     7.95121951184048E-02
         1.95241253925289    -1.29373346346520E-01     2.06617207371748E-01    -1.01805179489666E-01    -3.09172408281985E-01     2.20213934213870E-01     3.39999059653624E-01     2.24862943378639E-01    -4.25828317504440E-02     4.21381944948773E-01
         0.69884308058897     4.93419910923422E-01    -4.42585619435647E-01     6.21910558850215E-01    -6.76608029554237E-01     4.84079784827656E-01     2.48477330781687E-01     7.92785845721874E-01    -5.17543483541305E-01     3.21750315531954E-01
         0.25544398452951     7.50469724701437E-01    -1.05635637414093E-01    -6.44963922243512E-01    -6.23090735983644E-01    -3.82982660790289E-01    -6.66883209981747E-01     5.31193096205402E-01     8.40388777086484E-01     8.41599833069726E-01
         0.08778128068034     4.02009584429917E-01     8.52907768337305E-01     3.19142896525366E-01    -2.18908374551020E-01    -7.51678445453038E-01     6.08212904060281E-01     1.94040151152179E-01    -1.19803183369898E-01    -6.55859949283386E-02
C TZVP-MOLOPT-PBE0-GTH-q4
 1
 2 0 2 5 3 3 1
         5.37649556675185    -1.22404309942338E-01     1.51052142999233E-01    -2.91603005508096E-01    -1.02230399503479E-01     7.40025761345854E-02     8.94622998880541E-02    -3.33102657255285E-02
         1.95241253925289    -1.29373346346520E-01     2.06617207371748E-01    -1.01805179489666E-01    -3.09172408281985E-01     2.20213934213870E-01     3.39999059653624E-01     2.24862943378639E-01
         0.69884308058897     4.93419910923422E-01    -4.42585619435647E-01     6.21910558850215E-01    -6.76608029554237E-01     4.84079784827656E-01     2.48477330781687E-01     7.92785845721874E-01
         0.25544398452951     7.50469724701437E-01    -1.05635637414093E-01    -6.44963922243512E-01    -6.23090735983644E-01    -3.82982660790289E-01    -6.66883209981747E-01     5.31193096205402E-01
         0.08778128068034     4.02009584429917E-01     8.52907768337305E-01     3.19142896525366E-01    -2.18908374551020E-01    -7.51678445453038E-01     6.08212904060281E-01     1.94040151152179E-01
C DZVP-MOLOPT-PBE0-GTH-q4
 1
 2 0 2 5 2 2 1
         5.37649556675185    -1.22404309942338E-01     1.51052142999233E-01    -1.02230399503479E-01     7.40025761345854E-02    -3.33102657255285E-02
         1.95241253925289    -1.29373346346520E-01     2.06617207371748E-01    -3.09172408281985E-01     2.20213934213870E-01     2.24862943378639E-01
         0.69884308058897     4.93419910923422E-01    -4.42585619435647E-01    -6.76608029554237E-01     4.84079784827656E-01     7.92785845721874E-01
         0.25544398452951     7.50469724701437E-01    -1.05635637414093E-01    -6.23090735983644E-01    -3.82982660790289E-01     5.31193096205402E-01
         0.08778128068034     4.02009584429917E-01     8.52907768337305E-01    -2.18908374551020E-01    -7.51678445453038E-01     1.94040151152179E-01
N TZV2P-MOLOPT-PBE0-GTH-Q5
 1
 2 0 3 5 3 3 2 1
         7.73191180652741    -1.29328265668785E-01     9.16398588113292E-02    -1.74094264181081E-01    -9.93933540194857E-02     4.77455982212432E-02     6.41071280080208E-02    -7.29200672641234E-03    -9.75208123331965E-02     4.93527421522671E-02
         2.85057084952924    -1.45350914286028E-01     1.33224641925486E-01    -2.14698468180059E-01    -3.12409705172060E-01     1.26174183517461E-01     2.09195546059139E-01     8.15946595948134E-02    -3.61267688090043E-01     1.99171008294586E-02
         1.00330603111170     4.72662187215565E-01    -3.68726429496676E-01     7.07590182561616E-01    -6.57053215090823E-01     3.52892900056040E-01     5.21322976210574E-01     7.72646415003236E-01    -5.56843407668918E-01     1.49374909683646E-01
         0.37172658231290     7.89643957793047E-01    -1.29264814983625E-01    -5.99699224353350E-01    -6.43410477137827E-01    -1.20259762045036E-01    -7.55319844919121E-01     6.17550363213716E-01     7.41498654259907E-01     9.81999711234545E-01
         0.12323676002417     3.39411532085830E-01     9.06192451336220E-01     2.51540710010912E-01    -2.16391237667221E-01    -9.18043911796765E-01     3.31423876620087E-01     1.22221947459383E-01     8.97294658200145E-03    -1.02622217033511E-01
N TZVP-MOLOPT-PBE0-GTH-q5
 1
 2 0 2 5 3 3 1
         7.73191180652741    -1.29328265668785E-01     9.16398588113292E-02    -1.74094264181081E-01    -9.93933540194857E-02     4.77455982212432E-02     6.41071280080208E-02    -7.29200672641234E-03
         2.85057084952924    -1.45350914286028E-01     1.33224641925486E-01    -2.14698468180059E-01    -3.12409705172060E-01     1.26174183517461E-01     2.09195546059139E-01     8.15946595948134E-02
         1.00330603111170     4.72662187215565E-01    -3.68726429496676E-01     7.07590182561616E-01    -6.57053215090823E-01     3.52892900056040E-01     5.21322976210574E-01     7.72646415003236E-01
         0.37172658231290     7.89643957793047E-01    -1.29264814983625E-01    -5.99699224353350E-01    -6.43410477137827E-01    -1.20259762045036E-01    -7.55319844919121E-01     6.17550363213716E-01
         0.12323676002417     3.39411532085830E-01     9.06192451336220E-01     2.51540710010912E-01    -2.16391237667221E-01    -9.18043911796765E-01     3.31423876620087E-01     1.22221947459383E-01
N DZVP-MOLOPT-PBE0-GTH-q5
 1
 2 0 2 5 2 2 1
         7.73191180652741    -1.29328265668785E-01     9.16398588113292E-02    -9.93933540194857E-02     4.77455982212432E-02    -7.29200672641234E-03
         2.85057084952924    -1.45350914286028E-01     1.33224641925486E-01    -3.12409705172060E-01     1.26174183517461E-01     8.15946595948134E-02
         1.00330603111170     4.72662187215565E-01    -3.68726429496676E-01    -6.57053215090823E-01     3.52892900056040E-01     7.72646415003236E-01
         0.37172658231290     7.89643957793047E-01    -1.29264814983625E-01    -6.43410477137827E-01    -1.20259762045036E-01     6.17550363213716E-01
         0.12323676002417     3.39411532085830E-01     9.06192451336220E-01    -2.16391237667221E-01    -9.18043911796765E-01     1.22221947459383E-01
O TZV2P-MOLOPT-PBE0-GTH-Q6
 1
 2 0 3 5 3 3 2 1
        10.34082423621691    -1.29825249634708E-01     8.18793043945144E-02    -1.54163825083534E-01    -9.31315963557027E-02     6.07168741616306E-02     5.24249215362800E-02    -1.46443819746845E-04    -1.35615599706110E-01    -4.53627038333396E-02
         3.64864310376424    -1.27684551447027E-01     1.02649506262870E-01    -2.90598920673850E-01    -3.10412801135525E-01     1.66218217874094E-01     1.57277538743803E-01     4.82789843051162E-02    -2.03664714425298E-01    -7.75510089052828E-02
         1.25503633997207     5.26487514579900E-01    -3.65113179366377E-01     6.61471073309150E-01    -5.97863015525008E-01     4.26686208369503E-01     5.52189434348781E-01     7.18155124032992E-01    -6.65039106707507E-01     7.74070424398802E-02
         0.43936673910305     7.72667288737258E-01    -8.21060762059065E-02    -6.24492813862270E-01    -6.48920500304752E-01    -1.50379113770831E-02    -7.55332729990090E-01     6.93882202281484E-01     7.03924405563841E-01     9.92909576133937E-01
         0.14295518532255     3.04365270334762E-01     9.17992274956007E-01     2.53476876555698E-01    -3.41221918409427E-01    -8.86790677695403E-01     3.11568128998934E-01    -2.12090879301656E-02     4.83994939610748E-02     8.17248560335443E-03
O TZVP-MOLOPT-PBE0-GTH-q6
 1
 2 0 2 5 3 3 1
        10.34082423621691    -1.29825249634708E-01     8.18793043945144E-02    -1.54163825083534E-01    -9.31315963557027E-02     6.07168741616306E-02     5.24249215362800E-02    -1.46443819746845E-04
         3.64864310376424    -1.27684551447027E-01     1.02649506262870E-01    -2.90598920673850E-01    -3.10412801135525E-01     1.66218217874094E-01     1.57277538743803E-01     4.82789843051162E-02
         1.25503633997207     5.26487514579900E-01    -3.65113179366377E-01     6.61471073309150E-01    -5.97863015525008E-01     4.26686208369503E-01     5.52189434348781E-01     7.18155124032992E-01
         0.43936673910305     7.72667288737258E-01    -8.21060762059065E-02    -6.24492813862270E-01    -6.48920500304752E-01    -1.50379113770831E-02    -7.55332729990090E-01     6.93882202281484E-01
         0.14295518532255     3.04365270334762E-01     9.17992274956007E-01     2.53476876555698E-01    -3.41221918409427E-01    -8.86790677695403E-01     3.11568128998934E-01    -2.12090879301656E-02
O DZVP-MOLOPT-PBE0-GTH-q6
 1
 2 0 2 5 2 2 1
        10.34082423621691    -1.29825249634708E-01     8.18793043945144E-02    -9.31315963557027E-02     6.07168741616306E-02    -1.46443819746845E-04
         3.64864310376424    -1.27684551447027E-01     1.02649506262870E-01    -3.10412801135525E-01     1.66218217874094E-01     4.82789843051162E-02
         1.25503633997207     5.26487514579900E-01    -3.65113179366377E-01    -5.97863015525008E-01     4.26686208369503E-01     7.18155124032992E-01
         0.43936673910305     7.72667288737258E-01    -8.21060762059065E-02    -6.48920500304752E-01    -1.50379113770831E-02     6.93882202281484E-01
         0.14295518532255     3.04365270334762E-01     9.17992274956007E-01    -3.41221918409427E-01    -8.86790677695403E-01    -2.12090879301656E-02
F TZV2P-MOLOPT-PBE0-GTH-Q7
 1
 2 0 3 5 3 3 2 1
        13.31501907729122     1.31813146289282E-01    -5.24225688764356E-02    -5.17923286744451E-01    -9.80506809064632E-02     4.64420401614479E-02     6.35659142568778E-02     4.89385522399914E-03     1.52535072278595E-01     5.41962851226601E-02
         4.62512020147175     1.34547810393351E-01    -5.37398783766778E-02    -2.73506612070950E-02    -3.12727206728056E-01     1.25929415842544E-01     1.88833971660508E-01     2.30296758923593E-02    -1.84322551941015E-01     3.68925101794283E-02
         1.62272294024072    -5.51865766775749E-01     1.65440705311574E-01    -7.34790083225985E-01    -5.86706702362430E-01     2.77907352966805E-01     6.51110127867809E-01     5.26472480151814E-01    -8.13967424463323E-01     8.50449987353287E-02
         0.55216173678272    -7.87309125215089E-01     1.14519053917377E-01     4.34902286738320E-01    -6.52997838515906E-01     1.82287680337408E-01    -7.27945836193775E-01     8.49582617686734E-01     5.11993820603492E-01     9.94034575948952E-01
         0.17330337957192    -2.00276553789357E-01    -9.76667117835106E-01    -4.41695026221838E-02    -3.49223175694863E-01    -9.33554296168888E-01     8.03216449515110E-02    -2.19496600587510E-02     1.34452996051777E-01    -1.90870474316679E-02
F TZVP-MOLOPT-PBE0-GTH-q7
 1
 2 0 2 5 3 3 1
        13.31501907729122     1.31813146289282E-01    -5.24225688764356E-02    -5.17923286744451E-01    -9.80506809064632E-02     4.64420401614479E-02     6.35659142568778E-02     4.89385522399914E-03
         4.62512020147175     1.34547810393351E-01    -5.37398783766778E-02    -2.73506612070950E-02    -3.12727206728056E-01     1.25929415842544E-01     1.88833971660508E-01     2.30296758923593E-02
         1.62272294024072    -5.51865766775749E-01     1.65440705311574E-01    -7.34790083225985E-01    -5.86706702362430E-01     2.77907352966805E-01     6.51110127867809E-01     5.26472480151814E-01
         0.55216173678272    -7.87309125215089E-01     1.14519053917377E-01     4.34902286738320E-01    -6.52997838515906E-01     1.82287680337408E-01    -7.27945836193775E-01     8.49582617686734E-01
         0.17330337957192    -2.00276553789357E-01    -9.76667117835106E-01    -4.41695026221838E-02    -3.49223175694863E-01    -9.33554296168888E-01     8.03216449515110E-02    -2.19496600587510E-02
F DZVP-MOLOPT-PBE0-GTH-q7
 1
 2 0 2 5 2 2 1
        13.31501907729122     1.31813146289282E-01    -5.24225688764356E-02    -9.80506809064632E-02     4.64420401614479E-02     4.89385522399914E-03
         4.62512020147175     1.34547810393351E-01    -5.37398783766778E-02    -3.12727206728056E-01     1.25929415842544E-01     2.30296758923593E-02
         1.62272294024072    -5.51865766775749E-01     1.65440705311574E-01    -5.86706702362430E-01     2.77907352966805E-01     5.26472480151814E-01
         0.55216173678272    -7.87309125215089E-01     1.14519053917377E-01    -6.52997838515906E-01     1.82287680337408E-01     8.49582617686734E-01
         0.17330337957192    -2.00276553789357E-01    -9.76667117835106E-01    -3.49223175694863E-01    -9.33554296168888E-01    -2.19496600587510E-02
