H TZV2P-MOLOPT-PBE0-GTH-Q1
 1
 2 0 2 5 3 2 1
         9.40376558777484     4.99921878262584E-02    -6.01760463447986E-02    -8.49063115645261E-02    -1.91917949580623E-02     4.46467037631017E-03     0.00000000000000E+00
         2.19236236036235     2.07750616603128E-01    -2.48729761572598E-01    -3.52079709614719E-01     2.15445332744891E-01    -5.01199808002492E-02     0.00000000000000E+00
         0.70785664525623     4.72336308767911E-01    -3.21210746148036E-01    -6.61682419122297E-01     4.86508963896186E-01    -1.13178687228741E-01     0.00000000000000E+00
         0.37495748172786     5.41895273351049E-01     8.33122255305197E-01    -7.64125158845006E-02     2.26583896119400E-01     9.73991651924878E-01     1.00000000000000E+00
         0.15142571456720     6.61504638378795E-01    -3.70463646568122E-01     6.52049307932145E-01     8.15587977886349E-01    -1.89733763418216E-01     0.00000000000000E+00
H TZVP-MOLOPT-PBE0-GTH-q1
 1
 2 0 1 5 3 1
         9.40376558777484     4.99921878262584E-02    -6.01760463447986E-02    -8.49063115645261E-02    -1.91917949580623E-02
         2.19236236036235     2.07750616603128E-01    -2.48729761572598E-01    -3.52079709614719E-01     2.15445332744891E-01
         0.70785664525623     4.72336308767911E-01    -3.21210746148036E-01    -6.61682419122297E-01     4.86508963896186E-01
         0.37495748172786     5.41895273351049E-01     8.33122255305197E-01    -7.64125158845006E-02     2.26583896119400E-01
         0.15142571456720     6.61504638378795E-01    -3.70463646568122E-01     6.52049307932145E-01     8.15587977886349E-01
H DZVP-MOLOPT-PBE0-GTH-q1
 1
 2 0 1 5 2 1
         9.40376558777484     4.99921878262584E-02    -6.01760463447986E-02    -1.91917949580623E-02
         2.19236236036235     2.07750616603128E-01    -2.48729761572598E-01     2.15445332744891E-01
         0.70785664525623     4.72336308767911E-01    -3.21210746148036E-01     4.86508963896186E-01
         0.37495748172786     5.41895273351049E-01     8.33122255305197E-01     2.26583896119400E-01
         0.15142571456720     6.61504638378795E-01    -3.70463646568122E-01     8.15587977886349E-01
B TZV2P-MOLOPT-PBE0-GTH-Q3
 1
 2 0 3 5 3 3 2 1
         3.67479481725273    -1.49169015219203E-01     1.31158306679391E-01    -6.57301420300681E-01    -7.45125327617892E-02     8.93586451177122E-02     1.37353433262026E-01    -1.19384552256087E-01     1.71014508741439E-01     0.00000000000000E+00
         1.42570678835317    -2.38240312967864E-01     1.37417551034243E-01    -5.41702155037463E-01    -1.34913821793086E-01     3.08930582125295E-01     8.22419798444267E-01     2.91842079464746E-01    -4.18054337069382E-01     0.00000000000000E+00
         0.56491722285073     4.27612783683365E-01    -1.43422974516721E-01     2.44440549350118E-01    -5.13242614408558E-01     4.06942382230734E-01     1.32855691828331E-01     4.55597071930918E-01    -6.52628065925769E-01     0.00000000000000E+00
         0.21332352291263     8.23716414846635E-01    -1.46675434003278E-01    -4.42968680549357E-01    -6.17755243114709E-01     3.21642341756561E-01    -4.95819246965046E-01     8.19964688667821E-01     5.72414106515452E-01     1.00000000000000E+00
         0.07050901715185     2.44189953352463E-01     9.60119827259844E-01     1.36166016260483E-01    -5.75505535603231E-01    -7.92162249481875E-01     2.03155972065442E-01     1.43752379883476E-01    -2.05920633462290E-01     0.00000000000000E+00
B TZVP-MOLOPT-PBE0-GTH-q3
 1
 2 0 2 5 3 3 1
         3.67479481725273    -1.49169015219203E-01     1.31158306679391E-01    -6.57301420300681E-01    -7.45125327617892E-02     8.93586451177122E-02     1.37353433262026E-01    -1.19384552256087E-01
         1.42570678835317    -2.38240312967864E-01     1.37417551034243E-01    -5.41702155037463E-01    -1.34913821793086E-01     3.08930582125295E-01     8.22419798444267E-01     2.91842079464746E-01
         0.56491722285073     4.27612783683365E-01    -1.43422974516721E-01     2.44440549350118E-01    -5.13242614408558E-01     4.06942382230734E-01     1.32855691828331E-01     4.55597071930918E-01
         0.21332352291263     8.23716414846635E-01    -1.46675434003278E-01    -4.42968680549357E-01    -6.17755243114709E-01     3.21642341756561E-01    -4.95819246965046E-01     8.19964688667821E-01
         0.07050901715185     2.44189953352463E-01     9.60119827259844E-01     1.36166016260483E-01    -5.75505535603231E-01    -7.92162249481875E-01     2.03155972065442E-01     1.43752379883476E-01
B DZVP-MOLOPT-PBE0-GTH-q3
 1
 2 0 2 5 2 2 1
         3.67479481725273    -1.49169015219203E-01     1.31158306679391E-01    -7.45125327617892E-02     8.93586451177122E-02    -1.19384552256087E-01
         1.42570678835317    -2.38240312967864E-01     1.37417551034243E-01    -1.34913821793086E-01     3.08930582125295E-01     2.91842079464746E-01
         0.56491722285073     4.27612783683365E-01    -1.43422974516721E-01    -5.13242614408558E-01     4.06942382230734E-01     4.55597071930918E-01
         0.21332352291263     8.23716414846635E-01    -1.46675434003278E-01    -6.17755243114709E-01     3.21642341756561E-01     8.19964688667821E-01
         0.07050901715185     2.44189953352463E-01     9.60119827259844E-01    -5.75505535603231E-01    -7.92162249481875E-01     1.43752379883476E-01
C TZV2P-MOLOPT-PBE0-GTH-Q4
 1
 2 0 3 5 3 3 2 1
         5.37649556675185    -1.44265907413234E-01     1.35854059550603E-01    -2.13197874290618E-01    -8.41512637171397E-02     9.21109708966300E-02     6.74291183141158E-02    -7.70553479736553E-02     6.12371644061524E-02     0.00000000000000E+00
         1.95241253925289    -1.68680005155043E-01     1.78238099371238E-01    -2.92821233202732E-01    -2.44095661853109E-01     3.06514688333290E-01     2.50451138853911E-01     2.57439306611045E-01    -2.04591291300590E-01     0.00000000000000E+00
         0.69884308058897     5.71029674845522E-01    -4.02285249274461E-01     5.39752940487112E-01    -5.74583617115964E-01     5.56701871465305E-01     3.59652669430003E-01     7.13674740400033E-01    -5.67169165537178E-01     0.00000000000000E+00
         0.25544398452951     7.49535313498969E-01     7.69435559963982E-02    -6.49881993091841E-01    -6.71998850924718E-01    -1.65130141105776E-01    -7.17888542937528E-01     6.22169668051394E-01     7.82882433164021E-01     1.00000000000000E+00
         0.08778128068034     2.50711643293545E-01     8.84319581284370E-01     3.93856001698700E-01    -3.89367543558904E-01    -7.48584916814278E-01     5.36668928056270E-01     1.77089654785496E-01    -1.40736088927090E-01     0.00000000000000E+00
C TZVP-MOLOPT-PBE0-GTH-q4
 1
 2 0 2 5 3 3 1
         5.37649556675185    -1.44265907413234E-01     1.35854059550603E-01    -2.13197874290618E-01    -8.41512637171397E-02     9.21109708966300E-02     6.74291183141158E-02    -7.70553479736553E-02
         1.95241253925289    -1.68680005155043E-01     1.78238099371238E-01    -2.92821233202732E-01    -2.44095661853109E-01     3.06514688333290E-01     2.50451138853911E-01     2.57439306611045E-01
         0.69884308058897     5.71029674845522E-01    -4.02285249274461E-01     5.39752940487112E-01    -5.74583617115964E-01     5.56701871465305E-01     3.59652669430003E-01     7.13674740400033E-01
         0.25544398452951     7.49535313498969E-01     7.69435559963982E-02    -6.49881993091841E-01    -6.71998850924718E-01    -1.65130141105776E-01    -7.17888542937528E-01     6.22169668051394E-01
         0.08778128068034     2.50711643293545E-01     8.84319581284370E-01     3.93856001698700E-01    -3.89367543558904E-01    -7.48584916814278E-01     5.36668928056270E-01     1.77089654785496E-01
C DZVP-MOLOPT-PBE0-GTH-q4
 1
 2 0 2 5 2 2 1
         5.37649556675185    -1.44265907413234E-01     1.35854059550603E-01    -8.41512637171397E-02     9.21109708966300E-02    -7.70553479736553E-02
         1.95241253925289    -1.68680005155043E-01     1.78238099371238E-01    -2.44095661853109E-01     3.06514688333290E-01     2.57439306611045E-01
         0.69884308058897     5.71029674845522E-01    -4.02285249274461E-01    -5.74583617115964E-01     5.56701871465305E-01     7.13674740400033E-01
         0.25544398452951     7.49535313498969E-01     7.69435559963982E-02    -6.71998850924718E-01    -1.65130141105776E-01     6.22169668051394E-01
         0.08778128068034     2.50711643293545E-01     8.84319581284370E-01    -3.89367543558904E-01    -7.48584916814278E-01     1.77089654785496E-01
N TZV2P-MOLOPT-PBE0-GTH-Q5
 1
 2 0 3 5 3 3 2 1
         7.73191180652741    -1.43728202695299E-01     6.79133074359100E-02    -1.45985761838346E-01    -9.46835665226891E-02     5.88833445447371E-02     6.97275014140559E-02    -1.05487683204856E-01     1.02565697194215E-01     0.00000000000000E+00
         2.85057084952924    -1.69403887693951E-01     1.02718419820456E-01    -2.51750562338831E-01    -2.99427034574958E-01     1.63321045670018E-01     1.62907853191662E-01     1.70958696638849E-01    -1.66223177715697E-01     0.00000000000000E+00
         1.00330603111170     5.41928379205574E-01    -2.94771727300327E-01     6.86468290270835E-01    -6.25210896643948E-01     4.16110322818986E-01     5.29097745634304E-01     6.83189165943060E-01    -6.64264973801782E-01     0.00000000000000E+00
         0.37172658231290     7.91672169352667E-01     2.81277703581647E-02    -6.09458447349101E-01    -6.51845230074399E-01    -8.38544792117754E-02    -7.50947334877039E-01     6.97107139748208E-01     7.16966969749704E-01     1.00000000000000E+00
         0.12323676002417     1.73819833932196E-01     9.47182752282665E-01     2.69502317448329E-01    -2.92553591574459E-01    -8.88639191874902E-01     3.53175286112726E-01     8.33046936595817E-02    -8.09971716617642E-02     0.00000000000000E+00
N TZVP-MOLOPT-PBE0-GTH-q5
 1
 2 0 2 5 3 3 1
         7.73191180652741    -1.43728202695299E-01     6.79133074359100E-02    -1.45985761838346E-01    -9.46835665226891E-02     5.88833445447371E-02     6.97275014140559E-02    -1.05487683204856E-01
         2.85057084952924    -1.69403887693951E-01     1.02718419820456E-01    -2.51750562338831E-01    -2.99427034574958E-01     1.63321045670018E-01     1.62907853191662E-01     1.70958696638849E-01
         1.00330603111170     5.41928379205574E-01    -2.94771727300327E-01     6.86468290270835E-01    -6.25210896643948E-01     4.16110322818986E-01     5.29097745634304E-01     6.83189165943060E-01
         0.37172658231290     7.91672169352667E-01     2.81277703581647E-02    -6.09458447349101E-01    -6.51845230074399E-01    -8.38544792117754E-02    -7.50947334877039E-01     6.97107139748208E-01
         0.12323676002417     1.73819833932196E-01     9.47182752282665E-01     2.69502317448329E-01    -2.92553591574459E-01    -8.88639191874902E-01     3.53175286112726E-01     8.33046936595817E-02
N DZVP-MOLOPT-PBE0-GTH-q5
 1
 2 0 2 5 2 2 1
         7.73191180652741    -1.43728202695299E-01     6.79133074359100E-02    -9.46835665226891E-02     5.88833445447371E-02    -1.05487683204856E-01
         2.85057084952924    -1.69403887693951E-01     1.02718419820456E-01    -2.99427034574958E-01     1.63321045670018E-01     1.70958696638849E-01
         1.00330603111170     5.41928379205574E-01    -2.94771727300327E-01    -6.25210896643948E-01     4.16110322818986E-01     6.83189165943060E-01
         0.37172658231290     7.91672169352667E-01     2.81277703581647E-02    -6.51845230074399E-01    -8.38544792117754E-02     6.97107139748208E-01
         0.12323676002417     1.73819833932196E-01     9.47182752282665E-01    -2.92553591574459E-01    -8.88639191874902E-01     8.33046936595817E-02
O TZV2P-MOLOPT-PBE0-GTH-Q6
 1
 2 0 3 5 3 3 2 1
        10.34082423621691    -1.35471995421340E-01     6.52248591911249E-02    -1.23135092992337E-01    -9.47914764323301E-02     5.35187940839027E-02     8.01310056281741E-02    -1.24802583115412E-02     1.42318152498181E-02     0.00000000000000E+00
         3.64864310376424    -1.37229228491611E-01     9.72101295675209E-02    -2.43701895142008E-01    -3.15076543225045E-01     1.42382834578136E-01     1.32410123504781E-01     7.19294320703716E-02    -8.20244551591698E-02     0.00000000000000E+00
         1.25503633997207     5.56468817719137E-01    -3.14735471845088E-01     6.84656775163537E-01    -6.10679134934315E-01     3.65204590090252E-01     5.93249485769659E-01     6.34007888463729E-01    -7.22988491928801E-01     0.00000000000000E+00
         0.43936673910305     7.74958495228934E-01    -2.40485789038745E-02    -6.29244511578508E-01    -6.48906523820734E-01     2.16977003571571E-02    -7.51566349993084E-01     7.51858366819853E-01     6.59324651626939E-01     1.00000000000000E+00
         0.14295518532255     2.29340931547182E-01     9.41625805226321E-01     2.46462127007281E-01    -3.12622240737769E-01    -9.18159944820902E-01     2.43412510612283E-01    -1.65569905367066E-01     1.88807013868846E-01     0.00000000000000E+00
O TZVP-MOLOPT-PBE0-GTH-q6
 1
 2 0 2 5 3 3 1
        10.34082423621691    -1.35471995421340E-01     6.52248591911249E-02    -1.23135092992337E-01    -9.47914764323301E-02     5.35187940839027E-02     8.01310056281741E-02    -1.24802583115412E-02
         3.64864310376424    -1.37229228491611E-01     9.72101295675209E-02    -2.43701895142008E-01    -3.15076543225045E-01     1.42382834578136E-01     1.32410123504781E-01     7.19294320703716E-02
         1.25503633997207     5.56468817719137E-01    -3.14735471845088E-01     6.84656775163537E-01    -6.10679134934315E-01     3.65204590090252E-01     5.93249485769659E-01     6.34007888463729E-01
         0.43936673910305     7.74958495228934E-01    -2.40485789038745E-02    -6.29244511578508E-01    -6.48906523820734E-01     2.16977003571571E-02    -7.51566349993084E-01     7.51858366819853E-01
         0.14295518532255     2.29340931547182E-01     9.41625805226321E-01     2.46462127007281E-01    -3.12622240737769E-01    -9.18159944820902E-01     2.43412510612283E-01    -1.65569905367066E-01
O DZVP-MOLOPT-PBE0-GTH-q6
 1
 2 0 2 5 2 2 1
        10.34082423621691    -1.35471995421340E-01     6.52248591911249E-02    -9.47914764323301E-02     5.35187940839027E-02    -1.24802583115412E-02
         3.64864310376424    -1.37229228491611E-01     9.72101295675209E-02    -3.15076543225045E-01     1.42382834578136E-01     7.19294320703716E-02
         1.25503633997207     5.56468817719137E-01    -3.14735471845088E-01    -6.10679134934315E-01     3.65204590090252E-01     6.34007888463729E-01
         0.43936673910305     7.74958495228934E-01    -2.40485789038745E-02    -6.48906523820734E-01     2.16977003571571E-02     7.51858366819853E-01
         0.14295518532255     2.29340931547182E-01     9.41625805226321E-01    -3.12622240737769E-01    -9.18159944820902E-01    -1.65569905367066E-01
F TZV2P-MOLOPT-PBE0-GTH-Q7
 1
 2 0 3 5 3 3 2 1
        13.31501907729122     1.35855575390312E-01    -3.25622663108524E-02    -4.29873570377348E-01    -9.85981648317603E-02     4.26196574547453E-02     1.24661752079522E-01    -4.77113665749246E-02     1.07524623677485E-01     0.00000000000000E+00
         4.62512020147175     1.37355257839925E-01    -1.26557679140256E-02     5.26569598269681E-03    -3.13429661554665E-01     1.21964609818376E-01     1.56623246734799E-01     9.40080966038833E-02    -2.11861154597104E-01     0.00000000000000E+00
         1.62272294024072    -5.57474444450986E-01     1.66549910185182E-02    -7.74775400103122E-01    -5.89593917645244E-01     2.50262930912895E-01     6.64021486242163E-01     3.86285062694990E-01    -8.70550541311509E-01     0.00000000000000E+00
         0.55216173678272    -8.01982729324989E-01     9.65632155620261E-02     4.61307374518552E-01    -6.55346120037107E-01     1.96020434380940E-01    -7.18468823125493E-01     9.14055436603733E-01     4.05589273545492E-01     1.00000000000000E+00
         0.17330337957192    -9.33956178179728E-02    -9.94574123444654E-01     4.58210819022955E-02    -3.39029090754143E-01    -9.39283052900608E-01     5.29775627613483E-02    -6.45957616748596E-02     1.45576106153710E-01     0.00000000000000E+00
F TZVP-MOLOPT-PBE0-GTH-q7
 1
 2 0 2 5 3 3 1
        13.31501907729122     1.35855575390312E-01    -3.25622663108524E-02    -4.29873570377348E-01    -9.85981648317603E-02     4.26196574547453E-02     1.24661752079522E-01    -4.77113665749246E-02
         4.62512020147175     1.37355257839925E-01    -1.26557679140256E-02     5.26569598269681E-03    -3.13429661554665E-01     1.21964609818376E-01     1.56623246734799E-01     9.40080966038833E-02
         1.62272294024072    -5.57474444450986E-01     1.66549910185182E-02    -7.74775400103122E-01    -5.89593917645244E-01     2.50262930912895E-01     6.64021486242163E-01     3.86285062694990E-01
         0.55216173678272    -8.01982729324989E-01     9.65632155620261E-02     4.61307374518552E-01    -6.55346120037107E-01     1.96020434380940E-01    -7.18468823125493E-01     9.14055436603733E-01
         0.17330337957192    -9.33956178179728E-02    -9.94574123444654E-01     4.58210819022955E-02    -3.39029090754143E-01    -9.39283052900608E-01     5.29775627613483E-02    -6.45957616748596E-02
F DZVP-MOLOPT-PBE0-GTH-q7
 1
 2 0 2 5 2 2 1
        13.31501907729122     1.35855575390312E-01    -3.25622663108524E-02    -9.85981648317603E-02     4.26196574547453E-02    -4.77113665749246E-02
         4.62512020147175     1.37355257839925E-01    -1.26557679140256E-02    -3.13429661554665E-01     1.21964609818376E-01     9.40080966038833E-02
         1.62272294024072    -5.57474444450986E-01     1.66549910185182E-02    -5.89593917645244E-01     2.50262930912895E-01     3.86285062694990E-01
         0.55216173678272    -8.01982729324989E-01     9.65632155620261E-02    -6.55346120037107E-01     1.96020434380940E-01     9.14055436603733E-01
         0.17330337957192    -9.33956178179728E-02    -9.94574123444654E-01    -3.39029090754143E-01    -9.39283052900608E-01    -6.45957616748596E-02
