CU SVP-MOLOPT-PBE-AE
 4
 1 0 0 6 1
     76381.25186170310189     2.91224326629756E-03
     11468.74453314226957     2.03237704475112E-02
      2609.35295382368895     1.05663515904995E-01
       736.76602372833975     3.51089847402129E-01
       239.59939106885830     7.46798291472834E-01
        80.63608964453847     5.54474449821590E-01
 1 0 0 8 4
       160.02761669740499    -1.37930816944625E-01     2.99466363251297E-03    -4.38415402967324E-04     2.67097061763498E-02
        18.89641058201627     7.94143162655277E-01    -7.34861234256702E-02    -6.41048885496648E-03    -1.14458214747916E-01
        13.58116767456440    -1.26096838543246E-02    -1.80873606381581E-01     5.03213135984049E-02    -4.59865141251510E-02
         7.81908433039038     5.70769748066656E-01    -6.01942509838160E-02    -1.07361135955734E-02    -4.66618864358307E-02
         2.33546394912571     7.59311443628673E-02     8.03112926116868E-01    -2.38665308304859E-01    -7.41698721566310E-02
         0.90672033564118    -7.11471638288964E-03     4.59181434286045E-01    -1.04382466812921E-01    -2.79973821260114E-01
         0.14658253361646     4.28111266748340E-02     2.73884117978048E-01     9.59671875862693E-01     4.30993218882254E-02
         0.04756485006304     1.29327750576784E-01     1.65534711003499E-01    -9.21101329884247E-02     9.46651866037148E-01
 1 1 1 5 1
       991.28842421617560     1.41337922441745E-02
       233.65006430087348     9.80237763883576E-02
        73.58183050347607     4.04072848263976E-01
        25.38674005113665     7.91846159804826E-01
         9.27256059839352     4.47097716028109E-01
 1 1 3 5 2 2 1
        14.85972193985725     2.79275289321661E-02     2.35957225076319E-03     3.55605342356703E-01    -2.35828123831193E-02     1.20009157896210E-01
         4.29121609195134     5.89036303043385E-01    -2.40906378442929E-01     5.51731031066710E-01     2.28891885400787E-01    -9.75245090737133E-02
         1.48045354281376     6.96962055854513E-01    -2.99116878203751E-01     7.15241306634785E-01     3.13951066999914E-02     3.34599941151026E-01
         0.45605497054622     2.34755279997909E-01     2.16000730727520E-01     3.18205024781798E-03     7.69261159998391E-01     7.15259109490539E-01
         0.12197931315559     3.33751611287316E-01     8.97681082981660E-01    -2.39911353805992E-01     5.95234383038313E-01     5.93745785520625E-01

CU TZVPP-MOLOPT-PBE-AE
 4
 1 0 0 8 1
    377518.86036914272700     4.14442060448687E-04
     56589.98190233513742     3.11627219539168E-03
     12878.61357210087408     1.64153847898736E-02
      3645.32489644072348     6.57956192963362E-02
      1187.10952275209729     2.15343998095026E-01
       426.54748942909333     5.11100701298619E-01
       165.72829117049534     7.32317149640276E-01
        65.35683374761827     3.89237994892901E-01
 1 0 1 6 1 1
      2034.72235918422325    -2.50826902503152E-03     4.12266262030138E-03
       481.94680422769505    -2.64070021731578E-02     3.48906968926493E-02
       154.60032561874371    -1.28994981353190E-01     1.59435379281509E-01
        57.72632953053870    -7.96944545676351E-02     4.72396081436492E-01
        22.82262805007478     6.47057736987998E-01     7.57342853630458E-01
         9.36396735526863     7.46740753222665E-01     4.20261522215570E-01
 1 0 2 4 1 1 1
        74.09388185259014     4.07535231009745E-02    -1.36409167190610E-02     3.59074442036231E-02
        21.13044942941402    -3.22339020722153E-01    -6.88357380243256E-02     2.14497250078273E-01
         7.86038365470471    -3.89508143241444E-01     2.51392616564829E-01     5.08954730513716E-01
         2.86450067208638     8.61812109698712E-01     9.65337929897297E-01     8.32866536395438E-01
 1 0 4 4 3 3 3 2 1
         4.94237559687662    -3.23693335024417E-02    -7.45949056560391E-02     2.80067787079009E-02     8.35985979342516E-02    -8.58839677680091E-02     9.47502786906428E-02     9.37893137889965E-02     9.09781052355364E-02     1.36180291128852E-01     9.55410635437402E-01    -1.41486758228814E-01     5.08843809897515E-01
         1.08407571424056     9.61634925436144E-01     1.75441655343495E-01    -2.04852921802005E-01     9.93941000287400E-01    -6.38580404719848E-03    -7.80247162173323E-02     9.95365904562372E-01    -2.30251932124211E-02    -2.81010066430944E-02    -5.47943786748956E-02     7.76902171444072E-01     8.56630687776780E-01
         0.34200842317271    -2.48692831260640E-01     8.81360728373180E-01    -3.95713943207714E-01    -3.08456330472223E-03     9.68979028226888E-01    -2.23293584827595E-01     1.50510534858326E-02     9.94812288908754E-01     2.59633133218606E-02     2.89375209919412E-01     6.13412593335270E-01    -6.32021425502374E-02
         0.09372209942154     1.11186204673040E-01     4.32272011703278E-01     8.94796835000320E-01     7.12954966342788E-02     2.31652343919870E-01     9.66992504273995E-01     1.49581563933069E-02    -3.92598354735152E-02     9.89945032865490E-01     2.12151276882623E-02     1.13799643710306E-02     5.71605726451621E-02

CU QZVPP-MOLOPT-PBE-AE
 4
 1 0 0 11 1
   5056467.87595891673118     4.78999717090066E-06
    759457.89915098168422     1.89233367966714E-04
    173524.89710290660150     7.85156823559948E-04
     49327.30849423656764     3.76829915293453E-03
     16144.18109649110920     1.18987595958649E-02
      5844.65788399005760     3.99398334771344E-02
      2284.67179383098255     1.10297442396320E-01
       948.89243412973838     2.74610480611620E-01
       413.64593769996810     5.22582247485903E-01
       187.37237415613052     6.83466211897236E-01
        86.87847990572487     4.12860347801112E-01
 1 0 1 9 1 1
      9720.48773795315356     5.85005017542383E-03     2.96343115406696E-04
      2302.70756046226234     2.51684487238052E-02     2.78974561078482E-03
       747.50419300410397     9.14351469716355E-02     1.52537452167888E-02
       284.98426914292003     3.29836520288976E-01     6.31650082859161E-02
       120.19560490375513     6.57290473431499E-01     1.97547725655896E-01
        54.14711629377458     6.33338152097409E-01     4.49834653142248E-01
        25.37589929921634    -1.97551913499964E-01     6.75335714688992E-01
        12.23811223014735    -9.14824671505088E-02     5.26939669156242E-01
         5.86209271720331     4.04478453605605E-02     1.43699592695602E-01
 1 0 2 7 5 1 1
       249.54315418122641     9.21235953845882E-02    -8.31385112969931E-02     2.85586798120654E-01    -1.85253768371771E-01     2.12899229803498E-01     2.13253551073334E-04     3.05796906115342E-03
        74.71786632408964     8.69314836806528E-03     1.48704942456118E-01    -1.69022638755422E-01     1.44082127336992E-01    -1.59510684369057E-01    -5.91133657518567E-03     2.76608833143396E-02
        28.37191743909382     9.82945140415913E-01    -1.01787648352352E-01    -9.91347521893130E-02    -5.98117104596664E-02    -6.72098774977112E-02    -3.95399313453656E-02     1.17810701918142E-01
        12.10650386261895     1.18435469072340E-01     9.64346043782025E-01     9.55879061441362E-02     1.03241001616738E-01    -3.95590731282963E-02     2.76544269712860E-02     3.44127001248159E-01
         5.22329893657264     6.32189880933313E-02    -7.67898600337064E-02     9.24588542522805E-01     1.38530022940072E-01    -1.97879192671536E-01     4.60633869439892E-01     6.55720332867727E-01
         2.52050492132418     4.36010653945779E-02    -1.49507387677041E-01    -8.78553576003178E-02     9.38775074587105E-01    -7.76779384074110E-02     7.07535909443871E-01     5.51465529815124E-01
         1.27451206153192     7.30196520406386E-02     4.90068254357180E-02     9.12372983552571E-02     1.73770045869148E-01     9.36994202017067E-01     5.33709857781528E-01     3.64471376619011E-01
 1 0 4 6 4 4 4 4 2
         6.96020395297586    -2.28981316566776E-01     1.21995055712754E-01    -5.35368907546690E-02    -1.62067630315417E-01     7.78329512643039E-02    -1.40748600687522E-01     2.19393679679044E-01     1.09603665982620E-01     4.22048068777057E-02     3.62870609029562E-02    -5.82368448091759E-03    -5.27492582963219E-02     9.91286924424374E-01     9.70073545442031E-02    -8.15177825362400E-02    -1.33277230953347E-02     7.15741350905835E-01    -3.97137106905818E-01
         1.93824903454227    -2.50596985186294E-01    -2.62908415631769E-01    -2.43628695212800E-01     2.07836803199581E-02     1.97611185855021E-02     7.25184434490550E-02    -9.16201318018411E-02    -4.35212503062014E-03     6.93367011654915E-01    -3.92665129264098E-01     5.95896181500579E-01     5.09846837329364E-02    -1.01292950212752E-01     9.93098618667048E-01    -4.68000425674740E-02    -2.24541120612034E-02     6.96747336034139E-01     4.45899500438823E-01
         0.70395298575172     8.86438257403809E-01     2.65030655155844E-01    -1.88309394259565E-02     4.81931492923622E-02     9.92996401452054E-01    -1.26561738750708E-03    -9.87021175665829E-02    -1.72451047858238E-02     7.15390432526017E-01     3.45987233033829E-01    -6.02018220264629E-01    -5.88073517241991E-02     8.02009084176000E-02     5.52341502161996E-02     9.87892967100888E-01     3.83221635881695E-02    -3.40962847219204E-02     7.98457435396140E-01
         0.31455565123106    -2.87105372612853E-01     9.16045904880090E-01    -8.98844295166084E-02    -6.68199930180266E-02     1.00277224605464E-02     9.87318582562360E-01     2.86338843133989E-02     9.66252220866216E-03     3.14248227494280E-02     8.49766102529058E-01     5.22912787592739E-01     4.52794403038591E-02     7.36733528071066E-03     1.99418484303374E-02    -3.73696793869683E-02     9.96983787991904E-01    -7.41599920672228E-03    -7.17439876811909E-02
         0.11449968528162    -4.33871644641636E-02     5.90864654485976E-04     8.94280648568628E-01    -3.75506202887855E-01     8.46029237974821E-02     9.06397192554912E-03     9.64290316256028E-01    -8.41534842403217E-02     1.70102701222698E-02    -3.44516141654246E-03    -8.52655090723388E-02     9.84761976329436E-01    -2.09118432577630E-02     2.04256654083759E-02     9.77498957427369E-02     1.27538759251508E-02     1.90634841988026E-02    -1.67001064779108E-02
         0.03848791443687    -1.21177483330774E-01     8.13306475486091E-02     3.60009953811996E-01     9.08575655806055E-01     1.58577003433986E-02     7.01184118785744E-03     5.52661143681295E-02     9.90199741732240E-01    -6.63370311434049E-02     5.17289271493021E-02    -4.17120794989908E-02     1.39116481476993E-01    -1.28919809912032E-02    -2.18863036997523E-02     6.54259707108742E-02    -6.09119163773371E-02    -2.60095795227689E-02    -2.22572316951512E-02
