CU SVP-MOLOPT-PBE-AE
 4
 1 0 0 6 1
     76381.25186170310189     2.91224326629756E-03
     11468.74453314226957     2.03237704475112E-02
      2609.35295382368895     1.05663515904995E-01
       736.76602372833975     3.51089847402129E-01
       239.59939106885830     7.46798291472834E-01
        80.63608964453847     5.54474449821590E-01
 1 0 0 8 4
       160.02761669740499    -1.37930816944625E-01     2.99466363251297E-03    -4.38415402967324E-04     2.67097061763498E-02
        18.89641058201627     7.94143162655277E-01    -7.34861234256702E-02    -6.41048885496648E-03    -1.14458214747916E-01
        13.58116767456440    -1.26096838543246E-02    -1.80873606381581E-01     5.03213135984049E-02    -4.59865141251510E-02
         7.81908433039038     5.70769748066656E-01    -6.01942509838160E-02    -1.07361135955734E-02    -4.66618864358307E-02
         2.33546394912571     7.59311443628673E-02     8.03112926116868E-01    -2.38665308304859E-01    -7.41698721566310E-02
         0.90672033564118    -7.11471638288964E-03     4.59181434286045E-01    -1.04382466812921E-01    -2.79973821260114E-01
         0.14658253361646     4.28111266748340E-02     2.73884117978048E-01     9.59671875862693E-01     4.30993218882254E-02
         0.04756485006304     1.29327750576784E-01     1.65534711003499E-01    -9.21101329884247E-02     9.46651866037148E-01
 1 1 1 5 1
       991.28842421617560     1.41337922441745E-02
       233.65006430087348     9.80237763883576E-02
        73.58183050347607     4.04072848263976E-01
        25.38674005113665     7.91846159804826E-01
         9.27256059839352     4.47097716028109E-01
 1 1 3 5 2 2 1
        14.85972193985725     2.79275289321661E-02     2.35957225076319E-03     3.55605342356703E-01    -2.35828123831193E-02     1.20009157896210E-01
         4.29121609195134     5.89036303043385E-01    -2.40906378442929E-01     5.51731031066710E-01     2.28891885400787E-01    -9.75245090737133E-02
         1.48045354281376     6.96962055854513E-01    -2.99116878203751E-01     7.15241306634785E-01     3.13951066999914E-02     3.34599941151026E-01
         0.45605497054622     2.34755279997909E-01     2.16000730727520E-01     3.18205024781798E-03     7.69261159998391E-01     7.15259109490539E-01
         0.12197931315559     3.33751611287316E-01     8.97681082981660E-01    -2.39911353805992E-01     5.95234383038313E-01     5.93745785520625E-01
H SVP-MOLOPT-PBE-AE
 1
 2 0 1 4 2 1
        12.24885489931877     9.13601065893484E-02    -2.92233653979741E-02    -2.98536765580705E-02
         1.44668572118719     5.46801357436806E-01    -1.89238960127749E-01     5.05674686289909E-01
         0.37494771895490     8.27248429081306E-01     2.01024168753657E-02     8.56401740098416E-01
         0.11192006491493     9.12230399173390E-02     9.81290224001215E-01     9.98895850325395E-02
C SVP-MOLOPT-PBE-AE
 2
 1 0 0 7 3
      1238.39426419178358    -4.78406537374023E-03     1.27146911459613E-03    -5.36949721028131E-02
       186.27092160057330     7.27577956373038E-02    -3.87014813631117E-03     3.12678868824760E-02
        40.80523427140306     2.82729712730794E-01     3.91219182986007E-02    -1.20909941390461E-01
        10.50190712188572     7.36614416920618E-01    -1.03553210085742E-02    -1.50059003947046E-01
         3.17652800649052     5.70205094939138E-01    -6.02785487184621E-02    -1.16302283183318E-01
         0.52377208128119    -9.67834489581362E-02     8.18843449080152E-01    -5.58118156557381E-01
         0.16127813865472     1.94024843588592E-01     5.69392264276621E-01     7.96228706387491E-01
 2 1 2 4 2 1
         4.14554558811762     2.38798494806177E-01    -1.02514582239433E-01     4.69156263784244E-02
         0.93752931792561     7.23206993243051E-01    -3.26894283377303E-01     7.30958288976847E-01
         0.30089930346209     6.40598750295380E-01     2.69762855262236E-01     6.78270396676493E-01
         0.09693513829087     9.78783169177316E-02     8.99921602054468E-01     5.87211441464886E-02
N SVP-MOLOPT-PBE-AE
 2
 1 0 0 7 3
      1713.05443342227522    -9.02267109872643E-03     3.54744015758891E-03    -8.48014533332345E-04
       257.99755360302373    -6.07027609710637E-02    -1.29122509479344E-02     9.61884783760318E-03
        57.69202644388076    -2.91056886183100E-01     6.69817372653438E-02    -5.03673508979993E-02
        14.65138025783163    -7.56095560798595E-01     1.02708502876143E-04    -1.06274936690831E-02
         4.40348733402154    -5.81552253154902E-01     5.46385314024127E-03    -2.00461137804482E-02
         0.66662912936985     3.60183764403149E-02     8.64889333414764E-01    -4.94508900898556E-01
         0.19101191930887    -1.84068349221356E-02     4.97263223073951E-01     8.67361542399629E-01
 2 1 2 4 2 1
        12.26817365346670    -9.79706976890647E-02    -2.60660726440463E-02    -3.94693063065687E-03
         2.32535393155006    -4.60186859856937E-01    -1.68910278576476E-01     2.13621248384777E-01
         0.63407322138920    -8.34182297956770E-01    -2.33857785713777E-01     9.18261304642697E-01
         0.16638378906980    -2.87697219633581E-01     9.57131346111484E-01     3.33386502985678E-01
O SVP-MOLOPT-PBE-AE
 2
 1 0 0 7 3
      2266.11882679815517    -6.53195164418799E-03     4.31511781018852E-03    -1.50255386286268E-02
       340.90332514956907    -6.49692043203330E-02    -8.38643395903431E-03     2.78970138112306E-02
        76.92814265988143    -2.68398557546813E-01     9.66356731438743E-02    -1.03149893654597E-01
        19.69260394517260    -7.46654382968193E-01     7.27513962145946E-02    -4.77845342576543E-02
         5.94653840051691    -5.84020787076508E-01     6.76448442348491E-02    -6.55152912382769E-02
         0.94188304160944     1.58317373375200E-01     7.83140450398519E-01    -5.91846167956205E-01
         0.29333843489112    -7.81743877443225E-03     6.06131205686227E-01     7.94668854066698E-01
 2 1 2 4 2 1
        16.36868614237306     1.01723539743118E-01    -2.55855611750852E-02     8.33706707858758E-03
         2.90797745788635     5.10732722414240E-01    -9.49942456369113E-02     1.82905409616553E-01
         0.75006795444374     8.35859133120747E-01    -1.43391921218567E-01     8.94419927848460E-01
         0.19193642427748     1.73620037138872E-01     9.84764047518226E-01     4.08030755106872E-01
F SVP-MOLOPT-PBE-AE
 2
 1 0 0 7 3
      2894.85760373222138    -1.89225166552882E-02    -1.69242373474079E-02     1.56429205622782E-01
       435.72006333230098    -5.47718508603712E-02     4.35884037952142E-03    -7.98432634961778E-02
        98.52635730461387    -2.73685193620500E-01     1.03734081139359E-01    -3.50907504362976E-02
        25.52164954648142    -7.37742492792940E-01     9.09854482000018E-02     1.19033433504314E-02
         7.74033527583515    -5.97666004055640E-01     7.53553007481536E-02    -4.08316440936959E-03
         1.29027540045465     1.18958584280118E-01     8.03005387331711E-01    -5.67628929674378E-01
         0.39691722964189     7.82215741311875E-02     5.74594975519432E-01     8.03469123562649E-01
 2 1 2 4 2 1
        20.86106496273842    -1.10459850494974E-01    -4.27931460741902E-02     1.87770753897563E-02
         3.47280160970880    -5.28022336274227E-01    -8.76852813264224E-03     1.42075306386988E-01
         0.85628499813330    -8.26328796839365E-01    -1.81029642926015E-01     9.03974169721402E-01
         0.22140677163303    -1.61776862802262E-01     9.82507062542321E-01     4.02855717635176E-01
S SVP-MOLOPT-PBE-AE
 3
 1 0 0 5 1
      9184.96860696107433    -7.71786840291379E-03
      1381.51400838981726    -6.24039790772488E-02
       313.89281891758924    -2.64955476073617E-01
        87.51457876494304    -7.29865325618015E-01
        25.93139624764258    -6.27009872379816E-01
 1 0 0 5 3
        45.48284978592206    -1.17170830297159E-01    -3.16680267451198E-02     7.98216380989382E-03
         4.87633307381987     7.61443727008839E-01     1.27227635333993E-01    -2.80177602679904E-02
         1.86406639687820     6.26717336923555E-01    -1.01322679524420E-02    -7.26181990838241E-02
         0.43025042118793    -1.11972074429798E-01     9.38663299177241E-01    -3.17638615698874E-01
         0.15287248143189     3.40893131890180E-02     3.18777058166406E-01     9.44978093475824E-01
 1 1 2 7 3 1
       262.03717999008273    -1.40783640264207E-02     5.05186350960515E-03    -5.91979864920292E-03     2.73567974708351E-03
        61.24324399362200    -9.50073267501190E-02    -9.97714102551339E-03     2.54477408773944E-03    -6.54868553542722E-03
        18.81757601711188    -3.86400409125808E-01     3.47067320851585E-02    -4.64624726240253E-02     2.01706189417252E-02
         6.03024687952456    -7.73455398949426E-01    -6.81153146748288E-02    -4.07603942016905E-02    -2.20075057424989E-02
         2.04326094618689    -4.83921927804103E-01     1.73437851923462E-01    -7.00014248570178E-02     3.00876144437373E-01
         0.46190328828318     5.57301141088318E-02     9.72479700780142E-01    -1.25789697052281E-01     9.17113664398799E-01
         0.13202620214187    -7.71401281131005E-02     1.35030459813691E-01     9.87631035176833E-01     2.59681572080285E-01
CL SVP-MOLOPT-PBE-AE
 3
 1 0 0 5 1
     10449.73865986333476     7.92960573941961E-03
      1571.78177464848341     6.21680867531297E-02
       357.17329535888280     2.69577117620510E-01
       100.08667457398440     7.19173472798793E-01
        30.61002596530858     6.37330325671244E-01
 1 0 0 5 3
        51.91245118574216    -1.18096328736624E-01    -6.40377047377502E-02     3.89634888740843E-02
         5.60412729707609     7.74483936348342E-01    -1.94653261999477E-01     5.74322043222265E-01
         2.19075124977087     6.12385827448821E-01     3.85229430631324E-01    -6.60064309823226E-01
         0.56484358945251    -5.02206802462349E-02     5.97599003556938E-01     4.62892544090272E-01
         0.20200153999791    -9.32167961943450E-02     6.72668563772758E-01     1.36680784044379E-01
 1 1 2 7 3 1
       307.66262352364191    -1.41860191757227E-02     4.53707609941391E-03    -4.23704216636409E-03     5.12444630001981E-03
        72.14728379673939    -8.85277776059412E-02    -4.94482703050064E-03    -1.47096881368273E-02    -3.60621072277412E-03
        22.55518606717056    -3.78386770918235E-01    -9.49655880135036E-04     2.33703317780398E-03     7.21261594348665E-03
         7.24782137179115    -7.68325377362051E-01    -8.89706781187266E-02    -6.32538811770098E-02    -8.30729065003500E-03
         2.47105439082271    -5.07191220590418E-01     1.39408082259565E-01     2.81680450029172E-02     2.51018124766366E-01
         0.54359214040661     1.77332693550757E-03     9.86199274331532E-01    -1.36123356582732E-02     8.60344615069135E-01
         0.15406764967487    -3.48579490965011E-02     3.82859289817821E-03     9.97386797034735E-01     4.43437421456475E-01
