
TE SVP-MOLOPT-PBE-Q24
 2
 1 0 2 6 1 1 1
       395.96884670367092     3.29552414325341E-04    -2.65788355671491E-04     2.02651181083463E-04
        19.12431579199773    -2.41587908178737E-03     1.20738882489227E-01     1.76164760088128E-02
        15.64764366614869     2.18856146805764E-01    -4.41783367532954E-01    -3.01974436122281E-02
         5.07480246035642    -1.86953986036738E-01    -8.18425591299401E-02     8.92096589035633E-02
         1.91913178176563    -9.44682305494293E-01     8.82470604503530E-01     9.25448802113099E-01
         0.65812435632563     1.57224650483839E-01    -6.92599125416885E-02     3.66556795777347E-01
 1 0 2 4 3 3 1
        13.61364221054212    -4.67885241068714E-02    -1.39234691653565E-01    -1.00172799832448E-01     7.12519983561736E-03    -3.99517559546799E-01    -2.59414843310435E-01     1.15726822082832E-02
         1.84149340977932     5.50569035079626E-01     7.42706598447791E-01     3.42995329950709E-01     7.50116099411730E-01     5.69156609962132E-01     1.55806466348117E-01    -9.93720680771343E-01
         0.29432268851114    -7.38795607460820E-01     2.45092851631412E-01     6.24599788275762E-01    -5.75850434885423E-01     3.99076386285505E-01     6.12147592745657E-01    -1.00425221371696E-01
         0.09714015600818     3.85831079644950E-01    -6.07396166716116E-01     6.94402418120506E-01     3.25071293061850E-01    -5.97649153650774E-01     7.30550209643412E-01     4.79589047653300E-02


TE TZVPP-MOLOPT-PBE-Q24
 2
 1 0 2 8 1 1 1
      6213.22858236018965     9.92440307651100E-05    -1.31254059390685E-04     5.14028579658121E-05
       920.99931869890781     1.80804001089523E-03     6.79961665956123E-04    -2.66116957618793E-04
       199.22104266272055     2.87239091410161E-03    -1.56164404638403E-03     1.15509443407840E-03
        24.70708329949673    -4.41866905102849E-02     6.33545224141401E-02     2.05283772559481E-03
        13.97998936326797     9.92213848338497E-01    -3.09871924555314E-01     8.88092567283206E-03
         3.60456166783664     2.98569457902003E-02     8.86123479820824E-01     3.57699493400770E-01
         1.50914524115790     7.51885525658924E-02    -2.29584022340714E-01     5.62690170613038E-01
         0.52518581218046     8.36835133736842E-02     2.49076357269275E-01     7.45215641025555E-01
 1 0 3 7 5 4 2 2
        12.04773378184684     6.93518786504886E-01    -1.43111814300067E-01     2.42885321798899E-02     4.09846075847259E-02     1.27939745138462E-01     1.78282088532166E-02    -9.62698624071805E-02    -1.26647099849310E-02    -2.95831807852897E-02     1.25997535316681E-02     7.76330735537698E-02    -5.16770521194511E-02    -5.11267817181911E-02
         7.30900215460547     6.65363929406011E-01     1.57495236071918E-02     1.95227229644846E-01    -2.17955427151709E-01     5.78271490034546E-02    -5.40432785960833E-02     1.32928955944990E-01     1.58064972877532E-02     4.39322594873290E-02    -1.07925156067048E-02    -1.35876610759446E-01     8.02344719086589E-02     4.49302047515373E-02
         1.44630368318728     2.52820839996308E-01     5.97231164739969E-01    -5.43338269350003E-01     2.95848174401130E-01    -4.29561813267272E-01     1.35141633641003E-01    -9.49927080305744E-01     2.62353318559672E-02     1.17390443713550E-01     1.63816105782474E-01     8.67897121452857E-02     3.70936827239465E-01     3.41949478886744E-02
         0.61684993679959     1.12327671360301E-02     4.50252017565681E-01     6.77714982921539E-01     3.57355852923108E-01     1.21398287796150E-01     5.77533992103784E-01    -1.00423852832922E-01    -1.20346406770798E-01    -2.59155747688238E-01     3.01522388090482E-01    -2.94779527388583E-01     6.33861856076306E-01    -2.71741536531736E-01
         0.31699801949024     3.93231165883273E-02    -3.95149359675325E-03    -3.53621146582629E-01    -3.87540786529583E-01     3.80493087224391E-01     5.47928354670392E-01     1.47284404892407E-01     7.12963617079135E-01    -2.05840247952919E-01    -6.26504754127812E-01     6.00461047360244E-01     4.14810946694704E-01     7.28852643377576E-01
         0.26816824802390     8.54019975654322E-02    -5.32341106637689E-01    -1.85464999509282E-01     7.43854822946178E-01     1.31211175859100E-01     5.05738796353727E-01     1.53323730574434E-01    -6.85627296824216E-01    -5.69479558579993E-02     5.70929671397569E-01     7.14496624276675E-01     5.24306663054224E-01    -3.50611926765883E-01
         0.09899800667596     5.86359388926934E-02    -3.69399985838357E-01     2.17571003674099E-01    -1.79104681561096E-01    -7.86787890513611E-01     2.98254075982308E-01     1.24156094758581E-01     7.75648120942066E-02     9.33080541433656E-01    -4.04356778300318E-01    -1.00121591765705E-01     6.74635530489699E-02     5.15945416498124E-01


TE QZVPP-MOLOPT-PBE-Q24
 2
 1 0 2 11 2 2 1
     15746.50826123538172    -1.65851524397263E-03    -3.73841394592015E-03    -2.67938663056606E-04     6.03337030867188E-04    -3.47357069566664E-05
      2369.27126562682133     3.13404909797034E-03     5.94818887969161E-03    -3.16242880491728E-04     8.19959122531772E-04     6.15136851019719E-05
       535.81265730130883    -3.03238933754510E-04    -3.58995294777487E-03     9.26076800527895E-04    -2.33791872310714E-03    -2.40540219773758E-04
       141.90271561539154     6.75000337247189E-03     7.09073340271967E-03    -2.79922669210871E-03     7.87262851300195E-03     1.95889856122149E-03
        27.80937355275779    -2.05854313988181E-02     1.28231702238724E-01     2.65444252939767E-02    -7.66992106870729E-02     2.00738508526499E-02
        17.38598556874049     1.72622364947530E-01    -5.12209743389668E-01     2.96017741094689E-02     9.53008999838554E-02    -3.30501189673643E-02
        10.78017175987181    -5.48741134943067E-01    -3.45610156980668E-01    -3.23113418933088E-01     2.20195460977169E-01    -4.50987408503840E-03
         6.16619833000780    -2.46960080109120E-01     3.54685045333505E-01    -8.79751923175828E-02     3.90026977758955E-01     1.32858854589108E-01
         2.98946935821824     3.63866588875996E-01     5.94337177162921E-01     6.93746833715722E-01    -5.10300087979427E-01     7.69113521760083E-01
         1.39980254116999     6.28679782863284E-01    -3.49025904732565E-01     5.97884758898275E-01     6.99854843481379E-01     6.17762123130175E-01
         0.69001720887117    -2.82800731029318E-01     2.79582195732728E-02     2.17985075624459E-01     1.84814563547257E-01    -8.75406515798466E-02
 1 0 4 7 5 4 3 4 1
         4.83197884416221    -2.39455432191356E-01    -5.46360979228365E-02    -5.02366528729413E-02     4.66924604838205E-02     1.06092433032085E-01    -1.19254439621607E-01    -2.54131308391445E-02    -1.45953116147421E-02     3.52313925483121E-02     2.83487532233602E-02    -9.15809852085598E-02    -5.84275120776241E-06     7.69358788919107E-01     2.57819283649418E-01    -8.73691897379278E-02     2.01838483927142E-01     3.69249108446414E-03
         1.73629256419988     6.21709549623419E-01    -2.18486206442326E-01     1.36145553832338E-01    -1.25360760728780E-01    -5.70830644311960E-02    -4.26132136035751E-01    -8.58503087645611E-02    -1.60898103990650E-02     1.31308072249075E-01     8.23655528441145E-02    -2.02529411006656E-01     6.85441689148629E-03    -3.67064654996987E-01     8.64607318852311E-01    -9.15354579221926E-02    -1.62406179959691E-01    -1.57484917570102E-02
         0.70200242169362     6.62341926999040E-01    -2.18154623540208E-01    -3.58118782376386E-01    -4.58028611455494E-03     6.56247735119985E-02    -6.72308041319463E-02     1.43450228333930E-01     3.36797501171111E-01     2.08438895829604E-01     4.87549618281122E-02    -6.52603794789436E-01    -9.26410448126372E-02     4.87929487674974E-01     3.02907672679266E-01     3.58729202538535E-01    -3.00259705237523E-01     1.51972100127211E-01
         0.43491691315559     1.36486388183204E-01     5.25058877776027E-01     2.60193748961743E-01    -7.13465358322934E-01    -2.70749314163453E-01     4.56201717928671E-01    -5.38007581572569E-01    -3.97617491532921E-01    -3.95228314661720E-01     6.51451573353125E-01    -5.09726534931215E-01     9.00949441488171E-02    -1.55971681157732E-01    -1.15449756335844E-02     8.99915401637336E-01    -1.93078148112098E-02     8.61458092503715E-01
         0.19738865598670     2.76890526829189E-01     3.56131891701438E-01     5.78334299222921E-01     6.38613726430255E-01    -1.28191912862817E-01     3.03489154495187E-01     8.02583735045096E-01    -4.39639709147732E-01    -8.08041717652832E-02     6.11914104153576E-01     4.06045992220906E-01    -6.28769254572246E-01    -4.90646709626920E-02     9.82392550898426E-02     1.68391080325622E-01     8.57673718779479E-01    -3.71243968071764E-02
         0.16221553253348     9.68365087867157E-02     6.31336644962128E-01    -6.64701099963994E-01     2.38317513057416E-01    -1.58020644677406E-01     5.79094914402042E-01     7.65175135595226E-02     7.04630449952637E-01    -1.27655046105509E-01     4.31614494306813E-01     3.15524044415603E-01     7.66644883420874E-01     8.61746184376793E-02    -2.89574218780561E-01     3.48036481792510E-02    -3.24021630213188E-01    -4.73381670243067E-01
         0.06296779412027     1.12992460807144E-01     3.17150636032683E-01     8.18089459612259E-02    -9.18039685454619E-02     9.30843932526986E-01     4.05084196211521E-01    -1.78768536904827E-01    -1.95470518626711E-01     8.71228798976169E-01     7.01150669288886E-02    -2.12870156652272E-02    -1.25857863894593E-02    -3.33891584107757E-02     2.43490679942765E-02    -1.26042309998173E-01     4.19827593632360E-02     9.52069304165600E-02
