TE QZVPP-MOLOPT-PBE-Q24
 2
 1 0 2 11 2 2 1
     15746.50826123538172    -1.65851524397263E-03    -3.73841394592015E-03    -2.67938663056606E-04     6.03337030867188E-04    -3.47357069566664E-05
      2369.27126562682133     3.13404909797034E-03     5.94818887969161E-03    -3.16242880491728E-04     8.19959122531772E-04     6.15136851019719E-05
       535.81265730130883    -3.03238933754510E-04    -3.58995294777487E-03     9.26076800527895E-04    -2.33791872310714E-03    -2.40540219773758E-04
       141.90271561539154     6.75000337247189E-03     7.09073340271967E-03    -2.79922669210871E-03     7.87262851300195E-03     1.95889856122149E-03
        27.80937355275779    -2.05854313988181E-02     1.28231702238724E-01     2.65444252939767E-02    -7.66992106870729E-02     2.00738508526499E-02
        17.38598556874049     1.72622364947530E-01    -5.12209743389668E-01     2.96017741094689E-02     9.53008999838554E-02    -3.30501189673643E-02
        10.78017175987181    -5.48741134943067E-01    -3.45610156980668E-01    -3.23113418933088E-01     2.20195460977169E-01    -4.50987408503840E-03
         6.16619833000780    -2.46960080109120E-01     3.54685045333505E-01    -8.79751923175828E-02     3.90026977758955E-01     1.32858854589108E-01
         2.98946935821824     3.63866588875996E-01     5.94337177162921E-01     6.93746833715722E-01    -5.10300087979427E-01     7.69113521760083E-01
         1.39980254116999     6.28679782863284E-01    -3.49025904732565E-01     5.97884758898275E-01     6.99854843481379E-01     6.17762123130175E-01
         0.69001720887117    -2.82800731029318E-01     2.79582195732728E-02     2.17985075624459E-01     1.84814563547257E-01    -8.75406515798466E-02
 1 0 4 7 5 4 3 4 1
         4.83197884416221    -2.39455432191356E-01    -5.46360979228365E-02    -5.02366528729413E-02     4.66924604838205E-02     1.06092433032085E-01    -1.19254439621607E-01    -2.54131308391445E-02    -1.45953116147421E-02     3.52313925483121E-02     2.83487532233602E-02    -9.15809852085598E-02    -5.84275120776241E-06     7.69358788919107E-01     2.57819283649418E-01    -8.73691897379278E-02     2.01838483927142E-01     3.69249108446414E-03
         1.73629256419988     6.21709549623419E-01    -2.18486206442326E-01     1.36145553832338E-01    -1.25360760728780E-01    -5.70830644311960E-02    -4.26132136035751E-01    -8.58503087645611E-02    -1.60898103990650E-02     1.31308072249075E-01     8.23655528441145E-02    -2.02529411006656E-01     6.85441689148629E-03    -3.67064654996987E-01     8.64607318852311E-01    -9.15354579221926E-02    -1.62406179959691E-01    -1.57484917570102E-02
         0.70200242169362     6.62341926999040E-01    -2.18154623540208E-01    -3.58118782376386E-01    -4.58028611455494E-03     6.56247735119985E-02    -6.72308041319463E-02     1.43450228333930E-01     3.36797501171111E-01     2.08438895829604E-01     4.87549618281122E-02    -6.52603794789436E-01    -9.26410448126372E-02     4.87929487674974E-01     3.02907672679266E-01     3.58729202538535E-01    -3.00259705237523E-01     1.51972100127211E-01
         0.43491691315559     1.36486388183204E-01     5.25058877776027E-01     2.60193748961743E-01    -7.13465358322934E-01    -2.70749314163453E-01     4.56201717928671E-01    -5.38007581572569E-01    -3.97617491532921E-01    -3.95228314661720E-01     6.51451573353125E-01    -5.09726534931215E-01     9.00949441488171E-02    -1.55971681157732E-01    -1.15449756335844E-02     8.99915401637336E-01    -1.93078148112098E-02     8.61458092503715E-01
         0.19738865598670     2.76890526829189E-01     3.56131891701438E-01     5.78334299222921E-01     6.38613726430255E-01    -1.28191912862817E-01     3.03489154495187E-01     8.02583735045096E-01    -4.39639709147732E-01    -8.08041717652832E-02     6.11914104153576E-01     4.06045992220906E-01    -6.28769254572246E-01    -4.90646709626920E-02     9.82392550898426E-02     1.68391080325622E-01     8.57673718779479E-01    -3.71243968071764E-02
         0.16221553253348     9.68365087867157E-02     6.31336644962128E-01    -6.64701099963994E-01     2.38317513057416E-01    -1.58020644677406E-01     5.79094914402042E-01     7.65175135595226E-02     7.04630449952637E-01    -1.27655046105509E-01     4.31614494306813E-01     3.15524044415603E-01     7.66644883420874E-01     8.61746184376793E-02    -2.89574218780561E-01     3.48036481792510E-02    -3.24021630213188E-01    -4.73381670243067E-01
         0.06296779412027     1.12992460807144E-01     3.17150636032683E-01     8.18089459612259E-02    -9.18039685454619E-02     9.30843932526986E-01     4.05084196211521E-01    -1.78768536904827E-01    -1.95470518626711E-01     8.71228798976169E-01     7.01150669288886E-02    -2.12870156652272E-02    -1.25857863894593E-02    -3.33891584107757E-02     2.43490679942765E-02    -1.26042309998173E-01     4.19827593632360E-02     9.52069304165600E-02
F QZVPP-MOLOPT-PBE-AE
 3
 1 0 0 8 1
    132536.04395257573924     2.19133884152562E-04
     19758.15592578060023     2.13098802939830E-03
      4485.33885808192372     9.36952235670608E-03
      1273.60032301696378     4.57116768597223E-02
       418.75079369228018     1.29815698472524E-01
       152.24712142839283     3.88984269444136E-01
        59.93506405237581     3.48051089779771E-01
        24.88806979770636     8.41734891149259E-01
 1 0 1 5 2 1
       240.82710880865446    -5.22362746235088E-02     7.61618022060436E-02     2.22155163398913E-02
        56.74054074501728     8.36915891686098E-01    -3.52431037520191E-01     9.17502257704855E-02
        18.02568816680041     5.06654331012575E-01     3.90319004241376E-01     6.94833984744179E-01
         7.22835931546723     1.13647744824332E-01     8.46604124895882E-01     5.19336475096237E-01
         2.54051853711273     1.65011335426585E-01     3.00711541924844E-02     4.88450331337750E-01
 1 0 4 4 4 3 3 2 1
         4.64152109972176     7.99092172965100E-01     3.57185510151160E-01    -4.75225254357118E-01     8.96167845059310E-02     2.14101203990999E-03     4.09061558167189E-01    -4.32260580718334E-01     5.23415929943841E-01    -8.45844703511436E-01    -9.90960844591549E-02     6.49830793177351E-01    -6.47812475723957E-01     7.18812892465629E-01
         1.55189089466188    -5.65383503262805E-01     6.20688611440661E-01    -5.16124369070663E-01    -1.69418940846506E-01     9.01357430415779E-01    -3.23634717094166E-01     1.52228377872265E-01     8.31684066132871E-01     4.84322390964955E-01     2.69070652276370E-01     7.59749389285090E-01     5.45754817250953E-01     6.81802537410497E-01
         0.54311529853246     1.47999793272877E-01     6.59726542294831E-01     7.03321697890184E-01    -2.19534826074957E-01     3.64587678140232E-01     2.81361980784028E-01    -7.13536840615867E-01    -1.67858516623561E-01    -2.20433972029506E-01     9.41600143248362E-01     1.96681952393344E-02     4.63299478087506E-01    -2.42238812327185E-02
         0.17933709925335    -1.41029268364327E-01     2.27870683409749E-01     1.14521537491829E-01     9.56593181325010E-01     2.33722107747691E-01     8.05459277239079E-01     5.29945741006902E-01     7.84913805373263E-02     3.72481291736264E-02    -1.76550617000047E-01     1.06755709662101E-02    -2.60469325156765E-01    -1.33665736760872E-01
H QZVPP-MOLOPT-PBE-AE
 2
 1 0 0 4 1
       190.54117440353127     1.96600972886938E-02
        28.48589623081718     5.38615245148400E-01
         6.82683105625948     8.41690491707832E-01
         1.91976916792120    -3.26222996883324E-02
 1 0 3 4 3 3 2 1
         3.13044722440195    -3.66327628299461E-01     2.56023465069061E-01     1.80301571342015E-01     9.57864765395543E-01    -2.86990854469403E-01     7.09708425215968E-03     9.99207337838246E-01    -1.14391682399844E-02     5.85140484472903E-01
         0.96627664577475     8.95826280526715E-01     1.78507674168198E-01     3.15139388181339E-01     2.45050348375012E-01     8.29767518144689E-01     5.01170647875718E-01     1.62635846128724E-02     9.81329325317073E-01     6.84086073735301E-01
         0.31928820204257    -2.30012077387642E-01     6.10224429055026E-01     6.40105374762635E-01    -1.47922353363481E-01    -4.66731275488582E-01     8.51205422301253E-01    -4.48915950780499E-03     1.60295348734119E-01    -4.27324109791794E-01
         0.10666805621490    -1.01949929465328E-01    -7.28157360590113E-01     6.77084646545968E-01     2.37570063441528E-02     1.06226323308904E-01    -1.55650063115620E-01     3.60560573643188E-02    -1.05675455413839E-01    -8.38508338830758E-02
O QZVPP-MOLOPT-PBE-AE
 3
 1 0 0 8 1
    116506.38604434675653    -9.98096455193836E-05
     17504.60971368530591     2.33919295977431E-03
      3993.52399023383759     6.88020418607601E-03
      1133.09478918324885     4.13200618900893E-02
       369.82539210352701     1.15856592130636E-01
       133.78894948022503     3.83521465148008E-01
        52.21462909576736     4.11693815406844E-01
        21.67293595845605     8.17457382177472E-01
 1 0 1 5 2 1
       191.04192564330430    -5.10687570632457E-03     2.62695839052370E-02     1.26002594453494E-02
        45.06231751131436     7.10386627064769E-01    -6.24048153127724E-01     1.12036824182174E-01
        14.05235016622558     5.61186314944367E-01     2.63654168302179E-01     6.01861899721717E-01
         5.51919750076573     3.93930461642211E-01     7.34005739981864E-01     3.82904045403275E-01
         2.22318311118849     1.58787503341973E-01     3.99482759313346E-02     6.91690486537335E-01
 1 0 4 4 4 3 3 2 1
         4.07110969272635     8.35823185743741E-01     1.43707378138683E-01    -5.04975809725526E-01    -1.60459413041861E-01     1.72086536028372E-01     1.83573320585855E-01    -5.65096491463834E-01     5.87117703432284E-01    -6.86150954111257E-01     3.38448518372782E-01     7.96331496602706E-01    -4.06031379618403E-01     7.19190810290016E-01
         1.29660548931134    -3.21106263793023E-01     8.70808213615098E-01    -3.35156402976138E-01     1.62030885936799E-01     7.37714269017482E-01    -1.23907267761277E-01     5.94500398393531E-01     7.22514408166509E-01     6.34126435292987E-01    -1.48853997263073E-01     5.96617421514652E-01     6.47582903144410E-01     6.77717136798244E-01
         0.45442777800760     1.72702329034076E-01     4.19606306388715E-01     6.11297846324634E-01    -6.48397560346960E-01     6.52371782439809E-01     1.27228381173723E-01    -5.13977719496993E-01    -3.94104996625507E-02     3.37150724159123E-01     9.16679165386756E-01    -9.80648777410346E-02     6.03388801969736E-01     3.99419887891043E-02
         0.14870720086566     4.10443997485985E-01     2.12065537529809E-01     5.08905256619550E-01     7.26346592547186E-01    -2.39778831856476E-02     9.66830266380264E-01     2.51121754346111E-01     3.62922229719464E-01    -1.15801215165473E-01    -1.51639030780056E-01     1.69434240146108E-02    -2.27369426215928E-01    -1.47880689800770E-01
