################################################################################################
# Fluorine
################################################################################################
 F  ccGRB-D-q7 
   2
  1  0  1  4  2  2
   10.9572986717       -0.1507854881    0.1192947789    0.0968477682   -0.0917051846
   3.20799690233        0.0478434701   -0.0055418694    0.3123175239   -0.2638558503
  0.939213617674        0.7199838119   -1.4521902578    0.4898290470   -0.6508214682
  0.274976019766        0.3484663737    1.5404464886    0.3536029889    1.1497721641
   1 2 2 1 1
      1.640000E+00           1.0000000

 F  ccGRB-T-q7 
   3
  1  0  1  5  3  3
   13.7412699981       -0.0926013347    0.0712492011   -0.0212503069   -0.0587355088    0.0437685816   -0.1023045766
   4.91786496684       -0.1175618524    0.1090220844   -0.6336102077   -0.1846738981    0.1704775307   -0.1371475725
   1.76005535408        0.3760694584   -0.4905426254    3.0057336537   -0.3676576936    0.2771782008   -1.1474813547
  0.629906447272        0.5902986556   -0.9814391844   -3.5861698622   -0.3883004695    0.4833072222    2.0590831583
  0.225437303091        0.2091045309    1.5543054757    1.6233806200   -0.2611404909   -1.1893403000   -1.0727894508
   1 2 2 2 2
      3.107000E+00           1.000000E+00           0.000000E+00
      8.550000E-01           0.000000E+00           1.000000E+00
   1 3 3 1 1
      1.917000E+00           1.0000000

 F  ccGRB-Q-q7 
   4
  1  0  1  6  4  4
   15.8100544076       -0.0587764684    0.0414753070   -0.0912275042   -0.2752336448    0.0384108521   -0.0344411073    0.0295762881   -0.1639489916
   6.70848123722       -0.1368209562    0.1286444139   -0.0189815389    2.0422896249    0.1176923512   -0.0751351294    0.2102504006    0.2039951723
   2.84652534076        0.0932232560   -0.1247416596   -0.2633428783   -6.0923617531    0.2312992796   -0.2547062886    0.1200741590   -2.1444742263
   1.20783024191        0.4472854426   -0.6392926860    3.2043160463    7.4171698237    0.3492435279   -0.1699917777    1.1607536568    3.6926781999
  0.512503392251        0.4522612526   -0.6958316753   -4.8353497562   -4.8525876339    0.2897407172   -0.4935608027   -2.5961814861   -2.7694338514
  0.217464108742        0.1673909183    1.5603914739    2.3984051141    1.5500181088    0.2349171946    1.2615392068    1.4774363553    0.9818006069
   1 2 2 3 3
      5.014000E+00           1.000000E+00           0.000000E+00           0.000000E+00
      1.725000E+00           0.000000E+00           1.000000E+00           0.000000E+00
      5.860000E-01           0.000000E+00           0.000000E+00           1.000000E+00
   1 3 3 2 2
      3.562000E+00           1.000000E+00           0.000000E+00
      1.148000E+00           0.000000E+00           1.000000E+00
   1 4 4 1 1
      2.376000E+00           1.0000000

F aug-cc-D
    3
   1 0 0 1 1
      0.0986300              1.0000000
   1 1 1 1 1
      0.0850200              1.0000000
   1 2 2 1 1
      0.4640000              1.0000000

F aug-cc-T
    4
   1 0 0 1 1
      0.0915800              1.0000000
   1 1 1 1 1
      0.0736100              1.0000000
   1 2 2 1 1
      0.2920000              1.0000000
   1 3 3 1 1
      0.7240000              1.0000000

F aug-cc-Q
     5
   1 0 0 1 1
      0.0859400              1.0000000
   1 1 1 1 1
      0.0656800              1.0000000
   1 2 2 1 1
      0.2070000              1.0000000
   1 3 3 1 1
      0.4600000              1.0000000
   1 4 4 1 1
      0.9240000              1.0000000

