#
# Generated with CP2K Atom Code
#
 F  ccGRB-VAL-0
   1
  1  0  1  6  1  1
   31.1509960907       -0.0055661279    0.0036165464
   11.5977115061       -0.1135962034    0.0741172951
   4.31790083971       -0.0786778686    0.1961170714
   1.60758160365        0.4080799104    0.3683115901
  0.598512728366        0.5565853589    0.3649918970
  0.222830048069        0.1981615430    0.2537904606

 F  ccGRB-VAL-1
   1
  1  0  1  6  2  2
   31.1509960907       -0.0055661279    0.0037651921    0.0036165464   -0.0043280076
   11.5977115061       -0.1135962034    0.0900953286    0.0741172951   -0.0524930078
   4.31790083971       -0.0786778686    0.0731239702    0.1961170714   -0.1874074472
   1.60758160365        0.4080799104   -0.5471562997    0.3683115901   -0.2633873085
  0.598512728366        0.5565853589   -0.9096768829    0.3649918970   -0.4745167053
  0.222830048069        0.1981615430    1.5553808676    0.2537904606    1.2016321580

 F  ccGRB-VAL-2
   1
  1  0  1  6  3  3
   31.1509960907       -0.0055661279    0.0037651921   -0.0332065226    0.0036165464   -0.0043280076   -0.0039619486
   11.5977115061       -0.1135962034    0.0900953286    0.0069397103    0.0741172951   -0.0524930078    0.1353594464
   4.31790083971       -0.0786778686    0.0731239702   -0.6154271168    0.1961170714   -0.1874074472    0.1298699455
   1.60758160365        0.4080799104   -0.5471562997    3.1140672655    0.3683115901   -0.2633873085    1.1540521448
  0.598512728366        0.5565853589   -0.9096768829   -3.8820793944    0.3649918970   -0.4745167053   -2.1743244578
  0.222830048069        0.1981615430    1.5553808676    1.7930614049    0.2537904606    1.2016321580    1.1576098857

 F  ccGRB-VAL-3
   1
  1  0  1  6  4  4
   31.1509960907       -0.0055661279    0.0037651921   -0.0332065226   -0.2723751712    0.0036165464   -0.0043280076   -0.0039619486   -0.0794253745
   11.5977115061       -0.1135962034    0.0900953286    0.0069397103    1.6819270997    0.0741172951   -0.0524930078    0.1353594464    0.1843011763
   4.31790083971       -0.0786778686    0.0731239702   -0.6154271168   -4.4317096712    0.1961170714   -0.1874074472    0.1298699455   -1.8821697154
   1.60758160365        0.4080799104   -0.5471562997    3.1140672655    4.5055749717    0.3683115901   -0.2633873085    1.1540521448    2.6497415473
  0.598512728366        0.5565853589   -0.9096768829   -3.8820793944   -2.6085917681    0.3649918970   -0.4745167053   -2.1743244578   -1.7206962107
  0.222830048069        0.1981615430    1.5553808676    1.7930614049    0.8112097986    0.2537904606    1.2016321580    1.1576098857    0.5902741577

