TL TZV2P-MOLOPT-SCAN-GTH-Q13
 1
 2 0 3 6 3 3 3 2
         2.44416180897067    -1.79524618506905E-01     1.89775560802647E-02    -1.09206985043892E-01    -1.38887563248171E-01    -7.60344650989223E-02    -3.31057057062177E-01    -4.92464832725535E-01    -1.23982422920357E-01     1.76553995828536E-02    -2.12850438378093E-02     2.95773424918961E-02
         2.21570845290883     1.88891184892863E-01    -1.34368380885506E-01     3.27133992595197E-01     1.88158901993669E-01     1.60201154620634E-01     3.38151040616068E-01     7.25455827957552E-01     1.59613336280426E-01     3.78704892763114E-02     9.53694823378464E-03    -2.04666645818842E-02
         0.85613775859525     1.74950721368152E-01     6.27609739174364E-01    -5.33347019622051E-01    -1.67890427886705E-01    -3.77756309621038E-01    -4.69733861525034E-02     4.14660353580204E-01    -9.70657627757462E-02     3.99964162803563E-01     1.21625672598023E-01    -1.66052696634051E-01
         0.34799157491872     6.96779584858950E-04    -5.49881379058335E-01     4.50296191225857E-02     9.02580957466203E-02     5.60921431683137E-01     5.73612806930210E-01     1.21061571968607E-01     3.98485228397537E-01    -7.68586038470641E-01     8.72940758881774E-01    -1.88310777720699E-01
         0.13761605027141    -7.18198935818352E-01    -2.80699922757461E-01    -5.13748909360709E-01     6.42967456147824E-01     4.04684805681931E-01    -5.94416761045931E-01    -7.79537769265344E-02     4.69364135203663E-01    -6.65549388853425E-02     4.37346956914625E-01     3.24460547573085E-02
         0.05059875498508    -6.21025828609471E-01     4.54454649228911E-01     5.75006550831363E-01     7.03964205827634E-01    -5.89450486678523E-01     3.02465967682777E-01    -1.96255766374267E-01     7.55405196380374E-01     4.93080848298088E-01     1.77102399906712E-01     9.66757003035137E-01
TL TZVP-MOLOPT-SCAN-GTH-q13
 1
 2 0 3 6 3 3 3 1
         2.44416180897067    -1.79524618506905E-01     1.89775560802647E-02    -1.09206985043892E-01    -1.38887563248171E-01    -7.60344650989223E-02    -3.31057057062177E-01    -4.92464832725535E-01    -1.23982422920357E-01     1.76553995828536E-02    -2.12850438378093E-02
         2.21570845290883     1.88891184892863E-01    -1.34368380885506E-01     3.27133992595197E-01     1.88158901993669E-01     1.60201154620634E-01     3.38151040616068E-01     7.25455827957552E-01     1.59613336280426E-01     3.78704892763114E-02     9.53694823378464E-03
         0.85613775859525     1.74950721368152E-01     6.27609739174364E-01    -5.33347019622051E-01    -1.67890427886705E-01    -3.77756309621038E-01    -4.69733861525034E-02     4.14660353580204E-01    -9.70657627757462E-02     3.99964162803563E-01     1.21625672598023E-01
         0.34799157491872     6.96779584858950E-04    -5.49881379058335E-01     4.50296191225857E-02     9.02580957466203E-02     5.60921431683137E-01     5.73612806930210E-01     1.21061571968607E-01     3.98485228397537E-01    -7.68586038470641E-01     8.72940758881774E-01
         0.13761605027141    -7.18198935818352E-01    -2.80699922757461E-01    -5.13748909360709E-01     6.42967456147824E-01     4.04684805681931E-01    -5.94416761045931E-01    -7.79537769265344E-02     4.69364135203663E-01    -6.65549388853425E-02     4.37346956914625E-01
         0.05059875498508    -6.21025828609471E-01     4.54454649228911E-01     5.75006550831363E-01     7.03964205827634E-01    -5.89450486678523E-01     3.02465967682777E-01    -1.96255766374267E-01     7.55405196380374E-01     4.93080848298088E-01     1.77102399906712E-01
TL DZVP-MOLOPT-SCAN-GTH-q13
 1
 2 0 3 6 2 2 2 1
         2.44416180897067    -1.79524618506905E-01     1.89775560802647E-02    -1.38887563248171E-01    -7.60344650989223E-02    -4.92464832725535E-01    -1.23982422920357E-01    -2.12850438378093E-02
         2.21570845290883     1.88891184892863E-01    -1.34368380885506E-01     1.88158901993669E-01     1.60201154620634E-01     7.25455827957552E-01     1.59613336280426E-01     9.53694823378464E-03
         0.85613775859525     1.74950721368152E-01     6.27609739174364E-01    -1.67890427886705E-01    -3.77756309621038E-01     4.14660353580204E-01    -9.70657627757462E-02     1.21625672598023E-01
         0.34799157491872     6.96779584858950E-04    -5.49881379058335E-01     9.02580957466203E-02     5.60921431683137E-01     1.21061571968607E-01     3.98485228397537E-01     8.72940758881774E-01
         0.13761605027141    -7.18198935818352E-01    -2.80699922757461E-01     6.42967456147824E-01     4.04684805681931E-01    -7.79537769265344E-02     4.69364135203663E-01     4.37346956914625E-01
         0.05059875498508    -6.21025828609471E-01     4.54454649228911E-01     7.03964205827634E-01    -5.89450486678523E-01    -1.96255766374267E-01     7.55405196380374E-01     1.77102399906712E-01
H TZV2P-MOLOPT-SCAN-GTH-Q1
 1
 2 0 2 5 3 2 1
         9.16876514496744     4.30245721944096E-02    -3.89199332255518E-02     1.05597841287996E-01    -1.03225299298647E-01     1.47849610372066E-01     5.89397100894678E-04
         2.16119406948452     1.67758655334156E-01    -2.29436993766244E-01     9.00816001060512E-01     3.18679005482070E-01    -4.59921573561831E-01     9.06454549928757E-04
         0.61986766123499     5.51924571472773E-01    -2.73974309763091E-01     8.95041468250583E-02     4.58038932787715E-01    -6.65599039198367E-01    -4.14822793772387E-04
         0.41225503616229     4.20326460221825E-01     8.94936516623427E-01     1.49710941947358E-01     2.25604019455304E-02    -3.27622058282529E-02    -2.24233449917807E-03
         0.16131600752250     6.99078574975625E-01    -2.64330500496994E-01    -3.83347452986213E-01     8.23091485416057E-01     5.67905974411888E-01     9.99996815399554E-01
H TZVP-MOLOPT-SCAN-GTH-q1
 1
 2 0 1 5 3 1
         9.16876514496744     4.30245721944096E-02    -3.89199332255518E-02     1.05597841287996E-01    -1.03225299298647E-01
         2.16119406948452     1.67758655334156E-01    -2.29436993766244E-01     9.00816001060512E-01     3.18679005482070E-01
         0.61986766123499     5.51924571472773E-01    -2.73974309763091E-01     8.95041468250583E-02     4.58038932787715E-01
         0.41225503616229     4.20326460221825E-01     8.94936516623427E-01     1.49710941947358E-01     2.25604019455304E-02
         0.16131600752250     6.99078574975625E-01    -2.64330500496994E-01    -3.83347452986213E-01     8.23091485416057E-01
H DZVP-MOLOPT-SCAN-GTH-q1
 1
 2 0 1 5 2 1
         9.16876514496744     4.30245721944096E-02    -3.89199332255518E-02    -1.03225299298647E-01
         2.16119406948452     1.67758655334156E-01    -2.29436993766244E-01     3.18679005482070E-01
         0.61986766123499     5.51924571472773E-01    -2.73974309763091E-01     4.58038932787715E-01
         0.41225503616229     4.20326460221825E-01     8.94936516623427E-01     2.25604019455304E-02
         0.16131600752250     6.99078574975625E-01    -2.64330500496994E-01     8.23091485416057E-01
O TZV2P-MOLOPT-SCAN-GTH-Q6
 1
 2 0 3 5 3 3 2 1
        10.25781699497238    -1.37093335568261E-01     6.42341766590814E-02    -7.17088581420037E-01    -1.01541960662273E-01     5.12250917317880E-02     1.18360216509634E-01    -1.55308630843787E-02     3.18602602792577E-02     1.18645628163343E-03
         3.64428735012608    -1.53382903419191E-01     6.95730187369108E-02    -5.49416247278626E-01    -2.97888826596963E-01     1.18416114723772E-01     5.91292938991212E-02     1.12242705044625E-01    -2.22035206994148E-01    -3.65643497936781E-03
         1.40222472037927     4.52964005356058E-01    -1.60546208430784E-01     2.25545730548663E-01    -5.48743422499672E-01     2.65706574607295E-01     7.32042358682655E-01     4.02080210361362E-01    -8.37756480907312E-01     4.91390044295019E-04
         0.52205700268808     8.05450964095097E-01    -2.63981031214717E-01    -3.63850982918199E-01    -6.95022929228448E-01     1.92118246587555E-01    -6.62764404039625E-01     9.01700430010169E-01     4.32284673630976E-01     9.99992334274143E-01
         0.16818943371335     3.22104729197730E-01     9.46346921445871E-01     2.58329108697022E-02    -3.41723954857718E-01    -9.35865486749767E-01     8.57433121772174E-02    -1.11481865840859E-01     2.46939932598114E-01     5.59225812546083E-04
O TZVP-MOLOPT-SCAN-GTH-q6
 1
 2 0 2 5 3 3 1
        10.25781699497238    -1.37093335568261E-01     6.42341766590814E-02    -7.17088581420037E-01    -1.01541960662273E-01     5.12250917317880E-02     1.18360216509634E-01    -1.55308630843787E-02
         3.64428735012608    -1.53382903419191E-01     6.95730187369108E-02    -5.49416247278626E-01    -2.97888826596963E-01     1.18416114723772E-01     5.91292938991212E-02     1.12242705044625E-01
         1.40222472037927     4.52964005356058E-01    -1.60546208430784E-01     2.25545730548663E-01    -5.48743422499672E-01     2.65706574607295E-01     7.32042358682655E-01     4.02080210361362E-01
         0.52205700268808     8.05450964095097E-01    -2.63981031214717E-01    -3.63850982918199E-01    -6.95022929228448E-01     1.92118246587555E-01    -6.62764404039625E-01     9.01700430010169E-01
         0.16818943371335     3.22104729197730E-01     9.46346921445871E-01     2.58329108697022E-02    -3.41723954857718E-01    -9.35865486749767E-01     8.57433121772174E-02    -1.11481865840859E-01
O DZVP-MOLOPT-SCAN-GTH-q6
 1
 2 0 2 5 2 2 1
        10.25781699497238    -1.37093335568261E-01     6.42341766590814E-02    -1.01541960662273E-01     5.12250917317880E-02    -1.55308630843787E-02
         3.64428735012608    -1.53382903419191E-01     6.95730187369108E-02    -2.97888826596963E-01     1.18416114723772E-01     1.12242705044625E-01
         1.40222472037927     4.52964005356058E-01    -1.60546208430784E-01    -5.48743422499672E-01     2.65706574607295E-01     4.02080210361362E-01
         0.52205700268808     8.05450964095097E-01    -2.63981031214717E-01    -6.95022929228448E-01     1.92118246587555E-01     9.01700430010169E-01
         0.16818943371335     3.22104729197730E-01     9.46346921445871E-01    -3.41723954857718E-01    -9.35865486749767E-01    -1.11481865840859E-01
CL TZV2P-MOLOPT-SCAN-GTH-Q7
 1
 2 0 3 4 3 3 2 1
         1.99031135450461     4.85018816633289E-01     1.94158525239581E-01    -1.02487019822790E-01     3.26464872695311E-01     1.51626624474172E-01    -3.04303079631876E-01     1.14349988907458E-01    -6.94120784194127E-02    -3.74274318976047E-02
         1.46501921747017    -3.69443122264159E-01     8.84925501203065E-02    -9.21581198729358E-01    -4.91090003440862E-01    -1.60659090706497E-01    -8.51979523656754E-01     2.49763916797096E-01     9.08906621638742E-01     2.75533996785233E-01
         0.40655378963524    -5.57894471564660E-01    -6.37209072162332E-01     2.04948617227288E-01    -6.93734950650820E-01    -3.56105172703454E-01     4.21045721459141E-01     9.48735957067630E-01    -2.80461592308605E-01     9.57496717801440E-01
         0.13370286337397    -5.63047320854067E-01     7.40564739914085E-01     3.13337787719621E-01    -4.13501044329990E-01     9.07957669331436E-01     6.51999036588082E-02     1.56339853108561E-01     3.00685902147853E-01    -7.66827187609711E-02
CL TZVP-MOLOPT-SCAN-GTH-q7
 1
 2 0 2 4 3 3 1
         1.99031135450461     4.85018816633289E-01     1.94158525239581E-01    -1.02487019822790E-01     3.26464872695311E-01     1.51626624474172E-01    -3.04303079631876E-01     1.14349988907458E-01
         1.46501921747017    -3.69443122264159E-01     8.84925501203065E-02    -9.21581198729358E-01    -4.91090003440862E-01    -1.60659090706497E-01    -8.51979523656754E-01     2.49763916797096E-01
         0.40655378963524    -5.57894471564660E-01    -6.37209072162332E-01     2.04948617227288E-01    -6.93734950650820E-01    -3.56105172703454E-01     4.21045721459141E-01     9.48735957067630E-01
         0.13370286337397    -5.63047320854067E-01     7.40564739914085E-01     3.13337787719621E-01    -4.13501044329990E-01     9.07957669331436E-01     6.51999036588082E-02     1.56339853108561E-01
CL DZVP-MOLOPT-SCAN-GTH-q7
 1
 2 0 2 4 2 2 1
         1.99031135450461     4.85018816633289E-01     1.94158525239581E-01     3.26464872695311E-01     1.51626624474172E-01     1.14349988907458E-01
         1.46501921747017    -3.69443122264159E-01     8.84925501203065E-02    -4.91090003440862E-01    -1.60659090706497E-01     2.49763916797096E-01
         0.40655378963524    -5.57894471564660E-01    -6.37209072162332E-01    -6.93734950650820E-01    -3.56105172703454E-01     9.48735957067630E-01
         0.13370286337397    -5.63047320854067E-01     7.40564739914085E-01    -4.13501044329990E-01     9.07957669331436E-01     1.56339853108561E-01
