#
# BASIS SETS FOR REFERENCE CALCULATIONS FOR MOLOPT
# AND HGH PSEUDOPOTENTIALS
#
#  &METHOD
#     METHOD_TYPE  KOHN-SHAM
#     RELATIVISTIC DKH(3)
#     &XC
#       &XC_FUNCTIONAL PBE
#       &END XC_FUNCTIONAL
#     &END XC
#  &END METHOD
#
#   Pseudopotential form
#
#     Atom    Zcore   Zval    NC    NPS  NPP  NPD  NPF
#   1  H          0      1     2      0    0    0    0
#   2  He         0      2     2      0    0    0    0
#   3  Li         2      1     2      1    1    0    0
#                 0      3     4      0    0    0    0
#   4  Be         2      2     2      1    1    0    0
#                 0      4     4      0    0    0    0
#   5  B          2      3     2      1    0    0    0
#   6  C          2      4     2      1    0    0    0
#   7  N          2      5     2      1    0    0    0
#   8  O          2      6     2      1    0    0    0
#   9  F          2      7     2      1    0    0    0
#  10  Ne         2      8     3      2    1    0    0
#  11  Na        10      1     1      2    1    0    0
#                 2      9     3      1    1    0    0
#  12  Mg        10      2     1      2    1    0    0
#                 2     10     3      1    1    0    0
#  13  Al        10      3     1      2    1    0    0
#  14  Si        10      4     1      2    1    0    0
#  15  P         10      5     1      2    1    0    0
#  16  S         10      6     1      2    1    0    0
#  17  Cl        10      7     1      2    1    0    0
#  18  Ar        10      8     1      2    1    0    0
#  19  K         18      1     1      3    2    1    0
#                10      9     3      2    2    0    0
#  20  Ca        18      2     1      3    2    1    0
#                10     10     2      2    2    1    0
#  21  Sc        18      3     1      3    2    1    0
#                10     11     2      2    2    1    0
#  22  Ti        18      4     0      3    2    1    0
#                10     12     2      2    2    1    0
#  23  V         18      5     0      3    2    1    0
#                10     13     2      2    2    1    0
#  24  Cr        18      6     0      3    2    1    0
#                10     14     2      2    2    1    0
#  25  Mn        18      7     0      3    2    1    0
#                10     15     2      2    2    1    0
#  26  Fe        18      8     1      3    2    1    0
#                10     16     2      2    2    1    0
#  27  Co        18      9     1      3    2    1    0
#                10     17     2      2    2    1    0
#  28  Ni        18     10     1      3    2    1    0
#                10     18     2      2    2    1    0
#  29  Cu        28      1     1      3    2    1    0
#                18     11     0      3    2    1    0
#                10     19     2      2    2    1    0
#  30  Zn        28      2     1      3    2    1    0
#                18     12     0      3    2    1    0
#                10     20     2      2    2    1    0
#  31  Ga        28      3     0      3    2    1    0
#                18     13     2      3    2    1    0
#                10     21     3      2    2    1    0
#  32  Ge        28      4     0      3    2    1    0
#                18     14     0      3    2    1    0
#                10     22     2      2    2    1    0
#  33  As        28      5     0      3    2    1    0
#                18     15     0      3    2    1    0
#                10     23     2      2    2    1    0
#  34  Se        28      6     2      3    2    1    0
#                18     16     0      3    2    1    0
#                10     24     2      2    2    1    0
#  35  Br        28      7     1      3    2    1    0
#                18     17     0      3    2    1    0
#                10     25     2      2    2    1    0
#  36  Kr        28      8     0      3    2    1    0
#                18     18     1      3    2    1    0
#                10     26     2      2    2    1    0
#  37  Rb        36      1     2      3    2    1    0
#                28      9     2      2    2    1    0
#  38  Sr        36      2     2      3    2    1    0
#                28     10     2      2    2    1    0
#  39  Y         36      3     2      3    2    2    0
#                28     11     3      2    2    2    0
#  40  Zr        36      4     2      3    2    2    0
#                28     12     3      2    2    2    0
#  41  Nb        36      5     2      2    2    2    0
#                28     13     2      2    2    2    0
#  42  Mo        36      6     2      2    2    2    0
#                28     14     2      2    2    2    0
#  43  Tc        36      7     2      2    2    2    0
#                28     15     2      2    2    2    0
#  44  Ru        36      8     1      2    2    2    0
#                28     16     2      2    2    2    0
#  45  Rh        36      9     1      2    2    2    0
#                28     17     2      2    2    2    0
#  46  Pd        36     10     1      2    2    2    0
#                28     18     2      2    2    2    0
#  47  Ag        46      1     1      3    2    1    0
#                36     11     1      3    2    2    0
#                28     19     3      2    2    2    0
#  48  Cd        46      2     1      3    2    1    0
#                36     12     1      3    2    2    0
#                28     20     3      2    2    2    0
#  49  In        46      3     1      3    2    1    0
#                36     13     1      3    2    2    0
#                28     21     3      2    2    2    0
#  50  Sn        46      4     1      3    2    1    0
#                36     14     1      3    2    2    0
#                28     22     3      2    2    2    0
#  51  Sb        46      5     1      3    2    1    0
#                36     15     1      3    2    2    0
#                28     23     3      2    2    2    0
#  52  Te        46      6     1      3    2    1    0
#                36     16     1      3    2    2    0
#                28     24     3      2    2    2    0
#  53  I         46      7     1      3    2    1    0
#                36     17     1      3    2    2    0
#                28     25     3      2    2    2    0
#  54  Xe        46      8     1      3    2    1    0
#                36     18     1      3    2    2    0
#                28     26     3      2    2    2    0
#  55  Cs        54      1     0      3    2    1    0
#                46      9     2      2    2    1    1
#  56  Ba        54      2     1      3    2    1    0
#                46     10     3      2    2    1    1
#  57  La        54      3
#                46     11     3      2    3    1    1
#                28     29
#  58  Ce        54      4
#                46     12     2      2    2    1    1
#                28     30
#  59  Pr        54      5
#                46     13     2      2    2    1    1
#                28     31
#  60  Nd        54      6
#                46     14     2      2    2    1    1
#                28     32
#  61  Pm        54      7
#                46     15     2      2    2    1    1
#                28     33
#  62  Sm        54      8
#                46     16     2      2    2    1    1
#                28     34
#  63  Eu        54      9
#                46     17     2      2    2    1    1
#                28     35
#  64  Gd        54     10
#                46     18     2      2    2    1    1
#                28     36
#  65  Tb        54     11
#                46     19     2      2    2    1    1
#                28     37
#  66  Dy        54     12
#                46     20     2      2    2    1    1
#                28     38
#  67  Ho        54     13
#                46     21     2      2    2    1    1
#                28     39
#  68  Er        54     14
#                46     22     2      2    2    1    1
#                28     40
#  69  Tm        54     15
#                46     23     2      2    2    1    1
#                28     41
#  70  Yb        54     16
#                46     24     2      2    2    1    1
#                28     42
#  71  Lu        54     17
#                46     25     2      2    2    1    1
#                28     43
#  72  Hf        68      4
#                60     12     2      3    2    2    0
#  73  Ta        68      5     1      2    2    2    0
#                60     13     2      3    2    2    0
#  74  W         68      6     1      2    2    2    0
#                60     14     2      3    2    2    0
#  75  Re        68      7     1      2    2    2    0
#                60     15     2      3    2    2    0
#  76  Os        68      8     1      2    2    2    0
#                60     16     2      3    2    2    0
#  77  Ir        68      9     1      2    2    2    0
#                60     17     2      3    2    2    0
#  78  Pt        68     10     1      2    2    2    0
#                60     18     2      3    2    2    0
#  79  Au        78      1     2      3    3    0    0
#                68     11     1      2    2    2    0
#                60     19     2      3    3    2    0
#  80  Hg        78      2     1      3    2    1    0
#                68     12     1      2    2    2    0
#                60     20     2      3    3    2    0
#  81  Tl        78      3     1      3    2    1    0
#                68     13     1      2    2    2    0
#                60     21     2      3    3    2    0
#  82  Pb        78      4     1      3    2    1    0
#                68     14     2      2    2    2    0
#                60     22     2      3    3    2    0
#  83  Bi        78      5     1      3    2    1    0
#                68     15     3      2    2    2    0
#                60     23     2      3    3    2    0
#  84  Po        78      6     2      3    2    1    0
#                68     16     3      2    2    2    0
#                60     24     2      3    3    2    0
#  85  At        78      7     1      3    2    1    0
#                68     17     3      2    2    2    0
#                60     25     2      3    3    2    0
#  86  Rn        78      8     1      3    2    1    0
#                68     18     3      2    2    2    0
#                60     26     2      3    3    2    0
#
# General form of basis
# 1) Valence block: uncontracted Geometrical series
# 2) Polarization : copied from RANO basis
# 3) Diffuse augmentation of valence block
#
 H  MOLOPT-REF-q1
 17
 1 0 0 1 1
     12.80046839  1.00
 1 0 0 1 1
      5.55877751  1.00
 1 0 0 1 1
      2.41397474  1.00
 1 0 0 1 1
      1.04830137  1.00
 1 0 0 1 1
      0.45523913  1.00
 1 0 0 1 1
      0.19769378  1.00
 1 0 0 1 1
      0.08585121  1.00
 1 0 0 1 1
      0.03728206  1.00
 1 0 0 1 1
      0.01619020  1.00
 2 1 1 1 1
      2.30500000  1.00
 2 1 1 1 1
      0.80675000  1.00
 2 1 1 1 1
      0.28236200  1.00
 2 1 1 1 1
      0.09882700  1.00
 3 2 2 1 1
      1.81900000  1.00
 3 2 2 1 1
      0.72760000  1.00
 3 2 2 1 1
      0.29104000  1.00
 4 3 3 1 1
      0.97010900  1.00

 He MOLOPT-REF-q2
 18
 1 0 0 1 1
     31.44899512  1.00
 1 0 0 1 1
     13.67132142  1.00
 1 0 0 1 1
      5.94311611  1.00
 1 0 0 1 1
      2.58355634  1.00
 1 0 0 1 1
      1.12310835  1.00
 1 0 0 1 1
      0.48823103  1.00
 1 0 0 1 1
      0.21224091  1.00
 1 0 0 1 1
      0.09226411  1.00
 1 0 0 1 1
      0.04010850  1.00
 2 1 1 1 1
      4.55000000  1.00
 2 1 1 1 1
      1.59250000  1.00
 2 1 1 1 1
      0.55737500  1.00
 2 1 1 1 1
      0.19508100  1.00
 3 2 2 1 1
      3.40000000  1.00
 3 2 2 1 1
      1.36000000  1.00
 3 2 2 1 1
      0.54400000  1.00
 4 3 3 1 1
      1.81333300  1.00
 4 3 3 1 1
      0.72533300  1.00


 Li MOLOPT-REF-q1
 17
 1 0 1 1 1 1
      7.63326738  1.00
 1 0 1 1 1 1
      3.09854013  1.00
 1 0 1 1 1 1
      1.25777736  1.00
 1 0 1 1 1 1
      0.51056428  1.00
 1 0 1 1 1 1
      0.20725121  1.00
 1 0 1 1 1 1
      0.08412861  1.00
 1 0 1 1 1 1
      0.03414997  1.00
 1 0 1 1 1 1
      0.01386236  1.00
 2 0 1 1 1 1
      0.00562700  1.00
 3 2 2 1 1
      0.45000000  1.00
 3 2 2 1 1
      0.15750000  1.00
 3 2 2 1 1
      0.05512500  1.00
 3 2 2 1 1
      0.01929380  1.00
 4 3 3 1 1
      0.24000000  1.00
 4 3 3 1 1
      0.09600000  1.00
 4 3 3 1 1
      0.03840000  1.00
 5 4 4 1 1
      0.12800000  1.00

 Li MOLOPT-REF-q3
 17
 1 0 1 1 1 1
     19.45071788  1.00
 1 0 1 1 1 1
      7.30009665  1.00
 1 0 1 1 1 1
      2.73981718  1.00
 1 0 1 1 1 1
      1.02828751  1.00
 1 0 1 1 1 1
      0.38592911  1.00
 1 0 1 1 1 1
      0.14484400  1.00
 1 0 1 1 1 1
      0.05436176  1.00
 1 0 1 1 1 1
      0.02040264  1.00
 2 0 1 1 1 1
      0.00765730  1.00
 3 2 2 1 1
      0.45000000  1.00
 3 2 2 1 1
      0.15750000  1.00
 3 2 2 1 1
      0.05512500  1.00
 3 2 2 1 1
      0.01929380  1.00
 4 3 3 1 1
      0.24000000  1.00
 4 3 3 1 1
      0.09600000  1.00
 4 3 3 1 1
      0.03840000  1.00
 5 4 4 1 1
      0.12800000  1.00


 Be MOLOPT-REF-q2
 17
 1 0 1 1 1 1
     30.00324863  1.00
 1 0 1 1 1 1
     11.17060153  1.00
 1 0 1 1 1 1
      4.15896092  1.00
 1 0 1 1 1 1
      1.54843550  1.00
 1 0 1 1 1 1
      0.57650277  1.00
 1 0 1 1 1 1
      0.21463951  1.00
 1 0 1 1 1 1
      0.07991310  1.00
 1 0 1 1 1 1
      0.02975269  1.00
 2 0 1 1 1 1
      0.01107720  1.00
 3 2 2 1 1
     16.81852000  1.00
 3 2 2 1 1
      4.82223000  1.00
 3 2 2 1 1
      0.60129900  1.00
 3 2 2 1 1
      0.15844900  1.00
 3 2 2 1 1
      0.06337900  1.00
 4 3 3 1 1
     12.00760900  1.00
 4 3 3 1 1
      0.41155590  1.00
 5 4 4 1 1
      0.51444400  1.00


 Be MOLOPT-REF-q4
 17
 1 0 1 1 1 1
     13.06429576  1.00
 1 0 1 1 1 1
      5.73280537  1.00
 1 0 1 1 1 1
      2.51563942  1.00
 1 0 1 1 1 1
      1.10389962  1.00
 1 0 1 1 1 1
      0.48440741  1.00
 1 0 1 1 1 1
      0.21256511  1.00
 1 0 1 1 1 1
      0.09327670  1.00
 1 0 1 1 1 1
      0.04093119  1.00
 2 0 1 1 1 1
      0.01796120  1.00
 3 2 2 1 1
     16.81852000  1.00
 3 2 2 1 1
      4.82223000  1.00
 3 2 2 1 1
      0.60129900  1.00
 3 2 2 1 1
      0.15844900  1.00
 3 2 2 1 1
      0.06337900  1.00
 4 3 3 1 1
     12.00760900  1.00
 4 3 3 1 1
      0.41155590  1.00
 5 4 4 1 1
      0.51444400  1.00


 B  MOLOPT-REF-q3
 19
 1 0 1 1 1 1
     18.80327323  1.00
 1 0 1 1 1 1
      7.76269931  1.00
 1 0 1 1 1 1
      3.20473461  1.00
 1 0 1 1 1 1
      1.32303514  1.00
 1 0 1 1 1 1
      0.54619873  1.00
 1 0 1 1 1 1
      0.22549140  1.00
 1 0 1 1 1 1
      0.09309134  1.00
 1 0 1 1 1 1
      0.03843161  1.00
 2 0 1 1 1 1
      0.01586570  1.00
 3 2 2 1 1
     20.27238900  1.00
 3 2 2 1 1
      8.10895500  1.00
 3 2 2 1 1
      0.98537000  1.00
 3 2 2 1 1
      0.39414800  1.00
 3 2 2 1 1
      0.15765920  1.00
 4 3 3 1 1
      1.31382700  1.00
 4 3 3 1 1
      0.52553000  1.00
 4 3 3 1 1
      0.21021200  1.00
 5 4 4 1 1
      0.65691300  1.00
 5 4 4 1 1
      0.26276500  1.00


 C  MOLOPT-REF-q4
 18
 1 0 1 1 1 1
     12.30416306  1.00  1.00
 1 0 1 1 1 1
      5.47318217  1.00  1.00
 1 0 1 1 1 1
      2.43460062  1.00  1.00
 1 0 1 1 1 1
      1.08296783  1.00  1.00
 1 0 1 1 1 1
      0.48172965  1.00  1.00
 1 0 1 1 1 1
      0.21428472  1.00  1.00
 1 0 1 1 1 1
      0.09531890  1.00  1.00
 1 0 1 1 1 1
      0.04240010  1.00  1.00
 2 0 1 1 1 1
      0.01886050  1.00  1.00
 3 2 2 1 1
      1.9000000   1.00
 3 2 2 1 1
      0.6650000   1.00
 3 2 2 1 1
      0.2327500   1.00
 3 2 2 1 1
      0.0814630   1.00
 4 3 3 1 1
      1.2500000   1.00
 4 3 3 1 1
      0.5000000   1.00
 4 3 3 1 1
      0.2000000   1.00
 5 4 4 1 1
      0.6250000   1.00
 5 4 4 1 1
      0.2500000   1.00

 N  MOLOPT-REF-q5
 18
 1 0 1 1 1 1
     18.01859550  1.00  1.00
 1 0 1 1 1 1
      7.96405028  1.00  1.00
 1 0 1 1 1 1
      3.52003556  1.00  1.00
 1 0 1 1 1 1
      1.55582272  1.00  1.00
 1 0 1 1 1 1
      0.68765905  1.00  1.00
 1 0 1 1 1 1
      0.30393885  1.00  1.00
 1 0 1 1 1 1
      0.13433812  1.00  1.00
 1 0 1 1 1 1
      0.05937619  1.00  1.00
 2 0 1 1 1 1
      0.02624360  1.00  1.00
 3 2 2 1 1
      2.75000000  1.00
 3 2 2 1 1
      0.96250000  1.00
 3 2 2 1 1
      0.33687500  1.00
 3 2 2 1 1
      0.11790600  1.00
 4 3 3 1 1
      1.80000000  1.00
 4 3 3 1 1
      0.72000000  1.00
 4 3 3 1 1
      0.28800000  1.00
 5 4 4 1 1
      0.90000000  1.00
 5 4 4 1 1
      0.36000000  1.00


 O  MOLOPT-REF-q6
 18
 1 0 1 1 1 1
     24.52904659  1.00  1.00
 1 0 1 1 1 1
     10.79191514  1.00  1.00
 1 0 1 1 1 1
      4.74806193  1.00  1.00
 1 0 1 1 1 1
      2.08897974  1.00  1.00
 1 0 1 1 1 1
      0.91907739  1.00  1.00
 1 0 1 1 1 1
      0.40436163  1.00  1.00
 1 0 1 1 1 1
      0.17790485  1.00  1.00
 1 0 1 1 1 1
      0.07827186  1.00  1.00
 2 0 1 1 1 1
      0.03443680  1.00  1.00
 3 2 2 1 1
      3.75000000  1.00
 3 2 2 1 1
      1.31250000  1.00
 3 2 2 1 1
      0.45937500  1.00
 3 2 2 1 1
      0.16078100  1.00
 4 3 3 1 1
      2.35000000  1.00
 4 3 3 1 1
      0.94000000  1.00
 4 3 3 1 1
      0.37600000  1.00
 5 4 4 1 1
      1.17500000  1.00
 5 4 4 1 1
      0.47000000  1.00

 F  MOLOPT-REF-q7
 18
 1 0 1 1 1 1
     31.80987873  1.00  1.00
 1 0 1 1 1 1
     13.94210750  1.00  1.00
 1 0 1 1 1 1
      6.11075456  1.00  1.00
 1 0 1 1 1 1
      2.67831254  1.00  1.00
 1 0 1 1 1 1
      1.17389072  1.00  1.00
 1 0 1 1 1 1
      0.51451031  1.00  1.00
 1 0 1 1 1 1
      0.22550724  1.00  1.00
 1 0 1 1 1 1
      0.09883867  1.00  1.00
 2 0 1 1 1 1
      0.04332040  1.00  1.00
 3 2 2 1 1
      5.00000000  1.00
 3 2 2 1 1
      1.75000000  1.00
 3 2 2 1 1
      0.61250000  1.00
 3 2 2 1 1
      0.21437500  1.00
 4 3 3 1 1
      3.20000000  1.00
 4 3 3 1 1
      1.28000000  1.00
 4 3 3 1 1
      0.51200000  1.00
 5 4 4 1 1
      1.60000000  1.00
 5 4 4 1 1
      0.64000000  1.00

 Ne  MOLOPT-REF-q8
 18
 1 0 1 1 1 1
     20.79439638  1.00  1.00
 1 0 1 1 1 1
      9.94443529  1.00  1.00
 1 0 1 1 1 1
      4.75569434  1.00  1.00
 1 0 1 1 1 1
      2.27429995  1.00  1.00
 1 0 1 1 1 1
      1.08763093  1.00  1.00
 1 0 1 1 1 1
      0.52013414  1.00  1.00
 1 0 1 1 1 1
      0.24874202  1.00  1.00
 1 0 1 1 1 1
      0.11895507  1.00  1.00
 2 0 1 1 1 1
      0.05688740  1.00  1.00
 3 2 2 1 1
      6.42000000  1.00
 3 2 2 1 1
      2.24700000  1.00
 3 2 2 1 1
      0.78645000  1.00
 3 2 2 1 1
      0.27525750  1.00
 4 3 3 1 1
      4.19000000  1.00
 4 3 3 1 1
      1.67600000  1.00
 4 3 3 1 1
      0.67040000  1.00
 5 4 4 1 1
      4.90820400  1.00
 5 4 4 1 1
      1.96328100  1.00

 Na  MOLOPT-REF-q1
 20
 1 0 1 1 1 1
      1.36109049  1.00  1.00
 1 0 1 1 1 1
      0.67414824  1.00  1.00
 1 0 1 1 1 1
      0.33390568  1.00  1.00
 1 0 1 1 1 1
      0.16538351  1.00  1.00
 1 0 1 1 1 1
      0.08191447  1.00  1.00
 1 0 1 1 1 1
      0.04057224  1.00  1.00
 1 0 1 1 1 1
      0.02009544  1.00  1.00
 1 0 1 1 1 1
      0.00995327  1.00  1.00
 2 0 1 1 1 1
      0.00492980  1.00  1.00
 3 2 2 1 1
      2.15650900  1.00
 3 2 2 1 1
      0.86260360  1.00
 3 2 2 1 1
      0.34514180  1.00
 3 2 2 1 1
      0.13809690  1.00
 3 2 2 1 1
      0.05525480  1.00
 4 3 3 1 1
      0.82036225  1.00
 4 3 3 1 1
      0.32814490  1.00
 4 3 3 1 1
      0.15734730  1.00
 4 3 3 1 1
      0.07544890  1.00
 5 4 4 1 1
      0.41020000  1.00
 5 4 4 1 1
      0.19670000  1.00



 Na  MOLOPT-REF-q9
 20
 1 0 1 1 1 1
     18.87770429  1.00  1.00
 1 0 1 1 1 1
      7.34274487  1.00  1.00
 1 0 1 1 1 1
      2.85606244  1.00  1.00
 1 0 1 1 1 1
      1.11090509  1.00  1.00
 1 0 1 1 1 1
      0.43210194  1.00  1.00
 1 0 1 1 1 1
      0.16807204  1.00  1.00
 1 0 1 1 1 1
      0.06537395  1.00  1.00
 1 0 1 1 1 1
      0.02542810  1.00  1.00
 2 0 1 1 1 1
      0.00989060  1.00  1.00
 3 2 2 1 1
      2.15650900  1.00
 3 2 2 1 1
      0.86260360  1.00
 3 2 2 1 1
      0.34514180  1.00
 3 2 2 1 1
      0.13809690  1.00
 3 2 2 1 1
      0.05525480  1.00
 4 3 3 1 1
      0.82036225  1.00
 4 3 3 1 1
      0.32814490  1.00
 4 3 3 1 1
      0.15734730  1.00
 4 3 3 1 1
      0.07544890  1.00
 5 4 4 1 1
      0.41020000  1.00
 5 4 4 1 1
      0.19670000  1.00

 Mg  MOLOPT-REF-q2
 19
 1 0 1 1 1 1
      0.90480204  1.00  1.00
 1 0 1 1 1 1
      0.49192662  1.00  1.00
 1 0 1 1 1 1
      0.26745276  1.00  1.00
 1 0 1 1 1 1
      0.14540986  1.00  1.00
 1 0 1 1 1 1
      0.07905705  1.00  1.00
 1 0 1 1 1 1
      0.04298207  1.00  1.00
 1 0 1 1 1 1
      0.02336868  1.00  1.00
 1 0 1 1 1 1
      0.01270518  1.00  1.00
 2 0 1 1 1 1
      0.00690760  1.00  1.00
 3 2 2 1 1
     10.99851400  1.00
 3 2 2 1 1
      3.63307900  1.00
 3 2 2 1 1
      1.20009500  1.00
 3 2 2 1 1
      0.39642100  1.00
 3 2 2 1 1
      0.13094800  1.00
 3 2 2 1 1
      0.05237900  1.00
 4 3 3 1 1
      4.84410500  1.00
 4 3 3 1 1
      0.17459700  1.00
 5 4 4 1 1
      6.05500000  1.00
 5 4 4 1 1
      0.21800000  1.00


 Mg  MOLOPT-REF-q10
 19
 1 0 1 1 1 1
     28.51433438  1.00  1.00
 1 0 1 1 1 1
     11.32847397  1.00  1.00
 1 0 1 1 1 1
      4.50069501  1.00  1.00
 1 0 1 1 1 1
      1.78808334  1.00  1.00
 1 0 1 1 1 1
      0.71038851  1.00  1.00
 1 0 1 1 1 1
      0.28223060  1.00  1.00
 1 0 1 1 1 1
      0.11212754  1.00  1.00
 1 0 1 1 1 1
      0.04454720  1.00  1.00
 2 0 1 1 1 1
      0.01769820  1.00  1.00
 3 2 2 1 1
     10.99851400  1.00
 3 2 2 1 1
      3.63307900  1.00
 3 2 2 1 1
      1.20009500  1.00
 3 2 2 1 1
      0.39642100  1.00
 3 2 2 1 1
      0.13094800  1.00
 3 2 2 1 1
      0.05237900  1.00
 4 3 3 1 1
      4.84410500  1.00
 4 3 3 1 1
      0.17459700  1.00
 5 4 4 1 1
      6.05500000  1.00
 5 4 4 1 1
      0.21800000  1.00

 Al  MOLOPT-REF-q3
 20
 1 0 1 1 1 1
     12.44585864  1.00  1.00
 1 0 1 1 1 1
      5.21941771  1.00  1.00
 1 0 1 1 1 1
      2.18886636  1.00  1.00
 1 0 1 1 1 1
      0.91794453  1.00  1.00
 1 0 1 1 1 1
      0.38495825  1.00  1.00
 1 0 1 1 1 1
      0.16143988  1.00  1.00
 1 0 1 1 1 1
      0.06770302  1.00  1.00
 1 0 1 1 1 1
      0.02839260  1.00  1.00
 2 0 1 1 1 1
      0.01190700  1.00  1.00
 3 2 2 1 1
      7.33783400  1.00
 3 2 2 1 1
      2.93513370  1.00
 3 2 2 1 1
      0.51202500  1.00
 3 2 2 1 1
      0.20481000  1.00
 3 2 2 1 1
      0.08192400  1.00
 4 3 3 1 1
      0.68269900  1.00
 4 3 3 1 1
      0.27307960  1.00
 4 3 3 1 1
      0.10923100  1.00
 5 4 4 1 1
      0.34140000  1.00
 5 4 4 1 1
      0.13650000  1.00

 Si  MOLOPT-REF-q4
 20
 1 0 1 1 1 1
     15.54765921  1.00  1.00
 1 0 1 1 1 1
      6.62159326  1.00  1.00
 1 0 1 1 1 1
      2.82007064  1.00  1.00
 1 0 1 1 1 1
      1.20104001  1.00  1.00
 1 0 1 1 1 1
      0.51151098  1.00  1.00
 1 0 1 1 1 1
      0.21784743  1.00  1.00
 1 0 1 1 1 1
      0.09277905  1.00  1.00
 1 0 1 1 1 1
      0.03951368  1.00  1.00
 2 0 1 1 1 1
      0.01682840  1.00  1.00
 3 2 2 1 1
      2.01053330  1.00
 3 2 2 1 1
      0.79109810  1.00
 3 2 2 1 1
      0.31127870  1.00
 3 2 2 1 1
      0.12248090  1.00
 3 2 2 1 1
      0.04899240  1.00
 4 3 3 1 1
      0.71849250  1.00
 4 3 3 1 1
      0.34744460  1.00
 4 3 3 1 1
      0.16801530  1.00
 4 3 3 1 1
      0.06720610  1.00
 5 4 4 1 1
      0.51880000  1.00
 5 4 4 1 1
      0.20410000  1.00

 P   MOLOPT-REF-q5
 20
 1 0 1 1 1 1
      3.73650811  1.00  1.00
 1 0 1 1 1 1
      1.92965184  1.00  1.00
 1 0 1 1 1 1
      0.99653370  1.00  1.00
 1 0 1 1 1 1
      0.51464175  1.00  1.00
 1 0 1 1 1 1
      0.26577740  1.00  1.00
 1 0 1 1 1 1
      0.13725592  1.00  1.00
 1 0 1 1 1 1
      0.07088333  1.00  1.00
 1 0 1 1 1 1
      0.03660641  1.00  1.00
 2 0 1 1 1 1
      0.01890470  1.00  1.00
 3 2 2 1 1
      2.72018530  1.00
 3 2 2 1 1
      1.07222220  1.00
 3 2 2 1 1
      0.42264050  1.00
 3 2 2 1 1
      0.16659330  1.00
 3 2 2 1 1
      0.06663730  1.00
 4 3 3 1 1
      0.89440190  1.00
 4 3 3 1 1
      0.44087230  1.00
 4 3 3 1 1
      0.21731660  1.00
 4 3 3 1 1
      0.08692660  1.00
 5 4 4 1 1
      0.96650100  1.00
 5 4 4 1 1
      0.38660000  1.00

 S   MOLOPT-REF-q6
 20
 1 0 1 1 1 1
      4.59316470  1.00  1.00
 1 0 1 1 1 1
      2.39532879  1.00  1.00
 1 0 1 1 1 1
      1.24916052  1.00  1.00
 1 0 1 1 1 1
      0.65143541  1.00  1.00
 1 0 1 1 1 1
      0.33972263  1.00  1.00
 1 0 1 1 1 1
      0.17716486  1.00  1.00
 1 0 1 1 1 1
      0.09239122  1.00  1.00
 1 0 1 1 1 1
      0.04818189  1.00  1.00
 2 0 1 1 1 1
      0.02512670  1.00  1.00
 3 2 2 1 1
      3.00536790  1.00
 3 2 2 1 1
      1.21729760  1.00
 3 2 2 1 1
      0.49305560  1.00
 3 2 2 1 1
      0.19970780  1.00
 3 2 2 1 1
      0.07988310  1.00
 4 3 3 1 1
      1.10009880  1.00
 4 3 3 1 1
      0.52721330  1.00
 4 3 3 1 1
      0.25266270  1.00
 4 3 3 1 1
      0.10106510  1.00
 5 4 4 1 1
      1.14181900  1.00
 5 4 4 1 1
      0.45672700  1.00

 Cl  MOLOPT-REF-q7
 20
 1 0 1 1 1 1
      5.39755268  1.00  1.00
 1 0 1 1 1 1
      2.84436709  1.00  1.00
 1 0 1 1 1 1
      1.49890601  1.00  1.00
 1 0 1 1 1 1
      0.78988371  1.00  1.00
 1 0 1 1 1 1
      0.41624776  1.00  1.00
 1 0 1 1 1 1
      0.21935153  1.00  1.00
 1 0 1 1 1 1
      0.11559244  1.00  1.00
 1 0 1 1 1 1
      0.06091415  1.00  1.00
 2 0 1 1 1 1
      0.03210010  1.00  1.00
 3 2 2 1 1
      3.62045610  1.00
 3 2 2 1 1
      1.47757170  1.00
 3 2 2 1 1
      0.60302300  1.00
 3 2 2 1 1
      0.24610430  1.00
 3 2 2 1 1
      0.09844170  1.00
 4 3 3 1 1
      1.35689640  1.00
 4 3 3 1 1
      0.66136460  1.00
 4 3 3 1 1
      0.32235560  1.00
 4 3 3 1 1
      0.12894220  1.00
 5 4 4 1 1
      1.38713700  1.00
 5 4 4 1 1
      0.55485500  1.00

 Ar  MOLOPT-REF-q8
 20
 1 0 1 1 1 1
     32.86806470  1.00  1.00
 1 0 1 1 1 1
     14.33459044  1.00  1.00
 1 0 1 1 1 1
      6.25167576  1.00  1.00
 1 0 1 1 1 1
      2.72651318  1.00  1.00
 1 0 1 1 1 1
      1.18910104  1.00  1.00
 1 0 1 1 1 1
      0.51859690  1.00  1.00
 1 0 1 1 1 1
      0.22617316  1.00  1.00
 1 0 1 1 1 1
      0.09863981  1.00  1.00
 2 0 1 1 1 1
      0.04301930  1.00  1.00
 3 2 2 1 1
      4.32884170  1.00
 3 2 2 1 1
      1.77423020  1.00
 3 2 2 1 1
      0.72719060  1.00
 3 2 2 1 1
      0.29804820  1.00
 3 2 2 1 1
      0.11921930  1.00
 4 3 3 1 1
      1.63117400  1.00
 4 3 3 1 1
      0.82032880  1.00
 4 3 3 1 1
      0.41254910  1.00
 4 3 3 1 1
      0.16501960  1.00
 5 4 4 1 1
      1.66922800  1.00
 5 4 4 1 1
      0.66769110  1.00
