ZR TZV2P-MOLOPT-SCAN-GTH-Q12
 1
 2 0 3 7 4 3 3 2
         8.06907232045079    -6.69357268214760E-02    -1.44858920126809E-02    -6.45930186077934E-03     1.62082544460352E-02    -1.76044016390902E-02    -4.73176332196835E-03    -1.42307307918906E-02    -5.83445813754845E-04    -4.82364448517184E-04     1.05119660695920E-03     2.84628555895495E-03     3.94841549685124E-04
         2.68725728225241     5.95889254491225E-01     1.87706291919230E-01    -9.06371023666511E-02    -1.32123760304611E-01     2.83621685200014E-01     9.47018049969988E-02     3.53536323278973E-02    -3.85932096128953E-02     1.26802271600436E-02     1.03992939883224E-02    -9.32856948957794E-03    -8.43010313630251E-03
         1.39994735196549    -2.75121016696266E-01    -1.07086652998972E-01     1.54401806263193E-01     2.31631441678006E-01    -4.75907657322589E-01    -2.05266290318045E-01     3.33774416556826E-01     3.03222496001107E-01    -4.94747802029701E-02    -2.10936900209987E-01    -1.24573371378654E-01    -5.32229806082047E-02
         0.57828592072588    -3.42311669148165E-01    -3.84616052415471E-01     6.27863686712666E-01    -2.85491343258379E-01    -7.26675059518489E-01    -2.51616685573837E-01     6.01644926303479E-02     7.01559075320593E-01    -3.00016787046754E-01    -4.18182117789653E-01    -6.95712435754949E-01    -3.81833713547619E-01
         0.23153624971709    -4.44248659482830E-01    -1.60129694221915E-01    -5.54751805941304E-01     4.49300836828014E-01    -2.11089548241868E-01    -8.26423198239117E-02    -9.20069458877724E-01     6.32369933821988E-01     1.89798750616407E-01     6.49226025015095E-01    -7.05983451173245E-01     3.44217306664656E-01
         0.09108504406172    -4.68553376423085E-01     4.53308033517282E-01    -2.95650455362646E-01    -6.82250129494332E-01    -3.42214237039328E-01     9.26319853723600E-01    -2.50618738058406E-02     1.20349642081540E-01     8.86022134861331E-01    -4.30725268228440E-01    -9.46469679977958E-03     6.70625979073867E-01
         0.04193215927591    -1.75121712485967E-01     7.57647514123447E-01     4.22530127059613E-01     4.24011428421559E-01    -5.50881375015911E-02     1.43755861507243E-01     1.90700217574150E-01    -2.33151576243075E-03     2.93806677218099E-01     4.16534994824731E-01    -4.32243509271108E-02     5.32047318364281E-01
ZR TZVP-MOLOPT-SCAN-GTH-q12
 1
 2 0 3 7 4 3 3 1
         8.06907232045079    -6.69357268214760E-02    -1.44858920126809E-02    -6.45930186077934E-03     1.62082544460352E-02    -1.76044016390902E-02    -4.73176332196835E-03    -1.42307307918906E-02    -5.83445813754845E-04    -4.82364448517184E-04     1.05119660695920E-03     2.84628555895495E-03
         2.68725728225241     5.95889254491225E-01     1.87706291919230E-01    -9.06371023666511E-02    -1.32123760304611E-01     2.83621685200014E-01     9.47018049969988E-02     3.53536323278973E-02    -3.85932096128953E-02     1.26802271600436E-02     1.03992939883224E-02    -9.32856948957794E-03
         1.39994735196549    -2.75121016696266E-01    -1.07086652998972E-01     1.54401806263193E-01     2.31631441678006E-01    -4.75907657322589E-01    -2.05266290318045E-01     3.33774416556826E-01     3.03222496001107E-01    -4.94747802029701E-02    -2.10936900209987E-01    -1.24573371378654E-01
         0.57828592072588    -3.42311669148165E-01    -3.84616052415471E-01     6.27863686712666E-01    -2.85491343258379E-01    -7.26675059518489E-01    -2.51616685573837E-01     6.01644926303479E-02     7.01559075320593E-01    -3.00016787046754E-01    -4.18182117789653E-01    -6.95712435754949E-01
         0.23153624971709    -4.44248659482830E-01    -1.60129694221915E-01    -5.54751805941304E-01     4.49300836828014E-01    -2.11089548241868E-01    -8.26423198239117E-02    -9.20069458877724E-01     6.32369933821988E-01     1.89798750616407E-01     6.49226025015095E-01    -7.05983451173245E-01
         0.09108504406172    -4.68553376423085E-01     4.53308033517282E-01    -2.95650455362646E-01    -6.82250129494332E-01    -3.42214237039328E-01     9.26319853723600E-01    -2.50618738058406E-02     1.20349642081540E-01     8.86022134861331E-01    -4.30725268228440E-01    -9.46469679977958E-03
         0.04193215927591    -1.75121712485967E-01     7.57647514123447E-01     4.22530127059613E-01     4.24011428421559E-01    -5.50881375015911E-02     1.43755861507243E-01     1.90700217574150E-01    -2.33151576243075E-03     2.93806677218099E-01     4.16534994824731E-01    -4.32243509271108E-02
ZR DZVP-MOLOPT-SCAN-GTH-q12
 1
 2 0 3 7 3 2 2 1
         8.06907232045079    -6.69357268214760E-02    -1.44858920126809E-02    -6.45930186077934E-03    -1.76044016390902E-02    -4.73176332196835E-03    -5.83445813754845E-04    -4.82364448517184E-04     2.84628555895495E-03
         2.68725728225241     5.95889254491225E-01     1.87706291919230E-01    -9.06371023666511E-02     2.83621685200014E-01     9.47018049969988E-02    -3.85932096128953E-02     1.26802271600436E-02    -9.32856948957794E-03
         1.39994735196549    -2.75121016696266E-01    -1.07086652998972E-01     1.54401806263193E-01    -4.75907657322589E-01    -2.05266290318045E-01     3.03222496001107E-01    -4.94747802029701E-02    -1.24573371378654E-01
         0.57828592072588    -3.42311669148165E-01    -3.84616052415471E-01     6.27863686712666E-01    -7.26675059518489E-01    -2.51616685573837E-01     7.01559075320593E-01    -3.00016787046754E-01    -6.95712435754949E-01
         0.23153624971709    -4.44248659482830E-01    -1.60129694221915E-01    -5.54751805941304E-01    -2.11089548241868E-01    -8.26423198239117E-02     6.32369933821988E-01     1.89798750616407E-01    -7.05983451173245E-01
         0.09108504406172    -4.68553376423085E-01     4.53308033517282E-01    -2.95650455362646E-01    -3.42214237039328E-01     9.26319853723600E-01     1.20349642081540E-01     8.86022134861331E-01    -9.46469679977958E-03
         0.04193215927591    -1.75121712485967E-01     7.57647514123447E-01     4.22530127059613E-01    -5.50881375015911E-02     1.43755861507243E-01    -2.33151576243075E-03     2.93806677218099E-01    -4.32243509271108E-02
O TZV2P-MOLOPT-SCAN-GTH-Q6
 1
 2 0 3 5 3 3 2 1
        10.25781699497238    -1.37093335568261E-01     6.42341766590814E-02    -7.17088581420037E-01    -1.01541960662273E-01     5.12250917317880E-02     1.18360216509634E-01    -1.55308630843787E-02     3.18602602792577E-02     1.18645628163343E-03
         3.64428735012608    -1.53382903419191E-01     6.95730187369108E-02    -5.49416247278626E-01    -2.97888826596963E-01     1.18416114723772E-01     5.91292938991212E-02     1.12242705044625E-01    -2.22035206994148E-01    -3.65643497936781E-03
         1.40222472037927     4.52964005356058E-01    -1.60546208430784E-01     2.25545730548663E-01    -5.48743422499672E-01     2.65706574607295E-01     7.32042358682655E-01     4.02080210361362E-01    -8.37756480907312E-01     4.91390044295019E-04
         0.52205700268808     8.05450964095097E-01    -2.63981031214717E-01    -3.63850982918199E-01    -6.95022929228448E-01     1.92118246587555E-01    -6.62764404039625E-01     9.01700430010169E-01     4.32284673630976E-01     9.99992334274143E-01
         0.16818943371335     3.22104729197730E-01     9.46346921445871E-01     2.58329108697022E-02    -3.41723954857718E-01    -9.35865486749767E-01     8.57433121772174E-02    -1.11481865840859E-01     2.46939932598114E-01     5.59225812546083E-04
O TZVP-MOLOPT-SCAN-GTH-q6
 1
 2 0 2 5 3 3 1
        10.25781699497238    -1.37093335568261E-01     6.42341766590814E-02    -7.17088581420037E-01    -1.01541960662273E-01     5.12250917317880E-02     1.18360216509634E-01    -1.55308630843787E-02
         3.64428735012608    -1.53382903419191E-01     6.95730187369108E-02    -5.49416247278626E-01    -2.97888826596963E-01     1.18416114723772E-01     5.91292938991212E-02     1.12242705044625E-01
         1.40222472037927     4.52964005356058E-01    -1.60546208430784E-01     2.25545730548663E-01    -5.48743422499672E-01     2.65706574607295E-01     7.32042358682655E-01     4.02080210361362E-01
         0.52205700268808     8.05450964095097E-01    -2.63981031214717E-01    -3.63850982918199E-01    -6.95022929228448E-01     1.92118246587555E-01    -6.62764404039625E-01     9.01700430010169E-01
         0.16818943371335     3.22104729197730E-01     9.46346921445871E-01     2.58329108697022E-02    -3.41723954857718E-01    -9.35865486749767E-01     8.57433121772174E-02    -1.11481865840859E-01
O DZVP-MOLOPT-SCAN-GTH-q6
 1
 2 0 2 5 2 2 1
        10.25781699497238    -1.37093335568261E-01     6.42341766590814E-02    -1.01541960662273E-01     5.12250917317880E-02    -1.55308630843787E-02
         3.64428735012608    -1.53382903419191E-01     6.95730187369108E-02    -2.97888826596963E-01     1.18416114723772E-01     1.12242705044625E-01
         1.40222472037927     4.52964005356058E-01    -1.60546208430784E-01    -5.48743422499672E-01     2.65706574607295E-01     4.02080210361362E-01
         0.52205700268808     8.05450964095097E-01    -2.63981031214717E-01    -6.95022929228448E-01     1.92118246587555E-01     9.01700430010169E-01
         0.16818943371335     3.22104729197730E-01     9.46346921445871E-01    -3.41723954857718E-01    -9.35865486749767E-01    -1.11481865840859E-01
F TZV2P-MOLOPT-SCAN-GTH-Q7
 1
 2 0 3 5 3 3 2 1
        13.16645520019096     1.25688709752362E-01    -6.90191648196731E-02    -4.19619998203344E-01    -9.31572868763813E-02     5.00225599861602E-02    -6.88622277281857E-02    -1.02513605924922E-02    -1.03135180619022E-01    -3.14119421202531E-02
         4.67863609541364     1.25206371205048E-01    -7.54523660806367E-02    -2.93986334505468E-01    -2.93923292691458E-01     1.19602022797720E-01    -4.99826189781570E-01     4.04484470063397E-02    -1.25856773171103E-01     1.01835664406271E-01
         1.68188350144516    -4.93940854057955E-01     2.15904735709196E-01    -7.69158858630548E-01    -5.53343548452151E-01     3.11861936412921E-01     7.42571819653283E-01     4.51403790784568E-01    -8.76791264789868E-01     2.29748587047615E-01
         0.58393450944632    -7.58234802751956E-01     3.05654861844976E-01     3.81944805550917E-01    -6.44505933144035E-01     2.69615230808562E-01    -4.36892722870730E-01     8.90352206116421E-01     4.45248862484439E-01     9.66043910568162E-01
         0.18571155118612    -3.86817953873203E-01    -9.21685166349822E-01     1.97684968795902E-03    -4.28198362261887E-01    -9.01799789070697E-01     5.60679494913207E-02     4.20285554084608E-02     8.07077171659289E-02    -5.11618700886137E-02
F TZVP-MOLOPT-SCAN-GTH-q7
 1
 2 0 2 5 3 3 1
        13.16645520019096     1.25688709752362E-01    -6.90191648196731E-02    -4.19619998203344E-01    -9.31572868763813E-02     5.00225599861602E-02    -6.88622277281857E-02    -1.02513605924922E-02
         4.67863609541364     1.25206371205048E-01    -7.54523660806367E-02    -2.93986334505468E-01    -2.93923292691458E-01     1.19602022797720E-01    -4.99826189781570E-01     4.04484470063397E-02
         1.68188350144516    -4.93940854057955E-01     2.15904735709196E-01    -7.69158858630548E-01    -5.53343548452151E-01     3.11861936412921E-01     7.42571819653283E-01     4.51403790784568E-01
         0.58393450944632    -7.58234802751956E-01     3.05654861844976E-01     3.81944805550917E-01    -6.44505933144035E-01     2.69615230808562E-01    -4.36892722870730E-01     8.90352206116421E-01
         0.18571155118612    -3.86817953873203E-01    -9.21685166349822E-01     1.97684968795902E-03    -4.28198362261887E-01    -9.01799789070697E-01     5.60679494913207E-02     4.20285554084608E-02
F DZVP-MOLOPT-SCAN-GTH-q7
 1
 2 0 2 5 2 2 1
        13.16645520019096     1.25688709752362E-01    -6.90191648196731E-02    -9.31572868763813E-02     5.00225599861602E-02    -1.02513605924922E-02
         4.67863609541364     1.25206371205048E-01    -7.54523660806367E-02    -2.93923292691458E-01     1.19602022797720E-01     4.04484470063397E-02
         1.68188350144516    -4.93940854057955E-01     2.15904735709196E-01    -5.53343548452151E-01     3.11861936412921E-01     4.51403790784568E-01
         0.58393450944632    -7.58234802751956E-01     3.05654861844976E-01    -6.44505933144035E-01     2.69615230808562E-01     8.90352206116421E-01
         0.18571155118612    -3.86817953873203E-01    -9.21685166349822E-01    -4.28198362261887E-01    -9.01799789070697E-01     4.20285554084608E-02
