ZR DZVP-MOLOPT-SCAN-GTH-Q12
 1
 2 0 3 7 3 2 2 1
         8.06907232045079    -4.47033923020744E-02    -4.84274076037622E-02    -9.59936923152909E-03    -1.73090443785928E-02    -5.57512926882869E-03    -7.05584958071776E-04     4.07756820972684E-05     3.54735440807534E-03
         2.68725728225241     3.56878577028180E-01     4.89551896529135E-01    -7.74324209275965E-02     2.81490468324004E-01     1.00969091952379E-01    -3.42343839435944E-02     1.93911057373277E-02    -1.37855363270282E-02
         1.39994735196549    -8.43148327508673E-02    -2.29074931805454E-01     2.61304636004172E-01    -4.77184706930765E-01    -2.03121539587958E-01     2.82661056443494E-01    -1.17664896204188E-01    -1.06864769126270E-01
         0.57828592072588    -1.34989019792686E-01    -5.96522524525730E-01     4.68083471606662E-01    -7.22109646570831E-01    -2.59644665135201E-01     6.02497828351892E-01    -5.19162599434183E-01    -6.84792809930242E-01
         0.23153624971709    -2.14086197866165E-01    -3.29404446421277E-01    -5.62668344601103E-01    -2.12940262578965E-01    -8.79995467645287E-02     6.59542058628888E-01     8.63880808947734E-02    -7.11299756203246E-01
         0.09108504406172    -7.38987157292255E-01     1.51739278397661E-01    -3.44073980226045E-01    -3.52558124785022E-01     9.29296939940431E-01     3.40175771558207E-01     7.89960296035116E-01    -1.07816789634248E-01
         0.04193215927591    -5.03362039419891E-01     4.67062289441710E-01     5.21101960489780E-01    -4.09284772139421E-02     9.88115661893079E-02     7.21894760454691E-02     2.91116782534186E-01    -4.31775468325693E-02
O DZVP-MOLOPT-SCAN-GTH-Q6
 1
 2 0 2 5 2 2 1
        10.25781699497238    -1.37093335568261E-01     6.42341766590814E-02    -1.01541960662273E-01     5.12250917317880E-02    -1.55308630843787E-02
         3.64428735012608    -1.53382903419191E-01     6.95730187369108E-02    -2.97888826596963E-01     1.18416114723772E-01     1.12242705044625E-01
         1.40222472037927     4.52964005356058E-01    -1.60546208430784E-01    -5.48743422499672E-01     2.65706574607295E-01     4.02080210361362E-01
         0.52205700268808     8.05450964095097E-01    -2.63981031214717E-01    -6.95022929228448E-01     1.92118246587555E-01     9.01700430010169E-01
         0.16818943371335     3.22104729197730E-01     9.46346921445871E-01    -3.41723954857718E-01    -9.35865486749767E-01    -1.11481865840859E-01
F DZVP-MOLOPT-SCAN-GTH-Q7
 1
 2 0 2 5 2 2 1
        13.16645520019096     1.25688709752362E-01    -6.90191648196731E-02    -9.31572868763813E-02     5.00225599861602E-02    -1.02513605924922E-02
         4.67863609541364     1.25206371205048E-01    -7.54523660806367E-02    -2.93923292691458E-01     1.19602022797720E-01     4.04484470063397E-02
         1.68188350144516    -4.93940854057955E-01     2.15904735709196E-01    -5.53343548452151E-01     3.11861936412921E-01     4.51403790784568E-01
         0.58393450944632    -7.58234802751956E-01     3.05654861844976E-01    -6.44505933144035E-01     2.69615230808562E-01     8.90352206116421E-01
         0.18571155118612    -3.86817953873203E-01    -9.21685166349822E-01    -4.28198362261887E-01    -9.01799789070697E-01     4.20285554084608E-02
