ZR TZV2P-MOLOPT-SCAN-GTH-Q12
 1
 2 0 3 7 4 3 3 2
         8.06907232045079    -5.82443403084607E-02    -3.59906214434269E-02    -1.74880645273473E-02     1.07637558159413E-02    -1.76289270760414E-02    -4.52917388090414E-03    -5.47496162244355E-03    -7.55259780698906E-04    -7.58410031329680E-04     1.33019977278393E-02     2.64201300014353E-03    -1.09339662346535E-03
         2.68725728225241     4.98861078291780E-01     3.99564879975645E-01     1.19122536087501E-02    -7.97981059088492E-02     2.86281189451866E-01     8.66760997055043E-02    -4.49007310254045E-02    -3.30019217046536E-02     2.36493578523330E-02    -4.75951440001921E-02    -8.21965309775034E-03     7.74590380217869E-03
         1.39994735196549    -2.30047620504348E-01    -2.31471615295604E-01     7.83714647098345E-02     1.66167397607308E-01    -4.83162757224908E-01    -1.90126681018385E-01     5.65447861088590E-01     2.77615129762761E-01    -1.15374213114022E-01    -1.99902858288290E-01    -1.28452120354565E-01    -6.31716452674159E-02
         0.57828592072588    -1.88805217129063E-01    -5.70120031677679E-01     5.73293517164928E-01    -1.93688261219684E-01    -7.36230127997884E-01    -2.19039626368414E-01    -1.68652955684776E-01     5.74390663003636E-01    -5.45367480850170E-01     2.37764108662411E-01    -6.87679304928722E-01    -7.72393447311223E-02
         0.23153624971709    -3.68071065313996E-01    -2.22427474696498E-01    -6.85927389087211E-01     3.13588116171923E-01    -2.15610482782344E-01    -7.42571382295872E-02    -7.77683976796108E-01     6.57495162619443E-01     2.37355678880713E-02    -1.64455082961210E-01    -7.11556703752435E-01     4.73629016516696E-02
         0.09108504406172    -5.43521383029809E-01     3.38859724649881E-01    -1.26212797809372E-01    -7.47577383475891E-01    -3.04638616473722E-01     9.36504460993256E-01    -1.84159810639036E-02     3.90396503232083E-01     7.94841433408412E-01    -1.35825468150243E-01     3.74695187989826E-02     4.89676754393091E-01
         0.04193215927591    -4.77790854601376E-01     5.44184461520904E-01     4.22277952394016E-01     5.20749658092342E-01    -5.43937792634245E-02     1.60578639709019E-01     2.11299148019553E-01     8.48892815596102E-02     2.37417255104064E-01     9.24970703803196E-01    -5.29695754690169E-02     8.64844300479577E-01
ZR TZVP-MOLOPT-SCAN-GTH-q12
 1
 2 0 3 7 4 3 3 1
         8.06907232045079    -5.82443403084607E-02    -3.59906214434269E-02    -1.74880645273473E-02     1.07637558159413E-02    -1.76289270760414E-02    -4.52917388090414E-03    -5.47496162244355E-03    -7.55259780698906E-04    -7.58410031329680E-04     1.33019977278393E-02     2.64201300014353E-03
         2.68725728225241     4.98861078291780E-01     3.99564879975645E-01     1.19122536087501E-02    -7.97981059088492E-02     2.86281189451866E-01     8.66760997055043E-02    -4.49007310254045E-02    -3.30019217046536E-02     2.36493578523330E-02    -4.75951440001921E-02    -8.21965309775034E-03
         1.39994735196549    -2.30047620504348E-01    -2.31471615295604E-01     7.83714647098345E-02     1.66167397607308E-01    -4.83162757224908E-01    -1.90126681018385E-01     5.65447861088590E-01     2.77615129762761E-01    -1.15374213114022E-01    -1.99902858288290E-01    -1.28452120354565E-01
         0.57828592072588    -1.88805217129063E-01    -5.70120031677679E-01     5.73293517164928E-01    -1.93688261219684E-01    -7.36230127997884E-01    -2.19039626368414E-01    -1.68652955684776E-01     5.74390663003636E-01    -5.45367480850170E-01     2.37764108662411E-01    -6.87679304928722E-01
         0.23153624971709    -3.68071065313996E-01    -2.22427474696498E-01    -6.85927389087211E-01     3.13588116171923E-01    -2.15610482782344E-01    -7.42571382295872E-02    -7.77683976796108E-01     6.57495162619443E-01     2.37355678880713E-02    -1.64455082961210E-01    -7.11556703752435E-01
         0.09108504406172    -5.43521383029809E-01     3.38859724649881E-01    -1.26212797809372E-01    -7.47577383475891E-01    -3.04638616473722E-01     9.36504460993256E-01    -1.84159810639036E-02     3.90396503232083E-01     7.94841433408412E-01    -1.35825468150243E-01     3.74695187989826E-02
         0.04193215927591    -4.77790854601376E-01     5.44184461520904E-01     4.22277952394016E-01     5.20749658092342E-01    -5.43937792634245E-02     1.60578639709019E-01     2.11299148019553E-01     8.48892815596102E-02     2.37417255104064E-01     9.24970703803196E-01    -5.29695754690169E-02
ZR DZVP-MOLOPT-SCAN-GTH-q12
 1
 2 0 3 7 3 2 2 1
         8.06907232045079    -5.82443403084607E-02    -3.59906214434269E-02    -1.74880645273473E-02    -1.76289270760414E-02    -4.52917388090414E-03    -7.55259780698906E-04    -7.58410031329680E-04     2.64201300014353E-03
         2.68725728225241     4.98861078291780E-01     3.99564879975645E-01     1.19122536087501E-02     2.86281189451866E-01     8.66760997055043E-02    -3.30019217046536E-02     2.36493578523330E-02    -8.21965309775034E-03
         1.39994735196549    -2.30047620504348E-01    -2.31471615295604E-01     7.83714647098345E-02    -4.83162757224908E-01    -1.90126681018385E-01     2.77615129762761E-01    -1.15374213114022E-01    -1.28452120354565E-01
         0.57828592072588    -1.88805217129063E-01    -5.70120031677679E-01     5.73293517164928E-01    -7.36230127997884E-01    -2.19039626368414E-01     5.74390663003636E-01    -5.45367480850170E-01    -6.87679304928722E-01
         0.23153624971709    -3.68071065313996E-01    -2.22427474696498E-01    -6.85927389087211E-01    -2.15610482782344E-01    -7.42571382295872E-02     6.57495162619443E-01     2.37355678880713E-02    -7.11556703752435E-01
         0.09108504406172    -5.43521383029809E-01     3.38859724649881E-01    -1.26212797809372E-01    -3.04638616473722E-01     9.36504460993256E-01     3.90396503232083E-01     7.94841433408412E-01     3.74695187989826E-02
         0.04193215927591    -4.77790854601376E-01     5.44184461520904E-01     4.22277952394016E-01    -5.43937792634245E-02     1.60578639709019E-01     8.48892815596102E-02     2.37417255104064E-01    -5.29695754690169E-02
O TZV2P-MOLOPT-SCAN-GTH-Q6
 1
 2 0 3 5 3 3 2 1
        10.25781699497238    -1.37093335568261E-01     6.42341766590814E-02    -7.17088581420037E-01    -1.01541960662273E-01     5.12250917317880E-02     1.18360216509634E-01    -1.55308630843787E-02     3.18602602792577E-02     1.18645628163343E-03
         3.64428735012608    -1.53382903419191E-01     6.95730187369108E-02    -5.49416247278626E-01    -2.97888826596963E-01     1.18416114723772E-01     5.91292938991213E-02     1.12242705044625E-01    -2.22035206994148E-01    -3.65643497936781E-03
         1.40222472037927     4.52964005356058E-01    -1.60546208430784E-01     2.25545730548663E-01    -5.48743422499672E-01     2.65706574607295E-01     7.32042358682655E-01     4.02080210361362E-01    -8.37756480907312E-01     4.91390044295019E-04
         0.52205700268808     8.05450964095097E-01    -2.63981031214717E-01    -3.63850982918199E-01    -6.95022929228448E-01     1.92118246587555E-01    -6.62764404039625E-01     9.01700430010169E-01     4.32284673630976E-01     9.99992334274143E-01
         0.16818943371335     3.22104729197730E-01     9.46346921445871E-01     2.58329108697022E-02    -3.41723954857718E-01    -9.35865486749767E-01     8.57433121772174E-02    -1.11481865840859E-01     2.46939932598114E-01     5.59225812546083E-04
O TZVP-MOLOPT-SCAN-GTH-q6
 1
 2 0 2 5 3 3 1
        10.25781699497238    -1.37093335568261E-01     6.42341766590814E-02    -7.17088581420037E-01    -1.01541960662273E-01     5.12250917317880E-02     1.18360216509634E-01    -1.55308630843787E-02
         3.64428735012608    -1.53382903419191E-01     6.95730187369108E-02    -5.49416247278626E-01    -2.97888826596963E-01     1.18416114723772E-01     5.91292938991213E-02     1.12242705044625E-01
         1.40222472037927     4.52964005356058E-01    -1.60546208430784E-01     2.25545730548663E-01    -5.48743422499672E-01     2.65706574607295E-01     7.32042358682655E-01     4.02080210361362E-01
         0.52205700268808     8.05450964095097E-01    -2.63981031214717E-01    -3.63850982918199E-01    -6.95022929228448E-01     1.92118246587555E-01    -6.62764404039625E-01     9.01700430010169E-01
         0.16818943371335     3.22104729197730E-01     9.46346921445871E-01     2.58329108697022E-02    -3.41723954857718E-01    -9.35865486749767E-01     8.57433121772174E-02    -1.11481865840859E-01
O DZVP-MOLOPT-SCAN-GTH-q6
 1
 2 0 2 5 2 2 1
        10.25781699497238    -1.37093335568261E-01     6.42341766590814E-02    -1.01541960662273E-01     5.12250917317880E-02    -1.55308630843787E-02
         3.64428735012608    -1.53382903419191E-01     6.95730187369108E-02    -2.97888826596963E-01     1.18416114723772E-01     1.12242705044625E-01
         1.40222472037927     4.52964005356058E-01    -1.60546208430784E-01    -5.48743422499672E-01     2.65706574607295E-01     4.02080210361362E-01
         0.52205700268808     8.05450964095097E-01    -2.63981031214717E-01    -6.95022929228448E-01     1.92118246587555E-01     9.01700430010169E-01
         0.16818943371335     3.22104729197730E-01     9.46346921445871E-01    -3.41723954857718E-01    -9.35865486749767E-01    -1.11481865840859E-01
F TZV2P-MOLOPT-SCAN-GTH-Q7
 1
 2 0 3 5 3 3 2 1
        13.16645520019096     1.25688709752362E-01    -6.90191648196731E-02    -4.19619998203344E-01    -9.31572868763813E-02     5.00225599861602E-02    -6.88622277281857E-02    -1.02513605924922E-02    -1.03135180619022E-01    -3.14119421202531E-02
         4.67863609541364     1.25206371205048E-01    -7.54523660806367E-02    -2.93986334505468E-01    -2.93923292691458E-01     1.19602022797720E-01    -4.99826189781570E-01     4.04484470063397E-02    -1.25856773171103E-01     1.01835664406271E-01
         1.68188350144516    -4.93940854057955E-01     2.15904735709196E-01    -7.69158858630548E-01    -5.53343548452151E-01     3.11861936412921E-01     7.42571819653283E-01     4.51403790784568E-01    -8.76791264789868E-01     2.29748587047615E-01
         0.58393450944632    -7.58234802751956E-01     3.05654861844976E-01     3.81944805550917E-01    -6.44505933144035E-01     2.69615230808562E-01    -4.36892722870730E-01     8.90352206116421E-01     4.45248862484439E-01     9.66043910568162E-01
         0.18571155118612    -3.86817953873203E-01    -9.21685166349822E-01     1.97684968795899E-03    -4.28198362261887E-01    -9.01799789070697E-01     5.60679494913207E-02     4.20285554084608E-02     8.07077171659289E-02    -5.11618700886137E-02
F TZVP-MOLOPT-SCAN-GTH-q7
 1
 2 0 2 5 3 3 1
        13.16645520019096     1.25688709752362E-01    -6.90191648196731E-02    -4.19619998203344E-01    -9.31572868763813E-02     5.00225599861602E-02    -6.88622277281857E-02    -1.02513605924922E-02
         4.67863609541364     1.25206371205048E-01    -7.54523660806367E-02    -2.93986334505468E-01    -2.93923292691458E-01     1.19602022797720E-01    -4.99826189781570E-01     4.04484470063397E-02
         1.68188350144516    -4.93940854057955E-01     2.15904735709196E-01    -7.69158858630548E-01    -5.53343548452151E-01     3.11861936412921E-01     7.42571819653283E-01     4.51403790784568E-01
         0.58393450944632    -7.58234802751956E-01     3.05654861844976E-01     3.81944805550917E-01    -6.44505933144035E-01     2.69615230808562E-01    -4.36892722870730E-01     8.90352206116421E-01
         0.18571155118612    -3.86817953873203E-01    -9.21685166349822E-01     1.97684968795899E-03    -4.28198362261887E-01    -9.01799789070697E-01     5.60679494913207E-02     4.20285554084608E-02
F DZVP-MOLOPT-SCAN-GTH-q7
 1
 2 0 2 5 2 2 1
        13.16645520019096     1.25688709752362E-01    -6.90191648196731E-02    -9.31572868763813E-02     5.00225599861602E-02    -1.02513605924922E-02
         4.67863609541364     1.25206371205048E-01    -7.54523660806367E-02    -2.93923292691458E-01     1.19602022797720E-01     4.04484470063397E-02
         1.68188350144516    -4.93940854057955E-01     2.15904735709196E-01    -5.53343548452151E-01     3.11861936412921E-01     4.51403790784568E-01
         0.58393450944632    -7.58234802751956E-01     3.05654861844976E-01    -6.44505933144035E-01     2.69615230808562E-01     8.90352206116421E-01
         0.18571155118612    -3.86817953873203E-01    -9.21685166349822E-01    -4.28198362261887E-01    -9.01799789070697E-01     4.20285554084608E-02
