Pd admm-dz
    7
1 0 0 2 1
        2.77708060    2.13962210  
        2.19839295   -2.20699567 
1 0 0 1 1
        0.73116195    1.00000000
1 0 0 1 1
        0.08698863    1.00000000
2 1 1 2 1
        4.48135628   -0.11017939 
        1.52725049    0.72779495
2 1 1 1 1
        0.57471113    1.00000000
2 2 2 2 1
        1.57264305   -0.52344040 
        0.55186927   -0.46860789
2 2 2 1 1
        0.18383211    1.00000000

Pd admm-dzp
    8
1 0 0 2 1
        2.77708060    2.13962210  
        2.19839295   -2.20699567 
1 0 0 1 1
        0.73116195    1.00000000
1 0 0 1 1
        0.08698863    1.00000000
2 1 1 2 1
        4.48135628   -0.11017939 
        1.52725049    0.72779495  
2 1 1 1 1
        0.57471113    1.00000000
2 2 2 2 1
        1.57264305   -0.52344040 
        0.55186927   -0.46860789 
2 2 2 1 1
        0.18383211    1.00000000
3 3 3 1 1
      1.1484000       1.0000000

Pd admm-tzp
   11
1 0 0 2 1
        5.76451878    1.06874374  
        5.17504691   -1.54211408 
1 0 0 1 1
        1.15238613    1.00000000
1 0 0 1 1
        0.45963285    1.00000000
1 0 0 1 1
        0.08324449    1.00000000
2 1 1 2 1
        3.49222942   -0.31054101  
        2.26581990    0.56934384 
2 1 1 1 1
        0.97913119    1.00000000
2 1 1 1 1
        0.40826601    1.00000000
2 2 2 2 1
        1.58133659   -0.51545564 
        0.57423756   -0.44777444
2 2 2 1 1
        0.21690975    1.00000000
2 2 2 1 1
        0.08224706    1.00000000
3 3 3 1 1
      1.1484000       1.0000000

Pd admm-tz2p
   13
1 0 0 2 1
        5.76451878    1.06874374  
        5.17504691   -1.54211408 
1 0 0 1 1
        1.15238613    1.00000000
1 0 0 1 1
        0.45963285    1.00000000
1 0 0 1 1
        0.08324449    1.00000000
2 1 1 2 1
        3.49222942   -0.31054101  
        2.26581990    0.56934384  
2 1 1 1 1
        0.97913119    1.00000000
2 1 1 1 1
        0.40826601    1.00000000
2 2 2 2 1
        1.58133659   -0.51545564 
        0.57423756   -0.44777444 
2 2 2 1 1
        0.21690975    1.00000000
2 2 2 1 1
        0.08224706    1.00000000
3 3 3 1 1
      2.2329000       1.0000000
3 3 3 1 1
      0.6384000       1.0000000
4 4 4 1 1
      1.3721000       1.0000000
