####################################################################################################
# Germanium
####################################################################################################
 Ge ccGRB-D-q4 
   2
  1  0  1  4  2  2
   4.32621452250        0.0278629388   -0.0783596498   -0.0056214053   -0.0131846649
   1.23944561765       -0.4202596312    0.7860331323   -0.0627625682    0.2155671499
  0.355096916974        0.6340654269   -2.1854079533    0.3842537775   -1.4067340256
  0.101734048392        0.6426123769    1.5761116429    0.7357853584    1.1057003499
  2  2  2  1  1
  0.106587537931        1.0000000000

 Ge ccGRB-T-q4 
   3
  1  0  1  5  3  3
   3.87657876264        0.0564976202   -0.0188167523    0.4482854675    0.0019673179    0.0134552231    0.1534163284
   1.52845470169       -0.3661347845    0.1968912174   -2.4753416204   -0.0764299996    0.0055115301   -0.8415812880
  0.602638026507        0.0586895663    0.4273992873    5.2425097566    0.1267664111    0.1112072257    2.7044054705
  0.237607690035        0.6928006461   -2.5540372339   -4.4834924086    0.3815762741   -1.6250492445   -2.5472785580
  0.936837900709E-01    0.4346368119    2.1541821899    1.6212328505    0.6199805704    1.5113575124    0.9933063581
  2  2  2  2  2
  0.301681508848        1.0000000000    0.0000000000
  0.871556914344E-01    0.0000000000    1.0000000000
  3 3 3 1 1
      3.458000E-01           1.0000000


 Ge ccGRB-Q-q4 
   4
  1  0  1  6  4  4
   3.88698837304       -0.0542899537    0.0265496365   -0.3800113864   -0.2816874925   -0.0012788782   -0.0101002460   -0.1306576397   -0.5193402071
   1.49844863760        0.3748762722   -0.2486551095    2.1804305111    0.1762783179    0.0761626026   -0.0226311103    0.7482526582    2.0123571836
  0.577657585778       -0.0958999818   -0.2337005309   -4.7093092336    1.6138231886   -0.1408042924   -0.0349331485   -2.5344918831   -1.4393321081
  0.222689172011       -0.7275527499    2.2944978013    3.9544259004   -3.5565686462   -0.4170121388    1.5147927441    2.4105450823    0.1517624632
  0.858475133914E-01   -0.3819091497   -2.0807875676   -1.2160639209    4.2835807057   -0.5907853067   -1.5119192114   -0.9297861247    0.8010781403
  0.330945393032E-01    0.0083533012    0.0185743194   -0.2153995785   -2.5092407823    0.0180435808    0.0350154927   -0.0340588310   -0.8322214933
  2  2  2  3  3
  0.301393451172        1.0000000000    0.0000000000    0.0000000000
  0.871120608051E-01    0.0000000000    1.0000000000    0.0000000000
  0.251780890003E-01    0.0000000000    0.0000000000    1.0000000000
  3 3 3 2 2
      5.492000E-01           1.000000E+00           0.000000E+00
      2.190000E-01           0.000000E+00           1.000000E+00
  4 4 4 1 1
      4.681000E-01           1.0000000

Ge aug-cc-D
    3
1 0 0 1 1
      0.0339610              1.0000000
1 1 1 1 1
      0.0239450              1.0000000
1 2 2 1 1
      0.0771000              1.0000000

Ge aug-cc-T
    4
1 0 0 1 1
      0.0273700              1.0000000
1 1 1 1 1
      0.0213680              1.0000000
1 2 2 1 1
      0.0528000              1.0000000
1 3 3 1 1
      0.1323000              1.0000000

Ge aug-cc-Q
     5
1 0 0 1 1
      0.0263900              1.0000000
1 1 1 1 1
      0.0185500              1.0000000
1 2 2 1 1
      0.0397000              1.0000000
1 3 3 1 1
      0.0884000              1.0000000
1 4 4 1 1
      0.2143000              1.0000000

