#
# Generated with CP2K Atom Code
#
 Ge ccGRB-VAL-0
   1
  1  0  1  6  1  1
   3.88698837304       -0.0542899537   -0.0012788782
   1.49844863760        0.3748762722    0.0761626026
  0.577657585778       -0.0958999818   -0.1408042924
  0.222689172011       -0.7275527499   -0.4170121388
  0.858475133914E-01   -0.3819091497   -0.5907853067
  0.330945393032E-01    0.0083533012    0.0180435808

 Ge ccGRB-VAL-1
   1
  1  0  1  6  2  2
   3.88698837304       -0.0542899537    0.0265496365   -0.0012788782   -0.0101002460
   1.49844863760        0.3748762722   -0.2486551095    0.0761626026   -0.0226311103
  0.577657585778       -0.0958999818   -0.2337005309   -0.1408042924   -0.0349331485
  0.222689172011       -0.7275527499    2.2944978013   -0.4170121388    1.5147927441
  0.858475133914E-01   -0.3819091497   -2.0807875676   -0.5907853067   -1.5119192114
  0.330945393032E-01    0.0083533012    0.0185743194    0.0180435808    0.0350154927

 Ge ccGRB-VAL-2
   1
  1  0  1  6  3  3
   3.88698837304       -0.0542899537    0.0265496365   -0.3800113864   -0.0012788782   -0.0101002460   -0.1306576397
   1.49844863760        0.3748762722   -0.2486551095    2.1804305111    0.0761626026   -0.0226311103    0.7482526582
  0.577657585778       -0.0958999818   -0.2337005309   -4.7093092336   -0.1408042924   -0.0349331485   -2.5344918831
  0.222689172011       -0.7275527499    2.2944978013    3.9544259004   -0.4170121388    1.5147927441    2.4105450823
  0.858475133914E-01   -0.3819091497   -2.0807875676   -1.2160639209   -0.5907853067   -1.5119192114   -0.9297861247
  0.330945393032E-01    0.0083533012    0.0185743194   -0.2153995785    0.0180435808    0.0350154927   -0.0340588310

 Ge ccGRB-VAL-3
   1
  1  0  1  6  4  4
   3.88698837304       -0.0542899537    0.0265496365   -0.3800113864   -0.2816874925   -0.0012788782   -0.0101002460   -0.1306576397   -0.5193402071
   1.49844863760        0.3748762722   -0.2486551095    2.1804305111    0.1762783179    0.0761626026   -0.0226311103    0.7482526582    2.0123571836
  0.577657585778       -0.0958999818   -0.2337005309   -4.7093092336    1.6138231886   -0.1408042924   -0.0349331485   -2.5344918831   -1.4393321081
  0.222689172011       -0.7275527499    2.2944978013    3.9544259004   -3.5565686462   -0.4170121388    1.5147927441    2.4105450823    0.1517624632
  0.858475133914E-01   -0.3819091497   -2.0807875676   -1.2160639209    4.2835807057   -0.5907853067   -1.5119192114   -0.9297861247    0.8010781403
  0.330945393032E-01    0.0083533012    0.0185743194   -0.2153995785   -2.5092407823    0.0180435808    0.0350154927   -0.0340588310   -0.8322214933

